париж 3,624341 0,010209
ценный 3,624341 0,010209
гнёт 4,317488 0,012162
ру 0,000000 0,000000
банк 0,068993 0,000194
лента 0,000000 0,000000
парламент 3,401197 0,009581
муся 4,317488 0,012162
новый 0,000000 0,000000
день 0,033902 0,000191
соска 4,317488 0,012162
гнездо 4,317488 0,012162
забрать 3,064725 0,008633
ягодица 3,218876 0,009067
перемирие 0,076161 0,000215
спорт 0,000000 0,000000
выйти 1,752539 0,004937
любить 2,177422 0,006134
манер 4,317488 0,012162
иностранец 3,218876 0,009067
отвести 0,076161 0,000215
литва 3,624341 0,010209
добро 0,013423 0,000113
согласие 0,047791 0,000135
путешествие 0,000000 0,000000
разозлить 3,912023 0,011020
четыре 0,040822 0,000115
наряд 3,624341 0,010209
йорк 3,912023 0,011020
удивлять 2,931194 0,008257
конфликт 0,061875 0,000174
конфиденциальностиправить 0,000000 0,000000
александр 1,373049 0,003868
пол 0,090654 0,000255
помощь 0,027029 0,000076
превратить 3,912023 0,011020
оголиться 4,317488 0,012162
вода 0,054808 0,000154
фото 0,061875 0,000174
кошка 3,912023 0,011020
политика 0,040822 0,000230
живой 2,525729 0,007115
применение 0,000000 0,000000
кафельников 4,317488 0,012162
заполонить 4,317488 0,012162
худить 4,317488 0,012162
они 2,302585 0,006486
женщина 1,484275 0,004181
собрать 2,931194 0,008257
ценность 0,000000 0,000000
мир 0,000000 0,000000
вернуться 0,006689 0,000019
унести 3,401197 0,009581
весь 1,078810 0,003039
индия 0,076161 0,000215
пройти 1,427116 0,004020
структура 0,000000 0,000000
ум 3,064725 0,008633
шаг 2,371578 0,006681
российский 0,033902 0,000191
шрека 4,317488 0,012162
обитание 0,000000 0,000000
бывший 0,000000 0,000000
россия 0,000000 0,000000
интернет 0,000000 0,000000
спустя 1,832581 0,005162
волос 2,708050 0,007628
маккартень 0,097980 0,000276
ооо 0,000000 0,000000
нью 3,624341 0,010209
свой 0,020203 0,000057
виктор 3,912023 0,011020
республика 2,371578 0,006681
существование 2,813411 0,007925
проблема 0,047791 0,000135
ласточкин 4,317488 0,012162
ненавидеть 3,624341 0,010209
гид 0,076161 0,000215
технологийминь 0,000000 0,000000
украина 0,805943 0,002270
город 0,047791 0,000135
лукашенко 2,813411 0,007925
фотограф 5,010635 0,014114
мода 3,218876 0,045336
фотография 3,218876 0,009067
бдсм 4,317488 0,012162
американский 0,054808 0,000154
галерея 0,000000 0,000000
внешность 0,097980 0,000552
россиянин 1,321756 0,003723
сотрудник 0,068993 0,000194
начаться 0,033902 0,000095
зеленский 0,054808 0,000309
ужин 4,317488 0,012162
прийти 2,014903 0,005676
силовой 0,000000 0,000000
показать 1,484275 0,008362
пляжный 0,097980 0,000276
эмоция 0,047791 0,000135
приходить 2,708050 0,007628
сеть 0,090654 0,000255
чёрный 1,919593 0,005407
лондон 2,445686 0,006889
себя 2,014903 0,005676
юра 3,624341 0,010209
платье 3,624341 0,020419
выражать 0,047791 0,000269
читать 0,040822 0,000115
поцелуй 3,912023 0,011020
военнослужащий 0,068993 0,000194
расизм 3,912023 0,011020
накапливать 0,047791 0,000135
дональд 1,544899 0,004352
падение 3,064725 0,008633
нападение 3,218876 0,009067
бороться 2,525729 0,007115
оценивать 0,047791 0,000135
байконур 0,097980 0,000276
признавать 2,708050 0,007628
сопротивляться 3,624341 0,010209
редакциярекламаконтактыпресс 0,000000 0,000000
видео 0,000000 0,000000
юар 3,912023 0,011020
отставка 3,064725 0,008633
депутат 0,068993 0,000194
туфля 3,624341 0,010209
жвачка 3,912023 0,011020
прогресс 0,090654 0,000255
канада 3,624341 0,010209
оскар 3,624341 0,020419
форма 0,061875 0,000174
нажать 0,000000 0,000000
россиянка 1,875141 0,005282
последний 0,083382 0,000235
дом 0,061875 0,000174
адам 4,317488 0,012162
культура 0,000000 0,000000
пропасть 1,966113 0,005538
загрузка 2,931194 0,008257
архив 0,000000 0,000000
борис 2,445686 0,006889
гнить 5,010635 0,014114
статья 0,000000 0,000000
советский 1,752539 0,004937
заявить 0,061875 0,000174
сша 0,040822 0,000115
лидер 1,347074 0,003795
потерять 2,238047 0,006304
запустить 2,302585 0,006486
бонус 0,047791 0,000269
среда 0,000000 0,000000
сойти 3,624341 0,010209
раскрытие 0,076161 0,000215
ходить 2,120264 0,005973
наш 1,347074 0,003795
остаться 0,047791 0,000135
уйти 2,014903 0,005676
выставлять 5,010635 0,014114
эксклюзив 0,000000 0,000000
уволить 0,076161 0,000215
шея 4,317488 0,012162
случиться 2,612740 0,007360
скидка 0,047791 0,000135
дочь 3,401197 0,009581
деппа 4,317488 0,012162
парад 3,624341 0,010209
неудобно 4,317488 0,012162
погружаться 0,047791 0,000135
увлекательный 0,047791 0,000135
использованияполитик 0,000000 0,000000
напоказ 4,317488 0,012162
выглядеть 1,752539 0,004937
милан 5,010635 0,014114
деактивировать 0,013423 0,000038
рекомендательный 0,000000 0,000000
удивить 3,064725 0,017266
белый 1,609438 0,004534
фанат 3,218876 0,009067
переговоры 0,047791 0,000135
получать 0,033902 0,000095
год 0,521999 0,004411
хотеть 0,013423 0,000076
спасти 2,371578 0,006681
обратиться 0,076161 0,000215
забота 0,000000 0,000000
сын 2,120264 0,005973
сбер 0,040822 0,000115
угроза 2,302585 0,006486
пожаловать 0,013423 0,000038
стать 0,499776 0,001408
решить 1,791759 0,010094
обрыв 4,317488 0,012162
трамп 0,054808 0,000309
работать 0,027029 0,000076
фотогалерея 5,010635 0,028229
искусство 3,624341 0,010209
крупный 0,054808 0,000309
голый 3,218876 0,009067
бельё 3,912023 0,011020
спецпроект 0,000000 0,000000
это 0,020203 0,000171
победа 0,000000 0,000000
украинский 0,047791 0,000135
белоус 0,076161 0,000215
прибыть 0,083382 0,000235
два 0,033902 0,000191
страна 0,747955 0,006321
вместо 2,708050 0,007628
президент 0,851752 0,002399
новость 0,000000 0,000000
эйдельштейн 3,912023 0,011020
туристка 0,076161 0,000215
мотор 0,000000 0,000000
сми 0,000000 0,000000
акция 0,047791 0,000135
стоить 1,714798 0,004830
наслать 0,000000 0,000000
жизнь 0,000000 0,000000
мусор 3,912023 0,011020
жилец 0,068993 0,000194
предречь 0,076161 0,000429
жать 0,013423 0,000038
войти 0,000000 0,000000
герой 2,014903 0,011352
помойка 5,010635 0,014114
место 0,027029 0,000076
свет 0,054808 0,000154
прозрачный 3,401197 0,009581
регион 0,076161 0,000215
мс 0,097980 0,000276
целый 2,525729 0,007115
военный 0,020203 0,000057
хаос 4,317488 0,012162
летний 0,047791 0,000135
сбросить 3,401197 0,009581
рада 0,068993 0,000194
экономика 0,000000 0,000000
уход 0,076161 0,000215
опечатка 0,000000 0,000000
почему 0,899761 0,005069
хороший 0,006689 0,000019
спор 0,097980 0,000276
грудь 2,813411 0,015850
вызвать 0,090654 0,000255
обычный 0,013423 0,000038
звезда 1,919593 0,010815
власть 1,609438 0,009067
конфиденциальность 0,047791 0,000135
сэндлера 4,317488 0,012162
твориться 3,401197 0,009581
назад 1,678431 0,014184
изнасиловать 0,076161 0,000215
продолжать 0,033902 0,000191
зритель 2,931194 0,016514
первый 0,883501 0,002489
реальный 0,013423 0,000038
ссср 0,000000 0,000000
техника 0,000000 0,000000
влюбить 2,931194 0,016514
мужчина 1,576648 0,004441
тысяча 0,054808 0,000154
пять 1,484275 0,004181
покорить 3,401197 0,009581
затопить 0,076161 0,000215
игра 0,000000 0,000000
суверенитет 3,624341 0,010209
янукович 4,317488 0,012162
обменивать 0,047791 0,000135
минь 0,000000 0,000000
условие 0,033902 0,000191
ваш 0,047791 0,000135
премьер 2,525729 0,007115
главное 0,000000 0,000000
медитация 0,076161 0,000215
правда 0,040822 0,000115
культовый 3,624341 0,010209
видеть 0,013423 0,000038
одежда 2,445686 0,013779
реакция 0,047791 0,000269
неделя 1,919593 0,021629
самый 0,883501 0,002489
обречь 3,912023 0,011020
миллион 1,347074 0,003795
материал 0,000000 0,000000
наука 0,000000 0,000000
публика 3,218876 0,009067
продукт 2,120264 0,005973
закончиться 2,612740 0,007360
