состояться 2,014903 0,004233
поездка 2,931194 0,049264
ру 0,000000 0,000000
специальный 2,525729 0,005306
банк 0,068993 0,000145
лента 0,000000 0,000000
новый 0,000000 0,000000
день 0,033902 0,000071
образ 1,514128 0,003181
отраслевой 4,317488 0,009070
перемирие 0,076161 0,000160
разработка 3,401197 0,007145
роль 1,714798 0,003603
спорт 0,000000 0,000000
просмотр 3,912023 0,008219
расширить 3,624341 0,007614
гуанчжоу 5,010635 0,031580
отечественный 2,445686 0,015414
местный 2,066196 0,008681
стиль 3,912023 0,008219
месяц 1,714798 0,003603
отвести 0,076161 0,000160
добро 0,013423 0,000085
согласие 0,047791 0,000100
путешествие 0,000000 0,000000
четыре 0,040822 0,000086
менее 2,014903 0,004233
доступ 3,064725 0,006438
важный 1,875141 0,007879
конфликт 0,061875 0,000130
конфиденциальностиправить 0,000000 0,000000
помощь 0,027029 0,000114
пол 0,090654 0,000190
отметить 1,399717 0,002941
производство 2,612740 0,027445
человек 0,762140 0,001601
вода 0,054808 0,000115
романов 5,010635 0,010527
фото 0,061875 0,000260
политика 0,040822 0,000086
ознакомиться 3,624341 0,007614
связь 1,714798 0,003603
применение 0,000000 0,000000
призвать 1,791759 0,003764
исследование 2,708050 0,005689
организовать 2,612740 0,016467
течение 1,966113 0,004130
китай 2,612740 0,021956
смочь 1,399717 0,002941
область 1,272966 0,005349
производитель 3,064725 0,057946
ценность 0,000000 0,000000
потенциальный 3,401197 0,014291
мир 0,000000 0,000000
вернуться 0,006689 0,000014
искать 2,302585 0,004837
индия 0,076161 0,000160
раз 2,371578 0,004982
структура 0,000000 0,000000
цвет 2,931194 0,006158
магазин 2,813411 0,005911
российский 0,033902 0,000356
партнёр 2,612740 0,010978
китайский 2,813411 0,005911
необходимо 2,120264 0,004454
обитание 0,000000 0,000000
проект 2,813411 0,011821
просто 1,678431 0,003526
бывший 0,000000 0,000000
небольшой 2,177422 0,004574
россия 0,000000 0,000000
интернет 0,000000 0,000000
маккартень 0,097980 0,000206
ооо 0,000000 0,000000
декор 5,010635 0,010527
тренд 3,064725 0,006438
свой 0,020203 0,000127
главный 1,272966 0,002674
победитель 3,624341 0,015228
проблема 0,047791 0,000100
составлять 2,302585 0,004837
встретиться 3,218876 0,006762
посещение 5,010635 0,010527
популярный 1,791759 0,003764
также 0,762140 0,003202
гид 0,076161 0,000160
технологийминь 0,000000 0,000000
город 0,047791 0,000201
матрас 5,010635 0,010527
прошлый 3,064725 0,006438
доля 3,624341 0,015228
мебель 3,624341 0,091370
американский 0,054808 0,000115
галерея 0,000000 0,000000
шанс 2,931194 0,006158
внешность 0,097980 0,000206
вырасти 2,371578 0,004982
сотрудник 0,068993 0,000145
начаться 0,033902 0,000071
другой 1,059392 0,002226
зеленский 0,054808 0,000230
перераспределиться 5,010635 0,010527
всегосэкономикабизнесрынкикапиталсоциальный 1,966113 0,004130
подсветить 5,010635 0,010527
увидеть 1,752539 0,003682
силовой 0,000000 0,000000
оставаться 1,875141 0,003939
пляжный 0,097980 0,000206
эмоция 0,047791 0,000100
выставка 3,401197 0,035727
сеть 0,090654 0,000190
собственный 2,525729 0,005306
интерьер 5,010635 0,021053
ход 1,678431 0,003526
платформа 2,931194 0,012316
выражать 0,047791 0,000201
отрасль 2,931194 0,012316
читать 0,040822 0,000086
военнослужащий 0,068993 0,000145
накапливать 0,047791 0,000100
кроме 1,427116 0,002998
оценивать 0,047791 0,000100
поддержка 2,371578 0,004982
внести 2,931194 0,006158
байконур 0,097980 0,000206
один 0,836248 0,003514
специализироваться 5,010635 0,010527
икея 5,010635 0,010527
мастер 3,624341 0,007614
редакциярекламаконтактыпресс 0,000000 0,000000
видео 0,000000 0,000000
путь 2,066196 0,004341
посетить 3,064725 0,006438
депутат 0,068993 0,000145
бизнес 2,371578 0,004982
прогресс 0,090654 0,000190
предмет 3,401197 0,007145
бейдж 5,010635 0,010527
форма 0,061875 0,000130
нажать 0,000000 0,000000
последний 0,083382 0,000526
трансляция 3,912023 0,008219
среднее 3,401197 0,007145
дом 0,061875 0,000130
икеа 5,010635 0,021053
культура 0,000000 0,000000
обсудить 0,415515 0,000873
дистрибьютор 5,010635 0,010527
архив 0,000000 0,000000
помочь 1,714798 0,003603
никита 2,931194 0,006158
коллега 1,791759 0,003764
бренд 2,445686 0,010276
статья 0,000000 0,000000
отобрать 4,317488 0,009070
заявить 0,061875 0,000130
сша 0,040822 0,000086
основа 3,064725 0,006438
промышленность 3,401197 0,007145
бонус 0,047791 0,000201
среда 0,000000 0,000000
раскрытие 0,076161 0,000160
продвижение 2,931194 0,006158
наш 1,347074 0,002830
случайный 3,912023 0,008219
ежемесячно 4,317488 0,018141
среди 1,714798 0,003603
остаться 0,047791 0,000100
функциональность 4,317488 0,009070
получить 1,059392 0,006677
эксклюзив 0,000000 0,000000
уволить 0,076161 0,000160
объединить 3,624341 0,007614
качество 1,832581 0,003850
скидка 0,047791 0,000100
ткачёв 5,010635 0,010527
ценовый 4,317488 0,009070
погружаться 0,047791 0,000100
превышать 3,218876 0,006762
около 1,678431 0,003526
климат 1,875141 0,003939
увлекательный 0,047791 0,000100
значимый 3,912023 0,008219
использованияполитик 0,000000 0,000000
средаклимат 1,966113 0,004130
особенно 2,302585 0,004837
рынок 1,609438 0,006762
закрытый 2,612740 0,005489
деактивировать 0,013423 0,000028
вклад 3,218876 0,006762
рекомендательный 0,000000 0,000000
являться 1,714798 0,003603
переговоры 0,047791 0,000100
получать 0,033902 0,000071
сферанедвижимостьгородский 1,966113 0,004130
год 0,521999 0,003290
хотеть 0,013423 0,000028
обратиться 0,076161 0,000160
потратить 3,401197 0,007145
забота 0,000000 0,000000
сбер 0,040822 0,000086
инсайд 5,010635 0,010527
пожаловать 0,013423 0,000028
стать 0,499776 0,001050
работать 0,027029 0,000114
трамп 0,054808 0,000115
который 0,521999 0,003290
кнр 5,010635 0,010527
поэтому 1,966113 0,004130
крупный 0,054808 0,000345
столовый 5,010635 0,010527
провести 1,514128 0,006362
спецпроект 0,000000 0,000000
рамка 2,371578 0,004982
это 0,020203 0,000085
дизайнер 3,912023 0,008219
победа 0,000000 0,000000
украинский 0,047791 0,000100
белоус 0,076161 0,000160
два 0,033902 0,000214
прибыть 0,083382 0,000175
текущий 2,525729 0,005306
процент 1,678431 0,007052
страна 0,747955 0,001571
новость 0,000000 0,000000
туристка 0,076161 0,000160
мотор 0,000000 0,000000
сми 0,000000 0,000000
сделка 2,813411 0,005911
акция 0,047791 0,000100
покупатель 3,624341 0,007614
наслать 0,000000 0,000000
такой 1,003302 0,004216
руководитель 2,445686 0,005138
понять 2,177422 0,004574
остальной 2,612740 0,005489
жизнь 0,000000 0,000000
мебельный 5,010635 0,094739
жилец 0,068993 0,000145
рандомайзер 5,010635 0,010527
предречь 0,076161 0,000320
жать 0,013423 0,000028
войти 0,000000 0,000000
место 0,027029 0,000057
свет 0,054808 0,000115
регион 0,076161 0,000160
мс 0,097980 0,000206
проходить 2,445686 0,005138
наладить 3,912023 0,008219
март 0,040822 0,000172
диван 3,624341 0,007614
лежать 3,401197 0,007145
военный 0,020203 0,000042
летний 0,047791 0,000100
участие 2,014903 0,004233
рада 0,068993 0,000145
экономика 0,000000 0,000000
канал 1,791759 0,003764
общение 2,612740 0,005489
уход 0,076161 0,000160
опечатка 0,000000 0,000000
рубль 1,514128 0,003181
фабрика 3,624341 0,007614
онлайн 3,401197 0,014291
хороший 0,006689 0,000028
премия 3,218876 0,013525
розыгрыш 3,912023 0,016437
спор 0,097980 0,000206
сегмент 3,912023 0,008219
раздел 4,317488 0,009070
вызвать 0,090654 0,000190
играть 2,708050 0,005689
горизонт 5,010635 0,010527
обычный 0,013423 0,000028
категория 3,064725 0,019315
ждать 1,714798 0,003603
совершить 2,371578 0,004982
кровать 3,912023 0,008219
конфиденциальность 0,047791 0,000100
количество 1,576648 0,003312
татьяна 5,010635 0,010527
изнасиловать 0,076161 0,000160
авить 3,624341 0,083756
продолжать 0,033902 0,000071
реальный 0,013423 0,000028
развитие 2,120264 0,004454
ссср 0,000000 0,000000
техника 0,000000 0,000000
тысяча 0,054808 0,000115
площадка 3,064725 0,012877
молодой 2,525729 0,005306
объединять 4,317488 0,009070
затопить 0,076161 0,000160
дизайн 3,912023 0,016437
игра 0,000000 0,000000
компания 1,714798 0,014410
участник 2,371578 0,009965
объявление 3,912023 0,016437
обменивать 0,047791 0,000100
минь 0,000000 0,000000
клиент 2,813411 0,011821
условие 0,033902 0,000142
ваш 0,047791 0,000100
главное 0,000000 0,000000
возможность 1,714798 0,007205
продажа 2,708050 0,005689
практичность 5,010635 0,010527
медитация 0,076161 0,000160
правда 0,040822 0,000086
молодёжь 3,218876 0,006762
занимать 2,813411 0,005911
достижение 2,302585 0,009675
считаться 2,238047 0,004702
событие 1,919593 0,008066
видеть 0,013423 0,000028
экологияделовой 1,966113 0,004130
реакция 0,047791 0,000201
самый 0,883501 0,001856
миллион 1,347074 0,005660
материал 0,000000 0,000000
наука 0,000000 0,000000
товар 3,401197 0,014291
яркий 2,612740 0,005489
