бригада 2,813411 0,009076
ру 0,000000 0,000000
банк 0,068993 0,000223
лента 0,000000 0,000000
новый 0,000000 0,000000
день 0,033902 0,000109
перемирие 0,076161 0,000246
происходить 1,752539 0,005653
спорт 0,000000 0,000000
стубб 5,010635 0,016163
выполнять 2,708050 0,008736
отвести 0,076161 0,000246
добро 0,013423 0,000130
согласие 0,047791 0,000154
путешествие 0,000000 0,000000
четыре 0,040822 0,000132
конфликт 0,061875 0,000200
конфиденциальностиправить 0,000000 0,000000
александр 1,373049 0,004429
пол 0,090654 0,000292
помощь 0,027029 0,000087
вода 0,054808 0,000177
отмечаться 2,177422 0,007024
лично 3,064725 0,009886
отказаться 1,832581 0,017735
фото 0,061875 0,000399
политика 0,040822 0,000132
й 2,612740 0,008428
применение 0,000000 0,000000
призвать 1,791759 0,005780
область 1,272966 0,012319
отдел 0,579818 0,001870
ценность 0,000000 0,000000
сила 1,321756 0,008527
мир 0,000000 0,000000
вернуться 0,006689 0,000022
индия 0,076161 0,000246
структура 0,000000 0,000000
российский 0,033902 0,000547
обитание 0,000000 0,000000
бывший 0,000000 0,000000
боец 1,875141 0,006049
россия 0,000000 0,000000
интернет 0,000000 0,000000
десантный 3,912023 0,012619
маккартень 0,097980 0,000316
ооо 0,000000 0,000000
свой 0,020203 0,000130
замкомандир 4,317488 0,013927
ранее 1,003302 0,003236
ситуация 1,484275 0,004788
проблема 0,047791 0,000154
плен 2,813411 0,018151
назвать 1,021651 0,006591
гид 0,076161 0,000246
технологийминь 0,000000 0,000000
украина 0,805943 0,012999
город 0,047791 0,000154
гарантировать 4,317488 0,013927
американский 0,054808 0,000177
написать 1,966113 0,006342
галерея 0,000000 0,000000
внешность 0,097980 0,000316
сотрудник 0,068993 0,000223
находиться 1,399717 0,004515
начаться 0,033902 0,000109
зеленский 0,054808 0,001238
другой 1,059392 0,003417
силовой 0,000000 0,000000
пляжный 0,097980 0,000316
эмоция 0,047791 0,000154
сеть 0,090654 0,000292
отдать 2,813411 0,009076
задача 2,066196 0,006665
вооружённый 1,678431 0,010829
азия 2,445686 0,007889
всеприбалтикаукраинабелоруссиямолдавиязакавказьесредний 2,525729 0,008148
выражать 0,047791 0,000308
дезинформация 4,317488 0,027855
читать 0,040822 0,000132
военнослужащий 0,068993 0,000445
накапливать 0,047791 0,000154
оценивать 0,047791 0,000154
запольский 3,624341 0,011691
байконур 0,097980 0,000316
признавать 2,708050 0,026207
попасть 1,678431 0,005414
редакциярекламаконтактыпресс 0,000000 0,000000
видео 0,000000 0,000000
депутат 0,068993 0,000223
прогресс 0,090654 0,000292
выход 2,120264 0,013679
форма 0,061875 0,000200
медаль 3,912023 0,025239
нажать 0,000000 0,000000
одшб 5,010635 0,016163
последний 0,083382 0,000269
дом 0,061875 0,000200
культура 0,000000 0,000000
обсудить 0,415515 0,001340
архив 0,000000 0,000000
статья 0,000000 0,000000
окружение 2,525729 0,081475
заявить 0,061875 0,000399
сша 0,040822 0,000132
лидер 1,347074 0,008691
бонус 0,047791 0,000308
среда 0,000000 0,000000
раскрытие 0,076161 0,000246
наш 1,347074 0,004345
редактор 0,556288 0,001794
подобный 2,120264 0,006840
остаться 0,047791 0,000154
получить 1,059392 0,003417
эксклюзив 0,000000 0,000000
уволить 0,076161 0,000246
скидка 0,047791 0,000154
штурмовой 3,401197 0,010972
погружаться 0,047791 0,000154
отдельный 2,525729 0,008148
увлекательный 0,047791 0,000154
использованияполитик 0,000000 0,000000
приказ 2,238047 0,007220
павел 2,612740 0,008428
деактивировать 0,013423 0,000043
рекомендательный 0,000000 0,000000
переговоры 0,047791 0,000308
заверить 3,218876 0,010383
получать 0,033902 0,000109
хотеть 0,013423 0,000043
обратиться 0,076161 0,000246
забота 0,000000 0,000000
сбер 0,040822 0,000132
пожаловать 0,013423 0,000043
язловецкий 3,912023 0,025239
нужно 1,791759 0,005780
трамп 0,054808 0,000177
работать 0,027029 0,000087
крупный 0,054808 0,000354
обращение 3,218876 0,010383
подразделение 2,813411 0,009076
спецпроект 0,000000 0,000000
это 0,020203 0,000196
победа 0,000000 0,000000
украинский 0,047791 0,000771
белоус 0,076161 0,000246
прибыть 0,083382 0,000269
два 0,033902 0,000219
достойный 3,912023 0,012619
рассказать 0,985284 0,003178
президент 0,851752 0,008243
новость 0,000000 0,000000
туристка 0,076161 0,000246
мотор 0,000000 0,000000
сми 0,000000 0,000000
акция 0,047791 0,000154
наслать 0,000000 0,000000
жизнь 0,000000 0,000000
сдаться 3,624341 0,011691
награждать 4,317488 0,013927
жилец 0,068993 0,000223
предречь 0,076161 0,000491
жать 0,013423 0,000043
войти 0,000000 0,000000
место 0,027029 0,000087
свет 0,054808 0,000177
регион 0,076161 0,000246
мс 0,097980 0,000316
финляндия 2,931194 0,009455
март 0,040822 0,000263
военный 0,020203 0,000130
летний 0,047791 0,000154
рада 0,068993 0,000223
экономика 0,000000 0,000000
канал 1,791759 0,005780
политик 2,612740 0,008428
уход 0,076161 0,000246
опечатка 0,000000 0,000000
хороший 0,006689 0,000022
спор 0,097980 0,000316
вызвать 0,090654 0,000292
обычный 0,013423 0,000043
власть 1,609438 0,005192
конфиденциальность 0,047791 0,000154
владимир 1,160488 0,011231
путин 0,967584 0,003121
ребята 2,931194 0,009455
изнасиловать 0,076161 0,000246
продолжать 0,033902 0,000109
реальный 0,013423 0,000043
ссср 0,000000 0,000000
техника 0,000000 0,000000
тысяча 0,054808 0,000177
курский 1,791759 0,034679
всу 1,373049 0,031004
итог 1,678431 0,005414
затопить 0,076161 0,000246
игра 0,000000 0,000000
обменивать 0,047791 0,000154
минь 0,000000 0,000000
условие 0,033902 0,000219
ваш 0,047791 0,000154
главное 0,000000 0,000000
медитация 0,076161 0,000246
правда 0,040822 0,000132
информация 1,514128 0,004884
алевтина 3,624341 0,011691
видеть 0,013423 0,000043
реакция 0,047791 0,000308
материал 0,000000 0,000000
наука 0,000000 0,000000
