отличительный 3,912023 0,003626
мадхие 5,010635 0,004644
ру 0,000000 0,000000
специальный 2,525729 0,002341
банк 0,068993 0,000064
евразия 5,010635 0,009288
лев 3,624341 0,141077
новый 0,000000 0,000000
девять 2,931194 0,005433
день 0,033902 0,000031
образ 1,514128 0,001403
австрийский 5,010635 0,004644
перемирие 0,076161 0,000071
лишиться 2,445686 0,002267
происходить 1,752539 0,001624
река 3,218876 0,002983
местный 2,066196 0,007660
вокруг 2,525729 0,004682
отвести 0,076161 0,000071
добро 0,013423 0,000037
согласие 0,047791 0,000044
центр 1,752539 0,003248
частность 2,525729 0,002341
гостиница 3,912023 0,003626
вероятно 2,813411 0,002607
путешествие 0,000000 0,000000
менее 2,014903 0,003735
важный 1,875141 0,001738
пойти 2,120264 0,001965
четверо 3,912023 0,003626
предел 3,401197 0,003152
конфликт 0,061875 0,000115
встретить 2,612740 0,002421
предложить 2,177422 0,004036
помощь 0,027029 0,000050
пол 0,090654 0,000084
жертва 2,371578 0,002198
человек 0,762140 0,009889
вода 0,054808 0,000102
акланда 5,010635 0,004644
лично 3,064725 0,002840
фото 0,061875 0,000401
содержание 5,010635 0,004644
лес 3,064725 0,028403
буйволовый 5,010635 0,004644
политика 0,040822 0,000038
показывать 2,931194 0,002717
м 2,066196 0,005745
н 5,010635 0,004644
животновод 5,010635 0,004644
насколько 3,624341 0,003359
продолжаться 2,708050 0,002510
исследование 2,708050 0,005020
суд 1,832581 0,001698
британец 4,317488 0,004001
сохранность 5,010635 0,009288
китай 2,612740 0,002421
очевидный 3,218876 0,005966
бхушан 5,010635 0,004644
земля 1,919593 0,003558
природа 3,218876 0,002983
вариант 3,064725 0,002840
кисточка 5,010635 0,004644
сила 1,321756 0,001225
мир 0,000000 0,000000
индия 0,076161 0,000706
весь 1,078810 0,002000
пройти 1,427116 0,001323
структура 0,000000 0,000000
необходимый 2,708050 0,002510
житель 1,678431 0,004667
дело 1,249435 0,001158
весьма 3,064725 0,002840
толком 3,912023 0,003626
скот 2,931194 0,005433
бывший 0,000000 0,000000
небольшой 2,177422 0,002018
слишком 2,371578 0,002198
конец 1,643339 0,001523
быстро 2,813411 0,005215
время 0,693147 0,001285
дели 5,010635 0,004644
называть 1,791759 0,001661
единственный 2,708050 0,002510
посмотреть 2,525729 0,007022
создавать 2,371578 0,002198
маккартень 0,097980 0,000091
ооо 0,000000 0,000000
покормить 5,010635 0,004644
ситуация 1,484275 0,002751
проблема 0,047791 0,000266
главный 1,272966 0,001180
обитать 5,010635 0,009288
появиться 1,373049 0,001273
технологийминь 0,000000 0,000000
стартовать 5,010635 0,004644
город 0,047791 0,000089
прошлый 3,064725 0,002840
разумеется 4,317488 0,004001
галерея 0,000000 0,000000
снова 2,813411 0,002607
прийтись 2,120264 0,003930
внешность 0,097980 0,000091
научный 3,218876 0,002983
пытаться 1,347074 0,001248
поселение 5,010635 0,004644
незаконно 5,010635 0,004644
построить 2,931194 0,002717
возрождение 3,912023 0,003626
находиться 1,399717 0,002594
территория 1,609438 0,007458
начаться 0,033902 0,000094
самец 4,317488 0,004001
истребление 5,010635 0,004644
начать 1,139434 0,003168
изловить 5,010635 0,004644
зоолог 5,010635 0,004644
силовой 0,000000 0,000000
показать 1,484275 0,004127
пляжный 0,097980 0,000091
расселиться 5,010635 0,009288
скотовод 5,010635 0,009288
редкий 2,371578 0,004396
однако 1,249435 0,005790
бульдозер 5,010635 0,004644
подняться 3,912023 0,003626
выражать 0,047791 0,000089
закавказье 5,010635 0,004644
читать 0,040822 0,000038
хозяйство 5,010635 0,013931
назим 5,010635 0,004644
хищник 2,931194 0,029882
нападение 3,218876 0,011933
оценивать 0,047791 0,000044
открываться 3,064725 0,002840
байконур 0,097980 0,000091
один 0,836248 0,005425
оценка 2,931194 0,002717
редакциярекламаконтактыпресс 0,000000 0,000000
экзотический 5,010635 0,004644
родный 2,931194 0,002717
британский 2,708050 0,002510
видео 0,000000 0,000000
департамент 3,064725 0,005681
посетить 3,064725 0,002840
пример 2,371578 0,002198
хищница 5,010635 0,004644
соседство 3,912023 0,010877
выясниться 2,371578 0,002198
джунагадха 5,010635 0,004644
часть 1,484275 0,001376
заметный 3,624341 0,003359
последний 0,083382 0,000541
едва 2,177422 0,002018
сторона 1,321756 0,004900
столетие 5,010635 0,004644
выпустить 2,238047 0,004148
некоторый 1,576648 0,001461
часто 2,525729 0,002341
архив 0,000000 0,000000
частый 2,525729 0,007022
специально 3,401197 0,003152
заявить 0,061875 0,000057
описание 3,624341 0,003359
сша 0,040822 0,000038
стремительный 5,010635 0,004644
бонус 0,047791 0,000089
среда 0,000000 0,000000
кожа 3,218876 0,002983
раскрытие 0,076161 0,000071
говорить 1,160488 0,001076
делать 1,752539 0,003248
расселение 5,010635 0,009288
подобный 2,120264 0,003930
спугнуть 5,010635 0,004644
остаться 0,047791 0,000044
несомненно 5,010635 0,004644
амереть 5,010635 0,004644
эксклюзив 0,000000 0,000000
уволить 0,076161 0,000071
крыться 3,624341 0,003359
преимущество 2,931194 0,002717
скидка 0,047791 0,000044
масштабный 2,612740 0,002421
усердствовать 5,010635 0,004644
перепись 5,010635 0,013931
становиться 2,525729 0,002341
львёнок 5,010635 0,009288
погружаться 0,047791 0,000044
результат 1,347074 0,002497
особенно 2,302585 0,004268
ноябрь 2,014903 0,001867
выглядеть 1,752539 0,001624
лицо 1,966113 0,003644
отрадно 5,010635 0,004644
гуджарад 5,010635 0,004644
складка 5,010635 0,004644
зато 2,931194 0,002717
являться 1,714798 0,001589
получать 0,033902 0,000031
нападать 5,010635 0,004644
животное 3,912023 0,021754
драматический 3,912023 0,003626
наоборот 2,813411 0,002607
хотеть 0,013423 0,000012
гуджарат 5,010635 0,041794
подготовка 2,302585 0,002134
половина 2,177422 0,002018
стать 0,499776 0,005095
независимость 3,912023 0,003626
бить 2,445686 0,002267
работать 0,027029 0,000050
африканский 4,317488 0,008003
отличный 2,708050 0,002510
приманивать 5,010635 0,004644
картина 3,064725 0,002840
провести 1,514128 0,001403
община 5,010635 0,004644
спецпроект 0,000000 0,000000
это 0,020203 0,000187
львиный 5,010635 0,018575
экзотичный 5,010635 0,004644
украинский 0,047791 0,000044
рост 1,791759 0,001661
злобный 4,317488 0,004001
два 0,033902 0,000220
обнаружить 2,445686 0,004533
окрестность 3,624341 0,010077
процент 1,678431 0,001556
заповедник 5,010635 0,004644
излюбить 4,317488 0,004001
новость 0,000000 0,000000
рядом 2,813411 0,005215
туристка 0,076161 0,000071
мотор 0,000000 0,000000
восстанавливаться 4,317488 0,004001
наслать 0,000000 0,000000
убить 2,612740 0,004843
остальной 2,612740 0,002421
жизнь 0,000000 0,000000
отличить 5,010635 0,004644
жать 0,013423 0,000012
войти 0,000000 0,000000
забредать 5,010635 0,004644
аравия 2,612740 0,002421
особь 5,010635 0,004644
защита 2,371578 0,002198
восток 2,177422 0,002018
уход 0,076161 0,000071
сокращаться 5,010635 0,004644
смит 3,912023 0,003626
ежегодно 5,010635 0,004644
восстановление 3,218876 0,008950
принадлежать 2,931194 0,002717
быстрый 2,708050 0,002510
хороший 0,006689 0,000006
спор 0,097980 0,000091
хвалиться 5,010635 0,004644
савин 3,624341 0,003359
внушительный 5,010635 0,004644
отключить 1,514128 0,001403
обычный 0,013423 0,000012
программа 2,371578 0,002198
власть 1,609438 0,001492
атаковать 2,931194 0,002717
конфиденциальность 0,047791 0,000044
офицер 2,708050 0,002510
поймать 3,401197 0,003152
изнасиловать 0,076161 0,000071
выращивать 4,317488 0,004001
продолжать 0,033902 0,000031
первый 0,883501 0,002456
ссср 0,000000 0,000000
техника 0,000000 0,000000
проигнорировать 5,010635 0,004644
обрести 3,624341 0,003359
барайя 5,010635 0,004644
итог 1,678431 0,001556
след 3,401197 0,003152
февраль 1,160488 0,004302
могол 5,010635 0,004644
идти 1,297063 0,001202
покорить 3,401197 0,003152
вопрос 1,021651 0,000947
следователь 2,931194 0,002717
выполнить 2,931194 0,002717
никто 2,014903 0,003735
игра 0,000000 0,000000
десяток 3,912023 0,003626
минь 0,000000 0,000000
брюхо 5,010635 0,004644
ваш 0,047791 0,000044
расправиться 2,931194 0,002717
похоже 2,931194 0,005433
главное 0,000000 0,000000
исчезать 3,064725 0,002840
медитация 0,076161 0,000071
империя 5,010635 0,004644
больший 1,373049 0,002545
отель 2,931194 0,002717
спорный 5,010635 0,004644
активный 2,120264 0,001965
фатальный 5,010635 0,004644
считаться 2,238047 0,002074
событие 1,919593 0,003558
реакция 0,047791 0,000089
неделя 1,919593 0,005337
ареал 5,010635 0,004644
самый 0,883501 0,002456
материал 0,000000 0,000000
символ 2,445686 0,002267
слава 3,218876 0,002983
заложник 4,317488 0,004001
быть 1,399717 0,001297
амреть 5,010635 0,004644
рахула 5,010635 0,004644
шерсть 5,010635 0,004644
лента 0,000000 0,000000
настойчивый 5,010635 0,004644
истребить 5,010635 0,009288
охота 3,912023 0,003626
спорт 0,000000 0,000000
собрат 4,317488 0,004001
район 2,120264 0,001965
национальный 2,371578 0,004396
набрать 3,912023 0,003626
этот 1,427116 0,009258
сам 1,226446 0,002273
борьба 2,014903 0,001867
бенгалия 5,010635 0,004644
прайд 5,010635 0,013931
четыре 0,040822 0,000038
заковать 5,010635 0,004644
уверить 3,064725 0,002840
переселение 5,010635 0,004644
убивать 3,218876 0,002983
далёкий 2,525729 0,004682
конфиденциальностиправить 0,000000 0,000000
отметить 1,399717 0,001297
вообще 2,813411 0,002607
джордж 3,624341 0,003359
кошка 3,912023 0,025379
удаться 1,678431 0,001556
известный 1,714798 0,001589
применение 0,000000 0,000000
сложиться 2,931194 0,002717
ограничиться 5,010635 0,004644
смысл 3,218876 0,002983
век 1,919593 0,008895
гарантия 2,708050 0,002510
третий 2,120264 0,001965
опасно 2,813411 0,002607
известно 1,297063 0,001202
ценность 0,000000 0,000000
гораздо 3,064725 0,002840
вернуться 0,006689 0,000012
бросать 2,708050 0,002510
свободно 4,317488 0,004001
восстановить 3,218876 0,002983
российский 0,033902 0,000063
исход 3,624341 0,003359
исчезнуть 3,064725 0,002840
обитание 0,000000 0,000000
специалист 2,445686 0,002267
просто 1,678431 0,003111
давно 2,445686 0,004533
лесной 5,010635 0,009288
портить 4,317488 0,004001
россия 0,000000 0,000000
интернет 0,000000 0,000000
гир 3,912023 0,003626
видимо 3,912023 0,003626
порой 4,317488 0,004001
иоганн 5,010635 0,004644
обычно 3,218876 0,002983
свой 0,020203 0,000094
гирский 5,010635 0,023219
парк 4,317488 0,004001
популярный 1,791759 0,001661
гордость 5,010635 0,004644
гид 0,076161 0,000141
журнал 3,401197 0,003152
дикий 3,064725 0,022723
противоположный 5,010635 0,004644
ехать 2,931194 0,002717
поле 3,064725 0,002840
американский 0,054808 0,000051
великий 2,238047 0,002074
пересчитать 5,010635 0,004644
штат 2,708050 0,012549
округ 4,317488 0,012004
представитель 1,678431 0,001556
туризм 3,912023 0,003626
сотрудник 0,068993 0,000192
мелкий 4,317488 0,004001
другой 1,059392 0,001964
сожрать 5,010635 0,004644
представить 2,525729 0,002341
зеленский 0,054808 0,000102
работа 0,899761 0,001668
эмоция 0,047791 0,000044
черта 3,401197 0,003152
идеалистический 5,010635 0,004644
сеть 0,090654 0,000084
селянин 5,010635 0,004644
собственный 2,525729 0,002341
биолог 5,010635 0,013931
запретить 2,066196 0,001915
пока 1,678431 0,006222
индустрия 3,624341 0,003359
число 1,226446 0,002273
короче 5,010635 0,004644
столкновение 3,401197 0,006304
плодиться 5,010635 0,009288
факт 2,813411 0,002607
саудовский 2,612740 0,002421
военнослужащий 0,068993 0,000064
знать 1,576648 0,002922
накапливать 0,047791 0,000044
учёный 2,525729 0,002341
вид 1,514128 0,001403
бороться 2,525729 0,002341
превратиться 3,624341 0,003359
происшествие 2,813411 0,013037
ребёнок 1,919593 0,001779
подход 3,218876 0,002983
нижний 2,612740 0,002421
постепенный 4,317488 0,004001
доход 2,445686 0,002267
освоить 3,401197 0,003152
патовый 3,064725 0,002840
растерзать 4,317488 0,012004
депутат 0,068993 0,000064
вселюдизвериедапроисшествияперсонысчастливчикианомалия 2,813411 0,002607
прогресс 0,090654 0,000084
цепь 4,317488 0,004001
форма 0,061875 0,000057
трагический 3,912023 0,007251
нажать 0,000000 0,000000
дом 0,061875 0,000057
бутылочка 5,010635 0,004644
культура 0,000000 0,000000
заканчиваться 2,931194 0,002717
приняться 4,317488 0,004001
очередной 2,708050 0,002510
никита 2,931194 0,002717
иран 3,912023 0,010877
статья 0,000000 0,000000
львица 5,010635 0,009288
странный 3,064725 0,002840
обнадёживать 5,010635 0,004644
азиатский 4,317488 0,112039
семилетний 4,317488 0,008003
стадо 5,010635 0,004644
ранний 2,120264 0,001965
темп 3,912023 0,003626
настоящий 2,445686 0,002267
школьник 3,912023 0,003626
расселяться 5,010635 0,004644
близкий 1,875141 0,001738
многие 1,714798 0,001589
шкура 4,317488 0,004001
хвост 5,010635 0,004644
комментарий 1,427116 0,001323
подозревать 2,445686 0,002267
зоопарк 2,931194 0,002717
зверь 3,064725 0,005681
беспокоиться 4,317488 0,004001
передать 1,966113 0,001822
дискуссия 3,912023 0,003626
лесник 5,010635 0,004644
гол 3,912023 0,003626
около 1,678431 0,001556
населять 5,010635 0,004644
сделать 1,321756 0,001225
увлекательный 0,047791 0,000044
использованияполитик 0,000000 0,000000
съесть 2,525729 0,007022
тело 2,445686 0,002267
гость 3,218876 0,002983
фермер 3,912023 0,003626
деактивировать 0,013423 0,000012
точный 2,813411 0,002607
отлов 5,010635 0,004644
рекомендательный 0,000000 0,000000
мейер 5,010635 0,004644
прочий 3,912023 0,003626
белый 1,609438 0,001492
переговоры 0,047791 0,000044
колонизатор 5,010635 0,004644
пристанище 5,010635 0,004644
окружить 3,624341 0,003359
будущее 2,066196 0,001915
год 0,521999 0,007257
распространить 3,401197 0,003152
осторожно 4,317488 0,004001
обратиться 0,076161 0,000071
непосредственный 3,912023 0,003626
министр 2,302585 0,002134
забота 0,000000 0,000000
октябрь 2,612740 0,002421
реальность 3,912023 0,003626
сбер 0,040822 0,000038
пожаловать 0,013423 0,000012
верховный 2,708050 0,002510
безопасность 2,014903 0,001867
решить 1,791759 0,001661
трамп 0,054808 0,000051
который 0,521999 0,002419
крупный 0,054808 0,000152
приезжать 3,624341 0,003359
май 2,813411 0,005215
например 1,791759 0,004982
пандаяфотограф 5,010635 0,004644
победа 0,000000 0,000000
отбиваться 4,317488 0,004001
привести 1,427116 0,002645
белоус 0,076161 0,000071
прибыть 0,083382 0,000077
страна 0,747955 0,002773
эколог 5,010635 0,004644
случай 1,484275 0,004127
сми 0,000000 0,000000
акция 0,047791 0,000089
радость 3,401197 0,003152
такой 1,003302 0,000930
цифра 2,813411 0,002607
вместе 1,514128 0,002807
преобразовать 3,912023 0,003626
старание 5,010635 0,004644
тесно 5,010635 0,004644
жить 1,643339 0,003046
спасение 2,177422 0,002018
жилец 0,068993 0,000064
популяция 5,010635 0,023219
туристический 3,624341 0,006718
несколько 1,226446 0,001137
предречь 0,076161 0,000141
место 0,027029 0,000100
начало 1,399717 0,002594
свет 0,054808 0,000051
отправить 2,066196 0,001915
насчитать 5,010635 0,004644
регион 0,076161 0,000141
обезобразить 5,010635 0,004644
решение 1,544899 0,001432
мс 0,097980 0,000091
естественно 3,624341 0,003359
ради 2,371578 0,002198
март 0,040822 0,000227
посев 5,010635 0,004644
широкий 2,813411 0,002607
военный 0,020203 0,000019
летний 0,047791 0,000133
прекрасный 5,010635 0,004644
действительно 2,612740 0,002421
рада 0,068993 0,000064
экономика 0,000000 0,000000
травоядный 5,010635 0,004644
совершенно 2,813411 0,005215
вестись 3,624341 0,006718
тот 1,427116 0,001323
опечатка 0,000000 0,000000
каждый 1,576648 0,001461
расти 2,708050 0,010039
отправиться 2,445686 0,002267
охотиться 3,064725 0,005681
останки 4,317488 0,012004
медведь 4,317488 0,004001
любитель 3,624341 0,006718
отказываться 3,218876 0,002983
вызвать 0,090654 0,000084
прадеш 5,010635 0,004644
три 1,919593 0,007116
вскоре 2,302585 0,004268
количество 1,576648 0,001461
увеличиваться 3,401197 0,003152
радоваться 3,912023 0,003626
реальный 0,013423 0,000012
гирскома 5,010635 0,023219
мужчина 1,576648 0,001461
тысяча 0,054808 0,000102
поиск 2,445686 0,002267
тревога 3,218876 0,002983
грива 5,010635 0,004644
доверчивый 5,010635 0,004644
противиться 5,010635 0,004644
панда 5,010635 0,004644
сотня 2,014903 0,001867
официальный 2,238047 0,006223
затопить 0,076161 0,000071
добыча 4,317488 0,004001
турист 2,931194 0,008150
кабанов 4,317488 0,004001
сталкиваться 3,401197 0,003152
обменивать 0,047791 0,000044
модить 5,010635 0,009288
индийский 3,401197 0,003152
условие 0,033902 0,000063
премьер 2,525729 0,002341
объявить 2,120264 0,003930
насчитываться 5,010635 0,004644
нарендра 5,010635 0,004644
солидный 5,010635 0,004644
правда 0,040822 0,000038
земледелец 5,010635 0,004644
безопасный 2,813411 0,002607
огромный 2,525729 0,002341
уникальный 2,525729 0,002341
поголовье 5,010635 0,018575
скотоводческий 5,010635 0,004644
постоянно 2,525729 0,002341
видеть 0,013423 0,000012
постановить 4,317488 0,004001
курешить 5,010635 0,009288
очень 1,347074 0,001248
наука 0,000000 0,000000
какой 1,203973 0,002232
произойти 1,791759 0,001661
захватывать 3,064725 0,002840
второй 1,643339 0,001523
