ру 0,000000 0,000000
личный 1,791759 0,017740
банк 0,068993 0,000228
лента 0,000000 0,000000
яйцо 3,912023 0,012911
новый 0,000000 0,000000
день 0,033902 0,000112
перемирие 0,076161 0,000251
ремейк 5,010635 0,033074
спорт 0,000000 0,000000
ботсвана 5,010635 0,016537
отвести 0,076161 0,000251
добро 0,013423 0,000133
согласие 0,047791 0,000158
путешествие 0,000000 0,000000
четыре 0,040822 0,000135
удар 1,455287 0,004803
конфликт 0,061875 0,000204
конфиденциальностиправить 0,000000 0,000000
пол 0,090654 0,000299
помощь 0,027029 0,000089
карлсон 4,317488 0,014249
декабрь 1,966113 0,019466
человек 0,762140 0,002515
вода 0,054808 0,000181
фото 0,061875 0,000204
политика 0,040822 0,000269
взрыв 2,302585 0,015199
разговор 1,160488 0,003830
применение 0,000000 0,000000
зарабатывать 3,064725 0,010115
ядерный 2,931194 0,009674
женщина 1,484275 0,004899
прогноз 4,317488 0,014249
жириновский 5,010635 0,033074
сочи 3,624341 0,011962
ценность 0,000000 0,000000
мир 0,000000 0,000000
вернуться 0,006689 0,000044
индия 0,076161 0,000251
структура 0,000000 0,000000
русский 1,919593 0,012671
российский 0,033902 0,000448
картошка 3,912023 0,012911
цель 1,875141 0,006189
обитание 0,000000 0,000000
порог 3,401197 0,011225
бывший 0,000000 0,000000
боец 1,875141 0,006189
узнать 2,014903 0,006650
россия 0,000000 0,000000
интернет 0,000000 0,000000
смотреть 2,066196 0,006819
маккартень 0,097980 0,000323
ооо 0,000000 0,000000
биография 3,064725 0,030344
свой 0,020203 0,000133
мощный 3,064725 0,020229
проблема 0,047791 0,000158
плен 2,813411 0,009285
январь 1,514128 0,004997
появиться 1,373049 0,009063
гид 0,076161 0,000251
технологийминь 0,000000 0,000000
такер 4,317488 0,014249
украина 0,805943 0,002660
город 0,047791 0,000158
студия 3,912023 0,012911
американский 0,054808 0,000362
луганскинформцентр 5,010635 0,016537
галерея 0,000000 0,000000
внешность 0,097980 0,000323
россиянин 1,321756 0,004362
сотрудник 0,068993 0,000228
начаться 0,033902 0,000112
зеленский 0,054808 0,000543
силовой 0,000000 0,000000
показать 1,484275 0,009797
знаменитый 2,525729 0,008336
пляжный 0,097980 0,000323
эмоция 0,047791 0,000158
сеть 0,090654 0,000598
русалочка 5,010635 0,033074
выражать 0,047791 0,000315
читать 0,040822 0,000135
военнослужащий 0,068993 0,000228
накапливать 0,047791 0,000158
июнь 2,371578 0,023481
оценивать 0,047791 0,000158
поразиться 5,010635 0,016537
байконур 0,097980 0,000323
град 4,317488 0,014249
попасть 1,678431 0,011079
редакциярекламаконтактыпресс 0,000000 0,000000
видео 0,000000 0,000000
депутат 0,068993 0,000228
богатый 3,624341 0,011962
прогресс 0,090654 0,000299
война 1,455287 0,004803
форма 0,061875 0,000204
нажать 0,000000 0,000000
трансляция 3,912023 0,012911
последний 0,083382 0,000275
дом 0,061875 0,000204
культура 0,000000 0,000000
загрузка 2,931194 0,009674
архив 0,000000 0,000000
статья 0,000000 0,000000
позиция 1,832581 0,006048
заявить 0,061875 0,000204
сша 0,040822 0,000135
лидер 1,347074 0,004446
июль 2,708050 0,026812
бонус 0,047791 0,000315
илона 3,218876 0,010623
среда 0,000000 0,000000
раскрытие 0,076161 0,000251
остаться 0,047791 0,000158
эксклюзив 0,000000 0,000000
уволить 0,076161 0,000251
язык 2,813411 0,009285
скидка 0,047791 0,000158
оказаться 1,249435 0,004124
погружаться 0,047791 0,000158
увлекательный 0,047791 0,000158
использованияполитик 0,000000 0,000000
ноябрь 2,014903 0,006650
деактивировать 0,013423 0,000044
рекомендательный 0,000000 0,000000
серия 3,064725 0,020229
выпасть 5,010635 0,016537
переговоры 0,047791 0,000158
авиабомба 5,010635 0,016537
получать 0,033902 0,000112
год 0,521999 0,003446
хотеть 0,013423 0,000044
обратиться 0,076161 0,000251
планета 2,931194 0,009674
забота 0,000000 0,000000
мать 2,445686 0,008072
сбер 0,040822 0,000135
пожаловать 0,013423 0,000044
трамп 0,054808 0,000181
работать 0,027029 0,000089
крупный 0,054808 0,000362
фаб 4,317488 0,014249
спецпроект 0,000000 0,000000
это 0,020203 0,000067
прогреметь 3,218876 0,010623
победа 0,000000 0,000000
украинский 0,047791 0,000158
белоус 0,076161 0,000251
дружко 5,010635 0,016537
прибыть 0,083382 0,000275
два 0,033902 0,000224
прямой 2,302585 0,007599
президент 0,851752 0,002811
новость 0,000000 0,000000
туристка 0,076161 0,000251
мотор 0,000000 0,000000
сми 0,000000 0,000000
акция 0,047791 0,000158
наслать 0,000000 0,000000
маск 3,401197 0,011225
полноценный 4,317488 0,028498
жизнь 0,000000 0,000000
жилец 0,068993 0,000228
предречь 0,076161 0,000503
жать 0,013423 0,000044
войти 0,000000 0,000000
место 0,027029 0,000089
свет 0,054808 0,000181
регион 0,076161 0,000251
мс 0,097980 0,000323
необычный 3,624341 0,011962
март 0,040822 0,000135
военный 0,020203 0,000133
летний 0,047791 0,000158
рада 0,068993 0,000228
экономика 0,000000 0,000000
достигнуть 2,302585 0,007599
уход 0,076161 0,000251
опечатка 0,000000 0,000000
хороший 0,006689 0,000022
спор 0,097980 0,000323
трейлер 5,010635 0,033074
вызвать 0,090654 0,000299
алмаз 5,010635 0,016537
обычный 0,013423 0,000044
конфиденциальность 0,047791 0,000158
путин 0,967584 0,006387
владимир 1,160488 0,011490
назад 1,678431 0,005539
изнасиловать 0,076161 0,000251
продолжать 0,033902 0,000112
реальный 0,013423 0,000044
кадр 1,544899 0,005099
ссср 0,000000 0,000000
техника 0,000000 0,000000
тысяча 0,054808 0,000181
всу 1,373049 0,004532
февраль 1,160488 0,003830
опубликовать 1,875141 0,006189
вопрос 1,021651 0,003372
затопить 0,076161 0,000251
игра 0,000000 0,000000
размер 2,525729 0,008336
обменивать 0,047791 0,000158
минь 0,000000 0,000000
условие 0,033902 0,000224
ваш 0,047791 0,000158
главное 0,000000 0,000000
отвечать 2,302585 0,007599
медитация 0,076161 0,000251
правда 0,040822 0,000135
интервью 2,525729 0,008336
мыть 4,317488 0,014249
огромный 2,525729 0,008336
луганск 5,010635 0,033074
видеть 0,013423 0,000044
реакция 0,047791 0,000315
август 2,445686 0,016143
блогерш 3,624341 0,011962
способ 1,919593 0,006335
миллион 1,347074 0,004446
материал 0,000000 0,000000
наука 0,000000 0,000000
сообщить 1,297063 0,004281
якобы 2,813411 0,009285
