александров 4,317488 0,016670
ру 0,000000 0,000000
банк 0,068993 0,000266
лента 0,000000 0,000000
арест 2,931194 0,011317
новый 0,000000 0,000000
день 0,033902 0,000131
перемирие 0,076161 0,000294
спорт 0,000000 0,000000
имамогла 5,010635 0,077384
отвести 0,076161 0,000294
добро 0,013423 0,000155
согласие 0,047791 0,000185
путешествие 0,000000 0,000000
четыре 0,040822 0,000158
конфликт 0,061875 0,000239
конфиденциальностиправить 0,000000 0,000000
пол 0,090654 0,000350
помощь 0,027029 0,000104
глава 1,321756 0,005103
вода 0,054808 0,000212
фото 0,061875 0,000478
политика 0,040822 0,000315
применение 0,000000 0,000000
давление 2,302585 0,008890
суд 1,832581 0,028302
возможный 2,066196 0,007978
муниципалитет 5,010635 0,019346
ценность 0,000000 0,000000
мир 0,000000 0,000000
вернуться 0,006689 0,000026
индия 0,076161 0,000294
структура 0,000000 0,000000
дело 1,249435 0,004824
российский 0,033902 0,000262
обитание 0,000000 0,000000
бывший 0,000000 0,000000
россия 0,000000 0,000000
интернет 0,000000 0,000000
намеренный 3,624341 0,013994
телеканал 3,218876 0,012428
маккартень 0,097980 0,000378
ооо 0,000000 0,000000
свой 0,020203 0,000078
данный 2,445686 0,009443
главный 1,272966 0,004915
проблема 0,047791 0,000185
данные 1,678431 0,006480
турецкий 2,931194 0,011317
гид 0,076161 0,000294
технологийминь 0,000000 0,000000
город 0,047791 0,000369
американский 0,054808 0,000212
галерея 0,000000 0,000000
внешность 0,097980 0,000378
сотрудник 0,068993 0,000266
начаться 0,033902 0,000131
зеленский 0,054808 0,000423
начать 1,139434 0,004399
силовой 0,000000 0,000000
пляжный 0,097980 0,000378
эмоция 0,047791 0,000185
сеть 0,090654 0,000350
экрем 5,010635 0,019346
выражать 0,047791 0,000369
сдаваться 4,317488 0,016670
читать 0,040822 0,000158
военнослужащий 0,068993 0,000266
накапливать 0,047791 0,000185
полиция 2,238047 0,008641
оценивать 0,047791 0,000185
байконур 0,097980 0,000378
редакциярекламаконтактыпресс 0,000000 0,000000
доставить 2,177422 0,033628
видео 0,000000 0,000000
обыск 3,624341 0,013994
депутат 0,068993 0,000266
прогресс 0,090654 0,000350
мэр 2,525729 0,048759
форма 0,061875 0,000239
нажать 0,000000 0,000000
дом 0,061875 0,000478
последний 0,083382 0,000322
культура 0,000000 0,000000
момент 1,399717 0,005404
обсудить 0,415515 0,001604
архив 0,000000 0,000000
статья 0,000000 0,000000
заявить 0,061875 0,000717
сша 0,040822 0,000158
лидер 1,347074 0,005201
всеполитикаобществопроисшествияконфликтыпреступность 2,014903 0,007780
эрдоган 5,010635 0,019346
отношение 1,226446 0,004735
бонус 0,047791 0,000369
среда 0,000000 0,000000
раскрытие 0,076161 0,000294
редактор 0,556288 0,002148
среди 1,714798 0,006621
остаться 0,047791 0,000185
эксклюзив 0,000000 0,000000
уволить 0,076161 0,000294
скидка 0,047791 0,000185
подозревать 2,445686 0,009443
погружаться 0,047791 0,000185
около 1,678431 0,006480
увлекательный 0,047791 0,000185
использованияполитик 0,000000 0,000000
президентский 3,624341 0,013994
заниматься 2,302585 0,008890
деактивировать 0,013423 0,000052
рекомендательный 0,000000 0,000000
переговоры 0,047791 0,000185
получать 0,033902 0,000131
хотеть 0,013423 0,000052
обратиться 0,076161 0,000294
забота 0,000000 0,000000
сбер 0,040822 0,000158
пожаловать 0,013423 0,000052
трамп 0,054808 0,000212
работать 0,027029 0,000104
который 0,521999 0,002015
крупный 0,054808 0,000423
задержать 1,875141 0,043440
спецпроект 0,000000 0,000000
рамка 2,371578 0,009157
это 0,020203 0,000078
победа 0,000000 0,000000
украинский 0,047791 0,000185
тайипа 5,010635 0,019346
стамбул 2,931194 0,079221
семён 4,317488 0,016670
белоус 0,076161 0,000294
прибыть 0,083382 0,000322
два 0,033902 0,000262
подкуп 5,010635 0,019346
новость 0,000000 0,000000
взяточничество 5,010635 0,019346
туристка 0,076161 0,000294
мотор 0,000000 0,000000
сми 0,000000 0,000000
акция 0,047791 0,000185
наслать 0,000000 0,000000
жизнь 0,000000 0,000000
конкурент 3,064725 0,011833
сопровождение 4,317488 0,016670
жилец 0,068993 0,000266
предречь 0,076161 0,000588
жать 0,013423 0,000052
войти 0,000000 0,000000
место 0,027029 0,000104
свет 0,054808 0,000212
регион 0,076161 0,000294
решение 1,544899 0,005965
мс 0,097980 0,000378
проходить 2,445686 0,009443
март 0,040822 0,000158
военный 0,020203 0,000078
летний 0,047791 0,000185
генпрокуратура 2,931194 0,011317
рада 0,068993 0,000266
экономика 0,000000 0,000000
политик 2,612740 0,010088
оппозиционный 5,010635 0,019346
уход 0,076161 0,000294
опечатка 0,000000 0,000000
организация 2,238047 0,008641
хороший 0,006689 0,000026
спор 0,097980 0,000378
вызвать 0,090654 0,000350
коррупция 4,317488 0,016670
отреагировать 1,966113 0,007591
обычный 0,013423 0,000052
власть 1,609438 0,006214
конфиденциальность 0,047791 0,000185
изнасиловать 0,076161 0,000294
продолжать 0,033902 0,000131
реальный 0,013423 0,000052
ссср 0,000000 0,000000
техника 0,000000 0,000000
тысяча 0,054808 0,000212
затопить 0,076161 0,000294
игра 0,000000 0,000000
обменивать 0,047791 0,000185
минь 0,000000 0,000000
расследование 2,525729 0,009752
условие 0,033902 0,000262
ваш 0,047791 0,000185
главное 0,000000 0,000000
медитация 0,076161 0,000294
правда 0,040822 0,000158
считаться 2,238047 0,008641
принять 1,678431 0,006480
видеть 0,013423 0,000052
сообщать 1,791759 0,006918
реакция 0,047791 0,000369
материал 0,000000 0,000000
наука 0,000000 0,000000
досрочный 5,010635 0,019346
выборы 2,813411 0,010863
реджеп 5,010635 0,019346
