ру 0,000000 0,000000
банк 0,068993 0,000266
лента 0,000000 0,000000
экипаж 3,218876 0,012428
новый 0,000000 0,000000
день 0,033902 0,000131
перемирие 0,076161 0,000294
спорт 0,000000 0,000000
отвести 0,076161 0,000294
добро 0,013423 0,000155
согласие 0,047791 0,000185
путешествие 0,000000 0,000000
четыре 0,040822 0,000315
рейс 3,064725 0,023666
конфликт 0,061875 0,000239
конфиденциальностиправить 0,000000 0,000000
пол 0,090654 0,000350
помощь 0,027029 0,000104
вода 0,054808 0,000212
женский 2,238047 0,025923
фото 0,061875 0,000478
политика 0,040822 0,000158
женатый 4,317488 0,016670
применение 0,000000 0,000000
оргия 3,401197 0,052528
ценность 0,000000 0,000000
известно 1,297063 0,005008
вернуться 0,006689 0,000103
мир 0,000000 0,000000
индия 0,076161 0,000294
структура 0,000000 0,000000
российский 0,033902 0,000262
обнажённый 4,317488 0,016670
обитание 0,000000 0,000000
бывший 0,000000 0,000000
время 0,693147 0,008029
майк 3,218876 0,012428
россия 0,000000 0,000000
интернет 0,000000 0,000000
маккартень 0,097980 0,000378
ооо 0,000000 0,000000
свой 0,020203 0,000078
ранее 1,003302 0,003874
проблема 0,047791 0,000185
данные 1,678431 0,006480
борнмут 5,010635 0,019346
гид 0,076161 0,000294
технологийминь 0,000000 0,000000
город 0,047791 0,000185
убедить 2,302585 0,008890
следовать 1,966113 0,007591
американский 0,054808 0,000212
галерея 0,000000 0,000000
внешность 0,097980 0,000378
сотрудник 0,068993 0,000266
находиться 1,399717 0,005404
употреблять 3,912023 0,015104
начаться 0,033902 0,000131
зеленский 0,054808 0,000423
работа 0,899761 0,010422
силовой 0,000000 0,000000
полёт 2,931194 0,011317
пляжный 0,097980 0,000378
эмоция 0,047791 0,000185
сеть 0,090654 0,000350
запретить 2,066196 0,007978
ход 1,678431 0,006480
выражать 0,047791 0,000369
читать 0,040822 0,000158
военнослужащий 0,068993 0,000266
накапливать 0,047791 0,000185
борисов 4,317488 0,016670
мария 2,525729 0,009752
оценивать 0,047791 0,000185
пожизненно 4,317488 0,016670
байконур 0,097980 0,000378
отвратительный 5,010635 0,019346
редакциярекламаконтактыпресс 0,000000 0,000000
видео 0,000000 0,000000
юар 3,912023 0,015104
депутат 0,068993 0,000266
прогресс 0,090654 0,000350
приятель 4,317488 0,016670
форма 0,061875 0,000239
нажать 0,000000 0,000000
последний 0,083382 0,000322
дом 0,061875 0,000239
всероссиямирсобытияпроисшествиямнение 3,401197 0,013132
бюст 5,010635 0,019346
культура 0,000000 0,000000
обсудить 0,415515 0,001604
архив 0,000000 0,000000
битон 5,010635 0,019346
статья 0,000000 0,000000
великобритания 2,612740 0,010088
заявить 0,061875 0,000478
сша 0,040822 0,000158
гражданский 3,064725 0,011833
бонус 0,047791 0,000369
среда 0,000000 0,000000
раскрытие 0,076161 0,000294
остаться 0,047791 0,000185
эксклюзив 0,000000 0,000000
уволить 0,076161 0,000882
скидка 0,047791 0,000185
авиация 2,612740 0,020176
пилот 2,708050 0,052279
авиакомпания 3,912023 0,030209
погружаться 0,047791 0,000185
увлекательный 0,047791 0,000185
использованияполитик 0,000000 0,000000
деактивировать 0,013423 0,000052
рекомендательный 0,000000 0,000000
переговоры 0,047791 0,000185
получать 0,033902 0,000131
год 0,521999 0,002015
хотеть 0,013423 0,000052
обратиться 0,076161 0,000294
забота 0,000000 0,000000
сбер 0,040822 0,000158
пожаловать 0,013423 0,000052
портал 3,624341 0,013994
стать 0,499776 0,001930
устроить 2,014903 0,007780
управление 2,525729 0,009752
трамп 0,054808 0,000212
работать 0,027029 0,000104
который 0,521999 0,002015
крупный 0,054808 0,000423
грузовой 3,624341 0,013994
спецпроект 0,000000 0,000000
это 0,020203 0,000156
победа 0,000000 0,000000
украинский 0,047791 0,000185
белоус 0,076161 0,000294
прибыть 0,083382 0,000322
два 0,033902 0,000262
кабина 4,317488 0,016670
новость 0,000000 0,000000
туристка 0,076161 0,000588
мотор 0,000000 0,000000
сми 0,000000 0,000000
акция 0,047791 0,000185
наслать 0,000000 0,000000
сентябрь 2,525729 0,009752
вместе 1,514128 0,005846
жизнь 0,000000 0,000000
жилец 0,068993 0,000266
предречь 0,076161 0,000588
жать 0,013423 0,000052
войти 0,000000 0,000000
место 0,027029 0,000104
свет 0,054808 0,000212
регион 0,076161 0,000294
решение 1,544899 0,005965
мс 0,097980 0,000378
измениться 2,177422 0,008407
наркотик 2,708050 0,010456
март 0,040822 0,000158
военный 0,020203 0,000078
летний 0,047791 0,000185
счесть 3,401197 0,013132
рада 0,068993 0,000266
экономика 0,000000 0,000000
уход 0,076161 0,000294
опечатка 0,000000 0,000000
хороший 0,006689 0,000026
спор 0,097980 0,000378
грудь 2,813411 0,032588
вызвать 0,090654 0,000350
употребить 3,401197 0,039396
обычный 0,013423 0,000052
конфиденциальность 0,047791 0,000185
изнасиловать 0,076161 0,000294
продолжать 0,033902 0,000131
реальный 0,013423 0,000052
ссср 0,000000 0,000000
техника 0,000000 0,000000
тысяча 0,054808 0,000212
выполнить 2,931194 0,011317
затопить 0,076161 0,000294
игра 0,000000 0,000000
обменивать 0,047791 0,000185
минь 0,000000 0,000000
условие 0,033902 0,000262
ваш 0,047791 0,000185
главное 0,000000 0,000000
кокаин 3,401197 0,039396
медитация 0,076161 0,000294
правда 0,040822 0,000158
издание 2,238047 0,008641
видеть 0,013423 0,000052
реакция 0,047791 0,000369
материал 0,000000 0,000000
наука 0,000000 0,000000
сообщить 1,297063 0,005008
источник 2,708050 0,020912
