придумать 2,525729 0,005051
ру 0,000000 0,000000
банк 0,068993 0,000138
лента 0,000000 0,000000
новый 0,000000 0,000000
день 0,033902 0,000136
поведение 2,813411 0,005627
образ 1,514128 0,003028
калин 5,010635 0,020043
найти 1,678431 0,003357
перемирие 0,076161 0,000152
сфера 2,612740 0,005225
спорт 0,000000 0,000000
санкция 2,014903 0,020149
частично 4,317488 0,008635
разработать 2,612740 0,005225
физический 2,813411 0,005627
задуматься 4,317488 0,008635
мочь 0,836248 0,003345
отвести 0,076161 0,000152
добро 0,013423 0,000081
согласие 0,047791 0,000096
жечь 5,010635 0,010021
путешествие 0,000000 0,000000
четыре 0,040822 0,000082
сказать 1,919593 0,003839
противоречить 5,010635 0,020043
снятие 5,010635 0,010021
колесо 4,317488 0,008635
анисеева 4,317488 0,008635
полный 1,875141 0,007501
конфликт 0,061875 0,000124
конфиденциальностиправить 0,000000 0,000000
помощь 0,027029 0,000108
пол 0,090654 0,000181
глава 1,321756 0,005287
вода 0,054808 0,000110
поправка 4,317488 0,008635
фото 0,061875 0,000495
политика 0,040822 0,000408
применение 0,000000 0,000000
иностранный 1,919593 0,007678
давление 2,302585 0,004605
дать 1,272966 0,002546
призвать 1,791759 0,003584
вставить 5,010635 0,010021
грубый 3,912023 0,007824
смочь 1,399717 0,002799
игнорирование 5,010635 0,020043
выступление 2,708050 0,005416
важно 2,302585 0,004605
отдел 0,579818 0,001160
тратить 3,912023 0,015648
ценность 0,000000 0,000000
мир 0,000000 0,000000
вернуться 0,006689 0,000040
извинить 3,912023 0,015648
впервые 1,919593 0,003839
запад 1,919593 0,015357
индия 0,076161 0,000152
структура 0,000000 0,000000
ляжка 5,010635 0,010021
российский 0,033902 0,000407
обитание 0,000000 0,000000
давно 2,445686 0,004891
просто 1,678431 0,003357
бывший 0,000000 0,000000
время 0,693147 0,001386
россия 0,000000 0,000000
интернет 0,000000 0,000000
денежный 3,401197 0,006802
маккартень 0,097980 0,000196
ооо 0,000000 0,000000
отменить 2,525729 0,005051
свой 0,020203 0,000121
главный 1,272966 0,002546
проблема 0,047791 0,000191
режим 1,966113 0,003932
иной 2,708050 0,005416
январь 1,514128 0,003028
также 0,762140 0,003049
гид 0,076161 0,000152
технологийминь 0,000000 0,000000
украина 0,805943 0,001612
город 0,047791 0,000096
обсуждать 2,177422 0,004355
понравиться 3,064725 0,006129
следовать 1,966113 0,003932
рестрикция 3,912023 0,015648
американский 0,054808 0,000110
напомнить 2,445686 0,004891
актив 3,064725 0,006129
палка 3,912023 0,007824
галерея 0,000000 0,000000
кристина 3,064725 0,012259
внешность 0,097980 0,000196
предприниматель 2,931194 0,005862
особенность 2,813411 0,005627
сотрудник 0,068993 0,000138
правовой 5,010635 0,020043
начаться 0,033902 0,000068
другой 1,059392 0,004238
зеленский 0,054808 0,000219
зарубежный 2,371578 0,009486
требовать 2,813411 0,005627
силовой 0,000000 0,000000
давать 1,875141 0,003750
пляжный 0,097980 0,000196
эмоция 0,047791 0,000096
ослабить 3,064725 0,006129
сеть 0,090654 0,000181
чёрный 1,919593 0,003839
порядок 2,066196 0,004132
выражать 0,047791 0,000191
читать 0,040822 0,000082
сей 2,177422 0,004355
военнослужащий 0,068993 0,000138
знать 1,576648 0,006307
насчёт 4,317488 0,008635
накапливать 0,047791 0,000096
надеяться 2,931194 0,005862
оценивать 0,047791 0,000096
постепенно 3,624341 0,007249
покончить 4,317488 0,008635
байконур 0,097980 0,000196
цитата 4,317488 0,008635
редакциярекламаконтактыпресс 0,000000 0,000000
видео 0,000000 0,000000
выразить 3,624341 0,007249
путинпрезидент 3,912023 0,007824
депутат 0,068993 0,000138
прогресс 0,090654 0,000181
антироссийский 2,813411 0,005627
часть 1,484275 0,002969
война 1,455287 0,002911
оказать 3,624341 0,007249
свобода 2,931194 0,011725
форма 0,061875 0,000124
нажать 0,000000 0,000000
оперативный 2,014903 0,004030
дом 0,061875 0,000248
последний 0,083382 0,000334
едва 2,177422 0,013065
торговля 3,624341 0,014497
нерыночный 5,010635 0,010021
вэник 5,010635 0,010021
культура 0,000000 0,000000
некоторый 1,576648 0,006307
сюжетсанкция 4,317488 0,008635
обсудить 0,415515 0,000831
архив 0,000000 0,000000
рассчитывать 3,624341 0,007249
накопление 4,317488 0,008635
статья 0,000000 0,000000
советский 1,752539 0,003505
заявить 0,061875 0,000248
сша 0,040822 0,000082
лидер 1,347074 0,002694
метод 3,064725 0,006129
съезд 3,624341 0,007249
всеполитикаобществопроисшествияконфликтыпреступность 2,014903 0,004030
суметь 3,912023 0,007824
отношение 1,226446 0,002453
пошутить 2,931194 0,005862
бонус 0,047791 0,000191
среда 0,000000 0,000000
раскрытие 0,076161 0,000152
говорить 1,160488 0,009284
бюро 5,010635 0,010021
делать 1,752539 0,003505
редактор 0,556288 0,001113
подобный 2,120264 0,004241
платёж 3,912023 0,007824
остаться 0,047791 0,000096
западный 2,014903 0,020149
прежний 2,371578 0,004743
эксклюзив 0,000000 0,000000
уволить 0,076161 0,000152
направить 2,612740 0,005225
скидка 0,047791 0,000096
москва 1,021651 0,004087
тема 1,297063 0,002594
становиться 2,525729 0,005051
погружаться 0,047791 0,000096
увлекательный 0,047791 0,000096
различный 2,525729 0,005051
использованияполитик 0,000000 0,000000
риа 1,272966 0,007638
деньга 1,875141 0,011251
заметить 2,120264 0,008481
лицо 1,966113 0,003932
деактивировать 0,013423 0,000027
точный 2,813411 0,005627
рекомендательный 0,000000 0,000000
белый 1,609438 0,003219
возвращение 2,014903 0,004030
переговоры 0,047791 0,000096
актуальный 3,401197 0,006802
получать 0,033902 0,000068
год 0,521999 0,002088
пакет 3,401197 0,006802
хотеть 0,013423 0,000027
обратиться 0,076161 0,000152
забота 0,000000 0,000000
реальность 3,912023 0,007824
сбер 0,040822 0,000082
угроза 2,302585 0,004605
пожаловать 0,013423 0,000027
счёт 2,708050 0,005416
стать 0,499776 0,001000
трамп 0,054808 0,000219
работать 0,027029 0,000054
рсппа 3,624341 0,014497
постоянный 2,371578 0,004743
наталья 3,218876 0,006438
штамповать 5,010635 0,010021
крупный 0,054808 0,000219
например 1,791759 0,003584
блин 3,218876 0,012876
спецпроект 0,000000 0,000000
это 0,020203 0,000040
победа 0,000000 0,000000
украинский 0,047791 0,000096
слово 0,820981 0,003284
белоус 0,076161 0,000152
прибыть 0,083382 0,000167
два 0,033902 0,000136
политический 3,401197 0,006802
страна 0,747955 0,007480
президент 0,851752 0,006814
новость 0,000000 0,000000
вашингтон 2,066196 0,004132
туристка 0,076161 0,000152
мотор 0,000000 0,000000
вряд 2,612740 0,005225
случай 1,484275 0,005937
сми 0,000000 0,000000
сделка 2,813411 0,005627
акция 0,047791 0,000096
создать 2,120264 0,004241
наслать 0,000000 0,000000
такой 1,003302 0,006020
михаил 2,445686 0,004891
заморозок 5,010635 0,010021
жизнь 0,000000 0,000000
жилец 0,068993 0,000138
союз 1,966113 0,003932
бизнесмен 4,317488 0,008635
предречь 0,076161 0,000305
жать 0,013423 0,000027
метцель 5,010635 0,010021
войти 0,000000 0,000000
герой 2,014903 0,004030
кормилицын 3,401197 0,013605
место 0,027029 0,000054
свет 0,054808 0,000110
государство 1,919593 0,011518
регион 0,076161 0,000152
непонимание 4,317488 0,008635
мс 0,097980 0,000196
поручить 2,931194 0,005862
март 0,040822 0,000245
военный 0,020203 0,000040
санкционный 3,624341 0,014497
выругаться 3,912023 0,023472
летний 0,047791 0,000096
фонд 3,064725 0,006129
рада 0,068993 0,000138
экономика 0,000000 0,000000
политик 2,612740 0,020902
нецивилизованный 5,010635 0,010021
уход 0,076161 0,000152
опечатка 0,000000 0,000000
уверенность 2,813411 0,005627
гражданин 3,401197 0,006802
хороший 0,006689 0,000027
спор 0,097980 0,000196
высказать 3,912023 0,007824
заключить 2,177422 0,004355
добавить 1,966113 0,007864
прокомментировать 2,525729 0,005051
красный 2,120264 0,008481
вызвать 0,090654 0,000181
обычный 0,013423 0,000027
упразднение 5,010635 0,010021
конфиденциальность 0,047791 0,000096
количество 1,576648 0,003153
промышленник 3,624341 0,007249
путин 0,967584 0,019352
владимир 1,160488 0,004642
держава 3,912023 0,015648
механизм 2,371578 0,004743
изнасиловать 0,076161 0,000152
продолжать 0,033902 0,000136
первый 0,883501 0,001767
список 2,371578 0,004743
реальный 0,013423 0,000027
ссср 0,000000 0,000000
техника 0,000000 0,000000
озвучить 3,064725 0,006129
тысяча 0,054808 0,000110
норма 3,064725 0,030647
поделиться 2,708050 0,005416
джексон 5,010635 0,010021
целесообразно 4,317488 0,008635
подчеркнуть 2,066196 0,004132
вопрос 1,021651 0,004087
придерживаться 3,624341 0,007249
затопить 0,076161 0,000152
игра 0,000000 0,000000
компания 1,714798 0,010289
ослабление 3,912023 0,007824
обменивать 0,047791 0,000096
минь 0,000000 0,000000
вычеркнуть 5,010635 0,010021
условие 0,033902 0,000136
против 1,791759 0,017918
ваш 0,047791 0,000096
главное 0,000000 0,000000
мнение 1,643339 0,006573
отвечать 2,302585 0,004605
встреча 1,832581 0,003665
фильм 2,238047 0,004476
медитация 0,076161 0,000152
правда 0,040822 0,000082
думать 1,791759 0,003584
информация 1,514128 0,003028
кто 2,066196 0,004132
считаться 2,238047 0,004476
событие 1,919593 0,003839
накопить 3,624341 0,014497
ввести 2,120264 0,012722
видеть 0,013423 0,000027
реакция 0,047791 0,000191
способ 1,919593 0,003839
материал 0,000000 0,000000
наука 0,000000 0,000000
забывать 3,912023 0,007824
