ру 0,000000 0,000000
банк 0,068993 0,000256
лента 0,000000 0,000000
новый 0,000000 0,000000
день 0,033902 0,000126
вести 2,014903 0,007463
перемирие 0,076161 0,000282
происходить 1,752539 0,006491
спорт 0,000000 0,000000
санкция 2,014903 0,007463
отвести 0,076161 0,000282
добро 0,013423 0,000149
согласие 0,047791 0,000177
путешествие 0,000000 0,000000
четыре 0,040822 0,000151
ближний 2,813411 0,010420
конфликт 0,061875 0,000229
конфиденциальностиправить 0,000000 0,000000
пол 0,090654 0,000336
помощь 0,027029 0,000100
глава 1,321756 0,004895
отметить 1,399717 0,005184
вода 0,054808 0,000203
фото 0,061875 0,000458
политика 0,040822 0,000302
разговор 1,160488 0,012894
применение 0,000000 0,000000
отдел 0,579818 0,002147
ценность 0,000000 0,000000
мир 0,000000 0,000000
вернуться 0,006689 0,000025
индия 0,076161 0,000282
структура 0,000000 0,000000
российский 0,033902 0,000251
проводить 2,708050 0,020060
обитание 0,000000 0,000000
бывший 0,000000 0,000000
экономический 2,525729 0,009355
россия 0,000000 0,000000
интернет 0,000000 0,000000
маккартень 0,097980 0,000363
ооо 0,000000 0,000000
свой 0,020203 0,000150
ранее 1,003302 0,003716
проблема 0,047791 0,000354
гид 0,076161 0,000282
технологийминь 0,000000 0,000000
украина 0,805943 0,005970
город 0,047791 0,000177
обсуждать 2,177422 0,008065
телефонный 1,643339 0,018259
американский 0,054808 0,000609
галерея 0,000000 0,000000
прекращение 1,714798 0,006351
внешность 0,097980 0,000363
представитель 1,678431 0,006216
сотрудник 0,068993 0,000256
находиться 1,399717 0,005184
начаться 0,033902 0,000377
зеленский 0,054808 0,001421
силовой 0,000000 0,000000
окончательный 3,912023 0,014489
пляжный 0,097980 0,000363
эмоция 0,047791 0,000177
ослабить 3,064725 0,011351
сеть 0,090654 0,000336
скавино 5,010635 0,018558
однако 1,249435 0,004628
пока 1,678431 0,006216
выражать 0,047791 0,000354
читать 0,040822 0,000151
военнослужащий 0,068993 0,000256
накапливать 0,047791 0,000177
дональд 1,544899 0,011444
оценивать 0,047791 0,000177
байконур 0,097980 0,000363
редакциярекламаконтактыпресс 0,000000 0,000000
уиткофф 3,064725 0,011351
видео 0,000000 0,000000
дэн 4,317488 0,015991
депутат 0,068993 0,000256
прогресс 0,090654 0,000336
антироссийский 2,813411 0,010420
форма 0,061875 0,000229
нажать 0,000000 0,000000
дом 0,061875 0,000917
последний 0,083382 0,000309
культура 0,000000 0,000000
обсудить 0,415515 0,001539
архив 0,000000 0,000000
коллега 1,791759 0,013272
статья 0,000000 0,000000
заявить 0,061875 0,000458
сша 0,040822 0,000454
лидер 1,347074 0,004989
аппарат 3,401197 0,012597
всеполитикаобществопроисшествияконфликтыпреступность 2,014903 0,007463
ограничение 2,813411 0,010420
бонус 0,047791 0,000354
среда 0,000000 0,000000
раскрытие 0,076161 0,000282
редактор 0,556288 0,002060
остаться 0,047791 0,000177
эксклюзив 0,000000 0,000000
уволить 0,076161 0,000282
скидка 0,047791 0,000177
погружаться 0,047791 0,000177
спецпосланник 2,931194 0,010856
стив 3,064725 0,011351
увлекательный 0,047791 0,000177
использованияполитик 0,000000 0,000000
деактивировать 0,013423 0,000050
договорённость 2,302585 0,008528
рекомендательный 0,000000 0,000000
белый 1,609438 0,017883
заместитель 3,064725 0,011351
переговоры 0,047791 0,000531
актуальный 3,401197 0,012597
получать 0,033902 0,000126
максим 2,813411 0,010420
хотеть 0,013423 0,000050
обратиться 0,076161 0,000282
забота 0,000000 0,000000
сбер 0,040822 0,000151
пожаловать 0,013423 0,000050
стать 0,499776 0,001851
трамп 0,054808 0,001421
работать 0,027029 0,000100
крупный 0,054808 0,000406
агентство 2,302585 0,008528
огонь 1,609438 0,005961
спецпроект 0,000000 0,000000
это 0,020203 0,000075
победа 0,000000 0,000000
украинский 0,047791 0,000354
белоус 0,076161 0,000282
прибыть 0,083382 0,000309
два 0,033902 0,000251
президент 0,851752 0,012619
новость 0,000000 0,000000
туристка 0,076161 0,000282
мотор 0,000000 0,000000
сми 0,000000 0,000000
акция 0,047791 0,000177
наслать 0,000000 0,000000
жизнь 0,000000 0,000000
жилец 0,068993 0,000256
предречь 0,076161 0,000564
жать 0,013423 0,000050
войти 0,000000 0,000000
место 0,027029 0,000100
свет 0,054808 0,000203
регион 0,076161 0,000282
мс 0,097980 0,000363
март 0,040822 0,000151
военный 0,020203 0,000075
летний 0,047791 0,000177
рада 0,068993 0,000256
экономика 0,000000 0,000000
восток 2,177422 0,008065
уход 0,076161 0,000282
опечатка 0,000000 0,000000
хороший 0,006689 0,000025
спор 0,097980 0,000363
поздний 1,832581 0,006787
вызвать 0,090654 0,000336
обычный 0,013423 0,000050
конфиденциальность 0,047791 0,000177
овальный 5,010635 0,018558
владимир 1,160488 0,012894
путин 0,967584 0,003584
изнасиловать 0,076161 0,000282
продолжать 0,033902 0,000126
реальный 0,013423 0,000050
ссср 0,000000 0,000000
техника 0,000000 0,000000
кабинет 3,624341 0,013423
тысяча 0,054808 0,000203
подчеркнуть 2,066196 0,007653
вопрос 1,021651 0,003784
затопить 0,076161 0,000282
игра 0,000000 0,000000
обменивать 0,047791 0,000177
минь 0,000000 0,000000
условие 0,033902 0,000251
ваш 0,047791 0,000177
главное 0,000000 0,000000
медитация 0,076161 0,000282
правда 0,040822 0,000151
передавать 2,525729 0,009355
достижение 2,302585 0,008528
видеть 0,013423 0,000050
габриелять 3,624341 0,013423
реакция 0,047791 0,000354
материал 0,000000 0,000000
наука 0,000000 0,000000
сообщить 1,297063 0,004804
