долгий 2,371578 0,002164
ру 0,000000 0,000000
банк 0,068993 0,000126
велосипед 3,912023 0,003569
загадочный 2,931194 0,010698
новый 0,000000 0,000000
муся 4,317488 0,003939
день 0,033902 0,000093
хватать 2,931194 0,002674
найти 1,678431 0,009188
перемирие 0,076161 0,000069
удаваться 2,931194 0,002674
вынести 3,218876 0,002937
лишиться 2,445686 0,002231
бабушка 3,218876 0,005874
пена 5,010635 0,004572
поразить 3,912023 0,007139
местный 2,066196 0,001885
отвести 0,076161 0,000069
добро 0,013423 0,000061
согласие 0,047791 0,000044
путешествие 0,000000 0,000000
колокольный 5,010635 0,004572
нострый 2,931194 0,002674
живот 3,624341 0,003307
предел 3,401197 0,006207
открытый 2,371578 0,002164
стирать 5,010635 0,004572
покойница 5,010635 0,004572
конфликт 0,061875 0,000056
килограмм 3,401197 0,003103
пол 0,090654 0,000083
помощь 0,027029 0,000025
стример 4,317488 0,003939
исполнение 3,912023 0,003569
обжечь 5,010635 0,004572
студентка 4,317488 0,003939
поразительный 5,010635 0,004572
жертва 2,371578 0,002164
человек 0,762140 0,002782
вода 0,054808 0,000050
дубай 4,317488 0,003939
иисус 5,010635 0,004572
сладкий 3,912023 0,003569
отказаться 1,832581 0,003344
фото 0,061875 0,000056
полгода 2,525729 0,002304
политика 0,040822 0,000037
живой 2,525729 0,002304
волосатый 4,317488 0,003939
внезапно 3,624341 0,003307
ловушка 3,218876 0,002937
суд 1,832581 0,001672
нога 2,302585 0,002101
миллиардер 3,218876 0,002937
лекарство 2,931194 0,002674
виновник 4,317488 0,003939
китай 2,612740 0,002384
знакомый 2,612740 0,002384
дворец 3,912023 0,007139
родина 2,813411 0,002567
земля 1,919593 0,003503
суп 2,708050 0,002471
владелец 3,064725 0,002796
жутко 5,010635 0,004572
гениталии 4,317488 0,003939
взорвать 3,064725 0,002796
сила 1,321756 0,001206
мир 0,000000 0,000000
мальчик 3,912023 0,010708
поневоле 4,317488 0,003939
индия 0,076161 0,000069
кефирный 5,010635 0,004572
структура 0,000000 0,000000
русский 1,919593 0,014012
манить 4,317488 0,003939
дело 1,249435 0,001140
рыболов 5,010635 0,004572
сперма 4,317488 0,003939
скот 2,931194 0,002674
клинический 5,010635 0,004572
аллигатор 5,010635 0,004572
бывший 0,000000 0,000000
тюрьма 3,064725 0,005593
разоблачение 5,010635 0,004572
время 0,693147 0,000632
называть 1,791759 0,001635
кража 3,912023 0,010708
отсудить 5,010635 0,004572
поверить 3,624341 0,003307
сицилия 3,401197 0,003103
маккартень 0,097980 0,000089
ооо 0,000000 0,000000
бутылка 3,624341 0,003307
миллионерша 5,010635 0,004572
сознание 3,218876 0,002937
вдох 4,317488 0,003939
найтись 3,401197 0,006207
готовить 2,445686 0,002231
ситуация 1,484275 0,001354
проблема 0,047791 0,000087
отрезать 3,064725 0,002796
технологийминь 0,000000 0,000000
город 0,047791 0,000087
ванна 5,010635 0,004572
фотография 3,218876 0,002937
проплыть 5,010635 0,004572
прождать 5,010635 0,004572
час 1,455287 0,001328
отпраздновать 3,912023 0,003569
восемь 3,064725 0,002796
отец 1,919593 0,005254
написать 1,966113 0,001794
галерея 0,000000 0,000000
внешность 0,097980 0,000179
россиянин 1,321756 0,002412
северный 2,371578 0,002164
отбиться 3,912023 0,003569
начаться 0,033902 0,000031
родить 3,912023 0,003569
начать 1,139434 0,002079
силовой 0,000000 0,000000
показать 1,484275 0,001354
заняться 2,813411 0,002567
пляжный 0,097980 0,000089
рисковать 2,813411 0,002567
возлюбить 4,317488 0,003939
редкий 2,371578 0,002164
скрываться 2,525729 0,002304
приговор 3,401197 0,006207
массировать 2,931194 0,002674
истинный 3,624341 0,003307
нерождённый 5,010635 0,004572
подмосковье 2,813411 0,002567
подруга 2,708050 0,002471
парковка 4,317488 0,003939
выражать 0,047791 0,000087
кинолог 5,010635 0,004572
девочка 2,708050 0,004942
читать 0,040822 0,000037
описать 3,401197 0,003103
столетний 5,010635 0,004572
авантюрист 5,010635 0,004572
смертный 4,317488 0,007879
сколько 2,525729 0,002304
пробраться 5,010635 0,004572
корея 3,912023 0,003569
ядовитый 3,912023 0,003569
падение 3,064725 0,002796
хищник 2,931194 0,002674
секта 5,010635 0,004572
посоветовать 2,612740 0,002384
городской 3,401197 0,003103
оценивать 0,047791 0,000044
сэндвич 5,010635 0,004572
байконур 0,097980 0,000089
треугольный 5,010635 0,004572
один 0,836248 0,001526
признавать 2,708050 0,002471
пережить 2,302585 0,004202
редакциярекламаконтактыпресс 0,000000 0,000000
капот 5,010635 0,004572
родный 2,931194 0,002674
донор 5,010635 0,004572
видео 0,000000 0,000000
сексолог 5,010635 0,004572
решётка 3,401197 0,006207
футболист 2,931194 0,002674
арестовать 2,931194 0,005349
шлем 5,010635 0,004572
громкий 2,708050 0,002471
выясниться 2,371578 0,002164
тигр 4,317488 0,007879
увлечься 5,010635 0,004572
приятель 4,317488 0,003939
сжаться 5,010635 0,004572
коза 2,931194 0,002674
россиянка 1,875141 0,005133
последний 0,083382 0,000304
немец 3,401197 0,006207
минута 2,177422 0,001987
активность 3,401197 0,003103
момент 1,399717 0,001277
архив 0,000000 0,000000
особняк 5,010635 0,004572
подросток 3,218876 0,002937
неразлучный 3,064725 0,002796
любимый 2,371578 0,002164
укус 4,317488 0,003939
салат 5,010635 0,009143
заявить 0,061875 0,000056
сша 0,040822 0,000186
клад 4,317488 0,003939
букингемский 5,010635 0,004572
потерять 2,238047 0,006126
южный 3,218876 0,002937
заменить 2,931194 0,002674
бонус 0,047791 0,000087
украсть 2,813411 0,007701
среда 0,000000 0,000000
раскрытие 0,076161 0,000069
остаться 0,047791 0,000087
уйти 2,014903 0,001838
прежний 2,371578 0,002164
деформироваться 5,010635 0,004572
девушка 2,238047 0,006126
идентифицировать 4,317488 0,003939
эксклюзив 0,000000 0,000000
уволить 0,076161 0,000069
король 3,624341 0,006614
лосиха 5,010635 0,004572
скидка 0,047791 0,000044
москва 1,021651 0,000932
секрет 2,302585 0,010504
ошибочный 5,010635 0,004572
приём 2,445686 0,002231
карла 5,010635 0,004572
крыса 4,317488 0,003939
вырезать 4,317488 0,003939
подорваться 3,064725 0,002796
погружаться 0,047791 0,000044
смерть 1,919593 0,001751
работница 4,317488 0,003939
деньга 1,875141 0,001711
лицо 1,966113 0,001794
новичок 3,624341 0,003307
удивить 3,064725 0,005593
опасность 2,371578 0,002164
богач 4,317488 0,003939
танец 3,064725 0,002796
документ 2,708050 0,007413
получать 0,033902 0,000031
исповедь 2,931194 0,002674
хотеть 0,013423 0,000024
колодец 5,010635 0,004572
дыра 4,317488 0,003939
потратить 3,401197 0,003103
сын 2,120264 0,001935
золото 3,624341 0,003307
стать 0,499776 0,002736
работать 0,027029 0,000099
обрыв 4,317488 0,003939
крымский 2,813411 0,002567
воссоединиться 5,010635 0,004572
смертельно 5,010635 0,004572
совместный 3,401197 0,003103
пожар 3,624341 0,006614
картина 3,064725 0,002796
вызывать 2,708050 0,002471
провести 1,514128 0,002763
видение 5,010635 0,004572
спецпроект 0,000000 0,000000
это 0,020203 0,000111
легендарный 2,066196 0,005656
украинский 0,047791 0,000044
плот 5,010635 0,004572
два 0,033902 0,000124
педофилия 5,010635 0,004572
обнародование 5,010635 0,004572
египет 3,401197 0,003103
новость 0,000000 0,000000
туристка 0,076161 0,000069
мотор 0,000000 0,000000
парикмахерша 5,010635 0,004572
начинаться 2,931194 0,002674
кот 3,912023 0,003569
наслать 0,000000 0,000000
остановка 2,525729 0,002304
поработать 3,912023 0,003569
свалка 5,010635 0,004572
цикл 2,708050 0,004942
убить 2,612740 0,002384
жизнь 0,000000 0,000000
брат 2,525729 0,002304
уничтожить 2,120264 0,001935
выгнать 5,010635 0,004572
жать 0,013423 0,000012
войти 0,000000 0,000000
ночью 3,218876 0,002937
брак 3,624341 0,003307
трое 2,931194 0,005349
любовь 2,371578 0,002164
мститель 5,010635 0,004572
стриптизер 2,931194 0,002674
остров 3,064725 0,005593
считать 1,373049 0,001253
уход 0,076161 0,000069
почему 0,899761 0,004105
рубль 1,514128 0,005526
хороший 0,006689 0,000018
муж 2,612740 0,004768
гарри 3,912023 0,014277
спор 0,097980 0,000089
музей 3,064725 0,002796
тайный 3,624341 0,003307
красный 2,120264 0,001935
совершать 2,931194 0,002674
разыскивать 4,317488 0,003939
змея 4,317488 0,003939
обычный 0,013423 0,000012
сома 5,010635 0,004572
власть 1,609438 0,001468
грядущий 3,401197 0,003103
навсегда 4,317488 0,003939
конфиденциальность 0,047791 0,000044
гейтс 5,010635 0,004572
секретарша 5,010635 0,004572
соль 3,401197 0,003103
назад 1,678431 0,003063
поймать 3,401197 0,003103
изнасиловать 0,076161 0,000069
болезнь 2,931194 0,002674
продолжать 0,033902 0,000031
зритель 2,931194 0,002674
царский 3,624341 0,003307
пенис 5,010635 0,013715
отдохнуть 3,401197 0,003103
ссср 0,000000 0,000000
техника 0,000000 0,000000
обрести 3,624341 0,003307
пять 1,484275 0,001354
след 3,401197 0,003103
захватить 2,931194 0,005349
ошибка 2,525729 0,002304
февраль 1,160488 0,007412
зло 5,010635 0,009143
никто 2,014903 0,001838
игра 0,000000 0,000000
размер 2,525729 0,004609
минь 0,000000 0,000000
традиция 3,218876 0,002937
ваш 0,047791 0,000044
общество 2,177422 0,003973
имя 1,875141 0,001711
расправиться 2,931194 0,002674
главное 0,000000 0,000000
исчезать 3,064725 0,002796
преступник 3,218876 0,002937
медитация 0,076161 0,000069
срок 1,966113 0,001794
кто 2,066196 0,001885
сетевой 4,317488 0,003939
массово 2,371578 0,002164
раскрыть 1,643339 0,007497
откровенно 3,624341 0,003307
отшельник 5,010635 0,004572
реакция 0,047791 0,000087
неделя 1,919593 0,001751
самый 0,883501 0,002418
мина 2,708050 0,002471
дожить 3,912023 0,003569
материал 0,000000 0,000000
погубить 5,010635 0,004572
физкультура 3,912023 0,003569
игуана 5,010635 0,004572
океан 3,064725 0,005593
лента 0,000000 0,000000
экстравагантный 3,912023 0,003569
ожить 5,010635 0,004572
гнездо 4,317488 0,003939
охота 3,912023 0,003569
загробный 5,010635 0,004572
угон 2,931194 0,002674
рассекретить 5,010635 0,004572
спорт 0,000000 0,000000
твой 3,218876 0,002937
сад 3,912023 0,003569
аристократка 5,010635 0,004572
пятиметровый 4,317488 0,003939
близнец 5,010635 0,004572
месяц 1,714798 0,004694
заболеть 3,912023 0,003569
церковь 4,317488 0,003939
сам 1,226446 0,002238
шоу 2,813411 0,002567
борьба 2,014903 0,003677
посмеяться 3,401197 0,003103
четыре 0,040822 0,000074
звон 4,317488 0,003939
переехать 3,624341 0,006614
сердце 2,813411 0,002567
виски 4,317488 0,003939
признанный 3,912023 0,003569
конфиденциальностиправить 0,000000 0,000000
продать 3,064725 0,008389
людоед 5,010635 0,004572
подкатывать 5,010635 0,004572
кремация 5,010635 0,004572
пожарный 3,912023 0,003569
кошка 3,912023 0,007139
известный 1,714798 0,001565
применение 0,000000 0,000000
умерший 3,912023 0,003569
билл 5,010635 0,004572
сходство 4,317488 0,003939
немецкий 3,064725 0,002796
век 1,919593 0,003503
смочь 1,399717 0,001277
третий 2,120264 0,001935
зарплата 2,708050 0,002471
женщина 1,484275 0,014897
уметь 3,064725 0,002796
пожить 5,010635 0,009143
признать 1,484275 0,004063
ценность 0,000000 0,000000
известно 1,297063 0,003550
чужой 4,317488 0,003939
вернуться 0,006689 0,000012
впервые 1,919593 0,001751
развод 5,010635 0,013715
смертельный 3,912023 0,007139
российский 0,033902 0,000093
испания 3,912023 0,003569
обитание 0,000000 0,000000
кипр 5,010635 0,004572
пациент 3,401197 0,003103
спасатель 3,624341 0,003307
отложить 5,010635 0,004572
жилой 3,401197 0,003103
уехать 2,813411 0,002567
чувствовать 2,445686 0,002231
узнать 2,014903 0,007354
россия 0,000000 0,000000
интернет 0,000000 0,000000
спустя 1,832581 0,005016
младенец 5,010635 0,004572
спать 3,401197 0,003103
горячий 4,317488 0,003939
девственность 5,010635 0,004572
сестра 3,624341 0,009921
порно 3,218876 0,002937
свой 0,020203 0,000055
койот 5,010635 0,004572
вытащить 3,912023 0,003569
популярный 1,791759 0,001635
убийца 3,912023 0,007139
ласточкин 4,317488 0,003939
январь 1,514128 0,011052
платить 2,813411 0,002567
назвать 1,021651 0,000932
гид 0,076161 0,000069
пара 2,813411 0,005134
облысение 4,317488 0,003939
изгнание 5,010635 0,004572
унитаз 4,317488 0,003939
американский 0,054808 0,000050
связать 2,066196 0,001885
утратить 3,064725 0,002796
похудение 3,401197 0,003103
кофейня 4,317488 0,003939
особенность 2,813411 0,005134
сотрудник 0,068993 0,000063
сеул 5,010635 0,004572
зеленский 0,054808 0,000100
рыба 2,931194 0,002674
работа 0,899761 0,000821
популярность 2,813411 0,002567
знаменитый 2,525729 0,006913
пёс 5,010635 0,004572
эмоция 0,047791 0,000044
сеть 0,090654 0,000083
пожилой 3,624341 0,003307
собственный 2,525729 0,002304
насильник 5,010635 0,009143
мегана 5,010635 0,013715
полвека 2,931194 0,002674
военнослужащий 0,068993 0,000063
накапливать 0,047791 0,000044
династия 3,624341 0,003307
учёный 2,525729 0,002304
окружающий 3,624341 0,003307
вид 1,514128 0,001382
ребёнок 1,919593 0,007006
плейбой 5,010635 0,004572
рожа 5,010635 0,004572
орудовать 5,010635 0,004572
попасть 1,678431 0,003063
патовый 3,064725 0,002796
километр 3,064725 0,002796
ярко 3,624341 0,003307
снять 2,177422 0,001987
похитить 3,064725 0,002796
растерзать 4,317488 0,007879
таинственный 4,317488 0,003939
зуб 2,525729 0,004609
депутат 0,068993 0,000063
вселюдизвериедапроисшествияперсонысчастливчикианомалия 2,813411 0,002567
прогресс 0,090654 0,000083
выгрузить 5,010635 0,004572
форма 0,061875 0,000056
маска 3,218876 0,005874
оборотень 5,010635 0,004572
нажать 0,000000 0,000000
дом 0,061875 0,000169
культура 0,000000 0,000000
пропасть 1,966113 0,001794
спрятаться 5,010635 0,004572
монстр 4,317488 0,003939
съёмка 3,624341 0,003307
дверь 2,612740 0,002384
аферист 2,931194 0,002674
виновный 3,912023 0,003569
статья 0,000000 0,000000
босс 2,525729 0,002304
хозяин 3,912023 0,003569
великобритания 2,612740 0,002384
музыкант 3,624341 0,003307
окружение 2,525729 0,002304
укусить 4,317488 0,003939
трёхлетний 5,010635 0,004572
захотеть 2,708050 0,002471
утащить 5,010635 0,004572
отношение 1,226446 0,002238
странный 3,064725 0,002796
инъекция 5,010635 0,004572
илона 3,218876 0,005874
бездомный 4,317488 0,007879
прощаться 3,064725 0,002796
комплимент 2,931194 0,002674
морг 3,912023 0,007139
кататься 3,912023 0,003569
море 2,612740 0,002384
граница 2,014903 0,003677
пасти 4,317488 0,003939
прабабушка 5,010635 0,004572
внутри 2,445686 0,002231
школьник 3,912023 0,003569
получить 1,059392 0,000967
стих 5,010635 0,004572
черчилль 5,010635 0,004572
подозревать 2,445686 0,002231
художница 5,010635 0,004572
шестеро 5,010635 0,004572
доллар 2,708050 0,002471
зоопарк 2,931194 0,002674
зимовка 4,317488 0,003939
оказаться 1,249435 0,001140
вдали 4,317488 0,003939
завести 4,317488 0,003939
дождаться 5,010635 0,004572
мерзкий 5,010635 0,004572
сделать 1,321756 0,003618
увлекательный 0,047791 0,000044
квартира 2,371578 0,002164
использованияполитик 0,000000 0,000000
съесть 2,525729 0,006913
заметить 2,120264 0,001935
фермер 3,912023 0,003569
деактивировать 0,013423 0,000012
предупредить 2,302585 0,004202
зелёный 3,218876 0,002937
гробница 3,401197 0,003103
рекомендательный 0,000000 0,000000
алкоголь 2,612740 0,002384
юноша 3,912023 0,003569
переговоры 0,047791 0,000044
медбрат 5,010635 0,004572
год 0,521999 0,006192
неформал 5,010635 0,004572
обратиться 0,076161 0,000069
спасти 2,371578 0,004328
собака 3,624341 0,003307
кухня 3,912023 0,003569
забота 0,000000 0,000000
сбер 0,040822 0,000037
пожаловать 0,013423 0,000012
потеря 2,014903 0,001838
выживание 4,317488 0,003939
трамп 0,054808 0,000050
выжить 2,813411 0,002567
решить 1,791759 0,001635
человеческий 3,401197 0,003103
который 0,521999 0,000476
крупный 0,054808 0,000100
присоединить 3,912023 0,003569
крокодил 5,010635 0,013715
задержать 1,875141 0,001711
серебро 5,010635 0,004572
синдром 3,624341 0,003307
тайно 4,317488 0,003939
победа 0,000000 0,000000
пляж 3,912023 0,010708
привести 1,427116 0,001302
белоус 0,076161 0,000069
учиться 2,708050 0,002471
прибыть 0,083382 0,000076
вор 3,624341 0,003307
рассказать 0,985284 0,002697
жена 2,238047 0,006126
страна 0,747955 0,000682
тайна 3,064725 0,002796
сми 0,000000 0,000000
сразу 2,066196 0,001885
акция 0,047791 0,000044
лёд 3,912023 0,003569
оттуда 3,401197 0,003103
эрекция 2,931194 0,002674
авоса 5,010635 0,009143
священник 5,010635 0,009143
клиентка 3,912023 0,003569
незнакомый 5,010635 0,004572
жить 1,643339 0,002999
палец 4,317488 0,003939
рассказывать 2,302585 0,004202
спасение 2,177422 0,001987
туфелька 4,317488 0,003939
жилец 0,068993 0,000063
подтверждение 4,317488 0,003939
прожить 2,931194 0,002674
актёр 2,445686 0,002231
несколько 1,226446 0,001119
предречь 0,076161 0,000139
пенсионерка 3,624341 0,003307
место 0,027029 0,000025
свет 0,054808 0,000050
примерно 2,813411 0,002567
регион 0,076161 0,000069
мс 0,097980 0,000089
рука 2,066196 0,001885
дрейфовать 4,317488 0,003939
историк 2,931194 0,002674
мутант 4,317488 0,003939
преступный 2,445686 0,002231
март 0,040822 0,002123
преступление 2,238047 0,004084
эротический 5,010635 0,004572
безутешный 3,064725 0,002796
сбежать 3,401197 0,003103
военный 0,020203 0,000018
летний 0,047791 0,000436
кобра 5,010635 0,004572
лишить 2,708050 0,002471
рада 0,068993 0,000063
сбросить 3,401197 0,006207
экономика 0,000000 0,000000
попытка 1,609438 0,001468
марклый 5,010635 0,018287
роскошный 2,931194 0,002674
глаз 2,066196 0,001885
опечатка 0,000000 0,000000
сложно 2,525729 0,002304
возненавидеть 2,708050 0,002471
золотой 2,931194 0,005349
останки 4,317488 0,003939
маленький 1,791759 0,001635
долголетие 4,317488 0,003939
умирающий 4,317488 0,003939
секс 2,177422 0,003973
рецепт 4,317488 0,003939
ужас 3,401197 0,003103
сицилийский 2,708050 0,007413
прихожанин 5,010635 0,004572
вызвать 0,090654 0,000083
история 1,609438 0,004405
перу 5,010635 0,004572
прослыть 3,401197 0,003103
три 1,919593 0,001751
хозяйка 4,317488 0,003939
звезда 1,919593 0,001751
принц 3,912023 0,014277
личинка 5,010635 0,004572
пламя 4,317488 0,003939
влияние 1,919593 0,003503
реальный 0,013423 0,000012
мужчина 1,576648 0,018701
тысяча 0,054808 0,000200
мафия 2,708050 0,009883
поделиться 2,708050 0,007413
затопить 0,076161 0,000069
учительница 3,912023 0,007139
любовница 4,317488 0,007879
обменивать 0,047791 0,000044
условие 0,033902 0,000062
объявить 2,120264 0,003869
провалиться 4,317488 0,003939
елизавета 3,624341 0,003307
правда 0,040822 0,000112
плохой 2,177422 0,001987
проникнуть 2,371578 0,002164
выпускать 3,218876 0,002937
тихий 3,401197 0,003103
опасный 2,238047 0,004084
заместить 5,010635 0,004572
странность 5,010635 0,004572
присутствие 3,624341 0,003307
разводиться 5,010635 0,004572
видеть 0,013423 0,000024
порода 5,010635 0,004572
шпион 3,912023 0,003569
миллион 1,347074 0,004916
наука 0,000000 0,000000
высокий 1,455287 0,001328
рыбак 4,317488 0,007879
чаемый 5,010635 0,004572
какой 1,203973 0,001099
сообщество 2,445686 0,002231
продукт 2,120264 0,001935
слониха 3,064725 0,002796
красиво 4,317488 0,003939
каков 3,624341 0,003307
