ру 0,000000 0,000000
банк 0,068993 0,000226
лента 0,000000 0,000000
новый 0,000000 0,000000
день 0,033902 0,000111
фигура 3,064725 0,010048
перемирие 0,076161 0,000250
юзер 5,010635 0,016428
спорт 0,000000 0,000000
таять 5,010635 0,016428
знаменитость 3,624341 0,011883
отвести 0,076161 0,000250
добро 0,013423 0,000132
согласие 0,047791 0,000157
путешествие 0,000000 0,000000
четыре 0,040822 0,000134
барабанщик 5,010635 0,016428
конфликт 0,061875 0,000203
конфиденциальностиправить 0,000000 0,000000
пол 0,090654 0,001189
помощь 0,027029 0,000089
вода 0,054808 0,000180
купальник 3,912023 0,012826
фото 0,061875 0,001217
политика 0,040822 0,000134
известный 1,714798 0,005622
применение 0,000000 0,000000
предстать 3,912023 0,012826
дэвид 4,317488 0,014156
женщина 1,484275 0,004866
отдел 0,579818 0,001901
ценность 0,000000 0,000000
мир 0,000000 0,000000
вернуться 0,006689 0,000022
публиковать 3,624341 0,011883
читатель 3,912023 0,012826
индия 0,076161 0,000250
структура 0,000000 0,000000
очередь 2,014903 0,006606
российский 0,033902 0,000222
расположить 3,064725 0,010048
обитание 0,000000 0,000000
бывший 0,000000 0,000000
время 0,693147 0,002273
россия 0,000000 0,000000
интернет 0,000000 0,000000
восковой 5,010635 0,016428
маккартень 0,097980 0,001285
волос 2,708050 0,035515
ооо 0,000000 0,000000
свой 0,020203 0,000132
проблема 0,047791 0,000157
ричард 3,912023 0,012826
шевелла 5,010635 0,016428
бекхэм 5,010635 0,016428
гид 0,076161 0,000250
технологийминь 0,000000 0,000000
город 0,047791 0,000157
принтом 5,010635 0,016428
американский 0,054808 0,000180
видявленияроскошьличность 2,813411 0,009224
галерея 0,000000 0,000000
внешность 0,097980 0,001606
избранница 5,010635 0,016428
сотрудник 0,068993 0,000226
начаться 0,033902 0,000111
зеленский 0,054808 0,000359
силовой 0,000000 0,000000
карина 3,912023 0,012826
обожать 2,813411 0,009224
пляжный 0,097980 0,000964
эмоция 0,047791 0,000157
сеть 0,090654 0,001486
старка 5,010635 0,016428
лонгслив 5,010635 0,016428
чёрный 1,919593 0,012587
цветочный 5,010635 0,016428
выражать 0,047791 0,000313
восхититься 3,624341 0,011883
читать 0,040822 0,000134
военнослужащий 0,068993 0,000226
накапливать 0,047791 0,000157
сен 5,010635 0,016428
полосатый 5,010635 0,016428
вид 1,514128 0,004964
оценивать 0,047791 0,000157
байконур 0,097980 0,000321
один 0,836248 0,002742
оттенок 5,010635 0,016428
редакциярекламаконтактыпресс 0,000000 0,000000
британский 2,708050 0,017758
видео 0,000000 0,000000
депутат 0,068993 0,000226
прогресс 0,090654 0,000297
нэнси 5,010635 0,016428
форма 0,061875 0,000203
нажать 0,000000 0,000000
последний 0,083382 0,000273
дом 0,061875 0,000203
культура 0,000000 0,000000
всестильвнешний 2,813411 0,009224
надеть 3,624341 0,011883
обсудить 0,415515 0,001362
архив 0,000000 0,000000
статья 0,000000 0,000000
музыкант 3,624341 0,023766
старик 4,317488 0,028311
заявить 0,061875 0,000406
сша 0,040822 0,000134
бонус 0,047791 0,000313
среда 0,000000 0,000000
раскрытие 0,076161 0,000250
широко 3,401197 0,011151
редактор 0,556288 0,001824
море 2,612740 0,008566
среди 1,714798 0,005622
остаться 0,047791 0,000157
получить 1,059392 0,003473
эксклюзив 0,000000 0,000000
уволить 0,076161 0,000250
похожий 2,371578 0,007776
скидка 0,047791 0,000157
комментарий 1,427116 0,004679
спина 4,317488 0,014156
предпринимательница 5,010635 0,016428
погружаться 0,047791 0,000157
великолепно 5,010635 0,016428
увлекательный 0,047791 0,000157
использованияполитик 0,000000 0,000000
выглядеть 1,752539 0,017238
закрытый 2,612740 0,008566
деактивировать 0,013423 0,000044
рекомендательный 0,000000 0,000000
переговоры 0,047791 0,000157
получать 0,033902 0,000111
год 0,521999 0,003423
распространить 3,401197 0,011151
писатель 3,624341 0,011883
карибский 5,010635 0,016428
хотеть 0,013423 0,000044
обратиться 0,076161 0,000250
забота 0,000000 0,000000
сбер 0,040822 0,000134
пожаловать 0,013423 0,000044
трамп 0,054808 0,000180
работать 0,027029 0,000089
крупный 0,054808 0,000359
группа 1,514128 0,009929
спецпроект 0,000000 0,000000
это 0,020203 0,000199
победа 0,000000 0,000000
пляж 3,912023 0,012826
украинский 0,047791 0,000157
белоус 0,076161 0,000250
прибыть 0,083382 0,000273
два 0,033902 0,000222
жена 2,238047 0,007338
новость 0,000000 0,000000
туристка 0,076161 0,000250
мотор 0,000000 0,000000
сми 0,000000 0,000000
акция 0,047791 0,000157
наслать 0,000000 0,000000
вместе 1,514128 0,004964
жизнь 0,000000 0,000000
жилец 0,068993 0,000226
предречь 0,076161 0,000499
продюсер 3,218876 0,010554
жать 0,013423 0,000044
войти 0,000000 0,000000
шорты 3,912023 0,012826
место 0,027029 0,000089
свет 0,054808 0,000180
регион 0,076161 0,000250
запечатлеть 3,912023 0,012826
мс 0,097980 0,000321
март 0,040822 0,000134
отдых 3,064725 0,010048
военный 0,020203 0,000066
летний 0,047791 0,000783
рада 0,068993 0,000226
экономика 0,000000 0,000000
остров 3,064725 0,010048
уход 0,076161 0,000250
опечатка 0,000000 0,000000
почему 0,899761 0,005900
хороший 0,006689 0,000022
спор 0,097980 0,001285
колено 4,317488 0,014156
вызвать 0,090654 0,001189
внешний 2,525729 0,008281
обычный 0,013423 0,000088
основатель 3,624341 0,011883
ринго 5,010635 0,016428
конфиденциальность 0,047791 0,000157
высмеивать 3,624341 0,011883
изнасиловать 0,076161 0,000250
продолжать 0,033902 0,000111
реальный 0,013423 0,000044
кадр 1,544899 0,005065
ссср 0,000000 0,000000
техника 0,000000 0,000000
мужчина 1,576648 0,005169
тысяча 0,054808 0,000180
февраль 1,160488 0,003805
артист 2,931194 0,009610
затопить 0,076161 0,000250
бартелеми 5,010635 0,016428
игра 0,000000 0,000000
обменивать 0,047791 0,000157
минь 0,000000 0,000000
условие 0,033902 0,000222
ваш 0,047791 0,000157
главное 0,000000 0,000000
смешно 3,912023 0,012826
медитация 0,076161 0,000250
правда 0,040822 0,000134
старра 5,010635 0,016428
высказаться 2,238047 0,007338
издание 2,238047 0,007338
окрашивание 5,010635 0,016428
видеть 0,013423 0,000044
реакция 0,047791 0,000313
материал 0,000000 0,000000
наука 0,000000 0,000000
красить 3,624341 0,011883
