подоляк 4,317488 0,007066
автомобиль 2,177422 0,003564
ру 0,000000 0,000000
боевой 2,371578 0,003881
банк 0,068993 0,000113
лента 0,000000 0,000000
новый 0,000000 0,000000
день 0,033902 0,000055
перемирие 0,076161 0,000249
сквозь 2,931194 0,004797
спорт 0,000000 0,000000
район 2,120264 0,006940
повлиять 3,218876 0,005268
заключаться 3,912023 0,006403
попросить 2,445686 0,004003
отвести 0,076161 0,000125
успех 2,238047 0,007326
добро 0,013423 0,000066
согласие 0,047791 0,000078
путешествие 0,000000 0,000000
четыре 0,040822 0,000067
запись 3,401197 0,011133
предпринимать 5,010635 0,008201
удар 1,455287 0,002382
север 3,912023 0,006403
долго 2,612740 0,004276
заявление 2,066196 0,006763
друг 1,791759 0,005865
конфликт 0,061875 0,000101
конфиденциальностиправить 0,000000 0,000000
расходовать 5,010635 0,008201
проиграть 2,445686 0,004003
пол 0,090654 0,000148
помощь 0,027029 0,000044
квадроцикл 5,010635 0,008201
дракон 2,931194 0,009595
отметить 1,399717 0,002291
человек 0,762140 0,001247
вода 0,054808 0,000090
фото 0,061875 0,000304
юрий 2,525729 0,004134
лес 3,064725 0,005016
распространиться 3,912023 0,006403
удаться 1,678431 0,002747
политика 0,040822 0,000067
взрыв 2,302585 0,003769
разговор 1,160488 0,001899
применение 0,000000 0,000000
пресс 2,708050 0,004432
средство 2,371578 0,003881
возможный 2,066196 0,003382
область 1,272966 0,020834
прорваться 2,813411 0,018418
киевский 3,218876 0,005268
наступление 3,218876 0,015805
инженерный 3,912023 0,012805
опасно 2,813411 0,004605
признать 1,484275 0,004859
отдел 0,579818 0,000949
харьковский 4,317488 0,007066
ценность 0,000000 0,000000
известно 1,297063 0,002123
ветер 3,912023 0,006403
сила 1,321756 0,004327
мир 0,000000 0,000000
вернуться 0,006689 0,000011
индия 0,076161 0,000125
структура 0,000000 0,000000
попытаться 2,238047 0,003663
багга 5,010635 0,008201
противотанковый 5,010635 0,008201
стратегический 2,612740 0,004276
шаг 2,371578 0,003881
российский 0,033902 0,000666
цель 1,875141 0,009207
обитание 0,000000 0,000000
абсолютно 3,064725 0,005016
бывший 0,000000 0,000000
боец 1,875141 0,006138
время 0,693147 0,004538
бронетехника 3,912023 0,006403
уголок 3,624341 0,005932
россия 0,000000 0,000000
интернет 0,000000 0,000000
маккартень 0,097980 0,000160
ооо 0,000000 0,000000
поражать 3,064725 0,005016
проникновение 3,912023 0,006403
пробовать 2,931194 0,004797
свой 0,020203 0,000033
проблема 0,047791 0,000078
провокация 2,302585 0,007537
данные 1,678431 0,002747
режим 1,966113 0,003218
также 0,762140 0,002495
появиться 1,373049 0,002247
гид 0,076161 0,000125
технологийминь 0,000000 0,000000
отражение 3,624341 0,011864
украина 0,805943 0,006595
город 0,047791 0,000078
связать 2,066196 0,006763
американский 0,054808 0,000269
галерея 0,000000 0,000000
внешность 0,097980 0,000160
пытаться 1,347074 0,002205
северный 2,371578 0,003881
сотрудник 0,068993 0,000113
территория 1,609438 0,007902
начаться 0,033902 0,000055
зеленский 0,054808 0,000628
видеозапись 5,010635 0,008201
силовой 0,000000 0,000000
сюжетпресс 4,317488 0,007066
пляжный 0,097980 0,000160
эмоция 0,047791 0,000078
сеть 0,090654 0,000445
впоследствии 3,401197 0,005567
вооружённый 1,678431 0,002747
скрываться 2,525729 0,004134
азия 2,445686 0,004003
напрячь 5,010635 0,008201
однако 1,249435 0,006135
ход 1,678431 0,002747
всеприбалтикаукраинабелоруссиямолдавиязакавказьесредний 2,525729 0,004134
выражать 0,047791 0,000156
объективный 5,010635 0,008201
столкновение 3,401197 0,005567
система 1,643339 0,002690
читать 0,040822 0,000067
военнослужащий 0,068993 0,000113
знать 1,576648 0,002580
минобороны 1,966113 0,009654
накапливать 0,047791 0,000078
дональд 1,544899 0,005057
контроль 1,714798 0,002807
кроме 1,427116 0,002336
войско 2,371578 0,019407
оценивать 0,047791 0,000078
байконур 0,097980 0,000160
один 0,836248 0,004106
подтвердить 2,238047 0,003663
пережить 2,302585 0,003769
град 4,317488 0,007066
редакциярекламаконтактыпресс 0,000000 0,000000
оба 2,445686 0,004003
полностью 2,525729 0,004134
видео 0,000000 0,000000
блогер 2,813411 0,009209
зуб 2,525729 0,008268
депутат 0,068993 0,000113
прогресс 0,090654 0,000148
форма 0,061875 0,000101
нажать 0,000000 0,000000
оперативный 2,014903 0,003298
последний 0,083382 0,000136
дом 0,061875 0,000101
московский 2,014903 0,003298
сторона 1,321756 0,002163
провал 4,317488 0,007066
журналист 1,966113 0,003218
снятой 3,218876 0,005268
культура 0,000000 0,000000
включая 3,064725 0,005016
преодолеть 3,064725 0,005016
обсудить 0,415515 0,000680
очередной 2,708050 0,004432
архив 0,000000 0,000000
сумский 2,813411 0,004605
статья 0,000000 0,000000
реактивный 4,317488 0,007066
заявить 0,061875 0,000304
сша 0,040822 0,000134
лидер 1,347074 0,004409
потерять 2,238047 0,003663
бонус 0,047791 0,000156
среда 0,000000 0,000000
посвятить 2,931194 0,004797
раскрытие 0,076161 0,000125
наш 1,347074 0,002205
мировой 1,752539 0,002868
обстановка 3,401197 0,005567
редактор 0,556288 0,000910
казаться 2,177422 0,003564
остаться 0,047791 0,000156
граница 2,014903 0,009893
западный 2,014903 0,003298
эксклюзив 0,000000 0,000000
уволить 0,076161 0,000125
скидка 0,047791 0,000078
авиация 2,612740 0,004276
секрет 2,302585 0,003769
атака 1,966113 0,028961
тема 1,297063 0,002123
зеленскийпрезидент 4,317488 0,007066
предпринять 3,912023 0,012805
объяснить 1,484275 0,002429
запорожский 3,064725 0,005016
эпизод 3,064725 0,005016
погружаться 0,047791 0,000078
сделать 1,321756 0,004327
результат 1,347074 0,002205
увлекательный 0,047791 0,000078
оккупация 2,525729 0,004134
сорвать 2,371578 0,003881
использованияполитик 0,000000 0,000000
осторожный 3,912023 0,006403
выглядеть 1,752539 0,002868
деактивировать 0,013423 0,000022
зелёный 3,218876 0,005268
рекомендательный 0,000000 0,000000
прорыв 3,064725 0,005016
утром 2,612740 0,004276
конференция 3,218876 0,010536
переговоры 0,047791 0,000391
приграничный 3,912023 0,019208
покидать 3,624341 0,005932
получать 0,033902 0,000055
машина 1,875141 0,009207
хотеть 0,013423 0,000044
обратиться 0,076161 0,000125
армия 2,014903 0,009893
забота 0,000000 0,000000
сбер 0,040822 0,000067
пожаловать 0,013423 0,000022
стать 0,499776 0,002454
потеря 2,014903 0,003298
трамп 0,054808 0,000449
работать 0,027029 0,000044
который 0,521999 0,001709
пересечь 3,912023 0,006403
крупный 0,054808 0,000179
побежать 5,010635 0,008201
операция 1,514128 0,009912
огонь 1,609438 0,002634
подразделение 2,813411 0,009209
спецпроект 0,000000 0,000000
это 0,020203 0,000132
семь 2,708050 0,004432
победа 0,000000 0,000000
украинский 0,047791 0,001095
белоус 0,076161 0,000125
распространять 3,624341 0,005932
два 0,033902 0,000222
прибыть 0,083382 0,000136
прекратиться 4,317488 0,007066
заграждение 5,010635 0,008201
рассказать 0,985284 0,001613
сегодня 1,643339 0,002690
вместо 2,708050 0,004432
президент 0,851752 0,005576
новость 0,000000 0,000000
туристка 0,076161 0,000125
мотор 0,000000 0,000000
сми 0,000000 0,000000
акция 0,047791 0,000078
продолжительный 4,317488 0,007066
залповый 4,317488 0,007066
наслать 0,000000 0,000000
жизнь 0,000000 0,000000
варвар 3,218876 0,005268
жить 1,643339 0,002690
разграждение 3,912023 0,006403
жилец 0,068993 0,000113
брифинг 5,010635 0,008201
уничтожить 2,120264 0,003470
создание 2,120264 0,003470
пояснить 2,931194 0,004797
несколько 1,226446 0,002007
предречь 0,076161 0,000249
жать 0,013423 0,000022
войти 0,000000 0,000000
ночью 3,218876 0,005268
демидовка 3,401197 0,005567
место 0,027029 0,000044
свет 0,054808 0,000090
регион 0,076161 0,000374
запечатлеть 3,912023 0,006403
мс 0,097980 0,000160
увенчаться 5,010635 0,008201
село 2,708050 0,004432
накануне 2,238047 0,010989
ведомство 2,066196 0,003382
март 0,040822 0,000468
военный 0,020203 0,000198
летний 0,047791 0,000078
подбить 4,317488 0,007066
участие 2,014903 0,003298
действительно 2,612740 0,004276
рада 0,068993 0,000113
экономика 0,000000 0,000000
попытка 1,609438 0,023707
защита 2,371578 0,003881
канал 1,791759 0,005865
использовать 1,919593 0,003142
уход 0,076161 0,000125
опечатка 0,000000 0,000000
почему 0,899761 0,001473
наиболее 3,218876 0,005268
хороший 0,006689 0,000011
спор 0,097980 0,000160
наносить 3,912023 0,006403
прокомментировать 2,525729 0,004134
белгородский 2,445686 0,024017
вызвать 0,090654 0,000297
обычный 0,013423 0,000022
имр 5,010635 0,016401
конфиденциальность 0,047791 0,000078
танк 2,708050 0,008864
уровень 1,643339 0,005379
путин 0,967584 0,006334
владимир 1,160488 0,007597
составить 2,813411 0,004605
действие 1,714798 0,002807
утверждаться 4,317488 0,007066
кошечкина 3,624341 0,005932
изнасиловать 0,076161 0,000125
предыдущий 3,401197 0,005567
продолжать 0,033902 0,000055
первый 0,883501 0,001446
реальный 0,013423 0,000022
кадр 1,544899 0,007585
ссср 0,000000 0,000000
техника 0,000000 0,000000
тысяча 0,054808 0,000090
курский 1,791759 0,005865
бронемашина 3,912023 0,012805
всу 1,373049 0,029214
итог 1,678431 0,002747
пять 1,484275 0,002429
рассеять 5,010635 0,008201
опубликовать 1,875141 0,006138
затопить 0,076161 0,000125
игра 0,000000 0,000000
неудача 4,317488 0,007066
обменивать 0,047791 0,000078
минь 0,000000 0,000000
видно 2,708050 0,008864
принимать 2,445686 0,004003
пограннаряд 5,010635 0,008201
условие 0,033902 0,000111
ваш 0,047791 0,000078
главное 0,000000 0,000000
ответ 1,678431 0,002747
завершиться 3,218876 0,005268
старший 2,445686 0,004003
отвечать 2,302585 0,003769
медитация 0,076161 0,000125
правда 0,040822 0,000067
проникнуть 2,371578 0,007763
понятный 3,218876 0,005268
информация 1,514128 0,007434
кто 2,066196 0,003382
зайти 2,813411 0,004605
дальнейший 2,813411 0,004605
попадание 5,010635 0,008201
зафиксировать 3,624341 0,005932
группировка 2,445686 0,004003
видеть 0,013423 0,000022
реакция 0,047791 0,000156
вновь 3,218876 0,005268
беспилотник 2,177422 0,003564
российско 3,218876 0,005268
вторгнуться 2,813411 0,004605
материал 0,000000 0,000000
наука 0,000000 0,000000
высокий 1,455287 0,004764
произойти 1,791759 0,002933
