париж 3,624341 0,003143
пупок 5,010635 0,004346
уморительно 5,010635 0,004346
слух 2,813411 0,002440
ру 0,000000 0,000000
банк 0,068993 0,000060
личный 1,791759 0,001554
новый 0,000000 0,000000
день 0,033902 0,000029
бюстгальтер 5,010635 0,013037
уэст 5,010635 0,030420
образ 1,514128 0,002626
ягодица 3,218876 0,005583
фигура 3,064725 0,002658
перемирие 0,076161 0,000066
рудковский 5,010635 0,004346
лишиться 2,445686 0,002121
прогулка 3,401197 0,002950
ангел 5,010635 0,004346
выйти 1,752539 0,004560
рот 2,708050 0,002349
любить 2,177422 0,003777
голливудский 2,813411 0,002440
иностранец 3,218876 0,002792
стиль 3,912023 0,006786
отвести 0,076161 0,000066
успех 2,238047 0,001941
добро 0,013423 0,000035
согласие 0,047791 0,000041
путешествие 0,000000 0,000000
смущать 3,624341 0,003143
наряд 3,624341 0,018860
йорк 3,912023 0,003393
жениться 3,218876 0,008375
эпидемия 3,064725 0,002658
торговец 5,010635 0,004346
удивлять 2,931194 0,002542
конфликт 0,061875 0,000054
килограмм 3,401197 0,002950
предложить 2,177422 0,001888
пол 0,090654 0,000157
александр 1,373049 0,001191
помощь 0,027029 0,000023
сто 5,010635 0,004346
оголиться 4,317488 0,003745
жертва 2,371578 0,002057
человек 0,762140 0,004627
вода 0,054808 0,000048
купальник 3,912023 0,010179
реклама 2,525729 0,008762
фото 0,061875 0,000537
лазер 5,010635 0,004346
политика 0,040822 0,000035
падший 5,010635 0,004346
макияж 5,010635 0,008691
добиться 2,813411 0,002440
ловушка 3,218876 0,002792
богатство 5,010635 0,004346
гоар 5,010635 0,004346
экс 2,066196 0,005376
худить 4,317488 0,003745
миллиардер 3,218876 0,008375
ядерный 2,931194 0,002542
отрастить 3,064725 0,002658
британец 4,317488 0,003745
дворец 3,912023 0,003393
латексный 4,317488 0,003745
собчак 4,317488 0,003745
тратить 3,912023 0,013572
мир 0,000000 0,000000
весь 1,078810 0,001871
индия 0,076161 0,000066
пройти 1,427116 0,003713
структура 0,000000 0,000000
ум 3,064725 0,002658
рианна 5,010635 0,008691
асмуса 5,010635 0,004346
ус 2,931194 0,002542
пелагея 5,010635 0,004346
бритьё 4,317488 0,003745
свадьба 4,317488 0,022467
бывший 0,000000 0,000000
тюрьма 3,064725 0,005316
время 0,693147 0,001202
называть 1,791759 0,001554
маккартень 0,097980 0,000170
ооо 0,000000 0,000000
соцсеть 2,708050 0,002349
позапрошлый 5,010635 0,004346
сильный 1,678431 0,001456
проблема 0,047791 0,000083
пообещать 2,931194 0,002542
появиться 1,373049 0,002382
технологийминь 0,000000 0,000000
чай 3,912023 0,003393
город 0,047791 0,000041
лукашенко 2,813411 0,002440
юбилей 4,317488 0,007489
мода 3,218876 0,019542
носить 2,813411 0,002440
подробность 2,066196 0,003584
бдсм 4,317488 0,003745
отец 1,919593 0,001665
восемь 3,064725 0,002658
галерея 0,000000 0,000000
раздеться 3,912023 0,006786
внешность 0,097980 0,000255
двойник 5,010635 0,004346
вырасти 2,371578 0,002057
пытаться 1,347074 0,001168
россиянин 1,321756 0,003439
начаться 0,033902 0,000029
шакир 5,010635 0,004346
развлечение 4,317488 0,003745
начать 1,139434 0,000988
ужин 4,317488 0,003745
зарубежный 2,371578 0,002057
сидеть 2,612740 0,002266
выступить 2,238047 0,001941
силовой 0,000000 0,000000
полупрозрачный 5,010635 0,004346
показать 1,484275 0,011586
пляжный 0,097980 0,000170
отсутствие 2,612740 0,002266
обнажить 5,010635 0,004346
возлюбить 4,317488 0,014978
живопись 5,010635 0,004346
миллиард 2,612740 0,002266
питта 5,010635 0,004346
раввин 5,010635 0,008691
нелепый 2,931194 0,002542
удалить 4,317488 0,003745
себя 2,014903 0,001748
платье 3,624341 0,018860
юра 3,624341 0,003143
ким 5,010635 0,008691
выражать 0,047791 0,000083
ирина 4,317488 0,003745
часы 4,317488 0,003745
восхититься 3,624341 0,003143
летие 3,912023 0,003393
читать 0,040822 0,000035
описать 3,401197 0,002950
сколько 2,525729 0,004381
облегать 5,010635 0,004346
отказ 2,120264 0,003678
шнуров 5,010635 0,004346
вражда 3,218876 0,002792
шпагат 4,317488 0,003745
невеста 4,317488 0,003745
оценивать 0,047791 0,000041
байконур 0,097980 0,000085
один 0,836248 0,000725
пережить 2,302585 0,001997
редакциярекламаконтактыпресс 0,000000 0,000000
иметь 1,832581 0,001589
совет 1,714798 0,001487
цензоря 5,010635 0,008691
полностью 2,525729 0,002191
видео 0,000000 0,000000
гвинет 5,010635 0,008691
футболист 2,931194 0,002542
богатый 3,624341 0,012574
туфля 3,624341 0,003143
жвачка 3,912023 0,003393
оценить 2,066196 0,003584
оскар 3,624341 0,006287
топлёс 5,010635 0,008691
последний 0,083382 0,000145
сумка 3,064725 0,005316
россиянка 1,875141 0,006505
трус 3,401197 0,002950
едва 2,177422 0,001888
выпустить 2,238047 0,001941
архив 0,000000 0,000000
эпоха 3,401197 0,002950
худоба 5,010635 0,004346
борис 2,445686 0,002121
бренд 2,445686 0,002121
клан 3,912023 0,003393
заявить 0,061875 0,000054
сша 0,040822 0,000035
скуфами 5,010635 0,004346
лобод 5,010635 0,004346
заменить 2,931194 0,002542
бонус 0,047791 0,000083
украсть 2,813411 0,002440
среда 0,000000 0,000000
раскрытие 0,076161 0,000066
сойти 3,624341 0,003143
делать 1,752539 0,001520
говорить 1,160488 0,001006
инстасамка 4,317488 0,003745
водонаев 5,010635 0,004346
хранить 3,401197 0,002950
среди 1,714798 0,001487
остаться 0,047791 0,000041
уйти 2,014903 0,001748
кольцо 3,624341 0,003143
актриса 3,912023 0,006786
девушка 2,238047 0,003882
эксклюзив 0,000000 0,000000
лонгорий 5,010635 0,013037
уволить 0,076161 0,000066
король 3,624341 0,003143
шея 4,317488 0,003745
похожий 2,371578 0,002057
универ 4,317488 0,003745
скидка 0,047791 0,000041
москва 1,021651 0,001772
секрет 2,302585 0,001997
дочь 3,401197 0,008850
мемуары 5,010635 0,004346
тимоти 4,317488 0,007489
погружаться 0,047791 0,000041
нравиться 2,931194 0,002542
ева 3,912023 0,010179
напоказ 4,317488 0,003745
выглядеть 1,752539 0,001520
деньга 1,875141 0,003253
ноябрь 2,014903 0,001748
лицо 1,966113 0,001705
пожалеть 3,912023 0,003393
удивить 3,064725 0,005316
избранный 5,010635 0,004346
джиджи 5,010635 0,008691
бункер 3,912023 0,003393
митя 3,624341 0,003143
получать 0,033902 0,000029
хотеть 0,013423 0,000047
крид 3,218876 0,002792
планета 2,931194 0,010169
бедность 5,010635 0,008691
декольте 5,010635 0,008691
пэрис 5,010635 0,004346
потратить 3,401197 0,002950
сын 2,120264 0,009195
солистка 3,218876 0,002792
стать 0,499776 0,002601
раскритиковать 2,931194 0,002542
устроить 2,014903 0,001748
ванная 5,010635 0,004346
интерес 2,525729 0,002191
работать 0,027029 0,000023
кардашьян 5,010635 0,008691
питаться 3,912023 0,003393
голый 3,218876 0,008375
группа 1,514128 0,001313
операция 1,514128 0,001313
спецпроект 0,000000 0,000000
это 0,020203 0,000088
дизайнер 3,912023 0,010179
легендарный 2,066196 0,001792
украинский 0,047791 0,000041
папарацци 5,010635 0,004346
слово 0,820981 0,001424
два 0,033902 0,000059
новость 0,000000 0,000000
эйдельштейн 3,912023 0,006786
туристка 0,076161 0,000066
грэмми 4,317488 0,003745
мотор 0,000000 0,000000
зрительница 4,317488 0,003745
стоить 1,714798 0,001487
наслать 0,000000 0,000000
тренер 3,912023 0,003393
цикл 2,708050 0,009395
кайлить 4,317488 0,007489
приспустить 3,912023 0,003393
жизнь 0,000000 0,000000
звание 2,813411 0,004880
покупать 5,010635 0,004346
эмалировать 5,010635 0,004346
жать 0,013423 0,000012
войти 0,000000 0,000000
каприо 4,317488 0,003745
брак 3,624341 0,006287
сериал 2,445686 0,002121
талантливый 3,401197 0,002950
измениться 2,177422 0,001888
любовь 2,371578 0,004114
аравия 2,612740 0,002266
божество 5,010635 0,004346
считать 1,373049 0,001191
политик 2,612740 0,002266
уход 0,076161 0,000066
почему 0,899761 0,006243
смит 3,912023 0,003393
рубль 1,514128 0,010506
лорак 5,010635 0,004346
баснословный 5,010635 0,004346
электра 5,010635 0,004346
хороший 0,006689 0,000012
спор 0,097980 0,000170
муж 2,612740 0,004532
германия 2,066196 0,001792
пугать 4,317488 0,003745
домогательство 4,317488 0,003745
леонардо 4,317488 0,003745
красный 2,120264 0,001839
грудь 2,813411 0,014640
простыня 5,010635 0,004346
отреагировать 1,966113 0,005116
обычный 0,013423 0,000023
донателла 5,010635 0,008691
навсегда 4,317488 0,003745
конфиденциальность 0,047791 0,000041
твориться 3,401197 0,002950
путин 0,967584 0,000839
сняться 4,317488 0,037446
назад 1,678431 0,001456
высмеять 3,912023 0,003393
изнасиловать 0,076161 0,000066
продолжать 0,033902 0,000029
зритель 2,931194 0,007627
отдохнуть 3,401197 0,002950
ссср 0,000000 0,000000
техника 0,000000 0,000000
влюбить 2,931194 0,005084
пять 1,484275 0,001287
захватить 2,931194 0,002542
февраль 1,160488 0,007045
опубликовать 1,875141 0,006505
алесь 5,010635 0,004346
покорить 3,401197 0,002950
понятие 3,218876 0,002792
драгоценность 3,401197 0,002950
никто 2,014903 0,003495
игра 0,000000 0,000000
распродать 5,010635 0,004346
минь 0,000000 0,000000
таз 4,317488 0,003745
ваш 0,047791 0,000041
похоже 2,931194 0,002542
главное 0,000000 0,000000
медитация 0,076161 0,000066
больший 1,373049 0,001191
букет 3,401197 0,002950
кто 2,066196 0,001792
массово 2,371578 0,006171
пэлтроу 5,010635 0,008691
раскрыть 1,643339 0,009977
откровенный 3,218876 0,027917
реакция 0,047791 0,000083
неделя 1,919593 0,006659
блогерш 3,624341 0,003143
самый 0,883501 0,003065
пропадать 4,317488 0,003745
посмешище 3,624341 0,003143
материал 0,000000 0,000000
символ 2,445686 0,004242
публика 3,218876 0,005583
полуголый 4,317488 0,003745
заварка 5,010635 0,004346
слава 3,218876 0,002792
быть 1,399717 0,001214
спектакль 3,912023 0,003393
подражать 5,010635 0,004346
прославиться 3,624341 0,003143
любовник 5,010635 0,004346
бригада 2,813411 0,002440
камера 2,612740 0,002266
лента 0,000000 0,000000
терять 2,931194 0,002542
надпись 3,401197 0,002950
архивный 4,317488 0,003745
брэд 5,010635 0,004346
спорт 0,000000 0,000000
одесса 3,624341 0,003143
липа 5,010635 0,004346
рэпер 3,401197 0,011799
манер 4,317488 0,003745
торжество 5,010635 0,004346
попадать 2,708050 0,002349
мочь 0,836248 0,000725
юбка 3,912023 0,006786
четыре 0,040822 0,000035
краш 3,401197 0,005900
глубокий 2,931194 0,002542
друг 1,791759 0,001554
конфиденциальностиправить 0,000000 0,000000
глава 1,321756 0,002293
женский 2,238047 0,001941
иордания 5,010635 0,004346
народ 2,708050 0,002349
гонорар 4,317488 0,007489
удаться 1,678431 0,001456
известный 1,714798 0,008923
применение 0,000000 0,000000
кафельников 4,317488 0,007489
заполонить 4,317488 0,003745
фитнес 3,624341 0,003143
бездумный 5,010635 0,004346
век 1,919593 0,003330
наряжаться 4,317488 0,003745
ужасающий 5,010635 0,004346
женщина 1,484275 0,005149
готовый 1,791759 0,001554
насилие 2,931194 0,005084
показ 3,912023 0,003393
ценность 0,000000 0,000000
уилла 4,317488 0,003745
мужской 2,708050 0,002349
вернуться 0,006689 0,000012
публиковать 3,624341 0,003143
гардероб 4,317488 0,007489
российский 0,033902 0,000206
ролик 3,218876 0,002792
обнажённый 4,317488 0,003745
китайский 2,813411 0,002440
обитание 0,000000 0,000000
чудо 4,317488 0,003745
потребление 3,401197 0,002950
россия 0,000000 0,000000
интернет 0,000000 0,000000
спустя 1,832581 0,001589
перестать 3,064725 0,002658
простой 2,238047 0,001941
волос 2,708050 0,004697
бикини 4,317488 0,003745
нью 3,624341 0,003143
шесть 1,966113 0,001705
порно 3,218876 0,002792
свой 0,020203 0,000070
израиль 3,624341 0,003143
популярный 1,791759 0,003108
январь 1,514128 0,001313
канцлер 4,317488 0,003745
назвать 1,021651 0,001772
премьера 3,064725 0,002658
гид 0,076161 0,000066
журнал 3,401197 0,005900
цена 2,302585 0,001997
ди 4,317488 0,003745
культ 4,317488 0,003745
поле 3,064725 0,002658
американский 0,054808 0,000048
похудение 3,401197 0,002950
видявленияроскошьличность 2,813411 0,002440
кофемания 5,010635 0,004346
кристина 3,064725 0,002658
сотрудник 0,068993 0,000060
принцесса 3,624341 0,003143
трендсеттереть 5,010635 0,004346
зеленский 0,054808 0,000095
другой 1,059392 0,000919
работа 0,899761 0,001561
подиум 5,010635 0,004346
налысый 5,010635 0,004346
прийти 2,014903 0,001748
обложка 5,010635 0,004346
вынудить 3,218876 0,002792
вождь 4,317488 0,003745
эмоция 0,047791 0,000041
сеть 0,090654 0,000708
евро 2,931194 0,002542
кендалл 5,010635 0,004346
дырявый 4,317488 0,003745
полотенце 5,010635 0,004346
кино 3,064725 0,002658
собственный 2,525729 0,002191
клум 5,010635 0,008691
запретить 2,066196 0,001792
лондон 2,445686 0,004242
голливуд 3,218876 0,002792
клуб 2,813411 0,002440
поцелуй 3,912023 0,003393
военнослужащий 0,068993 0,000060
саудовский 2,612740 0,002266
накапливать 0,047791 0,000041
причина 1,484275 0,002575
флаг 3,401197 0,002950
джиган 5,010635 0,004346
вид 1,514128 0,001313
превратиться 3,624341 0,003143
файед 5,010635 0,004346
мария 2,525729 0,002191
дженнер 4,317488 0,011234
ребёнок 1,919593 0,003330
сравнить 3,064725 0,002658
покончить 4,317488 0,003745
стройность 5,010635 0,004346
попасть 1,678431 0,001456
шейк 5,010635 0,004346
снять 2,177422 0,001888
куба 4,317488 0,003745
зуб 2,525729 0,002191
депутат 0,068993 0,000060
многомиллионный 4,317488 0,003745
прогресс 0,090654 0,000079
стильный 3,624341 0,003143
будущий 2,931194 0,002542
война 1,455287 0,001262
удовольствие 3,912023 0,003393
ублюдок 5,010635 0,004346
форма 0,061875 0,000054
нажать 0,000000 0,000000
дом 0,061875 0,000107
адам 4,317488 0,003745
культура 0,000000 0,000000
сыграть 2,813411 0,002440
хилтон 5,010635 0,004346
всестильвнешний 2,813411 0,002440
роды 4,317488 0,003745
пригожин 3,912023 0,003393
сие 3,401197 0,002950
штаны 3,912023 0,006786
статья 0,000000 0,000000
советский 1,752539 0,001520
канье 5,010635 0,030420
эффектный 5,010635 0,004346
полуобнажённый 5,010635 0,004346
честь 2,813411 0,002440
отношение 1,226446 0,001064
блуза 5,010635 0,004346
бассейн 5,010635 0,004346
ответить 1,832581 0,001589
поза 3,624341 0,003143
развлекаться 5,010635 0,004346
вопреки 5,010635 0,004346
получить 1,059392 0,000919
фон 2,371578 0,002057
комментарий 1,427116 0,001238
фраза 2,931194 0,007627
доллар 2,708050 0,002349
покупка 2,525729 0,002191
егор 3,218876 0,002792
объяснить 1,484275 0,002575
деппа 4,317488 0,003745
продавать 2,708050 0,002349
уменьшение 5,010635 0,004346
отгреметь 5,010635 0,004346
неудобно 4,317488 0,003745
оконфузиться 5,010635 0,004346
сделать 1,321756 0,001146
тщательно 4,317488 0,003745
увлекательный 0,047791 0,000041
использованияполитик 0,000000 0,000000
заметить 2,120264 0,001839
тело 2,445686 0,002121
гость 3,218876 0,002792
закрытый 2,612740 0,002266
деактивировать 0,013423 0,000012
рекомендательный 0,000000 0,000000
переговоры 0,047791 0,000041
иосиф 3,401197 0,002950
жирный 3,912023 0,003393
год 0,521999 0,001358
обратиться 0,076161 0,000066
родственница 4,317488 0,003745
забота 0,000000 0,000000
мать 2,445686 0,002121
сбер 0,040822 0,000035
пожаловать 0,013423 0,000012
деталь 2,708050 0,002349
сексуальность 2,931194 0,002542
юность 4,317488 0,003745
кастро 5,010635 0,004346
трамп 0,054808 0,000095
решить 1,791759 0,001554
ведущий 2,371578 0,002057
футбольный 4,317488 0,003745
крупный 0,054808 0,000095
снимка 5,010635 0,004346
динамо 3,218876 0,002792
победа 0,000000 0,000000
вещь 2,445686 0,002121
белоус 0,076161 0,000066
икона 3,912023 0,003393
прибыть 0,083382 0,000072
выбрать 2,612740 0,002266
рассказать 0,985284 0,003418
мохаммед 4,317488 0,003745
расплакаться 4,317488 0,003745
версач 5,010635 0,008691
вместо 2,708050 0,002349
жена 2,238047 0,003882
президент 0,851752 0,000739
тайна 3,064725 0,002658
случай 1,484275 0,001287
сми 0,000000 0,000000
акция 0,047791 0,000041
такой 1,003302 0,001740
шварценеггер 4,317488 0,003745
маск 3,401197 0,002950
плюс 3,218876 0,002792
сити 5,010635 0,004346
жить 1,643339 0,005701
мусор 3,912023 0,003393
жилец 0,068993 0,000060
актёр 2,445686 0,004242
нужный 2,302585 0,001997
избранник 5,010635 0,004346
бонд 4,317488 0,003745
предречь 0,076161 0,000132
заставить 2,612740 0,002266
место 0,027029 0,000047
свет 0,054808 0,000143
прозрачный 3,401197 0,017699
регион 0,076161 0,000066
мс 0,097980 0,000085
село 2,708050 0,002349
икра 3,624341 0,003143
диана 4,317488 0,003745
сайза 5,010635 0,004346
март 0,040822 0,001735
отдых 3,064725 0,002658
военный 0,020203 0,000018
раздражать 4,317488 0,003745
летний 0,047791 0,000539
дуа 5,010635 0,004346
рада 0,068993 0,000060
экономика 0,000000 0,000000
марк 3,912023 0,003393
топ 3,064725 0,002658
попытка 1,609438 0,001396
роскошный 2,931194 0,015253
опечатка 0,000000 0,000000
фотосессия 5,010635 0,004346
страсть 4,317488 0,003745
фомин 3,624341 0,003143
модный 3,624341 0,003143
скрытный 5,010635 0,004346
секс 2,177422 0,003777
вызвать 0,090654 0,000314
прослыть 3,401197 0,002950
внешний 2,525729 0,002191
звезда 1,919593 0,009989
ажиотаж 5,010635 0,008691
бьянка 5,010635 0,008691
апартамент 5,010635 0,004346
аль 3,624341 0,003143
модель 3,064725 0,010632
светлана 3,912023 0,003393
сэндлера 4,317488 0,003745
принц 3,912023 0,003393
марьяна 5,010635 0,004346
роскосмос 3,218876 0,005583
зажимать 5,010635 0,004346
реальный 0,013423 0,000012
тысяча 0,054808 0,000143
семья 2,120264 0,001839
подходящий 3,912023 0,003393
общаться 3,064725 0,002658
веник 5,010635 0,004346
дочка 4,317488 0,003745
затопить 0,076161 0,000066
шалам 4,317488 0,007489
погребняк 5,010635 0,004346
кармена 5,010635 0,004346
вернуть 2,371578 0,002057
обменивать 0,047791 0,000041
рита 4,317488 0,003745
условие 0,033902 0,000088
рекламный 4,317488 0,003745
аветисян 5,010635 0,004346
протеже 5,010635 0,004346
ани 5,010635 0,004346
папин 5,010635 0,004346
правда 0,040822 0,000071
куршевель 5,010635 0,004346
хадид 5,010635 0,008691
стоимость 2,238047 0,001941
хайти 5,010635 0,008691
свеча 5,010635 0,004346
баня 4,317488 0,003745
разорять 5,010635 0,004346
скрывать 2,931194 0,002542
скоро 3,064725 0,002658
видеть 0,013423 0,000012
одежда 2,445686 0,006363
очень 1,347074 0,001168
мем 3,624341 0,003143
микрошорты 5,010635 0,008691
дакота 5,010635 0,004346
миллион 1,347074 0,009347
способ 1,919593 0,001665
наука 0,000000 0,000000
лолита 4,317488 0,003745
признак 2,612740 0,002266
ро 5,010635 0,004346
семейный 3,401197 0,002950
кампания 3,624341 0,003143
