ру 0,000000 0,000000
рф 1,514128 0,005276
банк 0,068993 0,000240
лента 0,000000 0,000000
новый 0,000000 0,000000
день 0,033902 0,000118
перемирие 0,076161 0,000265
спорт 0,000000 0,000000
санкция 2,014903 0,007021
отвести 0,076161 0,000265
добро 0,013423 0,000140
согласие 0,047791 0,000167
путешествие 0,000000 0,000000
четыре 0,040822 0,000142
удар 1,455287 0,030424
ближний 2,813411 0,009803
конфликт 0,061875 0,000216
конфиденциальностиправить 0,000000 0,000000
пол 0,090654 0,000316
помощь 0,027029 0,000094
отметить 1,399717 0,004877
вода 0,054808 0,000191
фото 0,061875 0,000431
политика 0,040822 0,000284
применение 0,000000 0,000000
пресс 2,708050 0,009436
суд 1,832581 0,006385
отдел 0,579818 0,002020
ценность 0,000000 0,000000
мир 0,000000 0,000000
вернуться 0,006689 0,000023
индия 0,076161 0,000265
структура 0,000000 0,000000
российский 0,033902 0,000354
обитание 0,000000 0,000000
бывший 0,000000 0,000000
россия 0,000000 0,000000
интернет 0,000000 0,000000
маккартень 0,097980 0,000341
ооо 0,000000 0,000000
свой 0,020203 0,000070
ранее 1,003302 0,003496
проблема 0,047791 0,000167
флот 3,401197 0,011851
также 0,762140 0,005311
гид 0,076161 0,000265
технологийминь 0,000000 0,000000
украина 0,805943 0,005616
город 0,047791 0,000167
американский 0,054808 0,000573
корабль 2,931194 0,051066
галерея 0,000000 0,000000
прекращение 1,714798 0,005975
внешность 0,097980 0,000341
представитель 1,678431 0,011696
сотрудник 0,068993 0,000240
начаться 0,033902 0,000118
зеленский 0,054808 0,000382
работа 0,899761 0,006270
силовой 0,000000 0,000000
окончательный 3,912023 0,013631
пляжный 0,097980 0,000341
эмоция 0,047791 0,000167
ослабить 3,064725 0,010678
сеть 0,090654 0,000316
чёрный 1,919593 0,026754
пока 1,678431 0,011696
выражать 0,047791 0,000333
читать 0,040822 0,000142
военнослужащий 0,068993 0,000240
накапливать 0,047791 0,000167
оценивать 0,047791 0,000167
байконур 0,097980 0,000341
редакциярекламаконтактыпресс 0,000000 0,000000
спецпредставитель 4,317488 0,015044
уиткофф 3,064725 0,032035
видео 0,000000 0,000000
депутат 0,068993 0,000240
прогресс 0,090654 0,000316
антироссийский 2,813411 0,009803
форма 0,061875 0,000216
нажать 0,000000 0,000000
дом 0,061875 0,001078
последний 0,083382 0,000291
культура 0,000000 0,000000
пространство 3,218876 0,011216
обсудить 0,415515 0,001448
архив 0,000000 0,000000
статья 0,000000 0,000000
заявить 0,061875 0,001078
сша 0,040822 0,000711
лидер 1,347074 0,004694
всеполитикаобществопроисшествияконфликтыпреступность 2,014903 0,007021
гражданский 3,064725 0,010678
бонус 0,047791 0,000333
среда 0,000000 0,000000
раскрытие 0,076161 0,000265
редактор 0,556288 0,001938
море 2,612740 0,036414
остаться 0,047791 0,000167
эксклюзив 0,000000 0,000000
уволить 0,076161 0,000265
скидка 0,047791 0,000167
мораторий 5,010635 0,052376
зерно 4,317488 0,015044
погружаться 0,047791 0,000167
стив 3,064725 0,010678
увлекательный 0,047791 0,000167
поднимать 5,010635 0,017459
использованияполитик 0,000000 0,000000
служба 2,120264 0,007388
риа 1,272966 0,004435
вмф 3,064725 0,010678
деактивировать 0,013423 0,000047
договорённость 2,302585 0,008023
рекомендательный 0,000000 0,000000
белый 1,609438 0,022431
переговоры 0,047791 0,000167
получать 0,033902 0,000118
максим 2,813411 0,009803
хотеть 0,013423 0,000047
обратиться 0,076161 0,000265
забота 0,000000 0,000000
сбер 0,040822 0,000142
пожаловать 0,013423 0,000047
работать 0,027029 0,000377
трамп 0,054808 0,000191
крупный 0,054808 0,000382
агентство 2,302585 0,008023
грузовой 3,624341 0,012628
огонь 1,609438 0,005608
спецпроект 0,000000 0,000000
это 0,020203 0,000070
победа 0,000000 0,000000
украинский 0,047791 0,000167
вещь 2,445686 0,008522
слово 0,820981 0,002861
белоус 0,076161 0,000265
прибыть 0,083382 0,000291
два 0,033902 0,000236
президент 0,851752 0,002968
новость 0,000000 0,000000
туристка 0,076161 0,000265
мотор 0,000000 0,000000
сми 0,000000 0,000000
акция 0,047791 0,000167
наслать 0,000000 0,000000
такой 1,003302 0,003496
жизнь 0,000000 0,000000
жилец 0,068993 0,000240
инфраструктура 2,014903 0,007021
предречь 0,076161 0,000531
жать 0,013423 0,000047
черноморский 3,912023 0,013631
войти 0,000000 0,000000
место 0,027029 0,000094
свет 0,054808 0,000191
регион 0,076161 0,000265
мс 0,097980 0,000341
март 0,040822 0,000142
военный 0,020203 0,000282
летний 0,047791 0,000167
рада 0,068993 0,000240
экономика 0,000000 0,000000
достигнуть 2,302585 0,008023
восток 2,177422 0,007587
энергетический 2,371578 0,008263
уход 0,076161 0,000265
опечатка 0,000000 0,000000
соглашение 2,612740 0,009104
хороший 0,006689 0,000023
спор 0,097980 0,000341
вызвать 0,090654 0,000316
обычный 0,013423 0,000047
конфиденциальность 0,047791 0,000167
изнасиловать 0,076161 0,000265
продолжать 0,033902 0,000118
реальный 0,013423 0,000047
ссср 0,000000 0,000000
техника 0,000000 0,000000
тысяча 0,054808 0,000191
подчеркнуть 2,066196 0,007199
вопрос 1,021651 0,014239
затопить 0,076161 0,000265
игра 0,000000 0,000000
обменивать 0,047791 0,000167
минь 0,000000 0,000000
условие 0,033902 0,000236
ваш 0,047791 0,000167
главное 0,000000 0,000000
медитация 0,076161 0,000265
правда 0,040822 0,000142
передавать 2,525729 0,008800
достижение 2,302585 0,008023
видеть 0,013423 0,000047
габриелять 3,624341 0,012628
реакция 0,047791 0,000333
материал 0,000000 0,000000
наука 0,000000 0,000000
