стукач 5,010635 0,013542
ру 0,000000 0,000000
омерта 3,912023 0,010573
банк 0,068993 0,000186
святость 3,912023 0,021146
лента 0,000000 0,000000
новый 0,000000 0,000000
день 0,033902 0,000092
криминальный 3,912023 0,010573
собеседник 3,218876 0,008700
перемирие 0,076161 0,000206
вынести 3,218876 0,008700
спорт 0,000000 0,000000
выйти 1,752539 0,004737
угрожать 3,064725 0,008283
отвести 0,076161 0,000206
этот 1,427116 0,003857
добро 0,013423 0,000109
сам 1,226446 0,006629
согласие 0,047791 0,000129
путешествие 0,000000 0,000000
четыре 0,040822 0,000110
менее 2,014903 0,005446
друг 1,791759 0,009685
нострый 2,931194 0,023766
протяжение 3,912023 0,010573
убивать 3,218876 0,008700
исчезновение 3,401197 0,009192
конфликт 0,061875 0,000167
конфиденциальностиправить 0,000000 0,000000
пол 0,090654 0,000245
помощь 0,027029 0,000073
декабрь 1,966113 0,005314
человек 0,762140 0,004120
вода 0,054808 0,000148
фото 0,061875 0,000334
удаться 1,678431 0,004536
политика 0,040822 0,000110
применение 0,000000 0,000000
смочь 1,399717 0,003783
век 1,919593 0,005188
признать 1,484275 0,004012
ценность 0,000000 0,000000
мир 0,000000 0,000000
вернуться 0,006689 0,000018
пытка 4,317488 0,011669
индия 0,076161 0,000206
пройти 1,427116 0,003857
структура 0,000000 0,000000
российский 0,033902 0,000183
итальянский 3,624341 0,009796
обитание 0,000000 0,000000
речь 2,445686 0,006610
бывший 0,000000 0,000000
россия 0,000000 0,000000
интернет 0,000000 0,000000
маккартень 0,097980 0,000265
ооо 0,000000 0,000000
свой 0,020203 0,000055
подарок 3,218876 0,008700
ранее 1,003302 0,002712
проблема 0,047791 0,000517
назвать 1,021651 0,002761
гид 0,076161 0,000206
технологийминь 0,000000 0,000000
город 0,047791 0,000129
италия 3,064725 0,016566
американский 0,054808 0,000148
разрушаться 5,010635 0,013542
галерея 0,000000 0,000000
внешность 0,097980 0,000265
жизниэксклюзив 5,010635 0,013542
сотрудник 0,068993 0,000186
принцесса 3,624341 0,019591
находиться 1,399717 0,003783
начаться 0,033902 0,000092
зеленский 0,054808 0,000296
начать 1,139434 0,006159
силовой 0,000000 0,000000
европа 1,791759 0,004843
пляжный 0,097980 0,000265
эмоция 0,047791 0,000129
сеть 0,090654 0,000245
приговор 3,401197 0,009192
выражать 0,047791 0,000258
период 2,014903 0,005446
подорвать 3,624341 0,009796
читать 0,040822 0,000110
военнослужащий 0,068993 0,000186
накапливать 0,047791 0,000129
причина 1,484275 0,004012
старый 2,371578 0,012819
облава 3,912023 0,010573
жаловаться 3,218876 0,008700
оценивать 0,047791 0,000129
купить 2,931194 0,007922
байконур 0,097980 0,000265
редакциярекламаконтактыпресс 0,000000 0,000000
видео 0,000000 0,000000
щедрый 3,624341 0,009796
похитить 3,064725 0,008283
эксперт 1,966113 0,005314
планомерный 5,010635 0,013542
сильно 2,445686 0,006610
таинственный 4,317488 0,011669
депутат 0,068993 0,000186
ненадёжный 5,010635 0,013542
отдавать 4,317488 0,011669
вселюдизвериедапроисшествияперсонысчастливчикианомалия 2,813411 0,007604
прогресс 0,090654 0,000245
жалкий 3,912023 0,010573
форма 0,061875 0,000167
коза 2,931194 0,023766
нажать 0,000000 0,000000
последний 0,083382 0,000225
дом 0,061875 0,000167
разрушение 3,912023 0,010573
культура 0,000000 0,000000
обсудить 0,415515 0,001123
архив 0,000000 0,000000
никита 2,931194 0,007922
статья 0,000000 0,000000
босс 2,525729 0,027305
заявить 0,061875 0,000167
сша 0,040822 0,000110
жалоба 3,064725 0,008283
бонус 0,047791 0,000258
среда 0,000000 0,000000
раскрытие 0,076161 0,000206
полицейский 2,931194 0,007922
наркокартель 3,912023 0,010573
остаться 0,047791 0,000129
внутри 2,445686 0,019830
прежний 2,371578 0,006410
многие 1,714798 0,009269
джанкарло 3,912023 0,010573
эксклюзив 0,000000 0,000000
уволить 0,076161 0,000206
преемственность 5,010635 0,013542
скидка 0,047791 0,000129
нидерланды 3,912023 0,021146
тема 1,297063 0,003506
объяснить 1,484275 0,004012
оказаться 1,249435 0,003377
погружаться 0,047791 0,000129
устраивать 3,064725 0,008283
сделать 1,321756 0,003572
увлекательный 0,047791 0,000129
использованияполитик 0,000000 0,000000
деактивировать 0,013423 0,000036
святой 3,912023 0,021146
далее 2,708050 0,007319
рекомендательный 0,000000 0,000000
наркобарон 5,010635 0,013542
являться 1,714798 0,004635
переговоры 0,047791 0,000129
получать 0,033902 0,000092
год 0,521999 0,002822
усилие 2,813411 0,015208
хотеть 0,013423 0,000073
обратиться 0,076161 0,000206
забота 0,000000 0,000000
октябрь 2,612740 0,007061
сбер 0,040822 0,000110
пожаловать 0,013423 0,000036
стать 0,499776 0,002701
потеря 2,014903 0,010891
наркомафия 5,010635 0,013542
трамп 0,054808 0,000148
работать 0,027029 0,000073
григорий 3,912023 0,010573
который 0,521999 0,001411
романо 3,912023 0,021146
крупный 0,054808 0,000444
голландия 5,010635 0,013542
спецпроект 0,000000 0,000000
это 0,020203 0,000109
легендарный 2,066196 0,005584
победа 0,000000 0,000000
закон 3,912023 0,010573
украинский 0,047791 0,000129
уверенный 2,445686 0,006610
белоус 0,076161 0,000206
исследователь 3,401197 0,009192
прибыть 0,083382 0,000225
два 0,033902 0,000183
рассказать 0,985284 0,007989
страх 2,238047 0,006049
новость 0,000000 0,000000
туристка 0,076161 0,000206
мотор 0,000000 0,000000
сми 0,000000 0,000000
акция 0,047791 0,000129
наслать 0,000000 0,000000
поколение 2,813411 0,022811
жизнь 0,000000 0,000000
жилец 0,068993 0,000186
предречь 0,076161 0,000412
жать 0,013423 0,000036
сдавать 3,401197 0,009192
войти 0,000000 0,000000
улица 2,302585 0,006223
держать 3,624341 0,009796
место 0,027029 0,000073
свет 0,054808 0,000148
регион 0,076161 0,000206
мс 0,097980 0,000265
историк 2,931194 0,039611
март 0,040822 0,000221
преступный 2,445686 0,019830
благодаря 2,238047 0,006049
военный 0,020203 0,000109
летний 0,047791 0,000129
участие 2,014903 0,005446
рада 0,068993 0,000186
экономика 0,000000 0,000000
остров 3,064725 0,008283
глаз 2,066196 0,005584
уход 0,076161 0,000206
опечатка 0,000000 0,000000
почему 0,899761 0,004864
хороший 0,006689 0,000018
спор 0,097980 0,000265
савин 3,624341 0,009796
прокомментировать 2,525729 0,006826
сицилийский 2,708050 0,036595
вызвать 0,090654 0,000245
обычный 0,013423 0,000036
власть 1,609438 0,008700
конфиденциальность 0,047791 0,000129
уровень 1,643339 0,004441
тайвань 3,912023 0,010573
влияние 1,919593 0,010376
изнасиловать 0,076161 0,000206
продолжать 0,033902 0,000092
перехват 3,912023 0,010573
реальный 0,013423 0,000036
ссср 0,000000 0,000000
техника 0,000000 0,000000
тысяча 0,054808 0,000148
мафия 2,708050 0,051233
молодой 2,525729 0,006826
февраль 1,160488 0,006273
идти 1,297063 0,003506
затопить 0,076161 0,000206
игра 0,000000 0,000000
обменивать 0,047791 0,000129
минь 0,000000 0,000000
принимать 2,445686 0,006610
традиция 3,218876 0,026099
условие 0,033902 0,000183
ваш 0,047791 0,000129
главное 0,000000 0,000000
мнение 1,643339 0,004441
медитация 0,076161 0,000206
правда 0,040822 0,000110
сообщаться 2,371578 0,006410
прядко 3,912023 0,021146
опасный 2,238047 0,006049
видеть 0,013423 0,000036
реакция 0,047791 0,000258
мафиози 3,912023 0,021146
очень 1,347074 0,010922
скорый 2,525729 0,006826
материал 0,000000 0,000000
наука 0,000000 0,000000
сообщество 2,445686 0,013220
беседа 1,752539 0,004737
реорганизация 5,010635 0,013542
