автомобиль 2,177422 0,003930
вывести 2,931194 0,005291
ру 0,000000 0,000000
рф 1,514128 0,008199
боевой 2,371578 0,004281
личный 1,791759 0,003234
банк 0,068993 0,000125
лента 0,000000 0,000000
новый 0,000000 0,000000
день 0,033902 0,000122
нейтральный 4,317488 0,007793
разведка 2,612740 0,004716
перемирие 0,076161 0,000275
спорт 0,000000 0,000000
район 2,120264 0,003827
ряд 2,525729 0,004559
мочь 0,836248 0,003019
отвести 0,076161 0,000275
успех 2,238047 0,004040
добро 0,013423 0,000073
согласие 0,047791 0,000086
частность 2,525729 0,004559
путешествие 0,000000 0,000000
четыре 0,040822 0,000074
вскрыть 5,010635 0,009044
недоговороспособность 3,624341 0,006542
удар 1,455287 0,007881
север 3,912023 0,007061
долго 2,612740 0,004716
конфликт 0,061875 0,000335
конфиденциальностиправить 0,000000 0,000000
проиграть 2,445686 0,004415
помощь 0,027029 0,000049
басков 3,401197 0,006139
человек 0,762140 0,002751
вода 0,054808 0,000099
фото 0,061875 0,000335
тяжёлый 1,791759 0,003234
пункт 1,966113 0,003549
лес 3,064725 0,005532
удаться 1,678431 0,006059
политика 0,040822 0,000074
марина 4,317488 0,007793
артиллерия 3,064725 0,005532
разговор 1,160488 0,004189
применение 0,000000 0,000000
продолжаться 2,708050 0,004888
действовать 2,238047 0,004040
экс 2,066196 0,003730
течение 1,966113 0,003549
область 1,272966 0,029871
киевский 3,218876 0,005810
инженерный 3,912023 0,014123
тактический 5,010635 0,009044
опасно 2,813411 0,005078
ценность 0,000000 0,000000
сила 1,321756 0,007158
мир 0,000000 0,000000
вернуться 0,006689 0,000012
впервые 1,919593 0,003465
индия 0,076161 0,000137
штурмовик 2,931194 0,005291
структура 0,000000 0,000000
русский 1,919593 0,003465
российский 0,033902 0,000367
обитание 0,000000 0,000000
предположительно 5,010635 0,009044
бывший 0,000000 0,000000
небольшой 2,177422 0,003930
бронетехника 3,912023 0,007061
время 0,693147 0,002502
узнать 2,014903 0,003637
россия 0,000000 0,000000
интернет 0,000000 0,000000
сутки 2,445686 0,004415
оперативно 4,317488 0,015587
ооо 0,000000 0,000000
свой 0,020203 0,000036
данный 2,445686 0,004415
существование 2,813411 0,005078
проблема 0,047791 0,000086
провокация 2,302585 0,012469
режим 1,966113 0,003549
также 0,762140 0,001376
назвать 1,021651 0,003688
гид 0,076161 0,000137
технологийминь 0,000000 0,000000
отражение 3,624341 0,006542
украина 0,805943 0,008729
город 0,047791 0,000086
час 1,455287 0,002627
американский 0,054808 0,000297
телефонный 1,643339 0,002966
госграница 5,010635 0,027133
галерея 0,000000 0,000000
прекращение 1,714798 0,006191
пытаться 1,347074 0,004863
сотрудник 0,068993 0,000125
территория 1,609438 0,002905
десант 3,064725 0,005532
начаться 0,033902 0,000061
зеленский 0,054808 0,000396
осуществить 3,624341 0,006542
силовой 0,000000 0,000000
эмоция 0,047791 0,000086
направление 2,302585 0,004156
ключевой 2,445686 0,004415
вооружённый 1,678431 0,003030
ход 1,678431 0,003030
выражать 0,047791 0,000173
мирный 1,966113 0,003549
дрон 1,832581 0,003308
применить 3,912023 0,007061
обменяться 3,401197 0,006139
система 1,643339 0,005933
читать 0,040822 0,000074
военнослужащий 0,068993 0,000125
минобороны 1,966113 0,014196
знать 1,576648 0,002846
накапливать 0,047791 0,000086
дональд 1,544899 0,005577
отказ 2,120264 0,003827
нападение 3,218876 0,005810
кроме 1,427116 0,002576
войско 2,371578 0,012842
оценивать 0,047791 0,000086
происшествие 2,813411 0,005078
обстреливаться 5,010635 0,009044
один 0,836248 0,001509
пережить 2,302585 0,004156
подтвердить 2,238047 0,004040
населить 2,525729 0,004559
редакциярекламаконтактыпресс 0,000000 0,000000
видео 0,000000 0,000000
ракетный 3,218876 0,011620
вклиниться 3,912023 0,014123
блогер 2,813411 0,005078
взаимный 2,931194 0,005291
что 2,708050 0,004888
депутат 0,068993 0,000125
существенный 3,912023 0,007061
часть 1,484275 0,005358
разминирование 5,010635 0,009044
выход 2,120264 0,003827
форма 0,061875 0,000112
нажать 0,000000 0,000000
последний 0,083382 0,000151
дом 0,061875 0,000112
московский 2,014903 0,003637
сторона 1,321756 0,002386
пограничный 3,624341 0,006542
задействовать 3,064725 0,016596
культура 0,000000 0,000000
момент 1,399717 0,002527
обсудить 0,415515 0,000750
мираж 3,401197 0,006139
выдвинуть 3,218876 0,005810
архив 0,000000 0,000000
сумский 2,813411 0,005078
статья 0,000000 0,000000
реактивный 4,317488 0,007793
поддержать 2,177422 0,003930
скопление 4,317488 0,007793
позиция 1,832581 0,006616
заявить 0,061875 0,000112
сша 0,040822 0,000221
лидер 1,347074 0,002432
потерять 2,238047 0,008080
карта 2,014903 0,003637
бомба 3,218876 0,005810
бонус 0,047791 0,000173
авиационный 3,624341 0,013084
среда 0,000000 0,000000
раскрытие 0,076161 0,000137
негативный 3,218876 0,005810
мировой 1,752539 0,003163
редактор 0,556288 0,001004
остаться 0,047791 0,000086
граница 2,014903 0,010911
западный 2,014903 0,003637
прикрытие 3,912023 0,007061
эксклюзив 0,000000 0,000000
контакт 1,919593 0,003465
уволить 0,076161 0,000137
фон 2,371578 0,004281
скидка 0,047791 0,000086
авиация 2,612740 0,004716
секрет 2,302585 0,004156
москва 1,021651 0,003688
атака 1,966113 0,010647
воспользоваться 3,912023 0,007061
тема 1,297063 0,004683
объяснить 1,484275 0,005358
государственный 2,525729 0,004559
подойти 2,813411 0,005078
предложение 1,919593 0,006930
погружаться 0,047791 0,000086
результат 1,347074 0,004863
увлекательный 0,047791 0,000086
сорвать 2,371578 0,004281
оккупация 2,525729 0,004559
использованияполитик 0,000000 0,000000
выглядеть 1,752539 0,003163
нанести 2,813411 0,005078
деактивировать 0,013423 0,000024
рекомендательный 0,000000 0,000000
противник 2,525729 0,022795
утром 2,612740 0,004716
переговоры 0,047791 0,000431
получать 0,033902 0,000061
будущее 2,066196 0,003730
машина 1,875141 0,010154
хотеть 0,013423 0,000048
обратиться 0,076161 0,000137
отрк 5,010635 0,009044
перейти 2,445686 0,004415
забота 0,000000 0,000000
солистка 3,218876 0,005810
сбер 0,040822 0,000074
угроза 2,302585 0,004156
пожаловать 0,013423 0,000024
потеря 2,014903 0,003637
трамп 0,054808 0,000594
ведущий 2,371578 0,004281
работать 0,027029 0,000049
который 0,521999 0,000942
пересечь 3,912023 0,007061
военкор 3,064725 0,011064
участок 3,218876 0,005810
крупный 0,054808 0,000198
фаб 4,317488 0,007793
провести 1,514128 0,005466
подразделение 2,813411 0,005078
огонь 1,609438 0,008715
операция 1,514128 0,005466
спецпроект 0,000000 0,000000
это 0,020203 0,000073
семь 2,708050 0,004888
труба 3,064725 0,005532
победа 0,000000 0,000000
огнемётный 5,010635 0,009044
украинский 0,047791 0,000345
белоус 0,076161 0,000137
два 0,033902 0,000245
рассказать 0,985284 0,001778
страна 0,747955 0,001350
президент 0,851752 0,003075
весна 3,912023 0,007061
новость 0,000000 0,000000
туристка 0,076161 0,000137
мотор 0,000000 0,000000
армейский 5,010635 0,009044
сми 0,000000 0,000000
акция 0,047791 0,000086
создать 2,120264 0,003827
залповый 4,317488 0,007793
наслать 0,000000 0,000000
сюжетатака 3,912023 0,007061
руководитель 2,445686 0,004415
жизнь 0,000000 0,000000
ночной 3,912023 0,007061
разграждение 3,912023 0,007061
жить 1,643339 0,002966
жилец 0,068993 0,000125
инфраструктура 2,014903 0,003637
предречь 0,076161 0,000275
жать 0,013423 0,000024
войти 0,000000 0,000000
демидовка 3,401197 0,006139
место 0,027029 0,000098
свет 0,054808 0,000099
государство 1,919593 0,003465
активизация 5,010635 0,009044
регион 0,076161 0,000137
накануне 2,238047 0,008080
ведомство 2,066196 0,003730
март 0,040822 0,000589
благодаря 2,238047 0,004040
военный 0,020203 0,000146
рада 0,068993 0,000125
попытка 1,609438 0,011620
экономика 0,000000 0,000000
состав 2,445686 0,004415
канал 1,791759 0,003234
энергетический 2,371578 0,004281
комплекс 3,401197 0,006139
снегопад 5,010635 0,009044
использовать 1,919593 0,003465
уход 0,076161 0,000137
опечатка 0,000000 0,000000
почему 0,899761 0,001624
прилесье 3,624341 0,006542
указать 1,966113 0,003549
хороший 0,006689 0,000012
обида 3,401197 0,006139
отчитаться 2,813411 0,005078
объект 1,832581 0,003308
белгородский 2,445686 0,035317
киев 1,714798 0,015477
обычный 0,013423 0,000024
затем 1,875141 0,003385
бронировать 3,912023 0,007061
вклинение 5,010635 0,009044
конфиденциальность 0,047791 0,000086
искандер 3,624341 0,006542
уровень 1,643339 0,005933
танк 2,708050 0,009776
параллельмыть 2,177422 0,003930
владимир 1,160488 0,004189
путин 0,967584 0,006986
составить 2,813411 0,005078
действие 1,714798 0,003095
торнадо 5,010635 0,009044
полоса 3,912023 0,007061
изнасиловать 0,076161 0,000137
продолжать 0,033902 0,000061
первый 0,883501 0,001595
реальный 0,013423 0,000024
выдвинуться 5,010635 0,009044
ссср 0,000000 0,000000
техника 0,000000 0,000000
тысяча 0,054808 0,000099
курский 1,791759 0,012937
среагировать 5,010635 0,009044
бронемашина 3,912023 0,007061
всу 1,373049 0,034698
пять 1,484275 0,005358
политолог 2,708050 0,004888
рсзый 5,010635 0,009044
опубликовать 1,875141 0,003385
идти 1,297063 0,002341
нежелание 3,912023 0,007061
затопить 0,076161 0,000137
игра 0,000000 0,000000
инициатива 2,525729 0,004559
обменивать 0,047791 0,000086
минь 0,000000 0,000000
условие 0,033902 0,000122
ваш 0,047791 0,000086
главное 0,000000 0,000000
ответ 1,678431 0,003030
мнение 1,643339 0,002966
федерация 3,401197 0,006139
медитация 0,076161 0,000137
правда 0,040822 0,000074
совиный 4,317488 0,007793
информация 1,514128 0,002733
группировка 2,445686 0,004415
риск 2,120264 0,003827
видеть 0,013423 0,000024
реакция 0,047791 0,000173
российско 3,218876 0,005810
умпк 5,010635 0,009044
вторгнуться 2,813411 0,010157
отражаться 5,010635 0,009044
материал 0,000000 0,000000
наука 0,000000 0,000000
высокий 1,455287 0,005254
сообщить 1,297063 0,004683
беседа 1,752539 0,003163
