состояться 2,014903 0,007300
ру 0,000000 0,000000
банк 0,068993 0,000250
лента 0,000000 0,000000
новый 0,000000 0,000000
день 0,033902 0,000123
перемирие 0,076161 0,000276
спорт 0,000000 0,000000
отвести 0,076161 0,000276
добро 0,013423 0,000146
согласие 0,047791 0,000173
путешествие 0,000000 0,000000
четыре 0,040822 0,000148
всенаукать 3,064725 0,011104
конфликт 0,061875 0,000224
юпитер 5,010635 0,018154
конфиденциальностиправить 0,000000 0,000000
пол 0,090654 0,000328
помощь 0,027029 0,000098
декабрь 1,966113 0,007124
вода 0,054808 0,000199
фото 0,061875 0,000448
политика 0,040822 0,000148
применение 0,000000 0,000000
космос 2,813411 0,010194
ценность 0,000000 0,000000
мир 0,000000 0,000000
вернуться 0,006689 0,000024
индия 0,076161 0,000276
структура 0,000000 0,000000
российский 0,033902 0,000246
обитание 0,000000 0,000000
специалист 2,445686 0,008861
бывший 0,000000 0,000000
россиикосмосоружиеисторияздоровьебудущеетехникагаджетыигрысофт 3,064725 0,011104
россия 0,000000 0,000000
интернет 0,000000 0,000000
космонавтика 3,912023 0,014174
маккартень 0,097980 0,000355
ооо 0,000000 0,000000
свой 0,020203 0,000073
мощный 3,064725 0,011104
ранее 1,003302 0,003635
проблема 0,047791 0,000173
потапов 4,317488 0,015643
январь 1,514128 0,005486
космический 3,624341 0,026263
гид 0,076161 0,000276
технологийминь 0,000000 0,000000
город 0,047791 0,000173
американский 0,054808 0,000199
галерея 0,000000 0,000000
корабль 2,931194 0,053101
внешность 0,097980 0,000355
грузовик 4,317488 0,015643
сотрудник 0,068993 0,000250
мкс 4,317488 0,046929
начаться 0,033902 0,000246
зеленский 0,054808 0,000397
силовой 0,000000 0,000000
осмотр 4,317488 0,015643
пляжный 0,097980 0,000355
эмоция 0,047791 0,000173
сеть 0,090654 0,000328
выражать 0,047791 0,000346
читать 0,040822 0,000148
военнослужащий 0,068993 0,000250
накапливать 0,047791 0,000173
оценивать 0,047791 0,000173
байконур 0,097980 0,002130
законсервировать 4,317488 0,015643
редакциярекламаконтактыпресс 0,000000 0,000000
видео 0,000000 0,000000
депутат 0,068993 0,000250
прогресс 0,090654 0,002299
форма 0,061875 0,000224
нажать 0,000000 0,000000
последний 0,083382 0,000302
дом 0,061875 0,000224
культура 0,000000 0,000000
лето 2,612740 0,009466
космодром 4,317488 0,031286
обсудить 0,415515 0,001505
эра 3,064725 0,011104
архив 0,000000 0,000000
статья 0,000000 0,000000
заявить 0,061875 0,000224
сша 0,040822 0,000296
запустить 2,302585 0,008343
бонус 0,047791 0,000346
среда 0,000000 0,000000
раскрытие 0,076161 0,000276
пуск 3,912023 0,028348
луна 3,401197 0,012323
остаться 0,047791 0,000173
ракета 2,813411 0,030581
эксклюзив 0,000000 0,000000
уволить 0,076161 0,000276
скидка 0,047791 0,000173
трудно 3,401197 0,012323
тема 1,297063 0,004700
погружаться 0,047791 0,000173
увлекательный 0,047791 0,000173
использованияполитик 0,000000 0,000000
госкорпорация 3,912023 0,028348
деактивировать 0,013423 0,000049
рекомендательный 0,000000 0,000000
прорыв 3,064725 0,011104
переговоры 0,047791 0,000173
получать 0,033902 0,000123
год 0,521999 0,003783
пилотировать 3,912023 0,014174
хотеть 0,013423 0,000049
обратиться 0,076161 0,000276
подготовка 2,302585 0,008343
международный 1,875141 0,006794
забота 0,000000 0,000000
сбер 0,040822 0,000148
пожаловать 0,013423 0,000049
станция 3,401197 0,024646
трамп 0,054808 0,000199
работать 0,027029 0,000098
выгрузка 5,010635 0,018154
который 0,521999 0,001891
крупный 0,054808 0,000397
грузовой 3,624341 0,013132
провести 1,514128 0,005486
спецпроект 0,000000 0,000000
это 0,020203 0,000073
победа 0,000000 0,000000
украинский 0,047791 0,000173
белоус 0,076161 0,000276
прибыть 0,083382 0,001511
два 0,033902 0,000246
запуск 3,624341 0,013132
новость 0,000000 0,000000
туристка 0,076161 0,000276
мотор 0,000000 0,000000
сми 0,000000 0,000000
акция 0,047791 0,000173
наслать 0,000000 0,000000
жизнь 0,000000 0,000000
жилец 0,068993 0,000250
союз 1,966113 0,021371
иван 2,931194 0,010620
предречь 0,076161 0,000552
жать 0,013423 0,000049
войти 0,000000 0,000000
начало 1,399717 0,005071
место 0,027029 0,000098
свет 0,054808 0,000199
транспортный 4,317488 0,015643
отправить 2,066196 0,007486
регион 0,076161 0,000276
миссия 3,218876 0,011663
мс 0,097980 0,002840
измениться 2,177422 0,007889
март 0,040822 0,000148
догнать 5,010635 0,018154
военный 0,020203 0,000073
летний 0,047791 0,000173
покорение 4,317488 0,015643
рада 0,068993 0,000250
экономика 0,000000 0,000000
уход 0,076161 0,000276
опечатка 0,000000 0,000000
отправиться 2,445686 0,008861
хороший 0,006689 0,000024
спор 0,097980 0,000355
вызвать 0,090654 0,000328
апрель 2,525729 0,009151
обычный 0,013423 0,000049
конфиденциальность 0,047791 0,000173
венера 4,317488 0,015643
изнасиловать 0,076161 0,000276
продолжать 0,033902 0,000123
роскосмос 3,218876 0,023325
реальный 0,013423 0,000049
техника 0,000000 0,000000
ссср 0,000000 0,000000
завершение 3,218876 0,011663
тысяча 0,054808 0,000199
запланировать 3,624341 0,013132
февраль 1,160488 0,004205
затопить 0,076161 0,000276
игра 0,000000 0,000000
обменивать 0,047791 0,000173
минь 0,000000 0,000000
условие 0,033902 0,000246
ваш 0,047791 0,000173
главное 0,000000 0,000000
медитация 0,076161 0,000276
правда 0,040822 0,000148
видеть 0,013423 0,000049
сообщать 1,791759 0,006492
реакция 0,047791 0,000346
самый 0,883501 0,003201
материал 0,000000 0,000000
наука 0,000000 0,000000
сообщить 1,297063 0,004700
второй 1,643339 0,005954
