ру 0,000000 0,000000
рф 1,514128 0,015663
банк 0,068993 0,000238
лента 0,000000 0,000000
оснащение 3,624341 0,024995
лев 3,624341 0,012498
новый 0,000000 0,000000
день 0,033902 0,000117
назначение 3,401197 0,011728
перемирие 0,076161 0,000263
спорт 0,000000 0,000000
месяц 1,714798 0,005913
отвести 0,076161 0,000263
добро 0,013423 0,000139
согласие 0,047791 0,000165
путешествие 0,000000 0,000000
четыре 0,040822 0,000282
всенаукать 3,064725 0,010568
моисеев 5,010635 0,069112
конфликт 0,061875 0,000213
конфиденциальностиправить 0,000000 0,000000
александр 1,373049 0,009469
пол 0,090654 0,000313
помощь 0,027029 0,000093
вооружение 3,064725 0,010568
декабрь 1,966113 0,006780
вода 0,054808 0,000189
фото 0,061875 0,000427
политика 0,040822 0,000141
м 2,066196 0,007125
применение 0,000000 0,000000
гиперзвуковой 4,317488 0,014888
оружие 2,120264 0,043868
ядерный 2,931194 0,010108
ценность 0,000000 0,000000
сила 1,321756 0,027347
мир 0,000000 0,000000
вернуться 0,006689 0,000023
весь 1,078810 0,011160
индия 0,076161 0,000263
структура 0,000000 0,000000
стратегический 2,612740 0,009009
российский 0,033902 0,000234
обитание 0,000000 0,000000
проект 2,813411 0,019403
бывший 0,000000 0,000000
морской 3,218876 0,011100
россиикосмосоружиеисторияздоровьебудущеетехникагаджетыигрысофт 3,064725 0,010568
россия 0,000000 0,000000
интернет 0,000000 0,000000
маккартень 0,097980 0,000338
ооо 0,000000 0,000000
свой 0,020203 0,000070
проблема 0,047791 0,000165
начальник 2,238047 0,007717
составлять 2,302585 0,007940
потапов 4,317488 0,014888
флот 3,401197 0,023457
гид 0,076161 0,000263
технологийминь 0,000000 0,000000
город 0,047791 0,000165
американский 0,054808 0,000189
напомнить 2,445686 0,008433
галерея 0,000000 0,000000
внешность 0,097980 0,000338
сотрудник 0,068993 0,000238
начаться 0,033902 0,000117
зеленский 0,054808 0,000378
выступить 2,238047 0,007717
силовой 0,000000 0,000000
пляжный 0,097980 0,000338
эмоция 0,047791 0,000165
сеть 0,090654 0,000313
вооружённый 1,678431 0,005788
циркон 5,010635 0,017278
выражать 0,047791 0,000330
число 1,226446 0,004229
читать 0,040822 0,000141
военнослужащий 0,068993 0,000238
накапливать 0,047791 0,000165
оценивать 0,047791 0,000165
байконур 0,097980 0,000338
один 0,836248 0,002884
оценка 2,931194 0,010108
редакциярекламаконтактыпресс 0,000000 0,000000
видео 0,000000 0,000000
ракетный 3,218876 0,011100
депутат 0,068993 0,000238
прогресс 0,090654 0,000313
оценить 2,066196 0,014250
спектр 3,624341 0,024995
форма 0,061875 0,000213
нажать 0,000000 0,000000
последний 0,083382 0,000288
дом 0,061875 0,000213
культура 0,000000 0,000000
обсудить 0,415515 0,001433
архив 0,000000 0,000000
валерий 3,218876 0,011100
крейсер 5,010635 0,017278
статья 0,000000 0,000000
современный 2,066196 0,035624
заявить 0,061875 0,000427
сша 0,040822 0,000141
бонус 0,047791 0,000330
среда 0,000000 0,000000
раскрытие 0,076161 0,000263
боря 4,317488 0,014888
остаться 0,047791 0,000165
ракета 2,813411 0,009701
получить 1,059392 0,003653
эксклюзив 0,000000 0,000000
уволить 0,076161 0,000263
скидка 0,047791 0,000165
главком 3,401197 0,058641
погружаться 0,047791 0,000165
атомный 3,064725 0,010568
ясень 5,010635 0,017278
увлекательный 0,047791 0,000165
поступить 2,708050 0,009338
использованияполитик 0,000000 0,000000
риа 1,272966 0,004390
вмф 3,064725 0,073976
павел 2,612740 0,009009
деактивировать 0,013423 0,000046
рекомендательный 0,000000 0,000000
тасс 2,371578 0,008178
являться 1,714798 0,005913
переговоры 0,047791 0,000165
получать 0,033902 0,000117
год 0,521999 0,003600
хотеть 0,013423 0,000046
обратиться 0,076161 0,000263
забота 0,000000 0,000000
сбер 0,040822 0,000141
пожаловать 0,013423 0,000046
трамп 0,054808 0,000189
работать 0,027029 0,000093
генштаб 5,010635 0,017278
крупный 0,054808 0,000378
триада 5,010635 0,017278
спецпроект 0,000000 0,000000
это 0,020203 0,000070
победа 0,000000 0,000000
украинский 0,047791 0,000165
белоус 0,076161 0,000263
прибыть 0,083382 0,000288
два 0,033902 0,000234
новость 0,000000 0,000000
туристка 0,076161 0,000263
мотор 0,000000 0,000000
сми 0,000000 0,000000
акция 0,047791 0,000165
наслать 0,000000 0,000000
жизнь 0,000000 0,000000
жилец 0,068993 0,000238
иван 2,931194 0,010108
предречь 0,076161 0,000525
жать 0,013423 0,000046
войти 0,000000 0,000000
место 0,027029 0,000093
свет 0,054808 0,000189
герасимов 5,010635 0,017278
регион 0,076161 0,000263
мс 0,097980 0,000338
многоцелевой 5,010635 0,017278
март 0,040822 0,000141
военный 0,020203 0,000139
летний 0,047791 0,000165
рада 0,068993 0,000238
экономика 0,000000 0,000000
уход 0,076161 0,000263
опечатка 0,000000 0,000000
хороший 0,006689 0,000023
спор 0,097980 0,000338
вызвать 0,090654 0,000313
обычный 0,013423 0,000046
подводный 3,401197 0,082098
конфиденциальность 0,047791 0,000165
офицер 2,708050 0,009338
изнасиловать 0,076161 0,000263
продолжать 0,033902 0,000117
лодка 4,317488 0,014888
реальный 0,013423 0,000046
техника 0,000000 0,000000
ссср 0,000000 0,000000
тысяча 0,054808 0,000189
затопить 0,076161 0,000263
игра 0,000000 0,000000
обменивать 0,047791 0,000165
минь 0,000000 0,000000
условие 0,033902 0,000234
ваш 0,047791 0,000165
главное 0,000000 0,000000
оснастить 5,010635 0,034556
медитация 0,076161 0,000263
правда 0,040822 0,000141
видеть 0,013423 0,000046
сообщать 1,791759 0,006178
реакция 0,047791 0,000330
материал 0,000000 0,000000
наука 0,000000 0,000000
сообщить 1,297063 0,008945
