париж 3,624341 0,003256
состояться 2,014903 0,001810
придумать 2,525729 0,004539
ру 0,000000 0,000000
банк 0,068993 0,000062
убежище 3,912023 0,003515
новый 0,000000 0,000000
загадочный 2,931194 0,002634
день 0,033902 0,000061
криптовалютный 5,010635 0,004502
перемирие 0,076161 0,000137
найти 1,678431 0,001508
вынести 3,218876 0,002892
происходить 1,752539 0,003149
санкция 2,014903 0,001810
анфиса 5,010635 0,004502
угрожать 3,064725 0,002754
местный 2,066196 0,001856
попросить 2,445686 0,006592
смехотворный 5,010635 0,004502
отвести 0,076161 0,000068
вокруг 2,525729 0,004539
добро 0,013423 0,000036
согласие 0,047791 0,000043
подсаживаться 3,912023 0,003515
путешествие 0,000000 0,000000
анонсировать 2,371578 0,002131
доступ 3,064725 0,005507
мозг 3,624341 0,003256
заявление 2,066196 0,001856
эпидемия 3,064725 0,005507
разгневать 3,912023 0,003515
мид 3,064725 0,002754
конфликт 0,061875 0,000111
обратно 3,401197 0,003056
пол 0,090654 0,000081
помощь 0,027029 0,000049
кибератака 4,317488 0,003879
карлсон 4,317488 0,015517
тв 3,912023 0,003515
вода 0,054808 0,000049
человек 0,762140 0,002054
дубай 4,317488 0,003879
журналюга 5,010635 0,004502
десятилетие 2,931194 0,002634
фото 0,061875 0,000056
политика 0,040822 0,000037
обжорство 5,010635 0,004502
разговор 1,160488 0,002085
влюбиться 4,317488 0,003879
макрон 3,401197 0,003056
ловушка 3,218876 0,002892
ядерный 2,931194 0,002634
совка 5,010635 0,004502
х 2,177422 0,001956
китай 2,612740 0,002347
уезжать 3,912023 0,003515
разгар 3,912023 0,003515
они 2,302585 0,002069
бросить 3,218876 0,005784
собчак 4,317488 0,003879
взорвать 3,064725 0,002754
мир 0,000000 0,000000
саммит 5,010635 0,004502
весь 1,078810 0,004846
запад 1,919593 0,006899
индия 0,076161 0,000068
искать 2,302585 0,002069
структура 0,000000 0,000000
русский 1,919593 0,001725
участница 4,317488 0,003879
дело 1,249435 0,001123
житель 1,678431 0,004524
бояться 2,120264 0,003810
абсолютно 3,064725 0,002754
практика 3,401197 0,003056
бывший 0,000000 0,000000
конец 1,643339 0,001476
время 0,693147 0,000623
кража 3,912023 0,003515
дубайский 5,010635 0,004502
создавать 2,371578 0,002131
записывать 3,624341 0,003256
очищение 5,010635 0,004502
маккартень 0,097980 0,000088
христианский 5,010635 0,004502
ооо 0,000000 0,000000
прислать 2,302585 0,002069
найтись 3,401197 0,003056
горло 5,010635 0,004502
сильный 1,678431 0,001508
проблема 0,047791 0,000086
главный 1,272966 0,001144
госуслуга 4,317488 0,003879
пообещать 2,931194 0,002634
появиться 1,373049 0,003701
индивидуальный 3,064725 0,002754
технологийминь 0,000000 0,000000
такер 4,317488 0,007758
украина 0,805943 0,005069
город 0,047791 0,000129
носить 2,813411 0,002528
час 1,455287 0,001308
журналистка 5,010635 0,004502
реалить 5,010635 0,004502
галерея 0,000000 0,000000
внешность 0,097980 0,000088
сиять 4,317488 0,003879
пытаться 1,347074 0,002421
зависимость 2,525729 0,002269
вырасти 2,371578 0,002131
россиянин 1,321756 0,015438
железный 3,218876 0,002892
начаться 0,033902 0,000061
иноагент 3,912023 0,007030
начать 1,139434 0,002048
изменение 2,612740 0,007042
сидеть 2,612740 0,002347
увидеть 1,752539 0,001575
силовой 0,000000 0,000000
закрытие 2,813411 0,005056
бесстрашный 5,010635 0,004502
показать 1,484275 0,001334
победить 2,525729 0,002269
продление 3,401197 0,003056
пляжный 0,097980 0,000088
рисковать 2,813411 0,002528
симоньян 5,010635 0,009004
отсутствие 2,612740 0,002347
миллиард 2,612740 0,002347
нож 4,317488 0,003879
отправитель 4,317488 0,003879
выигрыш 4,317488 0,003879
кремль 2,177422 0,001956
банковский 2,813411 0,002528
кукла 5,010635 0,004502
повышать 2,708050 0,002433
закрыть 3,218876 0,002892
вступить 3,624341 0,003256
преследователь 4,317488 0,003879
порядок 2,066196 0,001856
аморальный 5,010635 0,004502
выражать 0,047791 0,000086
восхититься 3,624341 0,003256
система 1,643339 0,001476
читать 0,040822 0,000037
отказ 2,120264 0,001905
дрожать 2,931194 0,005267
нападение 3,218876 0,002892
возмутить 3,912023 0,003515
оценивать 0,047791 0,000043
байконур 0,097980 0,000088
цитата 4,317488 0,003879
один 0,836248 0,002254
пук 5,010635 0,004502
редакциярекламаконтактыпресс 0,000000 0,000000
британский 2,708050 0,004866
совет 1,714798 0,001541
видео 0,000000 0,000000
оценить 2,066196 0,001856
эфир 3,912023 0,010545
заплакать 5,010635 0,004502
антироссийский 2,813411 0,002528
нация 5,010635 0,004502
потрясти 4,317488 0,003879
свобода 2,931194 0,002634
экстремальный 4,317488 0,003879
последний 0,083382 0,000075
ступня 4,317488 0,003879
россиянка 1,875141 0,001685
покой 5,010635 0,004502
труп 3,624341 0,003256
журналист 1,966113 0,010599
наслаждаться 5,010635 0,004502
архив 0,000000 0,000000
помочь 1,714798 0,003081
триумф 3,624341 0,003256
борис 2,445686 0,002197
юморист 5,010635 0,004502
заявить 0,061875 0,000222
сша 0,040822 0,000403
ресурс 3,064725 0,002754
простата 5,010635 0,004502
карта 2,014903 0,001810
способность 3,401197 0,003056
бонус 0,047791 0,000086
среда 0,000000 0,000000
раскрытие 0,076161 0,000068
инаугурация 5,010635 0,004502
делать 1,752539 0,001575
говорить 1,160488 0,003128
задолго 4,317488 0,003879
всемирный 3,912023 0,007030
остаться 0,047791 0,000043
уловка 4,317488 0,003879
эксклюзив 0,000000 0,000000
уволить 0,076161 0,000068
король 3,624341 0,003256
прославлять 5,010635 0,004502
качество 1,832581 0,001647
скидка 0,047791 0,000043
москва 1,021651 0,000918
секрет 2,302585 0,002069
атака 1,966113 0,003533
столько 2,525729 0,002269
врач 2,066196 0,001856
сметать 5,010635 0,004502
погружаться 0,047791 0,000043
оформление 3,218876 0,002892
смерть 1,919593 0,001725
лезгинка 5,010635 0,004502
результат 1,347074 0,001210
деньга 1,875141 0,001685
рынок 1,609438 0,001446
разоблачить 5,010635 0,004502
удивить 3,064725 0,002754
фанат 3,218876 0,005784
возвращение 2,014903 0,001810
документ 2,708050 0,004866
получать 0,033902 0,000030
страшно 3,401197 0,003056
животное 3,912023 0,003515
обманывать 3,624341 0,003256
единый 3,401197 0,003056
хотеть 0,013423 0,000012
солнце 3,624341 0,006513
поимка 5,010635 0,004502
молчание 4,317488 0,003879
стать 0,499776 0,001796
бить 2,445686 0,002197
мефедрон 4,317488 0,015517
работать 0,027029 0,000024
агент 2,931194 0,002634
малышев 5,010635 0,013506
пошлый 5,010635 0,004502
голый 3,218876 0,002892
провести 1,514128 0,004081
операция 1,514128 0,002721
спецпроект 0,000000 0,000000
это 0,020203 0,000091
помирить 5,010635 0,004502
легендарный 2,066196 0,005569
украинский 0,047791 0,000043
слово 0,820981 0,000738
миротворец 3,401197 0,003056
американец 3,401197 0,003056
обнаружить 2,445686 0,002197
два 0,033902 0,000061
курить 3,218876 0,002892
достойный 3,912023 0,003515
прямой 2,302585 0,002069
диктатура 5,010635 0,004502
ограничить 3,912023 0,003515
перепугать 5,010635 0,004502
новость 0,000000 0,000000
туристка 0,076161 0,000068
мотор 0,000000 0,000000
чехов 4,317488 0,003879
стоить 1,714798 0,001541
наслать 0,000000 0,000000
справиться 2,708050 0,002433
катастрофа 2,525729 0,002269
криптовалюта 3,624341 0,003256
цикл 2,708050 0,007299
сгубить 5,010635 0,004502
диагностировать 4,317488 0,003879
неприятный 3,401197 0,003056
жизнь 0,000000 0,000000
двойной 4,317488 0,003879
уничтожить 2,120264 0,001905
липкий 5,010635 0,004502
пожаловаться 2,931194 0,002634
жать 0,013423 0,000012
войти 0,000000 0,000000
ссора 3,064725 0,002754
сериал 2,445686 0,002197
обещать 2,525729 0,002269
наркотик 2,708050 0,009732
любовь 2,371578 0,002131
радио 3,912023 0,003515
хрюш 5,010635 0,004502
политик 2,612740 0,002347
уход 0,076161 0,000068
почему 0,899761 0,007276
ведение 3,912023 0,003515
быстрый 2,708050 0,002433
хороший 0,006689 0,000012
радиофактчекинг 3,218876 0,002892
спор 0,097980 0,000088
пугать 4,317488 0,003879
полка 3,401197 0,003056
испортить 3,218876 0,002892
отреагировать 1,966113 0,001766
обычный 0,013423 0,000024
ждать 1,714798 0,001541
пушкин 5,010635 0,004502
конфиденциальность 0,047791 0,000043
артемий 3,064725 0,005507
воцариться 5,010635 0,004502
путин 0,967584 0,006085
действие 1,714798 0,001541
детский 3,218876 0,002892
изнасиловать 0,076161 0,000068
болезнь 2,931194 0,002634
продолжать 0,033902 0,000030
зритель 2,931194 0,002634
первый 0,883501 0,001588
обвинить 2,931194 0,002634
ссср 0,000000 0,000000
техника 0,000000 0,000000
желание 2,612740 0,002347
пять 1,484275 0,001334
февраль 1,160488 0,009384
захватить 2,931194 0,005267
жестокий 2,931194 0,002634
вопрос 1,021651 0,000918
игра 0,000000 0,000000
нейросеть 3,912023 0,003515
песня 3,401197 0,003056
кавказ 3,912023 0,003515
неприязнь 5,010635 0,004502
размер 2,525729 0,002269
минь 0,000000 0,000000
расследование 2,525729 0,002269
хакер 3,912023 0,010545
именно 1,875141 0,001685
ваш 0,047791 0,000043
имя 1,875141 0,003370
главное 0,000000 0,000000
угодный 3,624341 0,003256
медитация 0,076161 0,000068
возникнуть 2,525729 0,002269
молодёжь 3,218876 0,005784
оладушка 5,010635 0,004502
интервью 2,525729 0,002269
похищение 3,401197 0,003056
итальянец 4,317488 0,003879
кто 2,066196 0,001856
культовый 3,624341 0,003256
дебил 5,010635 0,004502
активный 2,120264 0,001905
массово 2,371578 0,002131
раскрыть 1,643339 0,005906
пользователь 2,371578 0,004262
реакция 0,047791 0,000129
самый 0,883501 0,001588
материал 0,000000 0,000000
европейский 2,120264 0,001905
быть 1,399717 0,001258
секретный 4,317488 0,003879
ад 3,912023 0,003515
камера 2,612740 0,004695
вырваться 4,317488 0,003879
лента 0,000000 0,000000
глупость 4,317488 0,003879
гробовой 5,010635 0,004502
вести 2,014903 0,001810
партия 3,912023 0,003515
угон 2,931194 0,002634
спорт 0,000000 0,000000
защититься 2,931194 0,005267
шок 3,624341 0,003256
кредит 3,624341 0,006513
неизбежный 4,317488 0,003879
лягушонок 5,010635 0,004502
мочь 0,836248 0,000751
юбка 3,912023 0,003515
шоу 2,813411 0,010111
сам 1,226446 0,002204
четыре 0,040822 0,000073
сказать 1,919593 0,001725
приложение 3,218876 0,002892
уверить 3,064725 0,002754
мефедроновый 4,317488 0,003879
конфиденциальностиправить 0,000000 0,000000
восхищение 5,010635 0,004502
сбой 3,912023 0,003515
схема 2,612740 0,007042
удаться 1,678431 0,001508
известный 1,714798 0,003081
интимный 5,010635 0,004502
применение 0,000000 0,000000
дуров 4,317488 0,007758
дать 1,272966 0,001144
призвать 1,791759 0,003220
даркнуть 5,010635 0,009004
долгожитель 5,010635 0,004502
мясник 5,010635 0,013506
женщина 1,484275 0,001334
признать 1,484275 0,002667
ценность 0,000000 0,000000
известно 1,297063 0,001165
вернуться 0,006689 0,000012
впервые 1,919593 0,001725
больной 2,708050 0,004866
красть 4,317488 0,003879
чемпионат 3,912023 0,003515
магазин 2,813411 0,002528
оставить 2,238047 0,004022
рак 2,708050 0,004866
головной 4,317488 0,003879
ошарашить 4,317488 0,003879
российский 0,033902 0,000244
сражаться 3,624341 0,003256
кермит 3,912023 0,003515
обитание 0,000000 0,000000
приехать 2,238047 0,004022
уехать 2,813411 0,002528
портить 4,317488 0,003879
интернет 0,000000 0,000000
россия 0,000000 0,000000
касторовый 5,010635 0,004502
телеканал 3,218876 0,005784
простой 2,238047 0,004022
превращение 4,317488 0,003879
проектор 5,010635 0,004502
рекорд 2,931194 0,002634
порно 3,218876 0,002892
просьба 3,218876 0,002892
свой 0,020203 0,000018
израиль 3,624341 0,003256
популярный 1,791759 0,009659
январь 1,514128 0,005442
назвать 1,021651 0,012851
премьера 3,064725 0,002754
гид 0,076161 0,000068
игорь 3,064725 0,002754
сайт 2,931194 0,002634
телефонный 1,643339 0,002953
американский 0,054808 0,000148
истерика 5,010635 0,004502
четырежды 5,010635 0,004502
заблокировать 4,317488 0,003879
предприниматель 2,931194 0,002634
сотрудник 0,068993 0,000062
зеленский 0,054808 0,000148
работа 0,899761 0,003234
тактика 3,624341 0,003256
популярность 2,813411 0,002528
долг 3,401197 0,003056
европа 1,791759 0,009659
аспирант 5,010635 0,004502
эмоция 0,047791 0,000043
сеть 0,090654 0,000163
телефон 2,120264 0,001905
запретить 2,066196 0,001856
ес 2,708050 0,004866
растерять 3,624341 0,003256
обменять 4,317488 0,003879
число 1,226446 0,002204
превысить 4,317488 0,003879
дрон 1,832581 0,003293
успешность 5,010635 0,004502
военнослужащий 0,068993 0,000062
доказательство 3,912023 0,003515
накапливать 0,047791 0,000043
причина 1,484275 0,002667
мошенник 2,371578 0,012785
польза 2,612740 0,004695
ребёнок 1,919593 0,001725
недееспособный 5,010635 0,004502
сравнить 3,064725 0,005507
подтвердить 2,238047 0,002011
лебедев 3,401197 0,006112
попасть 1,678431 0,001508
замечательный 3,912023 0,003515
пришелец 3,064725 0,002754
блогер 2,813411 0,002528
масло 3,218876 0,002892
депутат 0,068993 0,000186
прогресс 0,090654 0,000081
урок 3,912023 0,003515
домашний 4,317488 0,003879
взбудоражить 3,064725 0,002754
форма 0,061875 0,000056
нажать 0,000000 0,000000
корчевников 5,010635 0,004502
дом 0,061875 0,000167
бомбардировка 3,912023 0,003515
брать 2,445686 0,002197
культура 0,000000 0,000000
пропасть 1,966113 0,003533
повергнуть 5,010635 0,004502
поток 3,064725 0,002754
шоколад 3,912023 0,003515
нато 3,624341 0,003256
статья 0,000000 0,000000
советский 1,752539 0,003149
больница 2,931194 0,002634
венгрия 3,912023 0,003515
разъяснить 3,624341 0,003256
петросян 5,010635 0,009004
отношение 1,226446 0,001102
организм 3,064725 0,002754
странный 3,064725 0,002754
ограничение 2,813411 0,002528
илона 3,218876 0,002892
неизвестный 3,064725 0,008261
ответить 1,832581 0,001647
поза 3,624341 0,003256
обман 2,525729 0,004539
ургант 5,010635 0,013506
западный 2,014903 0,001810
близкий 1,875141 0,001685
получить 1,059392 0,000952
контакт 1,919593 0,001725
сюрприз 3,912023 0,003515
похвалить 3,624341 0,006513
план 1,875141 0,003370
доллар 2,708050 0,002433
объяснить 1,484275 0,002667
сервис 2,445686 0,002197
инсульт 4,317488 0,003879
предложение 1,919593 0,001725
обматерить 5,010635 0,004502
увлекательный 0,047791 0,000043
использованияполитик 0,000000 0,000000
заметить 2,120264 0,001905
здоровье 2,302585 0,004138
заниматься 2,302585 0,002069
деактивировать 0,013423 0,000012
предупредить 2,302585 0,002069
рекомендательный 0,000000 0,000000
белый 1,609438 0,001446
маг 5,010635 0,004502
престарелый 5,010635 0,004502
переговоры 0,047791 0,000215
паутина 5,010635 0,009004
год 0,521999 0,000938
машина 1,875141 0,001685
обратиться 0,076161 0,000068
лечение 2,931194 0,005267
забота 0,000000 0,000000
мать 2,445686 0,002197
опровергнуть 2,931194 0,002634
фсб 2,931194 0,002634
мессенджер 3,218876 0,002892
сбер 0,040822 0,000037
пожаловать 0,013423 0,000012
могущественный 4,317488 0,003879
освещать 5,010635 0,004502
кофе 3,912023 0,003515
истерия 5,010635 0,004502
трамп 0,054808 0,000345
ведущий 2,371578 0,006392
двое 3,401197 0,003056
значный 5,010635 0,004502
теневой 4,317488 0,003879
турция 3,401197 0,003056
заставлять 4,317488 0,003879
чума 4,317488 0,003879
крупный 0,054808 0,000148
награда 3,624341 0,003256
танцор 3,912023 0,003515
победа 0,000000 0,000000
мат 5,010635 0,004502
замолчать 5,010635 0,004502
петь 3,912023 0,003515
огурец 5,010635 0,004502
белоус 0,076161 0,000068
уничтожать 3,912023 0,003515
госпитализировать 5,010635 0,004502
прибыть 0,083382 0,000075
малоизученный 4,317488 0,003879
страх 2,238047 0,006032
рассказать 0,985284 0,002656
предстоящий 2,931194 0,002634
расплакаться 4,317488 0,003879
страна 0,747955 0,002688
жена 2,238047 0,004022
просить 2,708050 0,002433
случай 1,484275 0,001334
сми 0,000000 0,000000
акция 0,047791 0,000043
оттуда 3,401197 0,003056
мвд 3,912023 0,003515
ток 3,912023 0,007030
создать 2,120264 0,001905
такой 1,003302 0,000901
маск 3,401197 0,003056
поколение 2,813411 0,002528
америка 3,064725 0,002754
несусветный 5,010635 0,004502
подсесть 5,010635 0,004502
доктор 3,064725 0,008261
жилец 0,068993 0,000062
союз 1,966113 0,001766
орешник 3,624341 0,003256
несколько 1,226446 0,001102
предречь 0,076161 0,000205
иван 2,931194 0,002634
телевидение 3,218876 0,002892
неожиданный 2,813411 0,002528
герой 2,014903 0,001810
свет 0,054808 0,000098
место 0,027029 0,000073
начало 1,399717 0,001258
отправить 2,066196 0,007426
регион 0,076161 0,000068
мс 0,097980 0,000088
март 0,040822 0,002127
военный 0,020203 0,000054
летний 0,047791 0,000086
мы 2,238047 0,002011
крайне 3,401197 0,003056
перечислить 3,064725 0,002754
аккаунт 2,813411 0,002528
рада 0,068993 0,000062
экономика 0,000000 0,000000
телешоу 5,010635 0,009004
попытка 1,609438 0,001446
предсказание 3,064725 0,002754
свидетель 3,064725 0,002754
протокол 5,010635 0,004502
опечатка 0,000000 0,000000
каждый 1,576648 0,001417
госдума 2,302585 0,002069
запой 4,317488 0,003879
рязань 5,010635 0,004502
неочевидный 3,624341 0,003256
вихорьковый 5,010635 0,004502
поздний 1,832581 0,001647
секс 2,177422 0,001956
прокомментировать 2,525729 0,002269
боль 3,064725 0,002754
вызвать 0,090654 0,000081
история 1,609438 0,004338
виртуально 5,010635 0,004502
идеальный 3,912023 0,003515
появление 2,813411 0,005056
звезда 1,919593 0,006899
ванг 3,064725 0,002754
совершить 2,371578 0,002131
яндекс 5,010635 0,004502
гоблин 5,010635 0,004502
составить 2,813411 0,002528
напиток 4,317488 0,003879
дудеть 5,010635 0,004502
превращать 4,317488 0,003879
рискованный 3,912023 0,003515
реальный 0,013423 0,000012
зиганула 5,010635 0,004502
семья 2,120264 0,001905
мужчина 1,576648 0,002833
тысяча 0,054808 0,000098
курский 1,791759 0,001610
предлагать 2,813411 0,002528
всу 1,373049 0,001234
сотня 2,014903 0,001810
телеведущий 4,317488 0,015517
затопить 0,076161 0,000068
сон 3,064725 0,002754
избегать 3,401197 0,003056
участник 2,371578 0,004262
обменивать 0,047791 0,000043
условие 0,033902 0,000061
объявить 2,120264 0,003810
возможность 1,714798 0,001541
пресса 3,401197 0,003056
правда 0,040822 0,000073
приучать 5,010635 0,004502
талант 5,010635 0,004502
дерьмо 5,010635 0,004502
скрывать 2,931194 0,002634
телевикторина 5,010635 0,004502
опасный 2,238047 0,008043
риск 2,120264 0,001905
видеть 0,013423 0,000012
обогащение 5,010635 0,004502
способ 1,919593 0,003449
миллион 1,347074 0,001210
наука 0,000000 0,000000
комик 2,813411 0,002528
объедаться 4,317488 0,003879
какой 1,203973 0,002163
произойти 1,791759 0,001610
продукт 2,120264 0,001905
яркий 2,612740 0,002347
слепаков 5,010635 0,004502
