ру 0,000000 0,000000
банк 0,068993 0,000096
неонацист 4,317488 0,011960
новый 0,000000 0,000000
рассказ 3,401197 0,004711
день 0,033902 0,000047
криминальный 3,912023 0,032510
образ 1,514128 0,002097
наркота 5,010635 0,006940
найти 1,678431 0,002325
детство 4,317488 0,005980
перемирие 0,076161 0,000105
отвести 0,076161 0,000105
добро 0,013423 0,000056
согласие 0,047791 0,000066
прослушка 5,010635 0,006940
путешествие 0,000000 0,000000
выжимать 5,010635 0,006940
уокер 4,317488 0,005980
рецензия 5,010635 0,006940
полный 1,875141 0,002597
удивлять 2,931194 0,004060
конфликт 0,061875 0,000086
спасать 2,612740 0,003619
пол 0,090654 0,000126
помощь 0,027029 0,000037
рейд 5,010635 0,006940
пабло 5,010635 0,006940
вода 0,054808 0,000076
помещение 2,612740 0,003619
оперативник 5,010635 0,006940
фото 0,061875 0,000086
втихую 5,010635 0,006940
качественный 3,912023 0,005418
политика 0,040822 0,000057
наркоторговец 3,218876 0,008917
м 2,066196 0,002862
шумный 4,317488 0,005980
лечь 4,317488 0,005980
нест 5,010635 0,006940
создатель 3,912023 0,005418
ты 3,064725 0,004245
сезон 2,813411 0,007793
родина 2,813411 0,003897
конспирологический 5,010635 0,006940
земля 1,919593 0,002659
мир 0,000000 0,000000
наркотрафик 5,010635 0,006940
индия 0,076161 0,000105
структура 0,000000 0,000000
сценарий 3,064725 0,004245
однозначно 5,010635 0,013880
дело 1,249435 0,003461
брайан 5,010635 0,020820
ус 2,931194 0,004060
весьма 3,064725 0,008490
вагнер 3,912023 0,016255
нгуйный 5,010635 0,006940
злой 5,010635 0,006940
проект 2,813411 0,003897
бывший 0,000000 0,000000
слишком 2,371578 0,003285
время 0,693147 0,000960
лиз 5,010635 0,006940
маккартень 0,097980 0,000136
ооо 0,000000 0,000000
выходить 2,612740 0,007238
работёнка 5,010635 0,013880
найтись 3,401197 0,004711
филадельфия 5,010635 0,020820
очистить 4,317488 0,011960
главный 1,272966 0,007052
сообщник 5,010635 0,006940
ситуация 1,484275 0,002056
проблема 0,047791 0,000066
также 0,762140 0,001056
чистый 3,218876 0,004458
бандит 3,624341 0,005020
технологийминь 0,000000 0,000000
город 0,047791 0,000331
чак 3,912023 0,005418
реймз 5,010635 0,006940
комедия 3,624341 0,005020
зашевелить 5,010635 0,006940
следовать 1,966113 0,005446
крейг 5,010635 0,006940
разумеется 4,317488 0,005980
галерея 0,000000 0,000000
надевать 3,624341 0,005020
внешность 0,097980 0,000136
карибель 5,010635 0,006940
пытаться 1,347074 0,001866
вырасти 2,371578 0,003285
начаться 0,033902 0,000047
начать 1,139434 0,001578
вечный 3,624341 0,005020
разворачиваться 5,010635 0,006940
профессионал 3,401197 0,004711
выступить 2,238047 0,006200
незаконный 3,218876 0,004458
силовой 0,000000 0,000000
крутой 3,624341 0,005020
пляжный 0,097980 0,000136
драма 3,912023 0,005418
кореш 5,010635 0,006940
настойчиво 3,912023 0,005418
рэймонд 5,010635 0,020820
флешбэк 5,010635 0,006940
доминго 5,010635 0,006940
судить 2,813411 0,003897
основный 2,525729 0,003498
вооружённый 1,678431 0,002325
хотя 2,445686 0,003387
схрон 5,010635 0,006940
сценарист 5,010635 0,006940
нелепый 2,931194 0,004060
преследователь 4,317488 0,005980
пеликанос 5,010635 0,006940
выражать 0,047791 0,000132
серьёзный 2,302585 0,006378
драматизм 5,010635 0,006940
читать 0,040822 0,000057
сюжетный 5,010635 0,006940
сколько 2,525729 0,006996
лихэйном 5,010635 0,006940
малгрить 5,010635 0,006940
оценивать 0,047791 0,000066
байконур 0,097980 0,000136
редакциярекламаконтактыпресс 0,000000 0,000000
родный 2,931194 0,004060
видео 0,000000 0,000000
вводный 5,010635 0,006940
плоский 5,010635 0,006940
винчи 5,010635 0,006940
мера 2,445686 0,003387
выход 2,120264 0,005873
персонаж 3,401197 0,009422
последний 0,083382 0,000115
едва 2,177422 0,003016
воровать 5,010635 0,006940
труп 3,624341 0,005020
майкл 3,624341 0,005020
момент 1,399717 0,001939
вояж 5,010635 0,006940
обсудить 0,415515 0,000576
архив 0,000000 0,000000
актёрский 3,624341 0,005020
залетать 5,010635 0,006940
фаррелла 5,010635 0,006940
дебютный 5,010635 0,006940
заявить 0,061875 0,000171
описание 3,624341 0,005020
детектив 3,624341 0,010040
сша 0,040822 0,000113
избежать 2,813411 0,003897
основа 3,064725 0,008490
назойливый 5,010635 0,006940
бонус 0,047791 0,000132
украсть 2,813411 0,003897
среда 0,000000 0,000000
раскрытие 0,076161 0,000105
обернуться 3,624341 0,005020
неловкий 5,010635 0,006940
наркокартель 3,912023 0,005418
остаться 0,047791 0,000066
прикрытие 3,912023 0,005418
эксклюзив 0,000000 0,000000
уволить 0,076161 0,000211
крыться 3,624341 0,005020
скидка 0,047791 0,000066
значок 5,010635 0,006940
моура 5,010635 0,027760
погружаться 0,047791 0,000066
смерть 1,919593 0,002659
скандал 3,218876 0,004458
деньга 1,875141 0,002597
выглядеть 1,752539 0,007282
лицо 1,966113 0,005446
далее 2,708050 0,003751
эскобар 5,010635 0,006940
разбойник 5,010635 0,006940
получать 0,033902 0,000047
хотеть 0,013423 0,000019
перейти 2,445686 0,003387
половина 2,177422 0,009047
достаточно 2,813411 0,007793
стать 0,499776 0,001384
обилие 5,010635 0,006940
работать 0,027029 0,000112
агент 2,931194 0,004060
возможно 2,813411 0,007793
преподать 5,010635 0,006940
операция 1,514128 0,002097
спецпроект 0,000000 0,000000
это 0,020203 0,000056
нарковор 3,401197 0,061240
украинский 0,047791 0,000066
чередоваться 5,010635 0,006940
слово 0,820981 0,001137
два 0,033902 0,000094
престол 4,317488 0,005980
процент 1,678431 0,002325
консервативный 4,317488 0,005980
новость 0,000000 0,000000
туристка 0,076161 0,000105
мотор 0,000000 0,000000
крэйга 5,010635 0,013880
обчищать 5,010635 0,006940
наслать 0,000000 0,000000
жизнь 0,000000 0,000000
продюсер 3,218876 0,004458
жать 0,013423 0,000019
войти 0,000000 0,000000
улица 2,302585 0,006378
дорога 2,525729 0,003498
сериал 2,445686 0,044036
отчаянный 4,317488 0,005980
наркотик 2,708050 0,011252
занятый 3,401197 0,004711
атлант 5,010635 0,006940
ган 5,010635 0,006940
считать 1,373049 0,001902
уход 0,076161 0,000105
почему 0,899761 0,001246
хороший 0,006689 0,000019
столь 3,624341 0,005020
спор 0,097980 0,000136
колманом 5,010635 0,006940
страдать 2,813411 0,003897
обычный 0,013423 0,000019
губительный 5,010635 0,006940
конфиденциальность 0,047791 0,000066
арисон 5,010635 0,006940
задумать 4,317488 0,005980
изнасиловать 0,076161 0,000105
продолжать 0,033902 0,000047
кадр 1,544899 0,010699
вещество 2,612740 0,003619
выбраться 4,317488 0,005980
ссср 0,000000 0,000000
техника 0,000000 0,000000
итог 1,678431 0,002325
залежалый 5,010635 0,006940
всекиносериалымузыкакнигиискусствотеатрфотография 3,401197 0,004711
велкоро 5,010635 0,006940
деннис 5,010635 0,013880
игра 0,000000 0,000000
показаться 2,931194 0,004060
реалистичность 4,317488 0,011960
минь 0,000000 0,000000
размахивать 5,010635 0,006940
ваш 0,047791 0,000066
имя 1,875141 0,002597
главное 0,000000 0,000000
рэй 5,010635 0,006940
преступник 3,218876 0,008917
медитация 0,076161 0,000105
больший 1,373049 0,001902
переполненный 5,010635 0,006940
событие 1,919593 0,002659
реакция 0,047791 0,000132
самый 0,883501 0,001224
материал 0,000000 0,000000
лента 0,000000 0,000000
перестрелка 3,912023 0,010837
роль 1,714798 0,007125
спорт 0,000000 0,000000
твой 3,218876 0,008917
меркнуть 5,010635 0,006940
мочь 0,836248 0,002316
этот 1,427116 0,001977
сам 1,226446 0,001699
борьба 2,014903 0,005581
четыре 0,040822 0,000057
запомнить 3,624341 0,005020
залечь 4,317488 0,005980
питер 5,010635 0,013880
жанр 3,912023 0,010837
гротескный 5,010635 0,006940
конфиденциальностиправить 0,000000 0,000000
джордж 3,624341 0,005020
тяжёлый 1,791759 0,002482
осторожность 4,317488 0,005980
поклонник 3,401197 0,004711
сравнивать 4,317488 0,005980
применение 0,000000 0,000000
илья 3,064725 0,004245
симпатия 5,010635 0,006940
барыга 5,010635 0,020820
смочь 1,399717 0,003877
век 1,919593 0,002659
адаптация 4,317488 0,005980
грабитель 5,010635 0,006940
винга 5,010635 0,006940
готовый 1,791759 0,002482
винить 3,624341 0,005020
помешательство 5,010635 0,006940
перечень 4,317488 0,005980
парень 3,064725 0,004245
отдел 0,579818 0,000803
ценность 0,000000 0,000000
уилла 4,317488 0,005980
дата 2,612740 0,007238
вломиться 5,010635 0,006940
вернуться 0,006689 0,000009
красть 4,317488 0,005980
кейт 5,010635 0,006940
поворот 3,912023 0,005418
ошарашить 4,317488 0,005980
российский 0,033902 0,000094
проводить 2,708050 0,003751
гора 4,317488 0,011960
обитание 0,000000 0,000000
просто 1,678431 0,002325
россия 0,000000 0,000000
интернет 0,000000 0,000000
смотреть 2,066196 0,005724
рано 3,401197 0,004711
порой 4,317488 0,005980
милла 4,317488 0,005980
свой 0,020203 0,000084
генри 5,010635 0,027760
шоураннер 5,010635 0,013880
получиться 2,708050 0,007502
премьера 3,064725 0,004245
назвать 1,021651 0,001415
гид 0,076161 0,000105
потерянный 3,912023 0,005418
убедить 2,302585 0,003189
американский 0,054808 0,000228
грустно 5,010635 0,006940
йовович 4,317488 0,005980
многочисленный 3,401197 0,004711
растолковать 5,010635 0,006940
бэтмена 5,010635 0,006940
сотрудник 0,068993 0,000096
триллер 5,010635 0,020820
зеленский 0,054808 0,000152
эмоция 0,047791 0,000066
нарко 5,010635 0,006940
сеть 0,090654 0,000126
кино 3,064725 0,004245
чёрный 1,919593 0,002659
запретить 2,066196 0,002862
правдоподобность 5,010635 0,006940
пока 1,678431 0,002325
держаться 3,624341 0,005020
должный 1,714798 0,002375
голливуд 3,218876 0,004458
факт 2,813411 0,003897
военнослужащий 0,068993 0,000096
накапливать 0,047791 0,000066
причина 1,484275 0,002056
автор 3,064725 0,004245
вид 1,514128 0,002097
лёгкий 2,612740 0,003619
дно 3,624341 0,005020
попасть 1,678431 0,002325
грабить 5,010635 0,006940
рисовать 5,010635 0,006940
пушка 3,401197 0,009422
купер 5,010635 0,006940
конституция 3,401197 0,004711
снять 2,177422 0,006032
экшен 5,010635 0,006940
длительный 3,218876 0,004458
депутат 0,068993 0,000096
айрленд 5,010635 0,006940
мэнни 5,010635 0,027760
прогресс 0,090654 0,000126
урок 3,912023 0,005418
стратегически 5,010635 0,006940
клоака 5,010635 0,006940
беспечный 5,010635 0,006940
маска 3,218876 0,004458
форма 0,061875 0,000086
шаблонный 5,010635 0,006940
нажать 0,000000 0,000000
дом 0,061875 0,000086
культура 0,000000 0,000000
сыграть 2,813411 0,003897
заканчиваться 2,931194 0,004060
смахивать 5,010635 0,006940
очередной 2,708050 0,003751
убедительный 4,317488 0,005980
марин 5,010635 0,006940
статья 0,000000 0,000000
тайри 5,010635 0,020820
современный 2,066196 0,002862
промзона 4,317488 0,005980
принцип 2,931194 0,004060
любой 2,120264 0,002937
оригинальный 3,912023 0,005418
пуллен 5,010635 0,006940
полицейский 2,931194 0,004060
ридлить 3,401197 0,014132
редактор 0,556288 0,000770
казаться 2,177422 0,003016
ранний 2,120264 0,002937
вымирать 5,010635 0,006940
настоящий 2,445686 0,006775
напоминать 3,401197 0,004711
тема 1,297063 0,001796
оказаться 1,249435 0,001731
эпизод 3,064725 0,008490
разборка 3,064725 0,004245
дурь 5,010635 0,006940
грязный 4,317488 0,005980
перебежать 5,010635 0,006940
громко 5,010635 0,006940
увлекательный 0,047791 0,000066
различный 2,525729 0,003498
использованияполитик 0,000000 0,000000
деактивировать 0,013423 0,000019
мудрый 5,010635 0,006940
рекомендательный 0,000000 0,000000
серия 3,064725 0,008490
колин 5,010635 0,006940
переговоры 0,047791 0,000066
тачка 5,010635 0,006940
год 0,521999 0,001446
поздно 3,218876 0,004458
писатель 3,624341 0,005020
обратиться 0,076161 0,000105
подлинный 5,010635 0,006940
забота 0,000000 0,000000
сбер 0,040822 0,000057
федерал 5,010635 0,006940
пожаловать 0,013423 0,000019
неплохой 3,624341 0,005020
стараться 2,813411 0,003897
управление 2,525729 0,006996
исполнительный 4,317488 0,005980
трамп 0,054808 0,000076
который 0,521999 0,005061
избавиться 3,401197 0,004711
кролевский 5,010635 0,006940
крупный 0,054808 0,000152
например 1,791759 0,004963
криминал 3,401197 0,004711
перепродавать 4,317488 0,005980
рамка 2,371578 0,003285
тафойя 5,010635 0,006940
победа 0,000000 0,000000
фиаско 5,010635 0,006940
белоус 0,076161 0,000105
крайний 4,317488 0,005980
прибыть 0,083382 0,000115
выбрать 2,612740 0,003619
вор 3,624341 0,005020
страна 0,747955 0,001036
благородный 4,317488 0,005980
роман 2,813411 0,003897
норрис 3,912023 0,005418
сми 0,000000 0,000000
акция 0,047791 0,000066
правильный 2,931194 0,004060
рассказывать 2,302585 0,003189
жилец 0,068993 0,000096
актёр 2,445686 0,006775
отчасти 4,317488 0,005980
предречь 0,076161 0,000211
наперевес 5,010635 0,006940
герой 2,014903 0,016744
место 0,027029 0,000037
свет 0,054808 0,000076
побег 4,317488 0,005980
регион 0,076161 0,000105
решение 1,544899 0,002140
мс 0,097980 0,000136
рука 2,066196 0,002862
март 0,040822 0,000226
военный 0,020203 0,000028
летний 0,047791 0,000066
рада 0,068993 0,000096
экономика 0,000000 0,000000
топ 3,064725 0,004245
попытка 1,609438 0,002229
состав 2,445686 0,003387
выверить 5,010635 0,006940
опечатка 0,000000 0,000000
мексиканский 3,912023 0,005418
безусловно 2,708050 0,003751
охотиться 3,064725 0,008490
отправиться 2,445686 0,003387
вызвать 0,090654 0,000251
история 1,609438 0,004458
скотт 3,401197 0,018843
звезда 1,919593 0,005317
недавний 5,010635 0,006940
количество 1,576648 0,002184
безликий 5,010635 0,006940
режиссура 5,010635 0,006940
блокбастер 3,912023 0,005418
реальный 0,013423 0,000019
название 2,813411 0,007793
обязать 3,064725 0,004245
тысяча 0,054808 0,000076
собственно 5,010635 0,006940
бегать 3,624341 0,005020
затопить 0,076161 0,000105
гуд 5,010635 0,006940
байкер 5,010635 0,013880
обменивать 0,047791 0,000066
типичный 3,912023 0,005418
робин 5,010635 0,006940
условие 0,033902 0,000094
обогатиться 5,010635 0,006940
правда 0,040822 0,000113
сюжет 3,624341 0,015060
достоинство 3,624341 0,005020
амир 4,317488 0,005980
дастина 5,010635 0,006940
необязательный 5,010635 0,006940
мэндо 5,010635 0,006940
мэверик 5,010635 0,006940
логика 5,010635 0,006940
видеть 0,013423 0,000019
очень 1,347074 0,001866
мем 3,624341 0,005020
способ 1,919593 0,002659
миллион 1,347074 0,001866
наука 0,000000 0,000000
какой 1,203973 0,001668
пилотный 5,010635 0,013880
захватывать 3,064725 0,004245
