долгий 2,371578 0,001988
состоять 2,931194 0,002457
ру 0,000000 0,000000
слух 2,813411 0,002358
банк 0,068993 0,000058
святость 3,912023 0,006558
новый 0,000000 0,000000
день 0,033902 0,000114
образ 1,514128 0,002538
улов 4,317488 0,003619
перемирие 0,076161 0,000128
найти 1,678431 0,001407
влиятельный 4,317488 0,003619
выйти 1,752539 0,002938
факто 4,317488 0,003619
отвести 0,076161 0,000064
наказывать 3,624341 0,003038
добро 0,013423 0,000034
пить 3,912023 0,003279
согласие 0,047791 0,000040
частность 2,525729 0,004234
путешествие 0,000000 0,000000
ссужаться 4,317488 0,003619
удар 1,455287 0,001220
менее 2,014903 0,001689
пойти 2,120264 0,001777
нострый 2,931194 0,031941
открытый 2,371578 0,001988
множество 2,813411 0,002358
конфликт 0,061875 0,000052
проиграть 2,445686 0,002050
помощь 0,027029 0,000068
пол 0,090654 0,000076
борселлиный 4,317488 0,010857
куча 3,912023 0,003279
видоизменяться 4,317488 0,003619
человек 0,762140 0,004472
вода 0,054808 0,000046
лично 3,064725 0,002569
застрелить 3,912023 0,003279
фото 0,061875 0,000259
политика 0,040822 0,000034
культурный 3,401197 0,002851
взрыв 2,302585 0,001930
м 2,066196 0,001732
продолжаться 2,708050 0,002270
прикидка 4,317488 0,003619
греметь 4,317488 0,003619
положительный 3,401197 0,002851
х 2,177422 0,003650
первоначальный 3,624341 0,003038
запросто 4,317488 0,003619
неуклонно 4,317488 0,003619
добыть 4,317488 0,003619
взорвать 3,064725 0,005138
бравурный 4,317488 0,003619
мир 0,000000 0,000000
обвинять 2,525729 0,002117
весь 1,078810 0,001809
индия 0,076161 0,000064
обмануть 2,931194 0,002457
структура 0,000000 0,000000
шампанское 4,317488 0,003619
неугодный 3,912023 0,003279
шаг 2,371578 0,001988
дело 1,249435 0,002095
житель 1,678431 0,001407
итальянский 3,624341 0,003038
окончательно 3,912023 0,003279
весьма 3,064725 0,002569
скот 2,931194 0,002457
бывший 0,000000 0,000000
тюрьма 3,064725 0,005138
боец 1,875141 0,001572
время 0,693147 0,003486
конец 1,643339 0,002755
называть 1,791759 0,006008
сицилия 3,401197 0,017106
маккартень 0,097980 0,000082
ооо 0,000000 0,000000
убийство 3,401197 0,002851
бутылка 3,624341 0,003038
сознание 3,218876 0,002698
праздновать 3,912023 0,003279
отменить 2,525729 0,004234
мощный 3,064725 0,002569
ранее 1,003302 0,000841
проблема 0,047791 0,000080
главный 1,272966 0,001067
победитель 3,624341 0,003038
причём 2,708050 0,006810
тоть 4,317488 0,014476
иной 2,708050 0,002270
также 0,762140 0,001278
отрезать 3,064725 0,002569
член 2,612740 0,002190
макси 4,317488 0,007238
появиться 1,373049 0,001151
бандит 3,624341 0,003038
технологийминь 0,000000 0,000000
город 0,047791 0,000040
италия 3,064725 0,017982
следовать 1,966113 0,001648
чат 3,912023 0,003279
легко 2,813411 0,002358
отец 1,919593 0,003218
союзник 3,624341 0,006076
галерея 0,000000 0,000000
палермо 4,317488 0,039809
внешность 0,097980 0,000082
пытаться 1,347074 0,002258
находиться 1,399717 0,003520
железный 3,218876 0,002698
начаться 0,033902 0,000028
разгром 3,401197 0,005702
лючий 4,317488 0,003619
начать 1,139434 0,001910
окончание 3,064725 0,002569
силовой 0,000000 0,000000
показать 1,484275 0,001244
переживать 2,708050 0,002270
заняться 2,813411 0,002358
пляжный 0,097980 0,000082
тост 4,317488 0,003619
судить 2,813411 0,004717
истинный 3,624341 0,003038
приговор 3,401197 0,002851
судья 4,317488 0,003619
однако 1,249435 0,006284
последствие 1,875141 0,001572
порядок 2,066196 0,001732
выражать 0,047791 0,000080
чиакулль 4,317488 0,003619
читать 0,040822 0,000034
репрессия 3,912023 0,006558
равно 2,931194 0,002457
облава 3,912023 0,022954
некогда 4,317488 0,003619
полиция 2,238047 0,003752
сумма 2,708050 0,002270
июнь 2,371578 0,001988
неотъемлемый 4,317488 0,003619
оценивать 0,047791 0,000040
ресторан 3,912023 0,003279
байконур 0,097980 0,000082
один 0,836248 0,001402
выяснять 3,912023 0,003279
редакциярекламаконтактыпресс 0,000000 0,000000
видео 0,000000 0,000000
решётка 3,401197 0,008553
пример 2,371578 0,001988
выявить 2,813411 0,002358
подтверждать 3,401197 0,005702
арестовать 2,931194 0,002457
выясниться 2,371578 0,001988
часть 1,484275 0,004977
жалкий 3,912023 0,003279
свобода 2,931194 0,002457
коза 2,931194 0,031941
заметный 3,624341 0,003038
бонтат 4,317488 0,003619
последний 0,083382 0,000070
приносить 3,218876 0,002698
труп 3,624341 0,003038
мой 2,371578 0,001988
удерживать 4,317488 0,003619
некоторый 1,576648 0,001322
обсудить 0,415515 0,000348
архив 0,000000 0,000000
помочь 1,714798 0,001437
выписать 3,624341 0,006076
клан 3,912023 0,003279
сторонник 3,401197 0,002851
заявить 0,061875 0,000104
сша 0,040822 0,000171
субъективно 4,317488 0,003619
процесс 2,302585 0,003860
основа 3,064725 0,002569
раструбить 4,317488 0,003619
карта 2,014903 0,001689
бонус 0,047791 0,000080
информатор 3,912023 0,003279
среда 0,000000 0,000000
раскрытие 0,076161 0,000064
говорить 1,160488 0,003891
технология 2,525729 0,002117
римский 4,317488 0,003619
подобный 2,120264 0,001777
остаться 0,047791 0,000040
самораспуститься 4,317488 0,003619
прежний 2,371578 0,007952
шоссе 4,317488 0,003619
эксклюзив 0,000000 0,000000
уволить 0,076161 0,000064
поднятие 4,317488 0,003619
похожий 2,371578 0,001988
качество 1,832581 0,001536
скидка 0,047791 0,000040
вечер 3,064725 0,002569
преступность 4,317488 0,007238
становиться 2,525729 0,002117
погружаться 0,047791 0,000040
казино 4,317488 0,003619
официально 2,931194 0,004914
смерть 1,919593 0,003218
осторожный 3,912023 0,003279
деньга 1,875141 0,001572
ноябрь 2,014903 0,001689
затишье 4,317488 0,003619
рынок 1,609438 0,002698
лицо 1,966113 0,001648
кровавый 3,912023 0,003279
бывать 3,064725 0,002569
получать 0,033902 0,000028
магистрат 4,317488 0,010857
последующий 3,401197 0,002851
недалеко 4,317488 0,003619
хотеть 0,013423 0,000023
провиниться 3,218876 0,002698
армия 2,014903 0,001689
прямо 2,525729 0,002117
стать 0,499776 0,002095
раскаяться 4,317488 0,003619
работать 0,027029 0,000045
григорий 3,912023 0,036071
романо 3,912023 0,009837
отличный 2,708050 0,002270
условный 3,912023 0,006558
группа 1,514128 0,001269
операция 1,514128 0,003808
спецпроект 0,000000 0,000000
это 0,020203 0,000237
прочный 3,912023 0,003279
легендарный 2,066196 0,005196
зумера 3,912023 0,003279
украинский 0,047791 0,000040
слово 0,820981 0,001376
исследователь 3,401197 0,014255
сетовать 4,317488 0,003619
давность 4,317488 0,003619
два 0,033902 0,000057
окрестность 3,624341 0,003038
процент 1,678431 0,001407
новость 0,000000 0,000000
туристка 0,076161 0,000064
мотор 0,000000 0,000000
вряд 2,612740 0,004380
взять 2,371578 0,001988
наслать 0,000000 0,000000
сентябрь 2,525729 0,002117
мафиозный 4,317488 0,007238
убить 2,612740 0,002190
михаил 2,445686 0,002050
зашифровать 4,317488 0,003619
жизнь 0,000000 0,000000
противостояние 3,912023 0,003279
уничтожить 2,120264 0,001777
жать 0,013423 0,000011
войти 0,000000 0,000000
улица 2,302585 0,001930
управлять 2,612740 0,002190
шампанский 4,317488 0,003619
далеко 3,064725 0,002569
измениться 2,177422 0,001825
трое 2,931194 0,002457
судьба 2,708050 0,002270
относиться 2,302585 0,001930
остров 3,064725 0,005138
считать 1,373049 0,001151
утвердить 3,624341 0,003038
минимум 2,708050 0,002270
уход 0,076161 0,000064
случаться 3,912023 0,003279
хороший 0,006689 0,000011
предатель 4,317488 0,003619
спор 0,097980 0,000164
германия 2,066196 0,001732
савин 3,624341 0,003038
заключить 2,177422 0,001825
предполагать 3,912023 0,003279
преувеличить 4,317488 0,003619
обычный 0,013423 0,000023
ждать 1,714798 0,001437
власть 1,609438 0,005396
конфиденциальность 0,047791 0,000040
тано 4,317488 0,003619
смело 4,317488 0,003619
юр 4,317488 0,003619
подручный 4,317488 0,003619
медиа 3,912023 0,003279
действие 1,714798 0,001437
отозваться 3,912023 0,003279
общий 1,714798 0,001437
грандиозный 3,912023 0,006558
поймать 3,401197 0,002851
изнасиловать 0,076161 0,000064
продолжать 0,033902 0,000057
первый 0,883501 0,000741
пост 2,612740 0,002190
заочно 4,317488 0,003619
кадр 1,544899 0,001295
ссср 0,000000 0,000000
техника 0,000000 0,000000
антимафиозный 4,317488 0,003619
продлить 3,218876 0,002698
легализовать 4,317488 0,003619
крестный 4,317488 0,007238
февраль 1,160488 0,003891
опубликовать 1,875141 0,001572
жестокий 2,931194 0,002457
прядкоисторика 4,317488 0,014476
идти 1,297063 0,002174
антонио 4,317488 0,003619
вопрос 1,021651 0,000856
продлиться 3,064725 0,002569
следователь 2,931194 0,004914
маурицио 4,317488 0,003619
величина 4,317488 0,003619
никто 2,014903 0,005067
игра 0,000000 0,000000
ростовщичество 4,317488 0,003619
сравнимый 4,317488 0,003619
размер 2,525729 0,002117
минь 0,000000 0,000000
присоединение 4,317488 0,007238
расследование 2,525729 0,002117
традиция 3,218876 0,008094
ваш 0,047791 0,000040
имя 1,875141 0,001572
расправиться 2,931194 0,002457
общество 2,177422 0,001825
главное 0,000000 0,000000
ответ 1,678431 0,001407
азартный 4,317488 0,003619
медитация 0,076161 0,000064
прокуратура 3,401197 0,005702
больший 1,373049 0,001151
срок 1,966113 0,004944
наверное 2,931194 0,002457
активный 2,120264 0,001777
считаться 2,238047 0,001876
маскировка 4,317488 0,003619
событие 1,919593 0,001609
позволять 2,177422 0,005475
привыкнуть 3,218876 0,002698
группировка 2,445686 0,002050
подписывать 4,317488 0,003619
реакция 0,047791 0,000080
самый 0,883501 0,000741
мафиози 3,912023 0,013117
бушетта 4,317488 0,003619
материал 0,000000 0,000000
мафиозо 4,317488 0,007238
болонья 4,317488 0,003619
беседа 1,752539 0,001469
послужить 4,317488 0,003619
быть 1,399717 0,003520
корлеонезти 4,317488 0,003619
автомобиль 2,177422 0,001825
оккупант 4,317488 0,003619
полагать 2,445686 0,002050
омерта 3,912023 0,006558
продолжение 2,813411 0,002358
боевой 2,371578 0,001988
лента 0,000000 0,000000
арест 2,931194 0,014742
перестрелка 3,912023 0,003279
экстравагантный 3,912023 0,003279
прозвище 3,624341 0,003038
коррумпировать 4,317488 0,003619
угон 2,931194 0,002457
роль 1,714798 0,001437
спорт 0,000000 0,000000
таки 4,317488 0,003619
месяц 1,714798 0,001437
мочь 0,836248 0,000701
функционер 4,317488 0,003619
сам 1,226446 0,004112
борьба 2,014903 0,001689
четыре 0,040822 0,000034
запись 3,401197 0,002851
деяние 4,317488 0,003619
глубокий 2,931194 0,002457
друг 1,791759 0,003004
сюжетвзрыв 3,624341 0,003038
исчезновение 3,401197 0,002851
кровопролитие 4,317488 0,003619
насчитывать 3,624341 0,003038
конфиденциальностиправить 0,000000 0,000000
отметить 1,399717 0,001173
глава 1,321756 0,002216
сохранить 2,302585 0,001930
вообще 2,813411 0,002358
правило 2,445686 0,002050
джордж 3,624341 0,003038
удаться 1,678431 0,001407
известный 1,714798 0,001437
поклонник 3,401197 0,002851
бадаламенти 4,317488 0,003619
применение 0,000000 0,000000
дать 1,272966 0,001067
альтернативный 3,218876 0,002698
мелонь 4,317488 0,003619
действовать 2,238047 0,001876
главарь 4,317488 0,007238
организовать 2,612740 0,002190
век 1,919593 0,001609
стремление 3,064725 0,002569
смочь 1,399717 0,003520
третий 2,120264 0,001777
винить 3,624341 0,003038
насилие 2,931194 0,002457
признать 1,484275 0,001244
транслировать 3,912023 0,003279
отдел 0,579818 0,000486
недолго 4,317488 0,007238
ценность 0,000000 0,000000
дата 2,612740 0,002190
вернуться 0,006689 0,000011
впервые 1,919593 0,001609
переписка 3,912023 0,003279
зондировать 4,317488 0,003619
оставить 2,238047 0,001876
российский 0,033902 0,000057
волна 2,302585 0,001930
исчезнуть 3,064725 0,002569
обитание 0,000000 0,000000
соблюдать 2,931194 0,002457
давно 2,445686 0,002050
экзекуция 4,317488 0,003619
россия 0,000000 0,000000
интернет 0,000000 0,000000
спустя 1,832581 0,001536
го 2,302585 0,007720
каппонетто 4,317488 0,003619
аккуратно 3,401197 0,002851
свой 0,020203 0,000068
январь 1,514128 0,002538
назвать 1,021651 0,000856
фалькон 4,317488 0,010857
сражение 3,624341 0,003038
разгромить 3,624341 0,003038
гид 0,076161 0,000064
де 3,624341 0,009114
двухлетний 4,317488 0,003619
американский 0,054808 0,000046
штат 2,708050 0,002270
оправиться 4,317488 0,003619
наблюдать 3,064725 0,002569
мясной 3,912023 0,003279
сотрудник 0,068993 0,000116
другой 1,059392 0,001776
рыба 2,931194 0,002457
зеленский 0,054808 0,000092
работа 0,899761 0,001508
карневале 4,317488 0,003619
пожизненный 3,912023 0,009837
префект 4,317488 0,003619
долг 3,401197 0,002851
интересно 2,813411 0,002358
оставаться 1,875141 0,001572
знаменитый 2,525729 0,002117
эмоция 0,047791 0,000040
явно 3,912023 0,003279
фашистский 4,317488 0,007238
скорее 2,708050 0,004540
сеть 0,090654 0,000076
евро 2,931194 0,002457
телефон 2,120264 0,003555
муссироваться 4,317488 0,003619
ход 1,678431 0,001407
наказание 3,218876 0,002698
растерять 3,624341 0,003038
период 2,014903 0,003378
число 1,226446 0,002056
выдать 2,612740 0,002190
звучать 3,064725 0,002569
муссолини 4,317488 0,003619
слиться 4,317488 0,003619
кризис 2,813411 0,002358
военнослужащий 0,068993 0,000058
накапливать 0,047791 0,000040
центральный 3,064725 0,002569
контроль 1,714798 0,005750
старый 2,371578 0,001988
подельник 4,317488 0,007238
бороться 2,525729 0,002117
кроме 1,427116 0,001196
карабинер 4,317488 0,007238
войско 2,371578 0,001988
происшествие 2,813411 0,002358
торжествовать 4,317488 0,003619
доход 2,445686 0,002050
освоить 3,401197 0,002851
избиение 3,624341 0,003038
кодекс 3,912023 0,003279
эксперт 1,966113 0,004944
положение 2,612740 0,002190
депутат 0,068993 0,000058
поблагодарить 3,912023 0,003279
возродиться 3,912023 0,003279
вселюдизвериедапроисшествияперсонысчастливчикианомалия 2,813411 0,002358
прогресс 0,090654 0,000076
предмет 3,401197 0,002851
война 1,455287 0,008539
форма 0,061875 0,000156
нажать 0,000000 0,000000
дом 0,061875 0,000052
брать 2,445686 0,002050
формальный 4,317488 0,003619
культура 0,000000 0,000000
сыграть 2,813411 0,004717
пропасть 1,966113 0,001648
сальватор 4,317488 0,010857
преодолеть 3,064725 0,002569
пространство 3,218876 0,002698
очередной 2,708050 0,004540
никита 2,931194 0,002457
сие 3,401197 0,002851
несмотря 2,120264 0,001777
статья 0,000000 0,000000
существовать 2,445686 0,002050
современный 2,066196 0,001732
босс 2,525729 0,025405
возглавлять 3,912023 0,006558
овощной 3,912023 0,003279
позиция 1,832581 0,001536
честь 2,813411 0,009433
полицейский 2,931194 0,007371
мировой 1,752539 0,001469
инзерилло 4,317488 0,003619
казаться 2,177422 0,001825
ранний 2,120264 0,003555
риина 4,317488 0,025333
близкий 1,875141 0,001572
получить 1,059392 0,002664
зверский 4,317488 0,003619
многие 1,714798 0,002875
джанкарло 3,912023 0,003279
контакт 1,919593 0,001609
приветствоваться 4,317488 0,003619
план 1,875141 0,001572
тема 1,297063 0,001087
ордер 4,317488 0,010857
оказаться 1,249435 0,003142
зверь 3,064725 0,005138
фактор 2,931194 0,002457
эпизод 3,064725 0,002569
разборка 3,064725 0,002569
около 1,678431 0,002814
фактически 3,401197 0,002851
увлекательный 0,047791 0,000040
трансформация 4,317488 0,003619
использованияполитик 0,000000 0,000000
заниматься 2,302585 0,001930
приказ 2,238047 0,001876
деактивировать 0,013423 0,000011
вроде 3,064725 0,002569
святой 3,912023 0,006558
джованни 4,317488 0,010857
рекомендательный 0,000000 0,000000
иерархия 4,317488 0,007238
право 2,445686 0,002050
переговоры 0,047791 0,000080
воля 2,120264 0,001777
год 0,521999 0,006126
машина 1,875141 0,001572
обратиться 0,076161 0,000064
министр 2,302585 0,001930
международный 1,875141 0,001572
забота 0,000000 0,000000
октябрь 2,612740 0,002190
сбер 0,040822 0,000034
пожаловать 0,013423 0,000011
верховный 2,708050 0,002270
потеря 2,014903 0,003378
решить 1,791759 0,001502
выжить 2,813411 0,002358
трамп 0,054808 0,000046
который 0,521999 0,003500
идея 1,714798 0,001437
морить 4,317488 0,003619
крупный 0,054808 0,000230
задержать 1,875141 0,004715
май 2,813411 0,002358
выстрел 3,912023 0,003279
объявлять 4,317488 0,007238
победа 0,000000 0,000000
прогулять 4,317488 0,003619
привести 1,427116 0,003589
вещь 2,445686 0,002050
уверенный 2,445686 0,002050
белоус 0,076161 0,000064
прибыть 0,083382 0,000070
рассказать 0,985284 0,000826
последовать 3,064725 0,002569
сегодня 1,643339 0,002755
страна 0,747955 0,000627
жена 2,238047 0,001876
масштаб 3,218876 0,002698
коррад 4,317488 0,003619
сми 0,000000 0,000000
сразу 2,066196 0,003464
глубоко 3,624341 0,003038
акция 0,047791 0,000040
такой 1,003302 0,003364
поколение 2,813411 0,004717
развернуться 3,218876 0,002698
вместе 1,514128 0,001269
жить 1,643339 0,001377
рассказывать 2,302585 0,003860
бенитый 4,317488 0,003619
жилец 0,068993 0,000058
грань 3,064725 0,002569
предречь 0,076161 0,000128
паоло 4,317488 0,010857
сдавать 3,401197 0,002851
примерно 2,813411 0,002358
начало 1,399717 0,001173
место 0,027029 0,000023
свет 0,054808 0,000046
ремесло 4,317488 0,003619
государство 1,919593 0,001609
запрос 3,624341 0,003038
регион 0,076161 0,000128
мс 0,097980 0,000082
рука 2,066196 0,005196
закончить 3,912023 0,003279
историк 2,931194 0,012285
генеральный 2,708050 0,002270
март 0,040822 0,000034
преступный 2,445686 0,014350
преступление 2,238047 0,001876
военный 0,020203 0,000017
летний 0,047791 0,000080
сепаратизм 4,317488 0,007238
действительно 2,612740 0,002190
утверждать 2,525729 0,002117
рада 0,068993 0,000058
экономика 0,000000 0,000000
попытка 1,609438 0,001349
старомодный 4,317488 0,003619
изъять 3,218876 0,002698
тот 1,427116 0,005981
откупоривать 4,317488 0,003619
глаз 2,066196 0,001732
опечатка 0,000000 0,000000
бухгалтер 3,624341 0,003038
чезара 4,317488 0,003619
каждый 1,576648 0,001322
организация 2,238047 0,005628
онлайн 3,401197 0,002851
поздний 1,832581 0,001536
спастись 3,624341 0,003038
сицилийский 2,708050 0,027239
вызвать 0,090654 0,000076
история 1,609438 0,005396
осудить 2,813411 0,002358
апрель 2,525729 0,002117
вскоре 2,302585 0,001930
совершенный 3,624341 0,003038
охватывать 4,317488 0,003619
количество 1,576648 0,001322
довольно 3,064725 0,002569
заключение 3,064725 0,002569
влияние 1,919593 0,006436
орган 2,177422 0,001825
пентито 4,317488 0,007238
перехват 3,912023 0,003279
реальный 0,013423 0,000011
тысяча 0,054808 0,000092
семья 2,120264 0,007109
показание 2,931194 0,002457
руководить 3,912023 0,003279
мафия 2,708050 0,063559
томмазо 4,317488 0,003619
сотня 2,014903 0,003378
разглашаться 4,317488 0,003619
расшириться 3,912023 0,003279
укоренить 4,317488 0,003619
февральский 4,317488 0,007238
затопить 0,076161 0,000064
невозможно 2,708050 0,002270
слышать 2,931194 0,002457
обменивать 0,047791 0,000040
условие 0,033902 0,000057
премьер 2,525729 0,002117
фильм 2,238047 0,005628
правда 0,040822 0,000034
произносить 3,624341 0,003038
передавать 2,525729 0,002117
думать 1,791759 0,001502
прокурор 3,401197 0,002851
хаск 4,317488 0,003619
информация 1,514128 0,001269
род 3,218876 0,002698
прядко 3,912023 0,026233
занять 2,813411 0,002358
круг 3,401197 0,002851
стефано 4,317488 0,003619
видеть 0,013423 0,000023
очень 1,347074 0,005646
наука 0,000000 0,000000
высокий 1,455287 0,001220
захват 3,624341 0,003038
сообщество 2,445686 0,002050
активно 2,708050 0,002270
второй 1,643339 0,005510
источник 2,708050 0,002270
книга 2,708050 0,002270
перехватить 4,317488 0,003619
