ру 0,000000 0,000000
банк 0,068993 0,000232
лента 0,000000 0,000000
посольство 3,624341 0,012203
новый 0,000000 0,000000
день 0,033902 0,000114
паспортный 4,317488 0,014537
вылет 3,624341 0,012203
перемирие 0,076161 0,000256
спорт 0,000000 0,000000
обзор 3,912023 0,013172
отвести 0,076161 0,000256
добро 0,013423 0,000136
согласие 0,047791 0,000161
путешествие 0,000000 0,000000
четыре 0,040822 0,000137
полный 1,875141 0,006314
конфликт 0,061875 0,000208
лесото 5,010635 0,050612
конфиденциальностиправить 0,000000 0,000000
пол 0,090654 0,000305
помощь 0,027029 0,000091
штамп 5,010635 0,050612
вода 0,054808 0,000185
вообще 2,813411 0,009473
министерство 2,813411 0,009473
фото 0,061875 0,000208
политика 0,040822 0,000137
применение 0,000000 0,000000
трудность 3,912023 0,026344
английский 3,401197 0,011452
ты 3,064725 0,010319
самолёт 2,302585 0,007753
признать 1,484275 0,004998
отдел 0,579818 0,001952
ценность 0,000000 0,000000
мир 0,000000 0,000000
вернуться 0,006689 0,000023
индия 0,076161 0,000256
структура 0,000000 0,000000
необходимый 2,708050 0,009118
российский 0,033902 0,000342
паспорт 3,624341 0,024406
обитание 0,000000 0,000000
речь 2,445686 0,008235
бывший 0,000000 0,000000
виза 5,010635 0,016871
интернет 0,000000 0,000000
россия 0,000000 0,000000
маккартень 0,097980 0,000330
ооо 0,000000 0,000000
соцсеть 2,708050 0,009118
свой 0,020203 0,000068
ранее 1,003302 0,003378
проблема 0,047791 0,000805
гид 0,076161 0,000256
технологийминь 0,000000 0,000000
город 0,047791 0,000161
большаков 3,912023 0,013172
подробность 2,066196 0,006957
американский 0,054808 0,000185
галерея 0,000000 0,000000
прийтись 2,120264 0,007139
внешность 0,097980 0,000330
сотрудник 0,068993 0,000232
находиться 1,399717 0,004713
начаться 0,033902 0,000114
зеленский 0,054808 0,000369
силовой 0,000000 0,000000
пляжный 0,097980 0,000330
эмоция 0,047791 0,000161
сеть 0,090654 0,000305
въездной 5,010635 0,016871
выражать 0,047791 0,000322
читать 0,040822 0,000137
военнослужащий 0,068993 0,000232
накапливать 0,047791 0,000161
контроль 1,714798 0,005774
мария 2,525729 0,008504
оценивать 0,047791 0,000161
байконур 0,097980 0,000330
один 0,836248 0,008447
лебедев 3,401197 0,080163
попасть 1,678431 0,016954
редакциярекламаконтактыпресс 0,000000 0,000000
видео 0,000000 0,000000
юар 3,912023 0,013172
блогер 2,813411 0,028418
депутат 0,068993 0,000232
прогресс 0,090654 0,000305
форма 0,061875 0,000208
нажать 0,000000 0,000000
последний 0,083382 0,000281
дом 0,061875 0,000208
нелегально 5,010635 0,016871
выпустить 2,238047 0,007536
культура 0,000000 0,000000
королевство 3,912023 0,013172
проставить 5,010635 0,016871
обсудить 0,415515 0,001399
архив 0,000000 0,000000
статья 0,000000 0,000000
заявить 0,061875 0,000417
сша 0,040822 0,000137
инстанция 4,317488 0,014537
бонус 0,047791 0,000322
среда 0,000000 0,000000
раскрытие 0,076161 0,000256
говорить 1,160488 0,003907
редактор 0,556288 0,001873
остаться 0,047791 0,000161
эксклюзив 0,000000 0,000000
уволить 0,076161 0,000256
скидка 0,047791 0,000161
погружаться 0,047791 0,000161
увлекательный 0,047791 0,000161
чувак 5,010635 0,016871
использованияполитик 0,000000 0,000000
деактивировать 0,013423 0,000045
рекомендательный 0,000000 0,000000
зато 2,931194 0,009869
поставить 2,238047 0,007536
переговоры 0,047791 0,000161
документ 2,708050 0,054708
получать 0,033902 0,000342
хотеть 0,013423 0,000045
обратиться 0,076161 0,000513
забота 0,000000 0,000000
сбер 0,040822 0,000137
пожаловать 0,013423 0,000045
нужно 1,791759 0,006033
трамп 0,054808 0,000185
работать 0,027029 0,000091
африканский 4,317488 0,014537
крупный 0,054808 0,000369
спецпроект 0,000000 0,000000
дизайнер 3,912023 0,026344
это 0,020203 0,000136
победа 0,000000 0,000000
украинский 0,047791 0,000161
слово 0,820981 0,002764
белоус 0,076161 0,000256
прибыть 0,083382 0,000281
два 0,033902 0,000228
рассказать 0,985284 0,009952
страна 0,747955 0,012592
новость 0,000000 0,000000
туристка 0,076161 0,000256
мотор 0,000000 0,000000
сми 0,000000 0,000000
акция 0,047791 0,000161
наслать 0,000000 0,000000
доступный 2,708050 0,009118
жизнь 0,000000 0,000000
жилец 0,068993 0,000232
предречь 0,076161 0,000513
жать 0,013423 0,000045
войти 0,000000 0,000000
место 0,027029 0,000182
свет 0,054808 0,000185
государство 1,919593 0,006463
регион 0,076161 0,000256
мс 0,097980 0,000330
март 0,040822 0,000137
военный 0,020203 0,000068
летний 0,047791 0,000161
анклав 5,010635 0,016871
разрешение 3,624341 0,012203
рада 0,068993 0,000232
экономика 0,000000 0,000000
уход 0,076161 0,000256
опечатка 0,000000 0,000000
почему 0,899761 0,003029
недействительный 5,010635 0,016871
хороший 0,006689 0,000023
радиофактчекинг 3,218876 0,010838
спор 0,097980 0,000330
вызвать 0,090654 0,000305
вконтакте 5,010635 0,016871
обычный 0,013423 0,000045
программа 2,371578 0,007985
конфиденциальность 0,047791 0,000161
артемий 3,064725 0,041276
изнасиловать 0,076161 0,000256
продолжать 0,033902 0,000114
реальный 0,013423 0,000045
кадр 1,544899 0,005202
ссср 0,000000 0,000000
техника 0,000000 0,000000
тысяча 0,054808 0,000185
итог 1,678431 0,005651
идти 1,297063 0,008734
затопить 0,076161 0,000256
игра 0,000000 0,000000
вспомнить 2,813411 0,018946
обменивать 0,047791 0,000161
минь 0,000000 0,000000
условие 0,033902 0,000228
ваш 0,047791 0,000161
главное 0,000000 0,000000
медитация 0,076161 0,000256
правда 0,040822 0,000137
возникнуть 2,525729 0,034017
выпускать 3,218876 0,010838
выпуск 3,912023 0,013172
прохождение 3,912023 0,013172
раскрыть 1,643339 0,005533
видеть 0,013423 0,000045
реакция 0,047791 0,000322
материал 0,000000 0,000000
наука 0,000000 0,000000
какой 1,203973 0,004054
выезд 4,317488 0,014537
