ру 0,000000 0,000000
личный 1,791759 0,006331
банк 0,068993 0,000244
лента 0,000000 0,000000
новый 0,000000 0,000000
день 0,033902 0,000120
перемирие 0,076161 0,000269
спорт 0,000000 0,000000
нацист 3,912023 0,013823
золтан 5,010635 0,017705
отвести 0,076161 0,000269
добро 0,013423 0,000142
согласие 0,047791 0,000169
центр 1,752539 0,006193
путешествие 0,000000 0,000000
претендовать 5,010635 0,017705
четыре 0,040822 0,000144
мид 3,064725 0,021659
конфликт 0,061875 0,000219
конфиденциальностиправить 0,000000 0,000000
пол 0,090654 0,000320
помощь 0,027029 0,000096
глава 1,321756 0,004671
человек 0,762140 0,002693
вода 0,054808 0,000194
фото 0,061875 0,000437
политика 0,040822 0,000288
применение 0,000000 0,000000
отдел 0,579818 0,002049
ценность 0,000000 0,000000
известно 1,297063 0,004583
мир 0,000000 0,000000
вернуться 0,006689 0,000024
запад 1,919593 0,013566
индия 0,076161 0,000269
структура 0,000000 0,000000
га 3,912023 0,027647
российский 0,033902 0,000240
обитание 0,000000 0,000000
бывший 0,000000 0,000000
россия 0,000000 0,000000
интернет 0,000000 0,000000
социальный 2,371578 0,008380
оон 3,218876 0,045496
маккартень 0,097980 0,000346
ооо 0,000000 0,000000
свой 0,020203 0,000143
ранее 1,003302 0,003545
проблема 0,047791 0,000169
также 0,762140 0,002693
гид 0,076161 0,000269
технологийминь 0,000000 0,000000
аннален 4,317488 0,015256
город 0,047791 0,000169
выдвижение 5,010635 0,017705
американский 0,054808 0,000194
написать 1,966113 0,006947
галерея 0,000000 0,000000
внешность 0,097980 0,000346
представитель 1,678431 0,005931
сотрудник 0,068993 0,000244
начаться 0,033902 0,000120
зеленский 0,054808 0,000387
работа 0,899761 0,006359
силовой 0,000000 0,000000
пляжный 0,097980 0,000346
эмоция 0,047791 0,000169
сеть 0,090654 0,000641
выражать 0,047791 0,000338
читать 0,040822 0,000144
военнослужащий 0,068993 0,000244
накапливать 0,047791 0,000169
причина 1,484275 0,005245
мария 2,525729 0,008925
оценивать 0,047791 0,000169
фундаментальный 4,317488 0,015256
байконур 0,097980 0,000346
один 0,836248 0,005910
редакциярекламаконтактыпресс 0,000000 0,000000
председатель 2,302585 0,024409
видео 0,000000 0,000000
унижение 3,624341 0,025614
депутат 0,068993 0,000488
прогресс 0,090654 0,000320
лишь 2,238047 0,007908
сессия 5,010635 0,017705
должность 2,813411 0,009941
форма 0,061875 0,000219
нажать 0,000000 0,000000
последний 0,083382 0,000295
дом 0,061875 0,000219
культура 0,000000 0,000000
обсудить 0,415515 0,001468
выдвинуть 3,218876 0,034122
архив 0,000000 0,000000
статья 0,000000 0,000000
заявить 0,061875 0,000219
сша 0,040822 0,000144
всеполитикаобществопроисшествияконфликтыпреступность 2,014903 0,007120
странный 3,064725 0,010829
бонус 0,047791 0,000338
ассамблея 5,010635 0,017705
среда 0,000000 0,000000
раскрытие 0,076161 0,000269
редактор 0,556288 0,001966
подобный 2,120264 0,007492
остаться 0,047791 0,000169
эксклюзив 0,000000 0,000000
уволить 0,076161 0,000269
качество 1,832581 0,006476
скидка 0,047791 0,000169
фраза 2,931194 0,020715
погружаться 0,047791 0,000169
посчитать 3,401197 0,012018
увлекательный 0,047791 0,000169
генассамблея 5,010635 0,017705
использованияполитик 0,000000 0,000000
фрг 3,912023 0,013823
деактивировать 0,013423 0,000047
зелёный 3,218876 0,011374
рекомендательный 0,000000 0,000000
право 2,445686 0,008642
поставить 2,238047 0,007908
являться 1,714798 0,012119
переговоры 0,047791 0,000169
получать 0,033902 0,000120
год 0,521999 0,001845
максим 2,813411 0,009941
чей 3,624341 0,012807
фракция 5,010635 0,017705
хотеть 0,013423 0,000095
обратиться 0,076161 0,000269
забота 0,000000 0,000000
сбер 0,040822 0,000144
пожаловать 0,013423 0,000047
стать 0,499776 0,001766
работать 0,027029 0,000191
трамп 0,054808 0,000194
идея 1,714798 0,012119
крупный 0,054808 0,000387
бундестаг 5,010635 0,017705
спецпроект 0,000000 0,000000
это 0,020203 0,000143
победа 0,000000 0,000000
украинский 0,047791 0,000169
белоус 0,076161 0,000269
исследователь 3,401197 0,012018
прибыть 0,083382 0,000295
два 0,033902 0,000240
новость 0,000000 0,000000
туристка 0,076161 0,000269
мотор 0,000000 0,000000
сми 0,000000 0,000000
акция 0,047791 0,000169
наслать 0,000000 0,000000
жизнь 0,000000 0,000000
жилец 0,068993 0,000244
предречь 0,076161 0,000538
жать 0,013423 0,000047
войти 0,000000 0,000000
унизительно 5,010635 0,017705
захаров 3,218876 0,011374
место 0,027029 0,000287
свет 0,054808 0,000194
регион 0,076161 0,000269
мс 0,097980 0,000346
генеральный 2,708050 0,009569
март 0,040822 0,000288
военный 0,020203 0,000071
летний 0,047791 0,000169
аккаунт 2,813411 0,009941
рада 0,068993 0,000244
экономика 0,000000 0,000000
сопредседатель 3,624341 0,012807
уход 0,076161 0,000269
опечатка 0,000000 0,000000
указать 1,966113 0,006947
хороший 0,006689 0,000024
спор 0,097980 0,000346
германия 2,066196 0,007301
вызвать 0,090654 0,000320
отреагировать 1,966113 0,013895
обычный 0,013423 0,000047
конфиденциальность 0,047791 0,000169
уровень 1,643339 0,005807
изнасиловать 0,076161 0,000269
продолжать 0,033902 0,000120
реальный 0,013423 0,000047
пост 2,612740 0,018465
венгерский 5,010635 0,017705
ссср 0,000000 0,000000
техника 0,000000 0,000000
тысяча 0,054808 0,000194
дед 3,624341 0,012807
кошкович 5,010635 0,035411
вопрос 1,021651 0,003610
официальный 2,238047 0,007908
затопить 0,076161 0,000269
игра 0,000000 0,000000
обменивать 0,047791 0,000169
бербок 3,401197 0,072110
минь 0,000000 0,000000
условие 0,033902 0,000240
представляться 3,912023 0,013823
ваш 0,047791 0,000169
главное 0,000000 0,000000
медитация 0,076161 0,000269
правда 0,040822 0,000144
сообщаться 2,371578 0,008380
видеть 0,013423 0,000047
габриелять 3,624341 0,012807
реакция 0,047791 0,000338
материал 0,000000 0,000000
наука 0,000000 0,000000
уходить 2,813411 0,009941
аналитик 3,401197 0,012018
