метро 2,931194 0,009771
продолжение 2,813411 0,009378
ру 0,000000 0,000000
рф 1,514128 0,005047
банк 0,068993 0,000230
лента 0,000000 0,000000
арест 2,931194 0,019541
стража 3,624341 0,012081
новый 0,000000 0,000000
день 0,033902 0,000113
перемирие 0,076161 0,000254
спорт 0,000000 0,000000
суть 3,912023 0,013040
отвести 0,076161 0,000254
добро 0,013423 0,000134
согласие 0,047791 0,000159
путешествие 0,000000 0,000000
четыре 0,040822 0,000136
конфликт 0,061875 0,000206
конфиденциальностиправить 0,000000 0,000000
пол 0,090654 0,000302
помощь 0,027029 0,000090
тв 3,912023 0,013040
вода 0,054808 0,000183
подробный 3,064725 0,010216
отказаться 1,832581 0,012217
фото 0,061875 0,000413
распространиться 3,912023 0,013040
политика 0,040822 0,000136
взрыв 2,302585 0,007675
применение 0,000000 0,000000
суд 1,832581 0,012217
нога 2,302585 0,007675
коммерсантъ 2,708050 0,009027
культяпковозка 3,401197 0,011337
инвалид 2,813411 0,046890
выступление 2,708050 0,009027
признать 1,484275 0,009895
отдел 0,579818 0,001933
ценность 0,000000 0,000000
мир 0,000000 0,000000
вернуться 0,006689 0,000022
индия 0,076161 0,000254
ук 3,401197 0,011337
структура 0,000000 0,000000
судкриминалполиция 2,525729 0,008419
российский 0,033902 0,000226
обитание 0,000000 0,000000
бывший 0,000000 0,000000
россия 0,000000 0,000000
интернет 0,000000 0,000000
маккартень 0,097980 0,000327
ооо 0,000000 0,000000
обвинение 3,401197 0,011337
шесть 1,966113 0,006554
возмутиться 3,064725 0,010216
свой 0,020203 0,000067
ранее 1,003302 0,003344
проблема 0,047791 0,000159
гид 0,076161 0,000254
технологийминь 0,000000 0,000000
город 0,047791 0,000159
американский 0,054808 0,000183
разжигание 4,317488 0,028783
галерея 0,000000 0,000000
внешность 0,097980 0,000327
сотрудник 0,068993 0,000230
начаться 0,033902 0,000113
зеленский 0,054808 0,000365
силовой 0,000000 0,000000
поляков 3,912023 0,013040
давать 1,875141 0,018751
пляжный 0,097980 0,000327
эмоция 0,047791 0,000159
сеть 0,090654 0,000604
обжаловать 5,010635 0,016702
пока 1,678431 0,005595
возбуждение 3,912023 0,013040
выражать 0,047791 0,000319
вероника 3,624341 0,012081
читать 0,040822 0,000136
военнослужащий 0,068993 0,000230
накапливать 0,047791 0,000159
равно 2,931194 0,009771
вид 1,514128 0,005047
защитница 5,010635 0,016702
вражда 3,218876 0,010730
оценивать 0,047791 0,000159
байконур 0,097980 0,000327
редакциярекламаконтактыпресс 0,000000 0,000000
видео 0,000000 0,000000
унижение 3,624341 0,012081
мера 2,445686 0,008152
депутат 0,068993 0,000230
прогресс 0,090654 0,000302
форма 0,061875 0,000206
нажать 0,000000 0,000000
последний 0,083382 0,000278
дом 0,061875 0,000206
ссылка 2,931194 0,009771
культура 0,000000 0,000000
обсудить 0,415515 0,001385
колония 3,064725 0,010216
архив 0,000000 0,000000
статья 0,000000 0,000000
рен 4,317488 0,014392
заявить 0,061875 0,000413
сша 0,040822 0,000136
грозить 2,708050 0,009027
пошутить 2,931194 0,048853
бонус 0,047791 0,000319
среда 0,000000 0,000000
раскрытие 0,076161 0,000254
говорить 1,160488 0,003868
редактор 0,556288 0,001854
следствие 2,612740 0,008709
остаться 0,047791 0,000319
эксклюзив 0,000000 0,000000
уволить 0,076161 0,000254
скидка 0,047791 0,000159
подорваться 3,064725 0,030647
погружаться 0,047791 0,000159
увлекательный 0,047791 0,000159
использованияполитик 0,000000 0,000000
екатерина 2,612740 0,008709
деактивировать 0,013423 0,000045
рекомендательный 0,000000 0,000000
адвокат 3,912023 0,013040
переговоры 0,047791 0,000159
разумный 5,010635 0,016702
всеследствие 2,525729 0,008419
получать 0,033902 0,000113
год 0,521999 0,001740
хотеть 0,013423 0,000045
обратиться 0,076161 0,000254
забота 0,000000 0,000000
сбер 0,040822 0,000136
пожаловать 0,013423 0,000045
человеческий 3,401197 0,011337
трамп 0,054808 0,000183
работать 0,027029 0,000090
который 0,521999 0,001740
крупный 0,054808 0,000365
спецпроект 0,000000 0,000000
это 0,020203 0,000067
победа 0,000000 0,000000
украинский 0,047791 0,000159
слово 0,820981 0,002737
белоус 0,076161 0,000254
прибыть 0,083382 0,000278
два 0,033902 0,000226
новость 0,000000 0,000000
туристка 0,076161 0,000254
мотор 0,000000 0,000000
сми 0,000000 0,000000
акция 0,047791 0,000159
наслать 0,000000 0,000000
ненависть 3,624341 0,036243
жизнь 0,000000 0,000000
жилец 0,068993 0,000230
спецслужбыпреступный 2,525729 0,008419
предречь 0,076161 0,000508
жать 0,013423 0,000045
войти 0,000000 0,000000
место 0,027029 0,000090
свет 0,054808 0,000183
регион 0,076161 0,000254
решение 1,544899 0,005150
мс 0,097980 0,000327
март 0,040822 0,000272
военный 0,020203 0,000067
летний 0,047791 0,000159
пресечение 3,912023 0,013040
рада 0,068993 0,000230
экономика 0,000000 0,000000
уход 0,076161 0,000254
опечатка 0,000000 0,000000
ходатайство 4,317488 0,014392
хороший 0,006689 0,000022
спор 0,097980 0,000327
вина 3,401197 0,022675
поздний 1,832581 0,006109
вызвать 0,090654 0,000302
обычный 0,013423 0,000045
евгений 2,931194 0,009771
конфиденциальность 0,047791 0,000159
артемий 3,064725 0,020432
заключение 3,064725 0,010216
либо 1,919593 0,006399
изнасиловать 0,076161 0,000254
продолжать 0,033902 0,000113
реальный 0,013423 0,000045
ссср 0,000000 0,000000
техника 0,000000 0,000000
мужчина 1,576648 0,005255
тысяча 0,054808 0,000183
показание 2,931194 0,029312
останин 3,218876 0,075107
следователь 2,931194 0,009771
затопить 0,076161 0,000254
игра 0,000000 0,000000
обменивать 0,047791 0,000159
минь 0,000000 0,000000
кашурников 5,010635 0,016702
условие 0,033902 0,000226
избрать 3,912023 0,013040
ваш 0,047791 0,000159
главное 0,000000 0,000000
медитация 0,076161 0,000254
правда 0,040822 0,000136
достоинство 3,624341 0,012081
высказаться 2,238047 0,007460
столкнуться 2,177422 0,007258
видеть 0,013423 0,000045
сообщать 1,791759 0,005973
реакция 0,047791 0,000319
мина 2,708050 0,036107
материал 0,000000 0,000000
комик 2,813411 0,065646
наука 0,000000 0,000000
спч 3,401197 0,011337
