придумать 2,525729 0,002890
редкоземельный 5,010635 0,005733
поездка 2,931194 0,003354
ру 0,000000 0,000000
банк 0,068993 0,000237
бензин 3,401197 0,003892
нелегальный 4,317488 0,004940
костин 3,912023 0,004476
новый 0,000000 0,000000
день 0,033902 0,000116
садовод 3,624341 0,004147
металл 5,010635 0,011466
фекальный 5,010635 0,005733
перемирие 0,076161 0,000087
экспорт 5,010635 0,005733
паводок 3,912023 0,004476
лишиться 2,445686 0,008395
санкция 2,014903 0,013832
си 3,912023 0,004476
попросить 2,445686 0,002798
отвести 0,076161 0,000087
износить 5,010635 0,005733
ставка 3,064725 0,003507
добро 0,013423 0,000046
согласие 0,047791 0,000055
путешествие 0,000000 0,000000
рейс 3,064725 0,003507
заявление 2,066196 0,002364
полный 1,875141 0,002145
разгневать 3,912023 0,008952
конфликт 0,061875 0,000071
предложить 2,177422 0,002491
пол 0,090654 0,000104
помощь 0,027029 0,000062
декабрь 1,966113 0,002250
жертва 2,371578 0,002713
вода 0,054808 0,000188
человек 0,762140 0,000872
майский 5,010635 0,005733
реклама 2,525729 0,005780
фото 0,061875 0,000142
отказаться 1,832581 0,002097
политика 0,040822 0,000093
меморандум 5,010635 0,005733
москвич 3,912023 0,008952
связь 1,714798 0,001962
м 2,066196 0,002364
иностранный 1,919593 0,008785
миллиардер 3,218876 0,007366
китай 2,612740 0,002989
запас 3,064725 0,003507
владелец 3,064725 0,003507
оно 2,445686 0,002798
потенциальный 3,401197 0,003892
мир 0,000000 0,000000
индия 0,076161 0,000087
пройти 1,427116 0,001633
структура 0,000000 0,000000
житель 1,678431 0,001920
рассмотреть 4,317488 0,004940
проект 2,813411 0,003219
бывший 0,000000 0,000000
время 0,693147 0,000793
оон 3,218876 0,003683
маккартень 0,097980 0,000112
ооо 0,000000 0,000000
аналог 3,218876 0,003683
автозапчасть 5,010635 0,005733
готовить 2,445686 0,002798
проблема 0,047791 0,000219
главный 1,272966 0,001456
беднеть 5,010635 0,005733
турецкий 2,931194 0,013415
резко 2,371578 0,005427
появиться 1,373049 0,001571
технологийминь 0,000000 0,000000
город 0,047791 0,000383
украина 0,805943 0,001844
сблизить 5,010635 0,005733
снизиться 3,912023 0,004476
мебель 3,624341 0,004147
отец 1,919593 0,002196
галерея 0,000000 0,000000
шанс 2,931194 0,003354
внешность 0,097980 0,000112
пытаться 1,347074 0,001541
вырасти 2,371578 0,002713
россиянин 1,321756 0,013611
северный 2,371578 0,002713
лир 5,010635 0,022932
начаться 0,033902 0,000039
начать 1,139434 0,002607
сбыт 4,317488 0,004940
зарубежный 2,371578 0,002713
всегосэкономикабизнесрынкикапиталсоциальный 1,966113 0,002250
требовать 2,813411 0,003219
увидеть 1,752539 0,002005
силовой 0,000000 0,000000
упрощение 3,624341 0,004147
рисковать 2,813411 0,003219
пляжный 0,097980 0,000112
выставка 3,401197 0,003892
инна 3,218876 0,003683
сорудничество 5,010635 0,005733
миллиард 2,612740 0,002989
скрываться 2,525729 0,002890
редкий 2,371578 0,002713
банковский 2,813411 0,003219
последствие 1,875141 0,004291
законопроект 3,912023 0,004476
выражать 0,047791 0,000109
акционер 3,624341 0,004147
читать 0,040822 0,000047
сумма 2,708050 0,006197
приостановить 2,708050 0,003098
оценивать 0,047791 0,000055
купить 2,931194 0,003354
байконур 0,097980 0,000112
поддержка 2,371578 0,002713
один 0,836248 0,000957
редакциярекламаконтактыпресс 0,000000 0,000000
психотропный 5,010635 0,005733
совет 1,714798 0,001962
снизить 3,064725 0,003507
видео 0,000000 0,000000
торг 5,010635 0,011466
длина 4,317488 0,004940
назло 3,064725 0,003507
канализация 4,317488 0,004940
самозапрет 5,010635 0,005733
чс 5,010635 0,005733
антироссийский 2,813411 0,003219
россиянка 1,875141 0,006436
последний 0,083382 0,000095
япония 3,624341 0,004147
московский 2,014903 0,002305
некоторый 1,576648 0,001804
архив 0,000000 0,000000
электричество 3,624341 0,004147
бренд 2,445686 0,002798
извиниться 5,010635 0,005733
курс 3,218876 0,003683
фондовый 3,912023 0,004476
заявить 0,061875 0,000142
сша 0,040822 0,000187
июль 2,708050 0,003098
запустить 2,302585 0,005269
бонус 0,047791 0,000109
среда 0,000000 0,000000
раскрытие 0,076161 0,000087
ахмедов 3,912023 0,004476
технология 2,525729 0,002890
остаться 0,047791 0,000109
эксклюзив 0,000000 0,000000
уволить 0,076161 0,000174
скидка 0,047791 0,000055
москва 1,021651 0,002338
секрет 2,302585 0,002635
надежда 3,912023 0,004476
серый 3,912023 0,004476
воспользоваться 3,912023 0,004476
эльдорадо 5,010635 0,005733
замена 3,218876 0,003683
столько 2,525729 0,002890
ценовый 4,317488 0,004940
погружаться 0,047791 0,000055
автокредит 5,010635 0,005733
климат 1,875141 0,002145
рассада 4,317488 0,004940
влиять 2,525729 0,002890
средаклимат 1,966113 0,002250
выглядеть 1,752539 0,002005
ноябрь 2,014903 0,006916
рынок 1,609438 0,005524
обрушение 4,317488 0,004940
фальсификат 5,010635 0,005733
вклад 3,218876 0,003683
возвращение 2,014903 0,002305
банкротство 4,317488 0,004940
центробанк 5,010635 0,005733
трубопровод 5,010635 0,005733
получать 0,033902 0,000039
сферанедвижимостьгородский 1,966113 0,002250
мечта 4,317488 0,009880
надымить 5,010635 0,005733
забить 4,317488 0,004940
хотеть 0,013423 0,000046
планета 2,931194 0,003354
потратить 3,401197 0,003892
ускорить 5,010635 0,005733
подготовка 2,302585 0,002635
удержать 2,612740 0,002989
нефть 3,912023 0,004476
стать 0,499776 0,002287
бить 2,445686 0,005597
работать 0,027029 0,000062
загар 3,912023 0,004476
спецпроект 0,000000 0,000000
это 0,020203 0,000092
легендарный 2,066196 0,002364
украинский 0,047791 0,000055
минфин 3,218876 0,007366
рост 1,791759 0,006150
два 0,033902 0,000233
процент 1,678431 0,001920
дефицит 4,317488 0,004940
новость 0,000000 0,000000
туристка 0,076161 0,000087
мотор 0,000000 0,000000
вряд 2,612740 0,002989
мтс 5,010635 0,005733
наслать 0,000000 0,000000
остановка 2,525729 0,002890
справиться 2,708050 0,003098
криптовалюта 3,624341 0,004147
катастрофа 2,525729 0,002890
гигант 5,010635 0,005733
жизнь 0,000000 0,000000
пожаловаться 2,931194 0,010061
жать 0,013423 0,000015
войти 0,000000 0,000000
улица 2,302585 0,002635
измениться 2,177422 0,002491
киркоров 3,218876 0,003683
уход 0,076161 0,000087
почему 0,899761 0,004118
особый 2,708050 0,003098
рубль 1,514128 0,001732
хороший 0,006689 0,000008
спор 0,097980 0,000112
вино 3,624341 0,004147
отключить 1,514128 0,001732
инфляция 4,317488 0,009880
готовиться 2,371578 0,002713
пробуждение 5,010635 0,005733
обычный 0,013423 0,000015
конфиденциальность 0,047791 0,000055
путин 0,967584 0,004428
рекордно 4,317488 0,004940
изнасиловать 0,076161 0,000087
авить 3,624341 0,004147
продолжать 0,033902 0,000039
первый 0,883501 0,001011
кадр 1,544899 0,001768
ссср 0,000000 0,000000
техника 0,000000 0,000000
отсрочить 3,624341 0,004147
вулкан 5,010635 0,005733
работник 2,612740 0,005979
стул 3,624341 0,004147
наследство 3,624341 0,004147
февраль 1,160488 0,005311
приобрести 3,401197 0,003892
усидеть 3,912023 0,004476
игра 0,000000 0,000000
компания 1,714798 0,005886
ослабление 3,912023 0,004476
минь 0,000000 0,000000
клиент 2,813411 0,003219
иномарка 5,010635 0,005733
против 1,791759 0,006150
ваш 0,047791 0,000055
железнодорожный 3,401197 0,003892
главное 0,000000 0,000000
порт 3,401197 0,003892
медитация 0,076161 0,000087
срок 1,966113 0,004499
отель 2,931194 0,003354
повысить 3,401197 0,003892
песок 2,931194 0,003354
глобальный 2,813411 0,006438
концерт 3,401197 0,003892
значимость 2,931194 0,003354
столкнуться 2,177422 0,004983
раскрыть 1,643339 0,003761
капитал 5,010635 0,005733
экологияделовой 1,966113 0,002250
реакция 0,047791 0,000109
увольнение 2,612740 0,002989
материал 0,000000 0,000000
технологический 3,218876 0,003683
европейский 2,120264 0,004852
автомобиль 2,177422 0,002491
вывести 2,931194 0,003354
снижаться 3,064725 0,003507
сигарета 3,624341 0,004147
лента 0,000000 0,000000
деревня 3,624341 0,004147
электронный 4,317488 0,004940
давний 5,010635 0,005733
спорт 0,000000 0,000000
разработать 2,612740 0,002989
защититься 2,931194 0,003354
кредит 3,624341 0,004147
аптека 4,317488 0,004940
месяц 1,714798 0,001962
светить 3,912023 0,004476
этот 1,427116 0,003266
предсказать 4,317488 0,004940
сам 1,226446 0,001403
четыре 0,040822 0,000140
погода 3,624341 0,004147
приход 3,912023 0,008952
убивать 3,218876 0,003683
спрогнозировать 4,317488 0,009880
преобразить 4,317488 0,004940
конфиденциальностиправить 0,000000 0,000000
талый 4,317488 0,004940
цирк 3,912023 0,004476
спорить 4,317488 0,004940
глава 1,321756 0,001512
сохранить 2,302585 0,002635
рекордный 3,912023 0,004476
край 2,612740 0,002989
схема 2,612740 0,002989
известный 1,714798 0,001962
колготки 3,624341 0,004147
применение 0,000000 0,000000
дать 1,272966 0,001456
призвать 1,791759 0,002050
снег 2,931194 0,003354
организовать 2,612740 0,002989
смочь 1,399717 0,003203
затяжной 3,912023 0,004476
производитель 3,064725 0,003507
зарплата 2,708050 0,003098
ценность 0,000000 0,000000
известно 1,297063 0,001484
вернуться 0,006689 0,000031
снижение 2,612740 0,002989
больной 2,708050 0,003098
бросать 2,708050 0,003098
майнинга 5,010635 0,005733
раз 2,371578 0,002713
магазин 2,813411 0,003219
диагностика 4,317488 0,004940
российский 0,033902 0,000815
сво 2,445686 0,002798
волна 2,302585 0,002635
китайский 2,813411 0,003219
весенний 3,401197 0,003892
обитание 0,000000 0,000000
певица 3,912023 0,004476
жилой 3,401197 0,003892
потребление 3,401197 0,003892
россия 0,000000 0,000000
интернет 0,000000 0,000000
пошлина 3,624341 0,008294
сутки 2,445686 0,005597
рекорд 2,931194 0,006708
свой 0,020203 0,000069
подешеветь 3,064725 0,003507
зарегистрировать 3,218876 0,003683
финансы 3,912023 0,004476
бабкин 4,317488 0,004940
требование 2,014903 0,002305
биржа 4,317488 0,009880
осознанный 3,912023 0,004476
популярный 1,791759 0,002050
панама 5,010635 0,005733
получиться 2,708050 0,003098
назвать 1,021651 0,014027
гид 0,076161 0,000087
цена 2,302585 0,002635
американский 0,054808 0,000188
усомниться 3,912023 0,004476
инфляционный 5,010635 0,005733
напомнить 2,445686 0,002798
страшный 2,525729 0,002890
сотрудник 0,068993 0,000237
зеленский 0,054808 0,000251
рыба 2,931194 0,003354
потоп 4,317488 0,009880
работа 0,899761 0,002059
запрет 3,912023 0,004476
европа 1,791759 0,002050
пао 5,010635 0,005733
передача 2,708050 0,003098
эмоция 0,047791 0,000055
ожидание 2,931194 0,006708
сеть 0,090654 0,000207
дешёвый 3,912023 0,004476
запретить 2,066196 0,002364
филипп 2,931194 0,003354
пока 1,678431 0,001920
ес 2,708050 0,003098
праздник 2,813411 0,003219
число 1,226446 0,002807
ипотека 5,010635 0,011466
военнослужащий 0,068993 0,000079
накапливать 0,047791 0,000055
человечество 3,912023 0,004476
психолог 3,064725 0,003507
сбербанк 4,317488 0,004940
возврат 3,218876 0,003683
учёный 2,525729 0,002890
старый 2,371578 0,002713
сообщение 2,445686 0,002798
мошенник 2,371578 0,010854
превратиться 3,624341 0,004147
польза 2,612740 0,002989
бесконтактный 5,010635 0,005733
доход 2,445686 0,002798
попасть 1,678431 0,001920
подорожать 3,218876 0,003683
сверхдержава 5,010635 0,005733
ущерб 3,401197 0,003892
что 2,708050 0,003098
лукойл 5,010635 0,005733
покинуть 3,912023 0,004476
спрос 3,624341 0,016587
депутат 0,068993 0,000079
бизнес 2,371578 0,002713
прогресс 0,090654 0,000104
мэр 2,525729 0,002890
форма 0,061875 0,000071
нажать 0,000000 0,000000
дом 0,061875 0,000283
ожидать 2,445686 0,002798
колоссальный 5,010635 0,005733
брать 2,445686 0,002798
культура 0,000000 0,000000
внедрить 4,317488 0,004940
поставка 3,218876 0,003683
поток 3,064725 0,003507
обмен 2,371578 0,002713
аферист 2,931194 0,003354
статья 0,000000 0,000000
великобритания 2,612740 0,002989
евросоюз 3,064725 0,003507
захотеть 2,708050 0,009295
отличаться 3,912023 0,004476
честь 2,813411 0,003219
илона 3,218876 0,007366
нефтяник 3,912023 0,004476
подсчитать 5,010635 0,005733
азиатский 4,317488 0,004940
обман 2,525729 0,005780
полтора 3,218876 0,003683
ранний 2,120264 0,002426
начальство 3,064725 0,003507
светофор 5,010635 0,005733
фон 2,371578 0,005427
план 1,875141 0,002145
доллар 2,708050 0,009295
покупка 2,525729 0,002890
объяснить 1,484275 0,001698
оказаться 1,249435 0,002859
продавать 2,708050 0,003098
сделать 1,321756 0,001512
увлекательный 0,047791 0,000055
квартира 2,371578 0,013567
использованияполитик 0,000000 0,000000
деактивировать 0,013423 0,000015
точный 2,813411 0,006438
предупредить 2,302585 0,002635
обращать 3,624341 0,004147
рекомендательный 0,000000 0,000000
переговоры 0,047791 0,000055
тепло 3,912023 0,004476
год 0,521999 0,001195
машина 1,875141 0,006436
обратиться 0,076161 0,000087
распродажа 3,401197 0,003892
забота 0,000000 0,000000
опровергнуть 2,931194 0,006708
сбер 0,040822 0,000093
резкий 3,218876 0,003683
пожаловать 0,013423 0,000015
трамп 0,054808 0,000502
мигрант 3,624341 0,004147
постоянный 2,371578 0,002713
турция 3,401197 0,007783
экспортёр 5,010635 0,005733
задержание 2,931194 0,003354
крупный 0,054808 0,000314
стремительно 3,912023 0,004476
полмесяца 5,010635 0,005733
поплатиться 3,624341 0,004147
победа 0,000000 0,000000
привести 1,427116 0,001633
стамбул 2,931194 0,003354
белоус 0,076161 0,000087
прибыть 0,083382 0,000095
выбрать 2,612740 0,002989
страх 2,238047 0,002561
страна 0,747955 0,002567
запуск 3,624341 0,004147
четверть 4,317488 0,004940
сми 0,000000 0,000000
акция 0,047791 0,000055
температура 3,624341 0,004147
создать 2,120264 0,002426
покупатель 3,624341 0,004147
маск 3,401197 0,007783
цифра 2,813411 0,006438
посылка 3,064725 0,003507
цзиньпин 4,317488 0,004940
жилец 0,068993 0,000158
спасение 2,177422 0,002491
инфраструктура 2,014903 0,002305
предречь 0,076161 0,000261
роснефть 5,010635 0,005733
турагентство 5,010635 0,005733
свет 0,054808 0,000125
место 0,027029 0,000031
перевозчик 3,912023 0,004476
регион 0,076161 0,000261
поздравить 2,931194 0,003354
мс 0,097980 0,000112
решение 1,544899 0,001768
алтайский 3,912023 0,004476
поручить 2,931194 0,003354
венеция 5,010635 0,005733
ради 2,371578 0,002713
март 0,040822 0,000654
военный 0,020203 0,000023
летний 0,047791 0,000055
лишить 2,708050 0,003098
перечислить 3,064725 0,003507
участие 2,014903 0,002305
рада 0,068993 0,000079
экономика 0,000000 0,000000
неизлечимый 3,401197 0,003892
заработать 2,813411 0,003219
обсуждение 2,931194 0,003354
месть 2,931194 0,003354
использовать 1,919593 0,002196
опечатка 0,000000 0,000000
госдума 2,302585 0,005269
онлайн 3,401197 0,003892
почта 5,010635 0,005733
писать 1,752539 0,002005
отказываться 3,218876 0,003683
вызвать 0,090654 0,000104
поставщик 3,912023 0,004476
подписать 2,708050 0,003098
счётчик 4,317488 0,009880
механизм 2,371578 0,002713
дождь 3,624341 0,004147
реальный 0,013423 0,000015
тысяча 0,054808 0,000125
площадка 3,064725 0,003507
показание 2,931194 0,003354
сотня 2,014903 0,002305
официальный 2,238047 0,002561
затопить 0,076161 0,000174
участник 2,371578 0,002713
перевооружение 3,064725 0,003507
внимание 1,966113 0,002250
обменивать 0,047791 0,000055
препарат 3,218876 0,003683
условие 0,033902 0,000078
возможность 1,714798 0,001962
продажа 2,708050 0,003098
правда 0,040822 0,000093
выманить 4,317488 0,004940
серьёзно 3,624341 0,004147
думать 1,791759 0,002050
уникальный 2,525729 0,002890
гаджет 3,064725 0,003507
оборудование 3,912023 0,004476
ввести 2,120264 0,007278
лужники 5,010635 0,005733
видеть 0,013423 0,000015
одежда 2,445686 0,002798
повыситься 5,010635 0,005733
скорый 2,525729 0,002890
упасть 3,064725 0,007013
способ 1,919593 0,008785
миллион 1,347074 0,003083
наука 0,000000 0,000000
высокий 1,455287 0,004995
какой 1,203973 0,001378
второй 1,643339 0,001880
