ру 0,000000 0,000000
банк 0,068993 0,000267
лента 0,000000 0,000000
новый 0,000000 0,000000
росгвардия 3,401197 0,013183
день 0,033902 0,000131
перемирие 0,076161 0,000295
спорт 0,000000 0,000000
мочь 0,836248 0,003241
отвести 0,076161 0,000295
этот 1,427116 0,005531
добро 0,013423 0,000156
согласие 0,047791 0,000185
путешествие 0,000000 0,000000
четыре 0,040822 0,000158
конфликт 0,061875 0,000240
конфиденциальностиправить 0,000000 0,000000
пол 0,090654 0,000351
помощь 0,027029 0,000105
вода 0,054808 0,000212
фото 0,061875 0,000240
политика 0,040822 0,000158
применение 0,000000 0,000000
дать 1,272966 0,004934
персональный 3,912023 0,015163
использоваться 4,317488 0,016734
они 2,302585 0,008925
ценность 0,000000 0,000000
мир 0,000000 0,000000
вернуться 0,006689 0,000026
индия 0,076161 0,000295
структура 0,000000 0,000000
судкриминалполиция 2,525729 0,009790
дело 1,249435 0,004843
житель 1,678431 0,006506
российский 0,033902 0,000263
обитание 0,000000 0,000000
диск 4,317488 0,016734
бывший 0,000000 0,000000
время 0,693147 0,002687
версия 2,708050 0,010496
россия 0,000000 0,000000
интернет 0,000000 0,000000
митин 4,317488 0,016734
маккартень 0,097980 0,000380
ооо 0,000000 0,000000
свой 0,020203 0,000078
ранее 1,003302 0,003889
проблема 0,047791 0,000185
гид 0,076161 0,000295
технологийминь 0,000000 0,000000
украина 0,805943 0,003124
город 0,047791 0,000185
телефонный 1,643339 0,031848
американский 0,054808 0,000212
рождение 3,218876 0,012476
галерея 0,000000 0,000000
внешность 0,097980 0,000380
россиянин 1,321756 0,005123
сотрудник 0,068993 0,000535
находиться 1,399717 0,005425
территория 1,609438 0,006238
начаться 0,033902 0,000131
другой 1,059392 0,004106
зеленский 0,054808 0,000425
силовой 0,000000 0,000000
пляжный 0,097980 0,000380
эмоция 0,047791 0,000185
сеть 0,090654 0,000351
телефон 2,120264 0,008218
выражать 0,047791 0,000370
читать 0,040822 0,000158
военнослужащий 0,068993 0,000267
накапливать 0,047791 0,000185
полиция 2,238047 0,017349
мошенник 2,371578 0,009192
оценивать 0,047791 0,000185
байконур 0,097980 0,000380
редакциярекламаконтактыпресс 0,000000 0,000000
видео 0,000000 0,000000
обыск 3,624341 0,014048
депутат 0,068993 0,000267
прогресс 0,090654 0,000351
форма 0,061875 0,000240
нажать 0,000000 0,000000
последний 0,083382 0,000323
дом 0,061875 0,000240
культура 0,000000 0,000000
обсудить 0,415515 0,001611
архив 0,000000 0,000000
помочь 1,714798 0,006647
аферист 2,931194 0,045445
статья 0,000000 0,000000
заявить 0,061875 0,000240
сша 0,040822 0,000158
бонус 0,047791 0,000370
среда 0,000000 0,000000
раскрытие 0,076161 0,000295
редактор 0,556288 0,002156
обман 2,525729 0,009790
остаться 0,047791 0,000185
эксклюзив 0,000000 0,000000
уволить 0,076161 0,000295
скидка 0,047791 0,000185
подозревать 2,445686 0,009479
росгвардеец 3,401197 0,052732
оказаться 1,249435 0,004843
погружаться 0,047791 0,000185
увлекательный 0,047791 0,000185
мобильный 5,010635 0,019421
использованияполитик 0,000000 0,000000
деактивировать 0,013423 0,000052
рекомендательный 0,000000 0,000000
тасс 2,371578 0,009192
переговоры 0,047791 0,000185
всеследствие 2,525729 0,009790
получать 0,033902 0,000131
год 0,521999 0,002023
хотеть 0,013423 0,000052
обратиться 0,076161 0,000295
забота 0,000000 0,000000
сбер 0,040822 0,000158
пожаловать 0,013423 0,000052
террорист 3,064725 0,011879
трамп 0,054808 0,000212
работать 0,027029 0,000105
который 0,521999 0,002023
крупный 0,054808 0,000425
задержать 1,875141 0,036340
тула 3,912023 0,030326
ингушетия 3,912023 0,015163
спецпроект 0,000000 0,000000
это 0,020203 0,000078
победа 0,000000 0,000000
украинский 0,047791 0,000926
вещь 2,445686 0,009479
белоус 0,076161 0,000295
прибыть 0,083382 0,000323
два 0,033902 0,000263
новость 0,000000 0,000000
туристка 0,076161 0,000295
мотор 0,000000 0,000000
сми 0,000000 0,000000
акция 0,047791 0,000185
наслать 0,000000 0,000000
жизнь 0,000000 0,000000
варвар 3,218876 0,012476
жилец 0,068993 0,000267
брат 2,525729 0,009790
спецслужбыпреступный 2,525729 0,009790
предречь 0,076161 0,000590
жать 0,013423 0,000052
войти 0,000000 0,000000
место 0,027029 0,000105
свет 0,054808 0,000212
регион 0,076161 0,000295
мс 0,097980 0,000380
март 0,040822 0,000158
военный 0,020203 0,000078
летний 0,047791 0,000185
рада 0,068993 0,000267
экономика 0,000000 0,000000
изъять 3,218876 0,012476
уход 0,076161 0,000295
опечатка 0,000000 0,000000
рубль 1,514128 0,005869
хороший 0,006689 0,000026
спор 0,097980 0,000380
вызвать 0,090654 0,000351
обычный 0,013423 0,000052
конфиденциальность 0,047791 0,000185
пособник 3,401197 0,065915
изнасиловать 0,076161 0,000295
продолжать 0,033902 0,000131
реальный 0,013423 0,000052
кадр 1,544899 0,005988
спецслужба 2,525729 0,009790
ссср 0,000000 0,000000
техника 0,000000 0,000000
тысяча 0,054808 0,000212
затопить 0,076161 0,000295
игра 0,000000 0,000000
правоохранитель 3,401197 0,013183
обменивать 0,047791 0,000185
минь 0,000000 0,000000
расследование 2,525729 0,009790
условие 0,033902 0,000263
ваш 0,047791 0,000185
главное 0,000000 0,000000
медитация 0,076161 0,000295
правда 0,040822 0,000158
передавать 2,525729 0,009790
информация 1,514128 0,005869
видеть 0,013423 0,000052
сообщать 1,791759 0,006945
реакция 0,047791 0,000370
миллион 1,347074 0,005221
жёсткий 2,931194 0,011361
материал 0,000000 0,000000
наука 0,000000 0,000000
