ру 0,000000 0,000000
банк 0,068993 0,000204
лента 0,000000 0,000000
новый 0,000000 0,000000
день 0,033902 0,000100
перемирие 0,076161 0,000451
линия 2,445686 0,007236
спорт 0,000000 0,000000
физический 2,813411 0,016647
мочь 0,836248 0,002474
отвести 0,076161 0,000225
обозначить 3,218876 0,009523
добро 0,013423 0,000119
согласие 0,047791 0,000141
частность 2,525729 0,007473
путешествие 0,000000 0,000000
четыре 0,040822 0,000121
удар 1,455287 0,017222
касаться 2,445686 0,007236
конфликт 0,061875 0,000183
конфиденциальностиправить 0,000000 0,000000
пол 0,090654 0,000268
помощь 0,027029 0,000080
исполнение 3,912023 0,011574
отметить 1,399717 0,004141
вода 0,054808 0,000162
предположить 3,218876 0,009523
фото 0,061875 0,000366
юрий 2,525729 0,007473
политика 0,040822 0,000242
фиксировать 4,317488 0,012774
применение 0,000000 0,000000
обязательство 4,317488 0,012774
возможный 2,066196 0,006113
станица 4,317488 0,012774
отдел 0,579818 0,001715
вариант 3,064725 0,009067
ценность 0,000000 0,000000
сила 1,321756 0,003911
мир 0,000000 0,000000
вернуться 0,006689 0,000020
весь 1,078810 0,003192
индия 0,076161 0,000225
структура 0,000000 0,000000
шаг 2,371578 0,007017
российский 0,033902 0,000301
необходимо 2,120264 0,006273
обитание 0,000000 0,000000
речь 2,445686 0,007236
бывший 0,000000 0,000000
россия 0,000000 0,000000
интернет 0,000000 0,000000
маккартень 0,097980 0,000290
ооо 0,000000 0,000000
свой 0,020203 0,000060
данный 2,445686 0,007236
ранее 1,003302 0,002968
проблема 0,047791 0,000141
фронт 2,708050 0,008012
также 0,762140 0,002255
гид 0,076161 0,000225
технологийминь 0,000000 0,000000
украина 0,805943 0,009538
город 0,047791 0,000141
принудительный 3,218876 0,009523
необходимость 2,525729 0,007473
американский 0,054808 0,000162
галерея 0,000000 0,000000
прекращение 1,714798 0,020293
посредник 4,317488 0,012774
внешность 0,097980 0,000290
выступать 2,525729 0,007473
сотрудник 0,068993 0,000204
находиться 1,399717 0,004141
начаться 0,033902 0,000100
зеленский 0,054808 0,000324
силовой 0,000000 0,000000
пляжный 0,097980 0,000290
эмоция 0,047791 0,000141
сеть 0,090654 0,000268
вооружённый 1,678431 0,004966
выражать 0,047791 0,000283
мирный 1,966113 0,023268
читать 0,040822 0,000121
военнослужащий 0,068993 0,000204
минобороны 1,966113 0,005817
накапливать 0,047791 0,000141
контроль 1,714798 0,045660
оценивать 0,047791 0,000141
байконур 0,097980 0,000290
редакциярекламаконтактыпресс 0,000000 0,000000
видео 0,000000 0,000000
мера 2,445686 0,021707
депутат 0,068993 0,000612
мобилизация 2,813411 0,008324
прогресс 0,090654 0,000268
форма 0,061875 0,000183
нажать 0,000000 0,000000
оперативный 2,014903 0,005961
последний 0,083382 0,000247
дом 0,061875 0,000183
брать 2,445686 0,007236
сторона 1,321756 0,003911
культура 0,000000 0,000000
некоторый 1,576648 0,004665
момент 1,399717 0,004141
обсудить 0,415515 0,001229
архив 0,000000 0,000000
статья 0,000000 0,000000
заявить 0,061875 0,000183
сша 0,040822 0,000362
процесс 2,302585 0,006812
разрабатываться 5,010635 0,014824
переговорный 3,912023 0,011574
отношение 1,226446 0,003629
временной 2,612740 0,007730
бонус 0,047791 0,000283
среда 0,000000 0,000000
раскрытие 0,076161 0,000225
редактор 0,556288 0,001646
остаться 0,047791 0,000141
эксклюзив 0,000000 0,000000
уволить 0,076161 0,000225
скидка 0,047791 0,000141
погружаться 0,047791 0,000141
теоретически 5,010635 0,014824
увлекательный 0,047791 0,000141
соблюдение 2,813411 0,033295
использованияполитик 0,000000 0,000000
технический 2,931194 0,017344
нанести 2,813411 0,008324
деактивировать 0,013423 0,000040
энергетика 2,371578 0,007017
договорённость 2,302585 0,034062
рекомендательный 0,000000 0,000000
разный 2,238047 0,006621
переговоры 0,047791 0,000141
контекст 3,218876 0,009523
получать 0,033902 0,000100
хотеть 0,013423 0,000040
обратиться 0,076161 0,000225
забота 0,000000 0,000000
сбер 0,040822 0,000121
пожаловать 0,013423 0,000040
обладать 3,624341 0,010723
трамп 0,054808 0,000162
работать 0,027029 0,000080
который 0,521999 0,001544
идея 1,714798 0,005073
возможно 2,813411 0,008324
крупный 0,054808 0,000324
огонь 1,609438 0,004762
спецпроект 0,000000 0,000000
это 0,020203 0,000120
победа 0,000000 0,000000
украинский 0,047791 0,000141
ответственность 2,931194 0,008672
белоус 0,076161 0,000225
прибыть 0,083382 0,000247
два 0,033902 0,000201
рассказать 0,985284 0,002915
страна 0,747955 0,002213
президент 0,851752 0,002520
новость 0,000000 0,000000
туристка 0,076161 0,000225
мотор 0,000000 0,000000
сми 0,000000 0,000000
взять 2,371578 0,007017
акция 0,047791 0,000141
остановка 2,525729 0,007473
наслать 0,000000 0,000000
такой 1,003302 0,002968
жизнь 0,000000 0,000000
варвар 3,218876 0,009523
жилец 0,068993 0,000204
инфраструктура 2,014903 0,017884
предречь 0,076161 0,000451
жать 0,013423 0,000040
войти 0,000000 0,000000
функция 3,401197 0,010063
место 0,027029 0,000080
свет 0,054808 0,000162
регион 0,076161 0,000225
решение 1,544899 0,004571
мс 0,097980 0,000290
спутниковый 4,317488 0,012774
март 0,040822 0,000121
военный 0,020203 0,000060
допустить 2,813411 0,016647
летний 0,047791 0,000141
рада 0,068993 0,000204
экономика 0,000000 0,000000
энергетический 2,371578 0,007017
обсуждение 2,931194 0,008672
тот 1,427116 0,004222
уход 0,076161 0,000225
опечатка 0,000000 0,000000
безусловно 2,708050 0,008012
указать 1,966113 0,005817
госдума 2,302585 0,006812
хороший 0,006689 0,000020
спор 0,097980 0,000290
объект 1,832581 0,021687
совершать 2,931194 0,008672
вызвать 0,090654 0,000268
обычный 0,013423 0,000040
нарушение 2,931194 0,008672
атаковать 2,931194 0,008672
конфиденциальность 0,047791 0,000141
количество 1,576648 0,004665
спутник 3,624341 0,021446
кавказский 4,317488 0,012774
параллельмыть 2,177422 0,006442
владимир 1,160488 0,003433
путин 0,967584 0,005725
кошечкина 3,624341 0,010723
изнасиловать 0,076161 0,000225
продолжать 0,033902 0,000100
реальный 0,013423 0,000040
ссср 0,000000 0,000000
техника 0,000000 0,000000
тысяча 0,054808 0,000162
всу 1,373049 0,016249
идти 1,297063 0,003837
дневный 2,612740 0,007730
подчеркнуть 2,066196 0,006113
вопрос 1,021651 0,003023
затопить 0,076161 0,000225
игра 0,000000 0,000000
швыткина 5,010635 0,044473
перевооружение 3,064725 0,009067
обменивать 0,047791 0,000141
минь 0,000000 0,000000
принимать 2,445686 0,007236
условие 0,033902 0,000301
ваш 0,047791 0,000141
главное 0,000000 0,000000
медитация 0,076161 0,000225
правда 0,040822 0,000121
больший 1,373049 0,004062
высказаться 2,238047 0,013243
информация 1,514128 0,004480
принять 1,678431 0,004966
видеть 0,013423 0,000040
реакция 0,047791 0,000283
самый 0,883501 0,002614
материал 0,000000 0,000000
наука 0,000000 0,000000
сообщить 1,297063 0,003837
стадия 3,912023 0,011574
