кул 5,010635 0,013880
отсюда 4,317488 0,011960
ру 0,000000 0,000000
отмечать 1,966113 0,005446
банк 0,068993 0,000191
лента 0,000000 0,000000
новый 0,000000 0,000000
день 0,033902 0,000094
перемирие 0,076161 0,000211
спорт 0,000000 0,000000
сторонерабство 5,010635 0,013880
мочь 0,836248 0,002316
отвести 0,076161 0,000211
добро 0,013423 0,000112
согласие 0,047791 0,000132
путешествие 0,000000 0,000000
четыре 0,040822 0,000113
сказать 1,919593 0,005317
конфликт 0,061875 0,000171
конфиденциальностиправить 0,000000 0,000000
пол 0,090654 0,000251
помощь 0,027029 0,000075
стример 4,317488 0,023920
декабрь 1,966113 0,005446
бурный 4,317488 0,011960
человек 0,762140 0,002111
вода 0,054808 0,000152
стримереть 5,010635 0,013880
фото 0,061875 0,000343
явление 3,218876 0,008917
политика 0,040822 0,000113
цветок 3,912023 0,010837
поклонник 3,401197 0,009422
применение 0,000000 0,000000
согласный 3,912023 0,010837
рассмешить 3,912023 0,010837
смочь 1,399717 0,003877
будни 3,624341 0,010040
отдел 0,579818 0,001606
ценность 0,000000 0,000000
мир 0,000000 0,000000
вернуться 0,006689 0,000019
пытка 4,317488 0,011960
индия 0,076161 0,000211
структура 0,000000 0,000000
цвет 2,931194 0,008120
магазин 2,813411 0,007793
российский 0,033902 0,000470
ран 3,218876 0,008917
ролик 3,218876 0,008917
обитание 0,000000 0,000000
бывший 0,000000 0,000000
конец 1,643339 0,004552
посетовать 5,010635 0,013880
россия 0,000000 0,000000
интернет 0,000000 0,000000
смотреть 2,066196 0,005724
маккартень 0,097980 0,000271
ооо 0,000000 0,000000
стрим 4,317488 0,011960
свой 0,020203 0,000056
существование 2,813411 0,007793
корейка 5,010635 0,013880
ранее 1,003302 0,002779
проблема 0,047791 0,000132
ранункулюс 5,010635 0,027760
также 0,762140 0,002111
ненавидеть 3,624341 0,010040
гид 0,076161 0,000211
технологийминь 0,000000 0,000000
онегин 4,317488 0,011960
город 0,047791 0,000132
цена 2,302585 0,006378
американский 0,054808 0,000152
видявленияроскошьличность 2,813411 0,007793
написать 1,966113 0,005446
многочисленный 3,401197 0,009422
галерея 0,000000 0,000000
внешность 0,097980 0,000271
сотрудник 0,068993 0,000191
начаться 0,033902 0,000094
представить 2,525729 0,006996
зеленский 0,054808 0,000304
силовой 0,000000 0,000000
карина 3,912023 0,010837
давать 1,875141 0,005194
пляжный 0,097980 0,000271
эмоция 0,047791 0,000132
приходить 2,708050 0,007502
сеть 0,090654 0,000251
отрывок 5,010635 0,013880
исполнитель 3,218876 0,008917
чёрный 1,919593 0,005317
выражать 0,047791 0,000265
унижать 5,010635 0,013880
читать 0,040822 0,000113
военнослужащий 0,068993 0,000191
знать 1,576648 0,004367
накапливать 0,047791 0,000132
автор 3,064725 0,008490
адекватный 3,912023 0,010837
оценивать 0,047791 0,000132
родиться 3,064725 0,008490
байконур 0,097980 0,000271
редакциярекламаконтактыпресс 0,000000 0,000000
видео 0,000000 0,000000
депутат 0,068993 0,000191
прогресс 0,090654 0,000251
тип 3,401197 0,009422
эфир 3,912023 0,010837
согласиться 2,066196 0,005724
форма 0,061875 0,000171
нажать 0,000000 0,000000
последний 0,083382 0,000231
дом 0,061875 0,000171
культура 0,000000 0,000000
всестильвнешний 2,813411 0,007793
обсудить 0,415515 0,002302
архив 0,000000 0,000000
подросток 3,218876 0,008917
статья 0,000000 0,000000
заявить 0,061875 0,000343
сша 0,040822 0,000113
бонус 0,047791 0,000265
среда 0,000000 0,000000
певец 2,813411 0,015587
раскрытие 0,076161 0,000211
уна 5,010635 0,013880
редактор 0,556288 0,001541
остаться 0,047791 0,000132
развеселить 4,317488 0,011960
девушка 2,238047 0,018599
эксклюзив 0,000000 0,000000
уволить 0,076161 0,000211
скидка 0,047791 0,000265
комментарий 1,427116 0,007906
тема 1,297063 0,003593
егор 3,218876 0,044583
покупка 2,525729 0,006996
погружаться 0,047791 0,000132
смерть 1,919593 0,005317
увлекательный 0,047791 0,000132
квартира 2,371578 0,006569
использованияполитик 0,000000 0,000000
деактивировать 0,013423 0,000037
рекомендательный 0,000000 0,000000
фанат 3,218876 0,008917
переговоры 0,047791 0,000132
получать 0,033902 0,000094
чей 3,624341 0,010040
машина 1,875141 0,005194
произведение 3,624341 0,010040
крид 3,218876 0,062416
хотеть 0,013423 0,000037
обратиться 0,076161 0,000211
мать 2,445686 0,033874
забота 0,000000 0,000000
сбер 0,040822 0,000113
пожаловать 0,013423 0,000037
стать 0,499776 0,001384
трамп 0,054808 0,000152
работать 0,027029 0,000075
который 0,521999 0,004338
прикинуть 5,010635 0,013880
крупный 0,054808 0,000304
это 0,020203 0,000448
спецпроект 0,000000 0,000000
победа 0,000000 0,000000
украинский 0,047791 0,000132
слово 0,820981 0,011371
белоус 0,076161 0,000211
прибыть 0,083382 0,000231
два 0,033902 0,000188
прямой 2,302585 0,006378
новость 0,000000 0,000000
туристка 0,076161 0,000211
мотор 0,000000 0,000000
сми 0,000000 0,000000
акция 0,047791 0,000132
наслать 0,000000 0,000000
такой 1,003302 0,013896
сентябрь 2,525729 0,006996
доступный 2,708050 0,007502
жизнь 0,000000 0,000000
жилец 0,068993 0,000191
предречь 0,076161 0,000422
жать 0,013423 0,000037
войти 0,000000 0,000000
бурно 5,010635 0,013880
дорога 2,525729 0,006996
место 0,027029 0,000075
свет 0,054808 0,000152
регион 0,076161 0,000211
мс 0,097980 0,000271
марс 4,317488 0,011960
село 2,708050 0,007502
март 0,040822 0,000226
тёмный 3,401197 0,009422
военный 0,020203 0,000056
летний 0,047791 0,000265
рада 0,068993 0,000191
экономика 0,000000 0,000000
корзина 4,317488 0,011960
тот 1,427116 0,003953
уход 0,076161 0,000211
опечатка 0,000000 0,000000
почему 0,899761 0,002492
каждый 1,576648 0,004367
рубль 1,514128 0,020971
даша 4,317488 0,011960
возненавидеть 2,708050 0,007502
хороший 0,006689 0,000037
спор 0,097980 0,000271
вызвать 0,090654 0,000251
отреагировать 1,966113 0,027231
обычный 0,013423 0,000037
разместить 3,064725 0,008490
евгений 2,931194 0,008120
конфиденциальность 0,047791 0,000132
подарить 2,931194 0,008120
юс 5,010635 0,013880
изнасиловать 0,076161 0,000211
продолжать 0,033902 0,000094
зритель 2,931194 0,016239
реальный 0,013423 0,000037
ссср 0,000000 0,000000
техника 0,000000 0,000000
смеяться 3,624341 0,010040
тысяча 0,054808 0,000152
опубликовать 1,875141 0,005194
идти 1,297063 0,003593
затопить 0,076161 0,000211
игра 0,000000 0,000000
вспомнить 2,813411 0,007793
обменивать 0,047791 0,000132
минь 0,000000 0,000000
видно 2,708050 0,007502
условие 0,033902 0,000188
ваш 0,047791 0,000132
главное 0,000000 0,000000
смешно 3,912023 0,010837
медитация 0,076161 0,000211
правда 0,040822 0,000113
букет 3,401197 0,075373
высказаться 2,238047 0,006200
добить 5,010635 0,013880
стоимость 2,238047 0,006200
видеть 0,013423 0,000037
реакция 0,047791 0,000794
блогерш 3,624341 0,010040
самый 0,883501 0,002447
миллион 1,347074 0,022389
материал 0,000000 0,000000
наука 0,000000 0,000000
скриншот 4,317488 0,011960
прославиться 3,624341 0,010040
