ру 0,000000 0,000000
банк 0,068993 0,000223
лента 0,000000 0,000000
новый 0,000000 0,000000
ростовский 5,010635 0,016163
день 0,033902 0,000109
перемирие 0,076161 0,000246
паводок 3,912023 0,012619
спорт 0,000000 0,000000
река 3,218876 0,041534
водоём 4,317488 0,013927
отвести 0,076161 0,000246
добро 0,013423 0,000130
обмеление 5,010635 0,048490
согласие 0,047791 0,000154
центр 1,752539 0,005653
путешествие 0,000000 0,000000
четыре 0,040822 0,000132
конфликт 0,061875 0,000200
конфиденциальностиправить 0,000000 0,000000
александр 1,373049 0,004429
пол 0,090654 0,000292
помощь 0,027029 0,000087
тёплый 4,317488 0,013927
вода 0,054808 0,000707
человек 0,762140 0,002459
водоснабжение 5,010635 0,016163
фото 0,061875 0,000399
волгоград 4,317488 0,013927
политика 0,040822 0,000132
применение 0,000000 0,000000
челябинский 5,010635 0,016163
снег 2,931194 0,009455
область 1,272966 0,012319
отдел 0,579818 0,001870
ценность 0,000000 0,000000
мир 0,000000 0,000000
вернуться 0,006689 0,000022
индия 0,076161 0,000246
структура 0,000000 0,000000
российский 0,033902 0,000547
житель 1,678431 0,010829
саратов 5,010635 0,016163
весенний 3,401197 0,010972
обитание 0,000000 0,000000
специалист 2,445686 0,007889
бывший 0,000000 0,000000
слишком 2,371578 0,015301
россия 0,000000 0,000000
интернет 0,000000 0,000000
исправить 5,010635 0,016163
шувалов 5,010635 0,016163
маккартень 0,097980 0,000316
ооо 0,000000 0,000000
новгород 3,064725 0,009886
свой 0,020203 0,000065
сильный 1,678431 0,005414
проблема 0,047791 0,000771
ситуация 1,484275 0,009576
режим 1,966113 0,006342
также 0,762140 0,002459
гид 0,076161 0,000246
технологийминь 0,000000 0,000000
город 0,047791 0,000462
рыбинск 5,010635 0,016163
американский 0,054808 0,000177
галерея 0,000000 0,000000
прийтись 2,120264 0,006840
ударить 2,525729 0,008148
внешность 0,097980 0,000316
сотрудник 0,068993 0,000223
начаться 0,033902 0,000219
зеленский 0,054808 0,000354
начать 1,139434 0,003676
всегосэкономикабизнесрынкикапиталсоциальный 1,966113 0,006342
силовой 0,000000 0,000000
пляжный 0,097980 0,000316
эмоция 0,047791 0,000154
сеть 0,090654 0,000292
выражать 0,047791 0,000308
ташевскай 3,912023 0,012619
читать 0,040822 0,000132
военнослужащий 0,068993 0,000223
накапливать 0,047791 0,000154
причина 1,484275 0,004788
засуха 4,317488 0,013927
кроме 1,427116 0,004604
оценивать 0,047791 0,000154
нижний 2,612740 0,008428
байконур 0,097980 0,000316
редакциярекламаконтактыпресс 0,000000 0,000000
ростов 3,912023 0,012619
заволжье 5,010635 0,016163
видео 0,000000 0,000000
сильно 2,445686 0,007889
обмелеть 5,010635 0,032327
депутат 0,068993 0,000223
прогресс 0,090654 0,000292
форма 0,061875 0,000200
воронеж 5,010635 0,016163
нажать 0,000000 0,000000
последний 0,083382 0,000269
дом 0,061875 0,000200
дон 4,317488 0,041782
культура 0,000000 0,000000
обсудить 0,415515 0,001340
архив 0,000000 0,000000
помочь 1,714798 0,005532
электричество 3,624341 0,011691
статья 0,000000 0,000000
заявить 0,061875 0,000200
сша 0,040822 0,000132
грозить 2,708050 0,008736
бонус 0,047791 0,000308
среда 0,000000 0,000000
раскрытие 0,076161 0,000246
редактор 0,556288 0,001794
аша 5,010635 0,016163
остаться 0,047791 0,000154
ярославский 4,317488 0,027855
волга 3,912023 0,025239
эксклюзив 0,000000 0,000000
уволить 0,076161 0,000246
скидка 0,047791 0,000154
масштабный 2,612740 0,008428
оказаться 1,249435 0,004030
калач 5,010635 0,016163
погружаться 0,047791 0,000154
климат 1,875141 0,012098
очевидец 3,624341 0,011691
увлекательный 0,047791 0,000154
казань 4,317488 0,013927
использованияполитик 0,000000 0,000000
средаклимат 1,966113 0,006342
деактивировать 0,013423 0,000043
рекомендательный 0,000000 0,000000
опасность 2,371578 0,007650
переговоры 0,047791 0,000154
получать 0,033902 0,000109
сферанедвижимостьгородский 1,966113 0,006342
наоборот 2,813411 0,009076
хотеть 0,013423 0,000043
обратиться 0,076161 0,000246
забота 0,000000 0,000000
сбер 0,040822 0,000132
пожаловать 0,013423 0,000043
стать 0,499776 0,001612
трамп 0,054808 0,000177
работать 0,027029 0,000087
крупный 0,054808 0,000884
спецпроект 0,000000 0,000000
это 0,020203 0,000065
победа 0,000000 0,000000
чрезвычайный 3,912023 0,012619
украинский 0,047791 0,000154
белоус 0,076161 0,000246
два 0,033902 0,000656
наполняться 5,010635 0,016163
прибыть 0,083382 0,000269
русло 3,624341 0,011691
новость 0,000000 0,000000
туристка 0,076161 0,000246
мотор 0,000000 0,000000
сми 0,000000 0,000000
акция 0,047791 0,000154
ток 3,912023 0,012619
наслать 0,000000 0,000000
такой 1,003302 0,003236
руководитель 2,445686 0,007889
таяние 4,317488 0,013927
жизнь 0,000000 0,000000
жилец 0,068993 0,000223
пояснить 2,931194 0,009455
предречь 0,076161 0,001228
жать 0,013423 0,000043
войти 0,000000 0,000000
место 0,027029 0,000087
свет 0,054808 0,000177
регион 0,076161 0,001228
мс 0,097980 0,000316
март 0,040822 0,000132
военный 0,020203 0,000065
летний 0,047791 0,000154
опросить 4,317488 0,013927
новомосковск 5,010635 0,016163
рада 0,068993 0,000223
экономика 0,000000 0,000000
нина 3,912023 0,012619
нечего 3,218876 0,010383
канал 1,791759 0,005780
минимум 2,708050 0,017471
уход 0,076161 0,000246
опечатка 0,000000 0,000000
быстрый 2,708050 0,008736
хороший 0,006689 0,000022
спор 0,097980 0,000316
маленький 1,791759 0,005780
отключить 1,514128 0,004884
вызвать 0,090654 0,000292
прогуливаться 5,010635 0,016163
обычный 0,013423 0,000043
астрахань 5,010635 0,016163
конфиденциальность 0,047791 0,000154
количество 1,576648 0,005086
балаково 4,317488 0,013927
изнасиловать 0,076161 0,000246
продолжать 0,033902 0,000109
дождь 3,624341 0,011691
реальный 0,013423 0,000043
ссср 0,000000 0,000000
техника 0,000000 0,000000
локальный 3,624341 0,011691
тысяча 0,054808 0,000177
затопить 0,076161 0,000246
игра 0,000000 0,000000
обменивать 0,047791 0,000154
минь 0,000000 0,000000
экология 4,317488 0,013927
условие 0,033902 0,000219
ваш 0,047791 0,000154
главное 0,000000 0,000000
медитация 0,076161 0,000246
правда 0,040822 0,000132
прогностический 5,010635 0,016163
риск 2,120264 0,013679
зима 3,912023 0,012619
ввести 2,120264 0,006840
видеть 0,013423 0,000043
экологияделовой 1,966113 0,006342
сообщать 1,791759 0,005780
реакция 0,047791 0,000308
материал 0,000000 0,000000
наука 0,000000 0,000000
метео 5,010635 0,016163
