извиняться 5,010635 0,011680
джинсы 5,010635 0,011680
ру 0,000000 0,000000
банк 0,068993 0,000161
комар 4,317488 0,010064
похититель 4,317488 0,040256
лента 0,000000 0,000000
новый 0,000000 0,000000
день 0,033902 0,000158
прозвище 3,624341 0,008448
забрать 3,064725 0,007144
съёмный 4,317488 0,020128
перемирие 0,076161 0,000178
спорт 0,000000 0,000000
выйти 1,752539 0,004085
отвести 0,076161 0,000178
добро 0,013423 0,000094
согласие 0,047791 0,000111
путешествие 0,000000 0,000000
четыре 0,040822 0,000095
друг 1,791759 0,004177
конфликт 0,061875 0,000144
конфиденциальностиправить 0,000000 0,000000
помощь 0,027029 0,000063
басков 3,401197 0,007928
голубой 5,010635 0,011680
телосложение 5,010635 0,011680
вода 0,054808 0,000128
край 2,612740 0,006090
прощение 4,317488 0,010064
немного 2,813411 0,006558
фото 0,061875 0,000288
политика 0,040822 0,000095
связь 1,714798 0,007994
разговор 1,160488 0,002705
применение 0,000000 0,000000
выкуп 3,624341 0,016897
дать 1,272966 0,002967
экс 2,066196 0,004816
анастасия 3,401197 0,007928
позволить 3,218876 0,007503
отдел 0,579818 0,002703
ценность 0,000000 0,000000
известно 1,297063 0,003023
мир 0,000000 0,000000
вернуться 0,006689 0,000016
искать 2,302585 0,010735
индия 0,076161 0,000178
обмануть 2,931194 0,006833
структура 0,000000 0,000000
судкриминалполиция 2,525729 0,005887
дело 1,249435 0,005825
российский 0,033902 0,000158
ролик 3,218876 0,007503
обитание 0,000000 0,000000
заявлять 3,064725 0,007144
вагнер 3,912023 0,009119
забирать 3,912023 0,009119
просто 1,678431 0,003912
бывший 0,000000 0,000000
приехать 2,238047 0,005217
время 0,693147 0,003231
версия 2,708050 0,006312
бронежилет 5,010635 0,011680
россия 0,000000 0,000000
интернет 0,000000 0,000000
спустя 1,832581 0,004272
перестать 3,064725 0,007144
волос 2,708050 0,006312
ооо 0,000000 0,000000
прислать 2,302585 0,005367
выходить 2,612740 0,006090
красноярский 2,931194 0,020498
свой 0,020203 0,000094
данный 2,445686 0,005701
проблема 0,047791 0,000111
требование 2,014903 0,014090
потребовать 2,445686 0,005701
также 0,762140 0,001777
капюшон 5,010635 0,011680
появиться 1,373049 0,003201
гид 0,076161 0,000178
технологийминь 0,000000 0,000000
алимпиев 3,912023 0,009119
город 0,047791 0,000334
компенсировать 3,912023 0,009119
подробность 2,066196 0,004816
час 1,455287 0,003392
американский 0,054808 0,000128
галерея 0,000000 0,000000
волонтёр 3,912023 0,009119
шатохин 5,010635 0,011680
сотрудник 0,068993 0,000322
находиться 1,399717 0,003263
начаться 0,033902 0,000079
зеленский 0,054808 0,000383
требовать 2,813411 0,013116
слеза 4,317488 0,010064
прийти 2,014903 0,004697
силовой 0,000000 0,000000
достаток 5,010635 0,011680
уголовный 3,218876 0,007503
эмоция 0,047791 0,000111
соседний 3,912023 0,009119
чёрный 1,919593 0,008949
однако 1,249435 0,002912
порядок 2,066196 0,004816
себя 2,014903 0,004697
юра 3,624341 0,008448
выражать 0,047791 0,000223
девочка 2,708050 0,050500
факт 2,813411 0,006558
читать 0,040822 0,000095
военнослужащий 0,068993 0,000161
накапливать 0,047791 0,000111
сумма 2,708050 0,006312
полиция 2,238047 0,020868
мошенник 2,371578 0,005528
выяснить 3,401197 0,007928
оценивать 0,047791 0,000111
подтвердить 2,238047 0,005217
редакциярекламаконтактыпресс 0,000000 0,000000
доставить 2,177422 0,005076
видео 0,000000 0,000000
ущерб 3,401197 0,007928
похитить 3,064725 0,021432
светлый 4,317488 0,010064
депутат 0,068993 0,000161
форма 0,061875 0,000144
нажать 0,000000 0,000000
оперативный 2,014903 0,004697
дом 0,061875 0,000288
последний 0,083382 0,000583
культура 0,000000 0,000000
пропасть 1,966113 0,009166
заканчиваться 2,931194 0,006833
мероприятие 3,401197 0,007928
момент 1,399717 0,003263
обсудить 0,415515 0,000969
мираж 3,401197 0,007928
архив 0,000000 0,000000
подросток 3,218876 0,015006
статья 0,000000 0,000000
родственник 3,064725 0,007144
заявить 0,061875 0,000144
сша 0,040822 0,000095
сухоруков 4,317488 0,010064
соскучиться 5,010635 0,011680
школьница 3,064725 0,042863
бонус 0,047791 0,000223
среда 0,000000 0,000000
инсценировка 5,010635 0,011680
раскрытие 0,076161 0,000178
освобождение 3,912023 0,009119
говорить 1,160488 0,002705
неизвестный 3,064725 0,007144
редактор 0,556288 0,001297
следствие 2,612740 0,006090
обман 2,525729 0,005887
серёжа 5,010635 0,011680
среди 1,714798 0,003997
остаться 0,047791 0,000111
уйти 2,014903 0,004697
девушка 2,238047 0,005217
эксклюзив 0,000000 0,000000
контакт 1,919593 0,004475
уволить 0,076161 0,000178
одетый 3,401197 0,007928
фон 2,371578 0,005528
случиться 2,612740 0,006090
скидка 0,047791 0,000111
дочь 3,401197 0,007928
погружаться 0,047791 0,000111
около 1,678431 0,003912
увлекательный 0,047791 0,000111
квартира 2,371578 0,016584
использованияполитик 0,000000 0,000000
риа 1,272966 0,002967
деньга 1,875141 0,004371
деактивировать 0,013423 0,000031
далее 2,708050 0,006312
рекомендательный 0,000000 0,000000
белый 1,609438 0,003752
утром 2,612740 0,006090
переговоры 0,047791 0,000111
всеследствие 2,525729 0,005887
получать 0,033902 0,000079
хотеть 0,013423 0,000063
обратиться 0,076161 0,000355
забота 0,000000 0,000000
мать 2,445686 0,005701
солистка 3,218876 0,007503
сбер 0,040822 0,000095
пожаловать 0,013423 0,000031
трамп 0,054808 0,000256
работать 0,027029 0,000063
который 0,521999 0,002434
наталья 3,218876 0,007503
крупный 0,054808 0,000256
силовик 3,624341 0,008448
спецпроект 0,000000 0,000000
это 0,020203 0,000141
победа 0,000000 0,000000
украинский 0,047791 0,000334
рост 1,791759 0,004177
кроссовок 5,010635 0,011680
белоус 0,076161 0,000178
пуховик 5,010635 0,011680
два 0,033902 0,000158
рассказать 0,985284 0,004593
новость 0,000000 0,000000
туристка 0,076161 0,000178
мотор 0,000000 0,000000
просить 2,708050 0,006312
сми 0,000000 0,000000
акция 0,047791 0,000111
наслать 0,000000 0,000000
плакать 4,317488 0,010064
жизнь 0,000000 0,000000
жить 1,643339 0,003831
сантиметр 3,912023 0,009119
жилец 0,068993 0,000161
спецслужбыпреступный 2,525729 0,005887
несколько 1,226446 0,005718
предречь 0,076161 0,000355
жать 0,013423 0,000031
войти 0,000000 0,000000
ссора 3,064725 0,007144
предлог 5,010635 0,011680
место 0,027029 0,000063
свет 0,054808 0,000128
регион 0,076161 0,000178
запечатлеть 3,912023 0,009119
никакой 2,302585 0,005367
накануне 2,238047 0,005217
ради 2,371578 0,005528
март 0,040822 0,000190
военный 0,020203 0,000047
летний 0,047791 0,000446
дядя 4,317488 0,020128
участие 2,014903 0,004697
рада 0,068993 0,000161
экономика 0,000000 0,000000
тот 1,427116 0,003327
вестись 3,624341 0,008448
глаз 2,066196 0,004816
уход 0,076161 0,000178
опечатка 0,000000 0,000000
рубль 1,514128 0,014118
даша 4,317488 0,010064
хороший 0,006689 0,000016
обида 3,401197 0,007928
поздний 1,832581 0,004272
следственный 3,912023 0,009119
правоохранительный 3,624341 0,008448
киев 1,714798 0,003997
вскоре 2,302585 0,005367
обычный 0,013423 0,000031
конфиденциальность 0,047791 0,000111
орган 2,177422 0,005076
изнасиловать 0,076161 0,000178
продолжать 0,033902 0,000079
реальный 0,013423 0,000031
полмиллиона 2,708050 0,012625
спецслужба 2,525729 0,005887
ссср 0,000000 0,000000
техника 0,000000 0,000000
тысяча 0,054808 0,000383
озвучить 3,064725 0,007144
семья 2,120264 0,004942
примета 5,010635 0,011680
общаться 3,064725 0,007144
след 3,401197 0,015856
назарово 5,010635 0,011680
кладбище 3,064725 0,014288
следователь 2,931194 0,006833
затопить 0,076161 0,000178
игра 0,000000 0,000000
правоохранитель 3,401197 0,007928
обменивать 0,047791 0,000111
минь 0,000000 0,000000
алексей 1,875141 0,004371
родитель 2,931194 0,034163
условие 0,033902 0,000237
ваш 0,047791 0,000111
имя 1,875141 0,004371
объявить 2,120264 0,004942
главное 0,000000 0,000000
медитация 0,076161 0,000178
правда 0,040822 0,000095
моральный 4,317488 0,010064
похищение 3,401197 0,015856
информация 1,514128 0,003529
возбудить 3,624341 0,008448
видеть 0,013423 0,000031
сообщать 1,791759 0,012530
реакция 0,047791 0,000223
вновь 3,218876 0,007503
очень 1,347074 0,003140
материал 0,000000 0,000000
наука 0,000000 0,000000
ачинск 3,624341 0,016897
худощавый 4,317488 0,010064
произойти 1,791759 0,004177
якобы 2,813411 0,006558
источник 2,708050 0,006312
выдвигать 4,317488 0,010064
