обходиться 4,317488 0,002203
долгий 2,371578 0,001210
ру 0,000000 0,000000
стандартный 4,317488 0,002203
личный 1,791759 0,006399
рф 1,514128 0,001545
банк 0,068993 0,000035
законный 4,317488 0,002203
день 0,033902 0,000052
разведка 2,612740 0,003999
целое 2,813411 0,002871
физический 2,813411 0,004306
надзорный 5,010635 0,002556
отвести 0,076161 0,000039
осложнить 4,317488 0,002203
согласие 0,047791 0,000049
частность 2,525729 0,001289
центр 1,752539 0,000894
путешествие 0,000000 0,000000
децентрализовать 5,010635 0,002556
юридический 3,912023 0,001996
пол 0,090654 0,000046
жертва 2,371578 0,002420
человек 0,762140 0,003111
дополнительно 4,317488 0,002203
вода 0,054808 0,000028
соответствовать 2,813411 0,001435
фото 0,061875 0,000253
отказаться 1,832581 0,001870
полгода 2,525729 0,002577
связь 1,714798 0,001750
иностранный 1,919593 0,002938
насколько 3,624341 0,001849
суд 1,832581 0,003740
создатель 3,912023 0,005988
знакомый 2,612740 0,001333
составление 5,010635 0,002556
разделять 4,317488 0,002203
собрать 2,931194 0,001496
владелец 3,064725 0,007818
индия 0,076161 0,000039
ук 3,401197 0,001735
информационный 4,317488 0,002203
дело 1,249435 0,001912
опытный 2,813411 0,001435
проект 2,813411 0,002871
слишком 2,371578 0,001210
быстро 2,813411 0,002871
называть 1,791759 0,000914
создавать 2,371578 0,001210
посмотреть 2,525729 0,001289
несовершеннолетний 4,317488 0,004406
форсаж 4,317488 0,002203
готовить 2,445686 0,002496
проблема 0,047791 0,000098
ситуация 1,484275 0,000757
главный 1,272966 0,000649
данные 1,678431 0,028259
потребовать 2,445686 0,001248
также 0,762140 0,002722
появиться 1,373049 0,002102
технологийминь 0,000000 0,000000
украина 0,805943 0,002878
висеть 3,624341 0,001849
фотография 3,218876 0,001642
трафик 5,010635 0,002556
пытаться 1,347074 0,001375
россиянин 1,321756 0,003372
сосед 4,317488 0,002203
ужесточаться 5,010635 0,002556
находиться 1,399717 0,000714
территория 1,609438 0,000821
вводить 4,317488 0,002203
иноагент 3,912023 0,001996
начать 1,139434 0,003488
незаконный 3,218876 0,006569
силовой 0,000000 0,000000
антип 5,010635 0,025564
вписать 4,317488 0,002203
рисковать 2,813411 0,001435
отследить 3,912023 0,001996
исполнитель 3,218876 0,001642
скрываться 2,525729 0,001289
однако 1,249435 0,005100
удалить 4,317488 0,004406
себя 2,014903 0,001028
серьёзный 2,302585 0,002350
система 1,643339 0,000838
приостановить 2,708050 0,001382
июнь 2,371578 0,001210
обогатить 5,010635 0,002556
база 2,931194 0,005982
пробивать 5,010635 0,005113
поддержка 2,371578 0,002420
байконур 0,097980 0,000050
один 0,836248 0,000853
иметь 1,832581 0,001870
полностью 2,525729 0,002577
обыск 3,624341 0,009246
мочить 4,317488 0,002203
часть 1,484275 0,000757
свобода 2,931194 0,001496
заметный 3,624341 0,001849
россиянка 1,875141 0,000957
последний 0,083382 0,000170
кибермошенник 5,010635 0,002556
сторона 1,321756 0,004046
журналист 1,966113 0,001003
минута 2,177422 0,001111
архив 0,000000 0,000000
предписание 5,010635 0,002556
экстремистский 3,912023 0,001996
заявить 0,061875 0,000032
ресурс 3,064725 0,004691
детектив 3,624341 0,001849
сша 0,040822 0,000021
июль 2,708050 0,001382
заменить 2,931194 0,001496
способный 2,612740 0,001333
раскрытие 0,076161 0,000039
говорить 1,160488 0,002368
негативный 3,218876 0,001642
хранить 3,401197 0,003471
платёж 3,912023 0,003992
недобросовестный 5,010635 0,002556
номер 2,931194 0,002991
сформироваться 3,624341 0,001849
зрение 3,064725 0,001564
росгвардеец 3,401197 0,001735
погружаться 0,047791 0,000024
оформление 3,218876 0,001642
официально 2,931194 0,001496
разработчик 5,010635 0,025564
ноябрь 2,014903 0,001028
претензия 3,218876 0,001642
проводиться 3,624341 0,001849
публичный 3,401197 0,001735
получать 0,033902 0,000017
секунда 2,931194 0,001496
предоставляться 5,010635 0,002556
перейти 2,445686 0,001248
армия 2,014903 0,001028
нужно 1,791759 0,001828
бить 2,445686 0,001248
интерес 2,525729 0,001289
наращивать 3,912023 0,001996
желать 3,064725 0,001564
силовик 3,624341 0,009246
переносить 4,317488 0,002203
спецпроект 0,000000 0,000000
закон 3,912023 0,017963
украинский 0,047791 0,000268
ответственность 2,931194 0,002991
слово 0,820981 0,002094
рост 1,791759 0,000914
русло 3,624341 0,001849
разобраться 3,624341 0,001849
туристка 0,076161 0,000039
мотор 0,000000 0,000000
фёдор 3,912023 0,001996
взять 2,371578 0,001210
наслать 0,000000 0,000000
криптовалюта 3,624341 0,003698
эффект 3,401197 0,001735
жизнь 0,000000 0,000000
создаваться 3,064725 0,001564
понятно 3,401197 0,001735
конкурент 3,064725 0,003127
фбк 5,010635 0,002556
проблемный 3,401197 0,001735
жать 0,013423 0,000007
функция 3,401197 0,001735
далеко 3,064725 0,001564
обещать 2,525729 0,001289
пробив 3,401197 0,026030
необоснованный 5,010635 0,002556
идеально 3,912023 0,001996
канал 1,791759 0,006399
почему 0,899761 0,000459
хороший 0,006689 0,000003
столь 3,624341 0,001849
спор 0,097980 0,000050
сегмент 3,912023 0,001996
революционный 4,317488 0,002203
относительно 3,064725 0,001564
призывать 3,624341 0,003698
совершать 2,931194 0,001496
отключить 1,514128 0,001545
белоруссия 2,931194 0,001496
значит 3,218876 0,001642
власть 1,609438 0,000821
нарушение 2,931194 0,001496
конфиденциальность 0,047791 0,000024
вербовка 3,912023 0,001996
продолжать 0,033902 0,000035
список 2,371578 0,001210
кадр 1,544899 0,000788
обвинить 2,931194 0,001496
ссср 0,000000 0,000000
спецслужба 2,525729 0,006443
выстроить 4,317488 0,002203
сирошадвокат 5,010635 0,002556
яд 3,912023 0,001996
идти 1,297063 0,000662
происхождение 5,010635 0,002556
появляться 2,612740 0,002666
выполнить 2,931194 0,001496
юрист 3,624341 0,001849
минь 0,000000 0,000000
расследование 2,525729 0,003866
именно 1,875141 0,000957
главное 0,000000 0,000000
угодный 3,624341 0,001849
возникнуть 2,525729 0,001289
основание 3,912023 0,003992
перевести 3,218876 0,001642
активный 2,120264 0,001082
потребоваться 3,624341 0,001849
столкнуться 2,177422 0,001111
позволять 2,177422 0,001111
беспилотник 2,177422 0,001111
утечка 4,317488 0,013217
участвовать 3,064725 0,001564
быть 1,399717 0,004285
беседа 1,752539 0,001788
точка 2,445686 0,001248
автомобиль 2,177422 0,001111
отмечать 1,966113 0,005016
просматривать 5,010635 0,002556
исходить 3,401197 0,001735
бедеровруководитель 5,010635 0,012782
вести 2,014903 0,001028
собеседник 3,218876 0,003285
спорт 0,000000 0,000000
этот 1,427116 0,002912
четыре 0,040822 0,000042
приход 3,912023 0,003992
раздача 5,010635 0,002556
насчитывать 3,624341 0,001849
конфиденциальностиправить 0,000000 0,000000
сбор 3,624341 0,001849
поправка 4,317488 0,004406
известный 1,714798 0,002625
обязанность 3,912023 0,001996
взаимодействие 3,218876 0,001642
илья 3,064725 0,001564
дуров 4,317488 0,004406
опасение 3,401197 0,003471
альтернативный 3,218876 0,001642
питалевый 3,624341 0,001849
игрок 3,401197 0,005206
отдел 0,579818 0,000592
хранение 3,624341 0,001849
стремиться 2,708050 0,001382
сомневаться 3,912023 0,001996
кусок 4,317488 0,004406
доказать 3,912023 0,001996
судкриминалполиция 2,525729 0,001289
российский 0,033902 0,000294
цель 1,875141 0,002870
необходимо 2,120264 0,002164
обитание 0,000000 0,000000
давно 2,445686 0,001248
интернет 0,000000 0,000000
спустя 1,832581 0,002805
рано 3,401197 0,001735
шесть 1,966113 0,001003
требование 2,014903 0,004112
взяться 2,813411 0,001435
платить 2,813411 0,002871
гид 0,076161 0,000039
дикий 3,064725 0,003127
игорь 3,064725 0,014073
цена 2,302585 0,001175
связать 2,066196 0,001054
наблюдать 3,064725 0,001564
представитель 1,678431 0,000856
сотрудник 0,068993 0,000176
альтернатива 3,624341 0,001849
адрес 3,218876 0,004927
соответствие 4,317488 0,006608
работа 0,899761 0,001836
запрет 3,912023 0,001996
передача 2,708050 0,001382
эмоция 0,047791 0,000024
подписчик 3,912023 0,005988
сеть 0,090654 0,000093
маржа 5,010635 0,002556
телефон 2,120264 0,001082
запретить 2,066196 0,003163
наказание 3,218876 0,003285
запрещаться 4,317488 0,002203
химера 5,010635 0,002556
период 2,014903 0,001028
дрон 1,832581 0,000935
военнослужащий 0,068993 0,000035
знать 1,576648 0,001609
накапливать 0,047791 0,000024
оганесяноснователь 5,010635 0,005113
сообщение 2,445686 0,001248
функционал 5,010635 0,005113
кроме 1,427116 0,001456
бороться 2,525729 0,001289
внести 2,931194 0,001496
служебный 3,912023 0,001996
эксперт 1,966113 0,007022
спрос 3,624341 0,001849
депутат 0,068993 0,000035
бизнес 2,371578 0,002420
спектр 3,624341 0,001849
неожиданность 3,912023 0,003992
целиком 3,912023 0,001996
публиковаться 5,010635 0,002556
олег 3,624341 0,001849
культура 0,000000 0,000000
включая 3,064725 0,001564
нагрянуть 5,010635 0,002556
набор 2,708050 0,001382
скрыть 3,912023 0,001996
статья 0,000000 0,000000
существовать 2,445686 0,001248
соответственно 3,064725 0,001564
повод 2,708050 0,001382
отношение 1,226446 0,000626
ограничение 2,813411 0,002871
оператор 3,218876 0,001642
широко 3,401197 0,001735
выручка 3,912023 0,001996
редактор 0,556288 0,000284
ранний 2,120264 0,001082
внутри 2,445686 0,001248
навальный 5,010635 0,005113
получить 1,059392 0,003784
многие 1,714798 0,002625
направить 2,612740 0,001333
нарушать 3,401197 0,001735
копировать 4,317488 0,002203
продавать 2,708050 0,001382
мониторинг 4,317488 0,006608
сделать 1,321756 0,001349
увлекательный 0,047791 0,000024
различный 2,525729 0,001289
связанный 3,064725 0,001564
риа 1,272966 0,001299
закрытый 2,612740 0,003999
обращать 3,624341 0,003698
зеркало 5,010635 0,002556
право 2,445686 0,001248
переговоры 0,047791 0,000024
год 0,521999 0,005327
аналитический 4,317488 0,013217
клон 5,010635 0,002556
увеличение 3,912023 0,001996
собака 3,624341 0,001849
сбер 0,040822 0,000021
трамп 0,054808 0,000028
поэтому 1,966113 0,004012
задержание 2,931194 0,001496
крупный 0,054808 0,000196
харсей 5,010635 0,002556
стремительно 3,912023 0,001996
обоснованный 5,010635 0,002556
предлагаться 5,010635 0,002556
перспектива 2,371578 0,001210
заинтересовать 3,912023 0,001996
прим 2,813411 0,001435
трактовать 5,010635 0,002556
белоус 0,076161 0,000039
последовать 3,064725 0,003127
сегодня 1,643339 0,002515
страна 0,747955 0,000763
инструмент 3,401197 0,006941
акция 0,047791 0,000049
создать 2,120264 0,003245
такой 1,003302 0,002559
руководитель 2,445686 0,002496
высвечивать 5,010635 0,002556
вместе 1,514128 0,003863
рассказывать 2,302585 0,001175
отчасти 4,317488 0,002203
предречь 0,076161 0,000078
сохраняться 4,317488 0,002203
запрос 3,624341 0,011095
регион 0,076161 0,000039
несанкционированный 5,010635 0,005113
решение 1,544899 0,003941
собираться 2,931194 0,001496
март 0,040822 0,000083
благодаря 2,238047 0,002284
широкий 2,813411 0,005742
военный 0,020203 0,000010
летний 0,047791 0,000024
аккаунт 2,813411 0,001435
рада 0,068993 0,000035
экономика 0,000000 0,000000
пилить 5,010635 0,005113
модератор 4,317488 0,004406
глаз 2,066196 0,029517
тот 1,427116 0,004369
свидетель 3,064725 0,001564
организация 2,238047 0,002284
сложно 2,525729 0,001289
выехать 5,010635 0,002556
смартфон 3,624341 0,001849
десять 2,708050 0,001382
блокировка 5,010635 0,010226
бот 5,010635 0,125266
три 1,919593 0,001959
фамилия 3,912023 0,001996
противостоять 3,624341 0,001849
евгений 2,931194 0,020937
бог 4,317488 0,061678
либо 1,919593 0,001959
мощность 3,912023 0,001996
согласно 3,064725 0,003127
реальный 0,013423 0,000007
название 2,813411 0,001435
тысяча 0,054808 0,000112
поиск 2,445686 0,006239
тревога 3,218876 0,001642
бият 5,010635 0,002556
аналогичный 3,401197 0,006941
расшириться 3,912023 0,001996
затопить 0,076161 0,000039
участник 2,371578 0,001210
обменивать 0,047791 0,000024
низкий 2,813411 0,001435
алексей 1,875141 0,001913
запрещать 5,010635 0,002556
условие 0,033902 0,000035
помогать 2,120264 0,001082
антипов 5,010635 0,007669
фильм 2,238047 0,001142
трансграничный 5,010635 0,002556
спонсировать 5,010635 0,002556
род 3,218876 0,001642
занять 2,813411 0,002871
скрывать 2,931194 0,005982
принять 1,678431 0,001713
риск 2,120264 0,003245
видеть 0,013423 0,000014
финансирование 4,317488 0,002203
высокий 1,455287 0,000742
оганесян 5,010635 0,007669
признак 2,612740 0,001333
семейный 3,401197 0,001735
второй 1,643339 0,000838
терроризм 3,401197 0,001735
новый 0,000000 0,000000
образ 1,514128 0,000773
перемирие 0,076161 0,000039
вызов 3,912023 0,001996
происходить 1,752539 0,000894
эволюционировать 5,010635 0,002556
голливудский 2,813411 0,001435
добро 0,013423 0,000021
пристальный 5,010635 0,002556
менее 2,014903 0,001028
бесплатный 3,912023 0,007984
доступ 3,064725 0,004691
важный 1,875141 0,002870
открытый 2,371578 0,002420
предел 3,401197 0,001735
годовой 3,624341 0,001849
скармливать 5,010635 0,002556
конфликт 0,061875 0,000032
нести 2,525729 0,001289
помощь 0,027029 0,000014
украинец 2,525729 0,006443
политика 0,040822 0,000021
добиться 2,813411 0,001435
подходить 2,612740 0,001333
ниша 3,401197 0,003471
исследование 2,708050 0,008290
коммерсантъ 2,708050 0,001382
неинтересный 5,010635 0,002556
дополнительный 2,931194 0,001496
прибыльный 5,010635 0,002556
пробивщик 5,010635 0,002556
сила 1,321756 0,002023
мир 0,000000 0,000000
искать 2,302585 0,002350
структура 0,000000 0,000000
бывший 0,000000 0,000000
небольшой 2,177422 0,003333
время 0,693147 0,001415
конец 1,643339 0,000838
кража 3,912023 0,001996
оппозиция 3,912023 0,001996
маккартень 0,097980 0,000050
ооо 0,000000 0,000000
соцсеть 2,708050 0,004145
тренд 3,064725 0,001564
выходить 2,612740 0,001333
аналог 3,218876 0,004927
ранее 1,003302 0,000512
начальник 2,238047 0,001142
составлять 2,302585 0,001175
город 0,047791 0,000024
реестр 4,317488 0,002203
час 1,455287 0,000742
неприкосновенность 4,317488 0,002203
написать 1,966113 0,001003
галерея 0,000000 0,000000
внешность 0,097980 0,000050
начаться 0,033902 0,000017
зарубежный 2,371578 0,001210
чреватый 3,912023 0,001996
кибербезопасность 5,010635 0,002556
требовать 2,813411 0,001435
закрытие 2,813411 0,002871
показать 1,484275 0,000757
пляжный 0,097980 0,000050
впоследствии 3,401197 0,001735
основный 2,525729 0,001289
пароль 5,010635 0,002556
диверсия 3,401197 0,003471
банковский 2,813411 0,001435
последствие 1,875141 0,000957
вступить 3,624341 0,003698
платформа 2,931194 0,001496
выражать 0,047791 0,000049
настаивать 3,064725 0,001564
общедоступный 5,010635 0,002556
читать 0,040822 0,000021
подключаться 5,010635 0,002556
равно 2,931194 0,001496
реквизит 5,010635 0,002556
пользование 5,010635 0,002556
оценивать 0,047791 0,000049
редакциярекламаконтактыпресс 0,000000 0,000000
полузаконный 5,010635 0,002556
видео 0,000000 0,000000
департамент 3,064725 0,009382
информационно 5,010635 0,015339
сильно 2,445686 0,002496
лишь 2,238047 0,001142
распоряжение 4,317488 0,002203
владеть 3,401197 0,001735
высказывать 4,317488 0,002203
ссылка 2,931194 0,001496
момент 1,399717 0,001428
подпадать 5,010635 0,002556
митинг 5,010635 0,002556
середина 3,218876 0,001642
удаление 3,912023 0,001996
сторонник 3,401197 0,001735
основа 3,064725 0,001564
протестовать 5,010635 0,002556
выше 3,064725 0,001564
бонус 0,047791 0,000049
украсть 2,813411 0,001435
среда 0,000000 0,000000
тыл 3,064725 0,001564
делать 1,752539 0,002682
пояснять 3,624341 0,001849
роскомнадзор 4,317488 0,013217
обернуться 3,624341 0,001849
антиповсоздатель 5,010635 0,012782
подобный 2,120264 0,006491
испытание 3,218876 0,001642
среди 1,714798 0,000875
остаться 0,047791 0,000024
уловка 4,317488 0,002203
эксклюзив 0,000000 0,000000
уволить 0,076161 0,000039
скидка 0,047791 0,000024
москва 1,021651 0,001043
приём 2,445686 0,001248
атака 1,966113 0,001003
предоставлять 3,624341 0,005547
авиаперелёт 5,010635 0,002556
превышать 3,218876 0,001642
отдельный 2,525729 0,001289
результат 1,347074 0,001375
деньга 1,875141 0,001913
особенно 2,302585 0,001175
рынок 1,609438 0,011496
лицо 1,966113 0,006019
павел 2,612740 0,003999
большой 1,714798 0,002625
ноябрьский 4,317488 0,002203
изначально 3,064725 0,001564
выдача 3,912023 0,001996
избаловать 3,912023 0,001996
всеследствие 2,525729 0,001289
последующий 3,401197 0,003471
исключить 3,401197 0,003471
расчёт 4,317488 0,002203
хотеть 0,013423 0,000007
угроза 2,302585 0,003524
оправданный 5,010635 0,002556
стать 0,499776 0,004080
достаточно 2,813411 0,001435
террорист 3,064725 0,001564
работать 0,027029 0,000069
массовый 2,066196 0,001054
это 0,020203 0,000124
большинство 2,371578 0,001210
распространять 3,624341 0,005547
встать 3,064725 0,001564
два 0,033902 0,000035
кол 5,010635 0,002556
новость 0,000000 0,000000
вполне 2,813411 0,004306
вряд 2,612740 0,001333
законодательство 5,010635 0,007669
убить 2,612740 0,001333
остальной 2,612740 0,001333
доступный 2,708050 0,004145
спецслужбыпреступный 2,525729 0,001289
войти 0,000000 0,000000
заражение 3,912023 0,001996
вирус 3,912023 0,001996
измениться 2,177422 0,001111
лишение 3,912023 0,001996
всплыть 3,912023 0,001996
буллинга 5,010635 0,002556
защита 2,371578 0,001210
бедёр 5,010635 0,015339
считать 1,373049 0,000701
включить 3,218876 0,003285
минимум 2,708050 0,001382
уход 0,076161 0,000039
рубль 1,514128 0,001545
периодически 3,218876 0,001642
принадлежать 2,931194 0,001496
спокойный 4,317488 0,002203
объект 1,832581 0,000935
обычный 0,013423 0,000007
разбираться 3,624341 0,001849
путин 0,967584 0,000494
изнасиловать 0,076161 0,000039
первый 0,883501 0,004057
техника 0,000000 0,000000
означать 3,624341 0,001849
пять 1,484275 0,000757
практически 2,525729 0,003866
февраль 1,160488 0,001776
вопрос 1,021651 0,000521
деятельность 2,931194 0,002991
игра 0,000000 0,000000
поскольку 2,238047 0,002284
компания 1,714798 0,005249
специализированный 5,010635 0,002556
ваш 0,047791 0,000024
имя 1,875141 0,000957
ответ 1,678431 0,001713
ставить 3,401197 0,001735
медитация 0,076161 0,000039
больший 1,373049 0,001401
понятный 3,218876 0,001642
срок 1,966113 0,001003
кто 2,066196 0,004217
сократиться 3,218876 0,001642
массово 2,371578 0,004840
считаться 2,238047 0,001142
распространение 3,401197 0,003471
пользователь 2,371578 0,018150
событие 1,919593 0,000979
накопить 3,624341 0,001849
использование 2,813411 0,005742
реакция 0,047791 0,000049
самый 0,883501 0,000902
вступление 3,401197 0,001735
материал 0,000000 0,000000
чувствительный 3,624341 0,001849
выбирать 3,218876 0,001642
лента 0,000000 0,000000
конкуренция 3,912023 0,003992
представлять 3,912023 0,001996
внимательно 3,401197 0,001735
разработка 3,401197 0,003471
суть 3,912023 0,001996
ряд 2,525729 0,001289
страница 3,218876 0,003285
валить 5,010635 0,002556
мочь 0,836248 0,004267
месяц 1,714798 0,001750
сам 1,226446 0,001251
борьба 2,014903 0,002056
экстремист 3,912023 0,001996
запись 3,401197 0,001735
ашот 5,010635 0,007669
сохранение 4,317488 0,002203
минюст 3,401197 0,001735
применение 0,000000 0,000000
взлёт 5,010635 0,002556
дать 1,272966 0,010392
персональный 3,912023 0,025947
иск 4,317488 0,002203
зарабатывать 3,064725 0,001564
смочь 1,399717 0,002142
третий 2,120264 0,001082
готовый 1,791759 0,001828
дуровоснователь 5,010635 0,002556
признать 1,484275 0,002272
ценность 0,000000 0,000000
известно 1,297063 0,000662
вернуться 0,006689 0,000003
снижение 2,612740 0,001333
очередь 2,014903 0,001028
ежемесячный 5,010635 0,002556
восстановить 3,218876 0,001642
нецелесообразный 5,010635 0,002556
партнёр 2,612740 0,002666
сво 2,445686 0,001248
просто 1,678431 0,001713
россия 0,000000 0,000000
шантаж 3,912023 0,001996
видимо 3,912023 0,001996
свой 0,020203 0,000062
таганский 5,010635 0,002556
январь 1,514128 0,002318
устройство 3,218876 0,001642
объём 3,218876 0,004927
предсказуемый 5,010635 0,002556
оплата 3,401197 0,001735
услуга 2,813411 0,001435
сайт 2,931194 0,002991
проба 4,317488 0,002203
американский 0,054808 0,000028
заблокировать 4,317488 0,011014
нуждаться 3,912023 0,001996
даркнета 5,010635 0,010226
другой 1,059392 0,004324
зеленский 0,054808 0,000056
прийти 2,014903 0,004112
популярность 2,813411 0,005742
интересно 2,813411 0,001435
уголовный 3,218876 0,003285
нежелательный 5,010635 0,002556
демпинг 5,010635 0,002556
собственный 2,525729 0,002577
пробивовый 5,010635 0,010226
число 1,226446 0,002503
объяснять 2,525729 0,007732
выдать 2,612740 0,001333
причина 1,484275 0,000757
отразиться 5,010635 0,002556
контроль 1,714798 0,000875
ребёнок 1,919593 0,002938
регулятор 5,010635 0,002556
доход 2,445686 0,001248
попасть 1,678431 0,001713
плата 5,010635 0,002556
путь 2,066196 0,002108
что 2,708050 0,001382
прогресс 0,090654 0,000046
обеспокоить 3,912023 0,001996
выемка 5,010635 0,002556
тень 5,010635 0,002556
форма 0,061875 0,000032
нажать 0,000000 0,000000
ожидать 2,445686 0,001248
оперативный 2,014903 0,001028
дом 0,061875 0,000032
несмотря 2,120264 0,001082
дверь 2,612740 0,002666
левый 4,317488 0,002203
регулирование 5,010635 0,002556
ужесточение 4,317488 0,004406
принцип 2,931194 0,002991
позиция 1,832581 0,000935
любой 2,120264 0,006491
паль 4,317488 0,004406
оригинальный 3,912023 0,003992
илона 3,218876 0,003285
прекратить 2,708050 0,001382
оборот 4,317488 0,002203
полицейский 2,931194 0,001496
наш 1,347074 0,002062
ходить 2,120264 0,001082
случайный 3,912023 0,001996
западный 2,014903 0,001028
комментарий 1,427116 0,001456
тема 1,297063 0,000662
сервис 2,445686 0,043673
оказаться 1,249435 0,001912
фишинга 5,010635 0,002556
использованияполитик 0,000000 0,000000
деактивировать 0,013423 0,000007
рекомендательный 0,000000 0,000000
серия 3,064725 0,001564
противник 2,525729 0,001289
выдавать 3,218876 0,003285
поздно 3,218876 0,001642
ручной 4,317488 0,002203
обратиться 0,076161 0,000078
террор 3,624341 0,001849
засвечиваться 5,010635 0,002556
забота 0,000000 0,000000
мессенджер 3,218876 0,003285
октябрь 2,612740 0,001333
пожаловать 0,013423 0,000007
решить 1,791759 0,000914
который 0,521999 0,003995
идея 1,714798 0,000875
например 1,791759 0,001828
криминал 3,401197 0,001735
считаный 4,317488 0,002203
победа 0,000000 0,000000
агрегатор 5,010635 0,002556
привести 1,427116 0,002912
прибыть 0,083382 0,000043
частный 3,218876 0,003285
рассказать 0,985284 0,001005
запуск 3,624341 0,001849
тайна 3,064725 0,001564
президент 0,851752 0,000435
масштаб 3,218876 0,001642
попасться 3,218876 0,001642
сми 0,000000 0,000000
находить 3,218876 0,001642
отравление 4,317488 0,002203
правильный 2,931194 0,001496
жилец 0,068993 0,000035
создание 2,120264 0,002164
исполнять 5,010635 0,002556
несколько 1,226446 0,000626
предоставить 3,218876 0,003285
место 0,027029 0,000028
начало 1,399717 0,002857
свет 0,054808 0,000028
резать 5,010635 0,005113
мс 0,097980 0,000050
никакой 2,302585 0,004699
ведомство 2,066196 0,001054
преступление 2,238047 0,003426
корреспондент 2,445686 0,001248
мы 2,238047 0,001142
крайне 3,401197 0,001735
утверждать 2,525729 0,002577
использовать 1,919593 0,001959
опечатка 0,000000 0,000000
каждый 1,576648 0,000804
расти 2,708050 0,001382
маленький 1,791759 0,000914
вызвать 0,090654 0,000093
правоохранительный 3,624341 0,016642
апрель 2,525729 0,001289
появление 2,813411 0,001435
убеждённый 3,218876 0,001642
основатель 3,624341 0,014793
количество 1,576648 0,002413
подписать 2,708050 0,001382
владимир 1,160488 0,000592
составить 2,813411 0,001435
механизм 2,371578 0,001210
навредить 3,624341 0,001849
орган 2,177422 0,011109
справка 5,010635 0,002556
называться 3,624341 0,001849
развитие 2,120264 0,001082
переходить 4,317488 0,004406
принуждать 3,912023 0,001996
невозможно 2,708050 0,001382
правоохранитель 3,401197 0,008677
внимание 1,966113 0,003009
видно 2,708050 0,001382
возможность 1,714798 0,005249
устранить 4,317488 0,002203
правда 0,040822 0,000042
учредить 5,010635 0,002556
информация 1,514128 0,010043
огромный 2,525729 0,003866
ник 4,317488 0,002203
ввести 2,120264 0,001082
аудитория 3,624341 0,005547
постановить 4,317488 0,002203
очень 1,347074 0,000687
миллион 1,347074 0,001375
вербовать 3,624341 0,005547
наука 0,000000 0,000000
какой 1,203973 0,002457
захват 3,624341 0,001849
сообщество 2,445686 0,001248
обратный 2,813411 0,001435
уходить 2,813411 0,002871
произойти 1,791759 0,000914
никак 2,931194 0,001496
источник 2,708050 0,002763
