состояться 2,014903 0,002160
состоять 2,931194 0,001571
ру 0,000000 0,000000
рф 1,514128 0,004057
личный 1,791759 0,000960
банк 0,068993 0,000037
день 0,033902 0,000036
оборона 2,302585 0,001234
разведка 2,612740 0,001400
газа 5,010635 0,002685
целое 2,813411 0,003015
санкция 2,014903 0,001080
любить 2,177422 0,001167
ниу 5,010635 0,005370
совещание 3,912023 0,002096
отвести 0,076161 0,000041
согласие 0,047791 0,000051
вероятно 2,813411 0,001508
центр 1,752539 0,004696
частность 2,525729 0,002707
путешествие 0,000000 0,000000
народный 2,708050 0,001451
неоднократно 5,010635 0,002685
госсекретарь 5,010635 0,002685
пол 0,090654 0,000049
декабрь 1,966113 0,001054
вода 0,054808 0,000029
пусть 3,912023 0,002096
лично 3,064725 0,003285
немного 2,813411 0,003015
фото 0,061875 0,000464
отказаться 1,832581 0,004910
связь 1,714798 0,002757
неоднозначно 4,317488 0,002314
разговор 1,160488 0,000622
иностранный 1,919593 0,002057
двусторонний 3,624341 0,001942
неясно 3,912023 0,002096
очевидный 3,218876 0,003450
президентство 4,317488 0,002314
обвинять 2,525729 0,001354
запад 1,919593 0,004115
весь 1,078810 0,001156
индия 0,076161 0,000041
пройти 1,427116 0,001530
успеть 2,525729 0,001354
шаг 2,371578 0,002542
дело 1,249435 0,005357
весьма 3,064725 0,003285
быстро 2,813411 0,001508
майк 3,218876 0,001725
добиваться 3,218876 0,005175
обвинение 3,401197 0,001823
республика 2,371578 0,001271
сильный 1,678431 0,001799
главный 1,272966 0,004093
согласовать 3,401197 0,001823
проблема 0,047791 0,000051
режим 1,966113 0,004215
максимально 3,218876 0,003450
иной 2,708050 0,002903
также 0,762140 0,002451
голосование 4,317488 0,002314
технологийминь 0,000000 0,000000
украина 0,805943 0,018572
дмитрий 2,238047 0,004798
прошлый 3,064725 0,001642
союзник 3,624341 0,001942
пытаться 1,347074 0,001444
находиться 1,399717 0,000750
территория 1,609438 0,000863
начать 1,139434 0,000611
силовой 0,000000 0,000000
продление 3,401197 0,001823
вшэ 5,010635 0,005370
кремль 2,177422 0,001167
однако 1,249435 0,002678
закрыть 3,218876 0,003450
накрепко 5,010635 0,002685
серьёзный 2,302585 0,002468
мирный 1,966113 0,002107
переориентировать 5,010635 0,002685
оборонный 3,401197 0,003645
надеяться 2,931194 0,001571
разведдать 5,010635 0,002685
поддержка 2,371578 0,003813
байконур 0,097980 0,000053
один 0,836248 0,001344
иметь 1,832581 0,001964
председатель 2,302585 0,002468
совет 1,714798 0,003676
стефанович 5,010635 0,008056
часть 1,484275 0,002386
должность 2,813411 0,001508
последний 0,083382 0,000045
едва 2,177422 0,002334
сторона 1,321756 0,005667
журналист 1,966113 0,002107
задействовать 3,064725 0,001642
лето 2,612740 0,001400
формирование 3,624341 0,001942
архив 0,000000 0,000000
рассчитывать 3,624341 0,003885
судорога 4,317488 0,002314
прогрессивный 5,010635 0,005370
заявить 0,061875 0,000099
мерка 4,317488 0,002314
сша 0,040822 0,000831
ресурс 3,064725 0,006570
лидер 1,347074 0,000722
процесс 2,302585 0,001234
раскрытие 0,076161 0,000041
говорить 1,160488 0,000622
грубо 4,317488 0,002314
зрение 3,064725 0,001642
устранение 5,010635 0,002685
общеевропейский 5,010635 0,002685
таковой 5,010635 0,002685
погружаться 0,047791 0,000026
нравиться 2,931194 0,001571
выглядеть 1,752539 0,000939
враг 3,064725 0,001642
команда 1,919593 0,001029
немедленный 4,317488 0,002314
астапкович 4,317488 0,002314
поставить 2,238047 0,003598
являться 1,714798 0,001838
промежуточный 3,912023 0,002096
получать 0,033902 0,000036
усилие 2,813411 0,001508
подготовка 2,302585 0,001234
армия 2,014903 0,002160
прямо 2,525729 0,001354
устроить 2,014903 0,001080
обладать 3,624341 0,001942
нужно 1,791759 0,006721
интерес 2,525729 0,005414
архитектура 4,317488 0,002314
дискуссионный 5,010635 0,005370
огонь 1,609438 0,007763
спецпроект 0,000000 0,000000
украинский 0,047791 0,000154
сауд 5,010635 0,002685
американец 3,401197 0,001823
противный 4,317488 0,002314
вашингтон 2,066196 0,002215
туристка 0,076161 0,000041
мотор 0,000000 0,000000
фёдор 3,912023 0,012579
привлекать 2,813411 0,001508
настроить 4,317488 0,004628
долгосрочный 3,912023 0,006289
стоить 1,714798 0,000919
наслать 0,000000 0,000000
жизнь 0,000000 0,000000
понятно 3,401197 0,003645
противостояние 3,912023 0,004193
жать 0,013423 0,000007
далеко 3,064725 0,003285
уолтц 3,624341 0,001942
наладить 3,912023 0,002096
аравия 2,612740 0,008401
сырьевой 5,010635 0,002685
канал 1,791759 0,003841
почему 0,899761 0,000482
директор 2,445686 0,007864
хороший 0,006689 0,000007
спор 0,097980 0,000053
относительно 3,064725 0,001642
недоговороспособный 5,010635 0,002685
отключить 1,514128 0,000811
власть 1,609438 0,002588
нарушение 2,931194 0,003142
конфиденциальность 0,047791 0,000026
общий 1,714798 0,000919
продолжать 0,033902 0,000036
помириться 5,010635 0,002685
ссср 0,000000 0,000000
желание 2,612740 0,001400
наверняка 3,624341 0,001942
виталий 3,912023 0,004193
дневный 2,612740 0,002800
идти 1,297063 0,003476
продемонстрировать 3,912023 0,002096
расположиться 5,010635 0,002685
заслуга 4,317488 0,002314
статус 3,218876 0,001725
наследный 5,010635 0,002685
минь 0,000000 0,000000
отойти 3,401197 0,001823
против 1,791759 0,002881
именно 1,875141 0,001005
главное 0,000000 0,000000
заинтересованный 5,010635 0,005370
активный 2,120264 0,001136
глобальный 2,813411 0,006031
запорожье 4,317488 0,002314
зафиксировать 3,624341 0,001942
компромиссный 5,010635 0,002685
российско 3,218876 0,005175
европейский 2,120264 0,006818
быть 1,399717 0,006001
точка 2,445686 0,001311
воплощение 3,912023 0,002096
излагаться 5,010635 0,002685
вести 2,014903 0,001080
есть 3,401197 0,001823
линия 2,445686 0,002621
спорт 0,000000 0,000000
национальный 2,371578 0,002542
франция 2,931194 0,001571
попадать 2,708050 0,001451
объективно 5,010635 0,002685
этот 1,427116 0,000765
четыре 0,040822 0,000022
сказать 1,919593 0,002057
интеллект 3,218876 0,001725
урегулирование 2,238047 0,001199
определяться 3,624341 0,001942
попов 4,317488 0,002314
ближний 2,813411 0,001508
буданов 5,010635 0,002685
конфиденциальностиправить 0,000000 0,000000
марко 5,010635 0,002685
высвободить 5,010635 0,002685
рияд 3,624341 0,001942
убыточный 5,010635 0,002685
станислав 3,218876 0,001725
избиратель 4,317488 0,002314
отдел 0,579818 0,000311
вчерашний 4,317488 0,002314
стремиться 2,708050 0,002903
попытаться 2,238047 0,002399
отступать 5,010635 0,002685
притягательный 5,010635 0,002685
оставить 2,238047 0,001199
кирилл 2,708050 0,001451
лавров 4,317488 0,002314
российский 0,033902 0,000127
ран 3,218876 0,003450
кейс 5,010635 0,005370
цель 1,875141 0,006029
необходимо 2,120264 0,002273
ограниченный 5,010635 0,002685
выставить 4,317488 0,004628
обитание 0,000000 0,000000
заявлять 3,064725 0,001642
полномочие 4,317488 0,002314
экономический 2,525729 0,006768
комментировать 3,401197 0,001823
интернет 0,000000 0,000000
популярный 1,791759 0,000960
имэмо 5,010635 0,005370
гид 0,076161 0,000041
поле 3,064725 0,003285
связать 2,066196 0,003322
бен 4,317488 0,004628
выполнение 2,525729 0,002707
мониторинговый 5,010635 0,002685
джидда 3,624341 0,001942
диктовать 5,010635 0,002685
сложный 2,302585 0,001234
прекращение 1,714798 0,009190
штат 2,708050 0,002903
ударить 2,525729 0,001354
представитель 1,678431 0,000899
положить 3,401197 0,001823
сотрудник 0,068993 0,000111
руководство 2,302585 0,001234
работа 0,899761 0,000964
европа 1,791759 0,004801
оставаться 1,875141 0,002010
трата 4,317488 0,002314
эмоция 0,047791 0,000026
сеть 0,090654 0,000049
направление 2,302585 0,002468
кандидат 3,401197 0,001823
налёт 3,624341 0,001942
иначе 3,401197 0,003645
пока 1,678431 0,001799
должный 1,714798 0,003676
дрон 1,832581 0,000982
клуб 2,813411 0,003015
донецкий 3,912023 0,002096
саудовский 2,612740 0,008401
параметр 4,317488 0,004628
военнослужащий 0,068993 0,000074
знать 1,576648 0,001690
накапливать 0,047791 0,000026
центральный 3,064725 0,001642
автор 3,064725 0,003285
говориться 2,931194 0,001571
старый 2,371578 0,002542
абсолютный 3,624341 0,001942
кроме 1,427116 0,003824
войско 2,371578 0,002542
подход 3,218876 0,001725
соображение 4,317488 0,002314
рсмд 5,010635 0,005370
затягивание 5,010635 0,002685
доставить 2,177422 0,001167
оба 2,445686 0,001311
преследовать 3,912023 0,004193
ближневосточный 4,317488 0,002314
эксперт 1,966113 0,003161
положение 2,612740 0,002800
депутат 0,068993 0,000037
будущий 2,931194 0,001571
акцентировать 5,010635 0,002685
война 1,455287 0,007799
согласиться 2,066196 0,007751
мониторить 5,010635 0,002685
олег 3,624341 0,011654
снятой 3,218876 0,001725
культура 0,000000 0,000000
включая 3,064725 0,001642
сооснователь 4,317488 0,002314
выдвинуть 3,218876 0,001725
красильников 3,624341 0,001942
рассматриваться 4,317488 0,002314
статья 0,000000 0,000000
соответственно 3,064725 0,001642
захотеть 2,708050 0,001451
отношение 1,226446 0,004601
вторник 3,218876 0,001725
ответить 1,832581 0,003928
редактор 0,556288 0,000596
цкеми 5,010635 0,002685
внутри 2,445686 0,001311
получить 1,059392 0,000568
контакт 1,919593 0,001029
направить 2,612740 0,001400
исключительно 3,624341 0,001942
мониторинг 4,317488 0,002314
устраивать 3,064725 0,001642
стив 3,064725 0,001642
сделать 1,321756 0,002125
увлекательный 0,047791 0,000026
различный 2,525729 0,001354
риа 1,272966 0,005458
закрытый 2,612740 0,002800
разный 2,238047 0,001199
переговоры 0,047791 0,000256
торговать 5,010635 0,002685
будущее 2,066196 0,001107
воля 2,120264 0,001136
год 0,521999 0,003916
снабжение 5,010635 0,002685
министр 2,302585 0,002468
международный 1,875141 0,008039
сбер 0,040822 0,000022
стараться 2,813411 0,001508
выживание 4,317488 0,002314
трамп 0,054808 0,000822
ведущий 2,371578 0,003813
делегация 3,401197 0,001823
поэтому 1,966113 0,002107
бесперспективный 4,317488 0,002314
крупный 0,054808 0,000059
рамка 2,371578 0,001271
перспектива 2,371578 0,001271
козырь 5,010635 0,002685
заинтересовать 3,912023 0,002096
вещь 2,445686 0,001311
президиум 3,912023 0,004193
белоус 0,076161 0,000122
мохаммед 4,317488 0,002314
страна 0,747955 0,000802
повториться 5,010635 0,002685
бессмысленный 3,912023 0,002096
помощник 3,401197 0,003645
кресло 3,401197 0,001823
сразу 2,066196 0,002215
акция 0,047791 0,000026
такой 1,003302 0,001613
интрига 3,401197 0,001823
нарастить 4,317488 0,004628
вместе 1,514128 0,000811
учёт 3,624341 0,001942
предречь 0,076161 0,000082
заставить 2,612740 0,001400
отдельно 3,401197 0,001823
продолжить 3,401197 0,001823
регион 0,076161 0,000041
решение 1,544899 0,000828
естественно 3,624341 0,001942
март 0,040822 0,000109
широкий 2,813411 0,004523
военный 0,020203 0,000065
санкционный 3,624341 0,001942
летний 0,047791 0,000026
сенат 5,010635 0,002685
фонд 3,064725 0,004927
рада 0,068993 0,000111
экономика 0,000000 0,000000
совершенно 2,813411 0,001508
тот 1,427116 0,003059
обсуждение 2,931194 0,003142
наиболее 3,218876 0,001725
сомнительный 5,010635 0,002685
сложно 2,525729 0,001354
соглашение 2,612740 0,002800
наумов 4,317488 0,013883
прокомментировать 2,525729 0,001354
история 1,609438 0,002588
довольно 3,064725 0,004927
площадь 3,912023 0,002096
принц 3,912023 0,004193
мухаммед 5,010635 0,002685
разделение 5,010635 0,002685
бой 2,066196 0,003322
наглый 5,010635 0,002685
выгодно 5,010635 0,002685
реальный 0,013423 0,000007
тысяча 0,054808 0,000029
решаться 5,010635 0,002685
площадка 3,064725 0,001642
сформулировать 4,317488 0,002314
затопить 0,076161 0,000041
бесконечный 5,010635 0,002685
кашин 5,010635 0,016111
инициатива 2,525729 0,001354
обменивать 0,047791 0,000026
алексей 1,875141 0,006029
условие 0,033902 0,000091
разделаться 5,010635 0,002685
помогать 2,120264 0,001136
встреча 1,832581 0,002946
устойчивый 3,912023 0,002096
думать 1,791759 0,004801
род 3,218876 0,001725
достижение 2,302585 0,002468
коммюнике 5,010635 0,002685
прохождение 3,912023 0,002096
принять 1,678431 0,000899
видеть 0,013423 0,000014
скорый 2,525729 0,002707
взаимодействовать 3,401197 0,001823
второй 1,643339 0,001761
рубрика 4,317488 0,002314
новый 0,000000 0,000000
образ 1,514128 0,000811
перемирие 0,076161 0,001020
промышленный 3,912023 0,002096
частичный 3,912023 0,002096
советник 2,931194 0,001571
выстраивать 4,317488 0,002314
местный 2,066196 0,001107
население 2,525729 0,001354
успех 2,238047 0,003598
добро 0,013423 0,000022
анонсировать 2,371578 0,002542
менее 2,014903 0,002160
касаться 2,445686 0,001311
важный 1,875141 0,002010
пойти 2,120264 0,004545
предвыборный 5,010635 0,002685
полный 1,875141 0,002010
мид 3,064725 0,001642
конфликт 0,061875 0,000365
предложить 2,177422 0,003501
помощь 0,027029 0,000101
александр 1,373049 0,000736
херсонщина 5,010635 0,002685
украинец 2,525729 0,001354
политика 0,040822 0,000197
показывать 2,931194 0,001571
ниша 3,401197 0,001823
исследование 2,708050 0,002903
течение 1,966113 0,001054
договориться 2,525729 0,002707
китай 2,612740 0,004201
самолёт 2,302585 0,001234
оно 2,445686 0,003932
уделять 3,624341 0,001942
вариант 3,064725 0,003285
сила 1,321756 0,004250
мир 0,000000 0,000000
наступить 3,624341 0,001942
итоговый 4,317488 0,002314
структура 0,000000 0,000000
входить 2,931194 0,001571
этап 2,931194 0,001571
бывший 0,000000 0,000000
время 0,693147 0,002229
конец 1,643339 0,000881
забыть 2,708050 0,001451
оперативно 4,317488 0,002314
маккартень 0,097980 0,000053
ооо 0,000000 0,000000
внутренний 3,401197 0,001823
конкретно 3,912023 0,002096
логично 5,010635 0,002685
ибн 4,317488 0,002314
существование 2,813411 0,003015
ранее 1,003302 0,000538
разблокировка 5,010635 0,002685
причём 2,708050 0,002903
провокация 2,302585 0,002468
начальник 2,238047 0,001199
фронт 2,708050 0,001451
пообещать 2,931194 0,001571
сергей 2,525729 0,001354
мусаид 5,010635 0,002685
отвлекать 3,912023 0,002096
город 0,047791 0,000026
прежде 4,317488 0,004628
обсуждать 2,177422 0,001167
комплексный 5,010635 0,005370
региональный 3,401197 0,003645
тратиться 5,010635 0,002685
галерея 0,000000 0,000000
шанс 2,931194 0,003142
элита 5,010635 0,002685
внешность 0,097980 0,000053
научный 3,218876 0,006900
зависимость 2,525729 0,001354
начаться 0,033902 0,000055
василий 3,401197 0,010936
увидеть 1,752539 0,001878
показать 1,484275 0,000795
ватфора 5,010635 0,002685
пляжный 0,097980 0,000053
понимание 3,401197 0,001823
отсутствие 2,612740 0,001400
ключевой 2,445686 0,002621
основный 2,525729 0,001354
задача 2,066196 0,001107
вооружённый 1,678431 0,001799
хотя 2,445686 0,002621
выражать 0,047791 0,000051
читать 0,040822 0,000022
дональд 1,544899 0,007451
сумма 2,708050 0,001451
вражда 3,218876 0,001725
оценивать 0,047791 0,000026
сопротивляться 3,624341 0,003885
редакциярекламаконтактыпресс 0,000000 0,000000
уиткофф 3,064725 0,003285
видео 0,000000 0,000000
интересный 2,525729 0,002707
натрускин 5,010635 0,002685
обоюдный 3,912023 0,002096
приоритет 3,912023 0,004193
антироссийский 2,813411 0,001508
лишь 2,238047 0,004798
владеть 3,401197 0,001823
отвод 5,010635 0,002685
московский 2,014903 0,001080
перенаправить 5,010635 0,002685
завершить 3,401197 0,001823
провал 4,317488 0,002314
разведданный 4,317488 0,002314
возобновить 3,624341 0,001942
эра 3,064725 0,001642
раунд 5,010635 0,002685
фейсало 5,010635 0,002685
всеполитикаобществопроисшествияконфликтыпреступность 2,014903 0,001080
карта 2,014903 0,001080
бонус 0,047791 0,000051
среда 0,000000 0,000000
делать 1,752539 0,002818
остаться 0,047791 0,000077
эксклюзив 0,000000 0,000000
уволить 0,076161 0,000041
скидка 0,047791 0,000026
москва 1,021651 0,002738
соединить 3,624341 0,003885
ушаков 4,317488 0,002314
спецпосланник 2,931194 0,003142
выгодный 3,218876 0,001725
отдельный 2,525729 0,001354
результат 1,347074 0,000722
пауза 3,912023 0,004193
лицо 1,966113 0,001054
рынок 1,609438 0,000863
изначально 3,064725 0,001642
обязывать 5,010635 0,002685
возвращение 2,014903 0,001080
контекст 3,218876 0,003450
последующий 3,401197 0,001823
мешать 3,624341 0,001942
хотеть 0,013423 0,000115
предстоять 3,401197 0,003645
угроза 2,302585 0,002468
повторный 5,010635 0,002685
стать 0,499776 0,000803
достаточно 2,813411 0,001508
повести 5,010635 0,002685
референдум 5,010635 0,002685
работать 0,027029 0,000014
потенциал 3,401197 0,003645
возможно 2,813411 0,003015
коренной 5,010635 0,002685
это 0,020203 0,000206
обстоятельный 5,010635 0,002685
большинство 2,371578 0,001271
поддерживать 2,612740 0,001400
боровицкий 5,010635 0,002685
миротворец 3,401197 0,005468
два 0,033902 0,000073
ограничить 3,912023 0,002096
новость 0,000000 0,000000
вполне 2,813411 0,003015
сделка 2,813411 0,001508
остановка 2,525729 0,001354
остальной 2,612740 0,001400
соприкосновение 5,010635 0,002685
войти 0,000000 0,000000
кормилицын 3,401197 0,003645
измениться 2,177422 0,001167
считать 1,373049 0,004415
восток 2,177422 0,001167
минимум 2,708050 0,002903
достаться 3,912023 0,002096
уход 0,076161 0,000041
обещание 4,317488 0,002314
германия 2,066196 0,001107
заручиться 4,317488 0,002314
слабеть 5,010635 0,005370
обычный 0,013423 0,000014
противоборство 5,010635 0,002685
неизменный 5,010635 0,002685
глубина 4,317488 0,002314
разделяться 5,010635 0,002685
путин 0,967584 0,001037
действие 1,714798 0,002757
изнасиловать 0,076161 0,000041
ночь 2,525729 0,001354
первый 0,883501 0,002367
техника 0,000000 0,000000
настроение 3,064725 0,001642
продлить 3,218876 0,001725
итог 1,678431 0,001799
февраль 1,160488 0,001866
практически 2,525729 0,001354
значение 3,912023 0,002096
вопрос 1,021651 0,003285
продлиться 3,064725 0,001642
искусственный 2,931194 0,001571
игра 0,000000 0,000000
вспомнить 2,813411 0,001508
переход 3,064725 0,001642
ваш 0,047791 0,000026
ответ 1,678431 0,001799
починить 5,010635 0,002685
мнение 1,643339 0,000881
медитация 0,076161 0,000041
сократиться 3,218876 0,001725
постараться 5,010635 0,002685
дальнейший 2,813411 0,003015
событие 1,919593 0,001029
группировка 2,445686 0,001311
реакция 0,047791 0,000128
рубио 5,010635 0,002685
неделя 1,919593 0,001029
пора 2,177422 0,001167
самый 0,883501 0,001894
вступление 3,401197 0,001823
материал 0,000000 0,000000
рассвет 4,317488 0,002314
технологический 3,218876 0,001725
продолжение 2,813411 0,001508
полагать 2,445686 0,002621
боевой 2,371578 0,005084
лента 0,000000 0,000000
терять 2,931194 0,001571
лукьянов 5,010635 0,016111
нейтральный 4,317488 0,002314
внешполый 5,010635 0,002685
перезагрузить 5,010635 0,002685
суть 3,912023 0,002096
ряд 2,525729 0,004061
мочь 0,836248 0,001793
сам 1,226446 0,005258
остановить 2,525729 0,001354
министерство 2,813411 0,001508
юрий 2,525729 0,001354
применение 0,000000 0,000000
давление 2,302585 0,004936
возможный 2,066196 0,005536
гарантия 2,708050 0,004354
готовый 1,791759 0,000960
опасно 2,813411 0,001508
признать 1,484275 0,000795
ценность 0,000000 0,000000
известно 1,297063 0,000695
дата 2,612740 0,001400
мотив 5,010635 0,002685
вернуться 0,006689 0,000004
больной 2,708050 0,001451
очередь 2,014903 0,001080
стратегический 2,612740 0,001400
восстановить 3,218876 0,001725
партнёр 2,612740 0,001400
проводить 2,708050 0,001451
нормализация 3,624341 0,001942
просто 1,678431 0,000899
узнать 2,014903 0,001080
россия 0,000000 0,000000
сдать 3,218876 0,001725
своп 5,010635 0,002685
свой 0,020203 0,000076
палата 2,931194 0,001571
всякий 3,401197 0,001823
заканчивать 3,912023 0,002096
получиться 2,708050 0,001451
январь 1,514128 0,000811
журнал 3,401197 0,003645
проведение 3,064725 0,003285
ехать 2,931194 0,001571
необходимость 2,525729 0,001354
американский 0,054808 0,000176
напомнить 2,445686 0,001311
стивен 5,010635 0,002685
великий 2,238047 0,001199
полезный 3,624341 0,001942
многочисленный 3,401197 0,001823
кристина 3,064725 0,003285
выступать 2,525729 0,005414
зеленский 0,054808 0,000529
другой 1,059392 0,002271
тяжело 2,931194 0,001571
ослабить 3,064725 0,003285
скорее 2,708050 0,004354
всерьёз 3,912023 0,002096
лондон 2,445686 0,001311
число 1,226446 0,000657
отрасль 2,931194 0,001571
столкновение 3,401197 0,001823
сей 2,177422 0,001167
причина 1,484275 0,000795
контроль 1,714798 0,000919
вид 1,514128 0,000811
приемлемый 5,010635 0,002685
путь 2,066196 0,001107
что 2,708050 0,002903
неуместный 4,317488 0,002314
прогресс 0,090654 0,000049
форма 0,061875 0,000033
нажать 0,000000 0,000000
дом 0,061875 0,000099
точечный 5,010635 0,002685
обмен 2,371578 0,001271
зависеть 2,813411 0,001508
дверь 2,612740 0,001400
коллега 1,791759 0,000960
салман 5,010635 0,002685
великобритания 2,612740 0,002800
окружение 2,525729 0,001354
ужесточение 4,317488 0,002314
поддержать 2,177422 0,001167
позиция 1,832581 0,003928
принцип 2,931194 0,001571
вещий 3,912023 0,002096
временной 2,612740 0,001400
наш 1,347074 0,001444
казаться 2,177422 0,001167
западный 2,014903 0,002160
комментарий 1,427116 0,000765
борт 3,218876 0,001725
тема 1,297063 0,000695
пятёрка 5,010635 0,002685
оказаться 1,249435 0,000670
предложение 1,919593 0,014402
сорвать 2,371578 0,001271
использованияполитик 0,000000 0,000000
дорожный 4,317488 0,002314
президентский 3,624341 0,001942
технический 2,931194 0,001571
деактивировать 0,013423 0,000007
вроде 3,064725 0,001642
выгода 4,317488 0,002314
рекомендательный 0,000000 0,000000
белый 1,609438 0,001725
самоцель 5,010635 0,002685
обратиться 0,076161 0,000041
забота 0,000000 0,000000
пожаловать 0,013423 0,000007
верховный 2,708050 0,002903
управление 2,525729 0,001354
безопасность 2,014903 0,012958
уступка 3,912023 0,006289
прекрасно 4,317488 0,002314
который 0,521999 0,003077
идея 1,714798 0,000919
участок 3,218876 0,001725
фархан 4,317488 0,002314
например 1,791759 0,002881
следующий 2,612740 0,002800
победа 0,000000 0,000000
привести 1,427116 0,000765
уверенный 2,445686 0,001311
прибыть 0,083382 0,000045
рассказать 0,985284 0,000528
политический 3,401197 0,005468
президент 0,851752 0,005021
содействие 3,912023 0,002096
случай 1,484275 0,003977
сми 0,000000 0,000000
америка 3,064725 0,001642
понять 2,177422 0,002334
жилец 0,068993 0,000037
нужный 2,302585 0,001234
союз 1,966113 0,002107
место 0,027029 0,000058
свет 0,054808 0,000029
миссия 3,218876 0,001725
мс 0,097980 0,000053
усиление 5,010635 0,002685
тёмный 3,401197 0,001823
корреспондент 2,445686 0,001311
мы 2,238047 0,001199
действительно 2,612740 0,004201
попытка 1,609438 0,000863
достигнуть 2,302585 0,001234
выбор 2,708050 0,001451
опечатка 0,000000 0,000000
безусловно 2,708050 0,002903
маленький 1,791759 0,000960
внешнеторговый 5,010635 0,002685
баланс 3,912023 0,002096
вызвать 0,090654 0,000049
внешний 2,525729 0,002707
айбан 5,010635 0,002685
аль 3,624341 0,003885
владимир 1,160488 0,006219
формат 2,813411 0,003015
превращать 4,317488 0,002314
развитие 2,120264 0,001136
сотрудничество 3,064725 0,006570
политолог 2,708050 0,010159
всу 1,373049 0,000736
официальный 2,238047 0,001199
принципиальный 5,010635 0,005370
валдай 4,317488 0,004628
вернуть 2,371578 0,001271
перевооружение 3,064725 0,001642
внимание 1,966113 0,002107
бондаренко 5,010635 0,018797
невыгодный 5,010635 0,002685
возможность 1,714798 0,003676
правда 0,040822 0,000022
огромный 2,525729 0,001354
ненужный 5,010635 0,002685
ввести 2,120264 0,001136
очень 1,347074 0,003610
эскалация 3,912023 0,004193
наука 0,000000 0,000000
какой 1,203973 0,007743
выборы 2,813411 0,003015
произойти 1,791759 0,002881
