ру 0,000000 0,000000
банк 0,068993 0,000247
лента 0,000000 0,000000
новый 0,000000 0,000000
день 0,033902 0,000122
перемирие 0,076161 0,000273
газета 2,302585 0,008253
роль 1,714798 0,006146
спорт 0,000000 0,000000
отвести 0,076161 0,000273
добро 0,013423 0,000144
согласие 0,047791 0,000171
путешествие 0,000000 0,000000
четыре 0,040822 0,000146
конфликт 0,061875 0,001552
конфиденциальностиправить 0,000000 0,000000
пол 0,090654 0,000325
помощь 0,027029 0,000097
отметить 1,399717 0,010034
вода 0,054808 0,000196
фото 0,061875 0,000444
политика 0,040822 0,000293
применение 0,000000 0,000000
провоцирование 5,010635 0,017959
миллиардер 3,218876 0,034612
развязать 4,317488 0,015475
дэвид 4,317488 0,015475
отдел 0,579818 0,002078
ценность 0,000000 0,000000
мир 0,000000 0,000000
вернуться 0,006689 0,000024
индия 0,076161 0,000273
структура 0,000000 0,000000
байден 3,218876 0,023074
российский 0,033902 0,000243
обитание 0,000000 0,000000
профессор 3,218876 0,011537
бывший 0,000000 0,000000
сакс 5,010635 0,053878
россия 0,000000 0,000000
интернет 0,000000 0,000000
социальный 2,371578 0,008500
маккартень 0,097980 0,000351
ооо 0,000000 0,000000
свой 0,020203 0,000145
проблема 0,047791 0,000171
гид 0,076161 0,000273
технологийминь 0,000000 0,000000
украина 0,805943 0,011555
город 0,047791 0,000171
американский 0,054808 0,000393
галерея 0,000000 0,000000
внешность 0,097980 0,000351
сотрудник 0,068993 0,000247
начаться 0,033902 0,000122
зеленский 0,054808 0,000589
силовой 0,000000 0,000000
пляжный 0,097980 0,000351
эмоция 0,047791 0,000171
сеть 0,090654 0,000650
выражать 0,047791 0,000343
алан 4,317488 0,015475
объяснять 2,525729 0,009053
техасский 5,010635 0,017959
читать 0,040822 0,000146
военнослужащий 0,068993 0,000247
накапливать 0,047791 0,000171
дональд 1,544899 0,005537
автор 3,064725 0,010985
оценивать 0,047791 0,000171
байконур 0,097980 0,000351
редакциярекламаконтактыпресс 0,000000 0,000000
видео 0,000000 0,000000
значительный 2,931194 0,010506
депутат 0,068993 0,000247
прогресс 0,090654 0,000325
указывать 3,218876 0,011537
война 1,455287 0,010432
форма 0,061875 0,000222
нажать 0,000000 0,000000
последний 0,083382 0,000299
дом 0,061875 0,000222
культура 0,000000 0,000000
сыграть 2,813411 0,010084
курировать 3,912023 0,014022
обсудить 0,415515 0,001489
архив 0,000000 0,000000
статья 0,000000 0,000000
высказывание 5,010635 0,017959
заявить 0,061875 0,001109
сша 0,040822 0,000585
лидер 1,347074 0,004828
всеполитикаобществопроисшествияконфликтыпреступность 2,014903 0,007222
отношение 1,226446 0,004396
бонус 0,047791 0,000343
раскрытие 0,076161 0,000819
среда 0,000000 0,000000
редактор 0,556288 0,001994
остаться 0,047791 0,000171
западный 2,014903 0,007222
близкий 1,875141 0,006721
эксклюзив 0,000000 0,000000
уволить 0,076161 0,000273
скидка 0,047791 0,000171
тема 1,297063 0,004649
погружаться 0,047791 0,000171
администрация 2,931194 0,021012
увлекательный 0,047791 0,000171
использованияполитик 0,000000 0,000000
деактивировать 0,013423 0,000048
рекомендательный 0,000000 0,000000
право 2,445686 0,008766
переговоры 0,047791 0,000171
получать 0,033902 0,000122
хотеть 0,013423 0,000048
обратиться 0,076161 0,000273
правота 4,317488 0,015475
забота 0,000000 0,000000
сбер 0,040822 0,000146
пожаловать 0,013423 0,000048
трамп 0,054808 0,000786
работать 0,027029 0,000097
крупный 0,054808 0,000393
спецпроект 0,000000 0,000000
это 0,020203 0,000072
победа 0,000000 0,000000
украинский 0,047791 0,001028
слово 0,820981 0,002943
белоус 0,076161 0,000273
распространять 3,624341 0,012990
прибыть 0,083382 0,000299
два 0,033902 0,000243
раскрываться 3,912023 0,042065
президент 0,851752 0,006106
новость 0,000000 0,000000
туристка 0,076161 0,000273
мотор 0,000000 0,000000
сми 0,000000 0,000000
акция 0,047791 0,000171
наслать 0,000000 0,000000
криптовалюта 3,624341 0,012990
жизнь 0,000000 0,000000
жилец 0,068993 0,000247
нужный 2,302585 0,008253
куперман 5,010635 0,017959
предречь 0,076161 0,000546
жать 0,013423 0,000048
войти 0,000000 0,000000
место 0,027029 0,000097
свет 0,054808 0,000196
регион 0,076161 0,000273
мс 0,097980 0,000351
март 0,040822 0,000146
военный 0,020203 0,000072
летний 0,047791 0,000171
аккаунт 2,813411 0,010084
рада 0,068993 0,000247
экономика 0,000000 0,000000
совершенно 2,813411 0,010084
уход 0,076161 0,000273
опечатка 0,000000 0,000000
почему 0,899761 0,003225
хороший 0,006689 0,000024
спор 0,097980 0,000351
добавить 1,966113 0,007047
вызвать 0,090654 0,000325
обычный 0,013423 0,000048
конфиденциальность 0,047791 0,000171
университет 3,218876 0,011537
владимир 1,160488 0,004159
изнасиловать 0,076161 0,000273
продолжать 0,033902 0,000122
реальный 0,013423 0,000048
ссср 0,000000 0,000000
техника 0,000000 0,000000
тысяча 0,054808 0,000196
вопрос 1,021651 0,003662
затопить 0,076161 0,000273
игра 0,000000 0,000000
обменивать 0,047791 0,000171
минь 0,000000 0,000000
условие 0,033902 0,000243
ваш 0,047791 0,000171
главное 0,000000 0,000000
елизавета 3,624341 0,012990
правда 0,040822 0,000878
медитация 0,076161 0,000273
купермана 5,010635 0,017959
информация 1,514128 0,005427
ложный 5,010635 0,017959
джо 3,624341 0,012990
постоянно 2,525729 0,009053
видеть 0,013423 0,000048
реакция 0,047791 0,000343
эскалация 3,912023 0,014022
материал 0,000000 0,000000
наука 0,000000 0,000000
мытарев 3,912023 0,014022
