ру 0,000000 0,000000
личный 1,791759 0,006221
банк 0,068993 0,000240
лента 0,000000 0,000000
новый 0,000000 0,000000
день 0,033902 0,000118
паспортный 4,317488 0,014991
собеседник 3,218876 0,022353
перемирие 0,076161 0,000264
лишиться 2,445686 0,025476
спорт 0,000000 0,000000
отвести 0,076161 0,000264
добро 0,013423 0,000140
согласие 0,047791 0,000166
путешествие 0,000000 0,000000
четыре 0,040822 0,000142
конфликт 0,061875 0,000215
конфиденциальностиправить 0,000000 0,000000
александр 1,373049 0,004768
связаться 3,218876 0,011177
продать 3,064725 0,010641
пол 0,090654 0,000315
помощь 0,027029 0,000094
вода 0,054808 0,000190
фото 0,061875 0,000430
политика 0,040822 0,000142
связь 1,714798 0,005954
применение 0,000000 0,000000
дать 1,272966 0,004420
средство 2,371578 0,016469
коммерсантъ 2,708050 0,009403
область 1,272966 0,004420
отдел 0,579818 0,002013
ценность 0,000000 0,000000
мир 0,000000 0,000000
вернуться 0,006689 0,000023
больной 2,708050 0,009403
качать 3,401197 0,011810
индия 0,076161 0,000264
обмануть 2,931194 0,010178
структура 0,000000 0,000000
бресоновый 5,010635 0,017398
житель 1,678431 0,011656
российский 0,033902 0,000235
необходимо 2,120264 0,007362
обитание 0,000000 0,000000
бывший 0,000000 0,000000
россия 0,000000 0,000000
интернет 0,000000 0,000000
маккартень 0,097980 0,000340
ооо 0,000000 0,000000
смоленский 4,317488 0,014991
свой 0,020203 0,000070
ранее 1,003302 0,003484
проблема 0,047791 0,000166
госуслуга 4,317488 0,014991
гид 0,076161 0,000264
технологийминь 0,000000 0,000000
город 0,047791 0,000166
аргумент 3,912023 0,013583
убедить 2,302585 0,015990
американский 0,054808 0,000190
галерея 0,000000 0,000000
внешность 0,097980 0,000340
россиянин 1,321756 0,013768
сотрудник 0,068993 0,000240
начаться 0,033902 0,000118
риелтор 3,912023 0,013583
зеленский 0,054808 0,000381
всегосэкономикабизнесрынкикапиталсоциальный 1,966113 0,006827
прийти 2,014903 0,006996
силовой 0,000000 0,000000
вынудить 3,218876 0,011177
продление 3,401197 0,011810
пляжный 0,097980 0,000340
эмоция 0,047791 0,000166
сеть 0,090654 0,000315
отдать 2,813411 0,019538
телефон 2,120264 0,014724
выражать 0,047791 0,000332
оформить 4,317488 0,014991
факт 2,813411 0,009769
читать 0,040822 0,000142
военнослужащий 0,068993 0,000240
накапливать 0,047791 0,000166
сообщение 2,445686 0,008492
сумма 2,708050 0,009403
мошенник 2,371578 0,049408
оценивать 0,047791 0,000166
купить 2,931194 0,030533
байконур 0,097980 0,000340
редакциярекламаконтактыпресс 0,000000 0,000000
видео 0,000000 0,000000
ущерб 3,401197 0,011810
похитить 3,064725 0,010641
депутат 0,068993 0,000240
прогресс 0,090654 0,000315
согласиться 2,066196 0,007174
форма 0,061875 0,000215
нажать 0,000000 0,000000
последний 0,083382 0,000290
дом 0,061875 0,000215
культура 0,000000 0,000000
обсудить 0,415515 0,001443
архив 0,000000 0,000000
сие 3,401197 0,011810
аферист 2,931194 0,010178
статья 0,000000 0,000000
заявить 0,061875 0,000430
сша 0,040822 0,000142
карта 2,014903 0,006996
недвижимость 3,064725 0,010641
оператор 3,218876 0,011177
бонус 0,047791 0,000332
среда 0,000000 0,000000
раскрытие 0,076161 0,000264
неизвестный 3,064725 0,010641
позвонить 3,912023 0,013583
тыс 4,317488 0,014991
редактор 0,556288 0,001932
остаться 0,047791 0,000166
эксклюзив 0,000000 0,000000
номер 2,931194 0,010178
уволить 0,076161 0,000264
скидка 0,047791 0,000166
покупка 2,525729 0,008770
погружаться 0,047791 0,000166
климат 1,875141 0,006511
злоумышленник 3,912023 0,013583
увлекательный 0,047791 0,000166
квартира 2,371578 0,041173
использованияполитик 0,000000 0,000000
средаклимат 1,966113 0,006827
сыктывкар 5,010635 0,034796
деактивировать 0,013423 0,000047
рекомендательный 0,000000 0,000000
переговоры 0,047791 0,000166
получать 0,033902 0,000118
сферанедвижимостьгородский 1,966113 0,006827
хотеть 0,013423 0,000093
обратиться 0,076161 0,000264
забота 0,000000 0,000000
андрей 3,064725 0,010641
сбер 0,040822 0,000142
пожаловать 0,013423 0,000047
портал 3,624341 0,012585
счёт 2,708050 0,009403
безопасность 2,014903 0,006996
трамп 0,054808 0,000190
работать 0,027029 0,000094
который 0,521999 0,001812
крупный 0,054808 0,000381
группа 1,514128 0,005257
спецпроект 0,000000 0,000000
это 0,020203 0,000070
победа 0,000000 0,000000
украинский 0,047791 0,000166
белоус 0,076161 0,000264
прибыть 0,083382 0,000290
два 0,033902 0,000235
новость 0,000000 0,000000
туристка 0,076161 0,000264
мотор 0,000000 0,000000
сми 0,000000 0,000000
акция 0,047791 0,000166
наслать 0,000000 0,000000
сбережение 3,912023 0,013583
жизнь 0,000000 0,000000
жилец 0,068993 0,000240
пенсионерка 3,624341 0,012585
предречь 0,076161 0,000529
предоставить 3,218876 0,011177
жать 0,013423 0,000047
войти 0,000000 0,000000
место 0,027029 0,000094
свет 0,054808 0,000190
регион 0,076161 0,000264
мс 0,097980 0,000340
март 0,040822 0,000142
военный 0,020203 0,000070
летний 0,047791 0,000332
лишить 2,708050 0,009403
рада 0,068993 0,000240
экономика 0,000000 0,000000
неизлечимый 3,401197 0,011810
уход 0,076161 0,000264
опечатка 0,000000 0,000000
рубль 1,514128 0,010515
хороший 0,006689 0,000023
спор 0,097980 0,000340
представиться 4,317488 0,029983
вызвать 0,090654 0,000315
обычный 0,013423 0,000047
жильё 3,218876 0,022353
конфиденциальность 0,047791 0,000166
составить 2,813411 0,009769
общий 1,714798 0,005954
изнасиловать 0,076161 0,000264
продолжать 0,033902 0,000118
реальный 0,013423 0,000047
ссср 0,000000 0,000000
техника 0,000000 0,000000
мужчина 1,576648 0,005474
кабинет 3,624341 0,012585
тысяча 0,054808 0,000381
сотовый 5,010635 0,017398
доверенность 4,317488 0,014991
затопить 0,076161 0,000264
взлом 5,010635 0,017398
игра 0,000000 0,000000
обменивать 0,047791 0,000166
минь 0,000000 0,000000
условие 0,033902 0,000235
ваш 0,047791 0,000166
возможность 1,714798 0,017862
главное 0,000000 0,000000
медитация 0,076161 0,000264
правда 0,040822 0,000142
перевести 3,218876 0,011177
безопасный 2,813411 0,009769
накопить 3,624341 0,025169
видеть 0,013423 0,000047
экологияделовой 1,966113 0,006827
сообщать 1,791759 0,006221
реакция 0,047791 0,000332
материал 0,000000 0,000000
наука 0,000000 0,000000
