уходовой 5,010635 0,010226
ру 0,000000 0,000000
определённый 4,317488 0,008811
отмечать 1,966113 0,004012
банк 0,068993 0,000141
бензин 3,401197 0,006941
лента 0,000000 0,000000
формула 2,931194 0,005982
новый 0,000000 0,000000
день 0,033902 0,000069
сомнение 3,401197 0,006941
образ 1,514128 0,003090
перемирие 0,076161 0,000155
намерить 3,624341 0,014793
академия 3,912023 0,007984
партия 3,912023 0,015967
разработка 3,401197 0,006941
спорт 0,000000 0,000000
защититься 2,931194 0,005982
бактерия 4,317488 0,008811
провоцировать 3,912023 0,007984
лейкемия 5,010635 0,020452
отвести 0,076161 0,000155
этот 1,427116 0,002912
добро 0,013423 0,000082
согласие 0,047791 0,000098
путешествие 0,000000 0,000000
прошлое 2,813411 0,005742
четыре 0,040822 0,000083
менее 2,014903 0,008224
классифицировать 5,010635 0,010226
конфликт 0,061875 0,000126
конфиденциальностиправить 0,000000 0,000000
табачный 5,010635 0,010226
дерматология 5,010635 0,010226
пол 0,090654 0,000185
помощь 0,027029 0,000055
отметить 1,399717 0,002857
вода 0,054808 0,000112
заболевание 3,624341 0,007397
фото 0,061875 0,000505
политика 0,040822 0,000083
известный 1,714798 0,003500
безвредно 5,010635 0,010226
применение 0,000000 0,000000
призвать 1,791759 0,003657
средство 2,371578 0,024200
всепитание 3,401197 0,006941
шампунь 5,010635 0,010226
безвредный 5,010635 0,010226
производитель 3,064725 0,012509
запас 3,064725 0,006255
косметика 5,010635 0,040903
третий 2,120264 0,004327
оно 2,445686 0,014974
отдел 0,579818 0,001183
ценность 0,000000 0,000000
известно 1,297063 0,002647
мир 0,000000 0,000000
вернуться 0,006689 0,000027
индия 0,076161 0,000155
структура 0,000000 0,000000
магазин 2,813411 0,005742
рак 2,708050 0,022107
множественный 4,317488 0,008811
доказать 3,912023 0,007984
российский 0,033902 0,000138
солнечный 3,218876 0,006569
откуда 3,064725 0,006255
обитание 0,000000 0,000000
бывший 0,000000 0,000000
россия 0,000000 0,000000
интернет 0,000000 0,000000
волос 2,708050 0,005527
маккартень 0,097980 0,000200
ооо 0,000000 0,000000
свой 0,020203 0,000041
хлл 5,010635 0,010226
главный 1,272966 0,002598
проблема 0,047791 0,000098
популярный 1,791759 0,007313
взяться 2,813411 0,005742
гид 0,076161 0,000155
технологийминь 0,000000 0,000000
город 0,047791 0,000098
оставлять 3,064725 0,006255
связать 2,066196 0,004217
американский 0,054808 0,000112
галерея 0,000000 0,000000
образовываться 5,010635 0,010226
прийтись 2,120264 0,004327
внешность 0,097980 0,000200
вызывающий 2,931194 0,017946
сотрудник 0,068993 0,000141
начаться 0,033902 0,000069
другой 1,059392 0,004324
дым 5,010635 0,010226
вред 3,624341 0,007397
зеленский 0,054808 0,000224
изменение 2,612740 0,005332
силовой 0,000000 0,000000
розничный 4,317488 0,017622
пляжный 0,097980 0,000200
эмоция 0,047791 0,000098
сеть 0,090654 0,000185
основный 2,525729 0,005155
однако 1,249435 0,005100
порядок 2,066196 0,004217
сухой 4,317488 0,008811
себя 2,014903 0,004112
выражать 0,047791 0,000195
серьёзный 2,302585 0,004699
читать 0,040822 0,000083
военнослужащий 0,068993 0,000141
накапливать 0,047791 0,000098
причина 1,484275 0,003029
учёный 2,525729 0,010309
ядовитый 3,912023 0,007984
бензол 5,010635 0,132935
вид 1,514128 0,003090
производиться 5,010635 0,010226
бороться 2,525729 0,005155
кроме 1,427116 0,005825
оценивать 0,047791 0,000098
бензоил 5,010635 0,020452
байконур 0,097980 0,000200
один 0,836248 0,001707
пероксид 5,010635 0,020452
превращаться 3,624341 0,007397
редакциярекламаконтактыпресс 0,000000 0,000000
миелома 5,010635 0,010226
полностью 2,525729 0,010309
видео 0,000000 0,000000
лимфолейкоз 5,010635 0,020452
превышение 5,010635 0,010226
депутат 0,068993 0,000141
прогресс 0,090654 0,000185
форма 0,061875 0,000126
протестировать 5,010635 0,010226
нажать 0,000000 0,000000
владеть 3,401197 0,006941
последний 0,083382 0,000170
дом 0,061875 0,000126
торговля 3,624341 0,007397
приносить 3,218876 0,006569
нагревать 5,010635 0,010226
срочный 3,401197 0,006941
культура 0,000000 0,000000
изымать 5,010635 0,020452
обезопасить 4,317488 0,008811
нагревание 5,010635 0,010226
йельский 5,010635 0,010226
архив 0,000000 0,000000
бренд 2,445686 0,019965
статья 0,000000 0,000000
лимфома 5,010635 0,010226
заявить 0,061875 0,000126
сша 0,040822 0,000083
повод 2,708050 0,005527
процесс 2,302585 0,004699
организм 3,064725 0,006255
бонус 0,047791 0,000195
прыщ 3,064725 0,018764
способный 2,612740 0,005332
среда 0,000000 0,000000
кожа 3,218876 0,013138
раскрытие 0,076161 0,000155
неходжкинский 5,010635 0,010226
редактор 0,556288 0,001135
остаться 0,047791 0,000098
прежний 2,371578 0,009680
многие 1,714798 0,003500
эксклюзив 0,000000 0,000000
компонент 3,401197 0,006941
уволить 0,076161 0,000155
сонуход 3,401197 0,006941
скидка 0,047791 0,000098
отозвать 5,010635 0,010226
косметический 3,912023 0,023951
комментарий 1,427116 0,002912
трудно 3,401197 0,006941
пространствоментальный 3,401197 0,006941
покупка 2,525729 0,005155
вследствие 5,010635 0,010226
поступать 3,218876 0,006569
погружаться 0,047791 0,000098
смерть 1,919593 0,003918
добавлять 3,624341 0,007397
увлекательный 0,047791 0,000098
поступить 2,708050 0,005527
использованияполитик 0,000000 0,000000
екатерина 2,612740 0,005332
лицо 1,966113 0,004012
рынок 1,609438 0,006569
большой 1,714798 0,003500
претензия 3,218876 0,006569
деактивировать 0,013423 0,000027
рекомендательный 0,000000 0,000000
поставить 2,238047 0,004567
айленд 5,010635 0,010226
являться 1,714798 0,003500
переговоры 0,047791 0,000098
получать 0,033902 0,000069
год 0,521999 0,004261
машина 1,875141 0,003827
хотеть 0,013423 0,000027
обратиться 0,076161 0,000155
солнце 3,624341 0,007397
международный 1,875141 0,003827
забота 0,000000 0,000000
сбер 0,040822 0,000083
продукция 3,624341 0,014793
пожаловать 0,013423 0,000027
изъятие 5,010635 0,010226
стать 0,499776 0,001020
решить 1,791759 0,003657
трамп 0,054808 0,000112
работать 0,027029 0,000055
который 0,521999 0,007457
вывод 2,708050 0,011053
поэтому 1,966113 0,004012
токсичный 3,912023 0,023951
хронический 3,912023 0,007984
крупный 0,054808 0,000224
например 1,791759 0,003657
агентство 2,302585 0,004699
десятка 2,302585 0,004699
вызывать 2,708050 0,011053
группа 1,514128 0,006180
это 0,020203 0,000124
спецпроект 0,000000 0,000000
большинство 2,371578 0,004840
победа 0,000000 0,000000
вдыхать 5,010635 0,010226
украинский 0,047791 0,000098
белоус 0,076161 0,000155
уничтожать 3,912023 0,007984
исследователь 3,401197 0,006941
обнаружить 2,445686 0,004991
прибыть 0,083382 0,000170
два 0,033902 0,000138
прямой 2,302585 0,004699
частный 3,218876 0,006569
новость 0,000000 0,000000
туристка 0,076161 0,000155
мотор 0,000000 0,000000
наименование 5,010635 0,010226
сми 0,000000 0,000000
акция 0,047791 0,000098
наслать 0,000000 0,000000
острый 3,218876 0,006569
находить 3,218876 0,006569
такой 1,003302 0,006143
иметься 2,931194 0,005982
доступный 2,708050 0,005527
жизнь 0,000000 0,000000
жилец 0,068993 0,000141
предречь 0,076161 0,000311
жать 0,013423 0,000027
войти 0,000000 0,000000
улица 2,302585 0,004699
место 0,027029 0,000055
свет 0,054808 0,000112
регион 0,076161 0,000155
мс 0,097980 0,000200
март 0,040822 0,000083
благодаря 2,238047 0,004567
канцероген 4,317488 0,017622
военный 0,020203 0,000041
летний 0,047791 0,000098
крем 3,064725 0,050036
рада 0,068993 0,000141
экономика 0,000000 0,000000
изъять 3,218876 0,006569
защита 2,371578 0,004840
состав 2,445686 0,004991
воздействие 3,401197 0,013882
вестись 3,624341 0,007397
уход 0,076161 0,000311
улитина 4,317488 0,008811
изучение 4,317488 0,008811
опечатка 0,000000 0,000000
образоваться 5,010635 0,010226
каждый 1,576648 0,003218
организация 2,238047 0,004567
кровь 2,612740 0,005332
хороший 0,006689 0,000014
венерология 5,010635 0,010226
спор 0,097980 0,000200
собойокружающий 3,401197 0,006941
полка 3,401197 0,006941
окно 3,624341 0,007397
предотвратить 4,317488 0,008811
нанесение 5,010635 0,010226
отключить 1,514128 0,003090
вызвать 0,090654 0,000185
внешний 2,525729 0,005155
обычный 0,013423 0,000027
конфиденциальность 0,047791 0,000098
количество 1,576648 0,006435
содержаться 3,912023 0,015967
университет 3,218876 0,013138
изнасиловать 0,076161 0,000155
продолжать 0,033902 0,000069
здоровьеотношение 3,401197 0,006941
первый 0,883501 0,001803
реальный 0,013423 0,000027
вещество 2,612740 0,031993
ссср 0,000000 0,000000
техника 0,000000 0,000000
тысяча 0,054808 0,000112
норма 3,064725 0,006255
пять 1,484275 0,003029
лонг 5,010635 0,010226
след 3,401197 0,006941
лаборатория 4,317488 0,008811
затопить 0,076161 0,000155
луч 5,010635 0,010226
игра 0,000000 0,000000
избегать 3,401197 0,006941
жара 3,912023 0,007984
компания 1,714798 0,010499
десяток 3,912023 0,007984
обменивать 0,047791 0,000098
минь 0,000000 0,000000
воспаление 4,317488 0,008811
условие 0,033902 0,000208
ваш 0,047791 0,000098
главное 0,000000 0,000000
продажа 2,708050 0,005527
французский 3,064725 0,006255
медитация 0,076161 0,000155
правда 0,040822 0,000083
больший 1,373049 0,005604
издание 2,238047 0,004567
срочно 3,401197 0,006941
аптечный 3,064725 0,012509
опасный 2,238047 0,009135
продаваться 3,912023 0,007984
видеть 0,013423 0,000027
продавец 3,401197 0,006941
реакция 0,047791 0,000390
вновь 3,218876 0,006569
допустимый 5,010635 0,010226
очень 1,347074 0,002749
разрушительно 5,010635 0,010226
материал 0,000000 0,000000
наука 0,000000 0,000000
сообщить 1,297063 0,007941
европейский 2,120264 0,004327
аналитик 3,401197 0,006941
