ру 0,000000 0,000000
рф 1,514128 0,005350
банк 0,068993 0,000244
лента 0,000000 0,000000
новый 0,000000 0,000000
день 0,033902 0,000240
перемирие 0,076161 0,000269
роль 1,714798 0,030297
спорт 0,000000 0,000000
сброс 5,010635 0,017705
выполнять 2,708050 0,028707
отвести 0,076161 0,000269
добро 0,013423 0,000142
неизвестно 3,401197 0,012018
согласие 0,047791 0,000169
путешествие 0,000000 0,000000
четыре 0,040822 0,000144
удар 1,455287 0,005142
конфликт 0,061875 0,000219
конфиденциальностиправить 0,000000 0,000000
пол 0,090654 0,000320
помощь 0,027029 0,000096
производство 2,612740 0,009232
вода 0,054808 0,000194
фото 0,061875 0,000437
небо 2,525729 0,008925
политика 0,040822 0,000144
известный 1,714798 0,012119
воздух 2,813411 0,019883
применение 0,000000 0,000000
область 1,272966 0,017992
самолёт 2,302585 0,008136
вс 2,371578 0,016760
отдел 0,579818 0,002049
ценность 0,000000 0,000000
известно 1,297063 0,004583
сила 1,321756 0,009341
мир 0,000000 0,000000
вернуться 0,006689 0,000024
запад 1,919593 0,006783
индия 0,076161 0,000269
структура 0,000000 0,000000
российский 0,033902 0,000359
архангел 4,317488 0,015256
обитание 0,000000 0,000000
бывший 0,000000 0,000000
россия 0,000000 0,000000
интернет 0,000000 0,000000
социальный 2,371578 0,008380
маккартень 0,097980 0,000346
ооо 0,000000 0,000000
свой 0,020203 0,000071
проблема 0,047791 0,000169
также 0,762140 0,002693
появиться 1,373049 0,004852
гид 0,076161 0,000269
технологийминь 0,000000 0,000000
украина 0,805943 0,005696
город 0,047791 0,000338
публикация 3,064725 0,010829
американский 0,054808 0,000194
галерея 0,000000 0,000000
внешность 0,097980 0,000346
сотрудник 0,068993 0,000244
начаться 0,033902 0,000120
зеленский 0,054808 0,000387
силовой 0,000000 0,000000
пляжный 0,097980 0,000346
эмоция 0,047791 0,000169
сеть 0,090654 0,000641
подвесить 3,912023 0,013823
вооружённый 1,678431 0,011862
хотя 2,445686 0,008642
вооружить 5,010635 0,017705
азия 2,445686 0,008642
пока 1,678431 0,005931
держаться 3,624341 0,012807
всеприбалтикаукраинабелоруссиямолдавиязакавказьесредний 2,525729 0,008925
выражать 0,047791 0,000338
читать 0,040822 0,000144
военнослужащий 0,068993 0,000244
накапливать 0,047791 0,000169
кроме 1,427116 0,005043
оценивать 0,047791 0,000169
спецназ 2,931194 0,010358
байконур 0,097980 0,000346
попасть 1,678431 0,005931
редакциярекламаконтактыпресс 0,000000 0,000000
видео 0,000000 0,000000
снять 2,177422 0,007694
депутат 0,068993 0,000244
прогресс 0,090654 0,000320
часть 1,484275 0,005245
бссср 4,317488 0,015256
форма 0,061875 0,000219
нажать 0,000000 0,000000
последний 0,083382 0,000295
дом 0,061875 0,000219
класс 3,401197 0,012018
культура 0,000000 0,000000
сума 3,912023 0,013823
обсудить 0,415515 0,001468
архив 0,000000 0,000000
сумский 2,813411 0,039766
статья 0,000000 0,000000
советский 1,752539 0,006193
удаление 3,912023 0,013823
заявить 0,061875 0,000219
сша 0,040822 0,000144
бомба 3,218876 0,011374
бонус 0,047791 0,000338
среда 0,000000 0,000000
перемещаться 5,010635 0,017705
раскрытие 0,076161 0,000269
наш 1,347074 0,004760
редактор 0,556288 0,001966
остаться 0,047791 0,000169
западный 2,014903 0,014240
ракета 2,813411 0,009941
эксклюзив 0,000000 0,000000
уволить 0,076161 0,000269
скидка 0,047791 0,000169
авиация 2,612740 0,027697
передать 1,966113 0,006947
погружаться 0,047791 0,000169
увлекательный 0,047791 0,000169
использованияполитик 0,000000 0,000000
заметить 2,120264 0,014984
екатерина 2,612740 0,009232
деактивировать 0,013423 0,000047
рекомендательный 0,000000 0,000000
переговоры 0,047791 0,000169
получать 0,033902 0,000120
хотеть 0,013423 0,000047
обратиться 0,076161 0,000269
забота 0,000000 0,000000
сбер 0,040822 0,000144
пожаловать 0,013423 0,000047
стать 0,499776 0,005298
трамп 0,054808 0,000194
работать 0,027029 0,000096
крупный 0,054808 0,000387
передовой 3,624341 0,012807
спецпроект 0,000000 0,000000
это 0,020203 0,000071
победа 0,000000 0,000000
украинский 0,047791 0,000169
белоус 0,076161 0,000269
прибыть 0,083382 0,000295
два 0,033902 0,000240
страна 0,747955 0,002643
новость 0,000000 0,000000
туристка 0,076161 0,000269
мотор 0,000000 0,000000
сми 0,000000 0,000000
акция 0,047791 0,000169
наслать 0,000000 0,000000
грищенко 5,010635 0,017705
жизнь 0,000000 0,000000
малый 3,218876 0,011374
жилец 0,068993 0,000244
предречь 0,076161 0,000538
жать 0,013423 0,000047
войти 0,000000 0,000000
уточняться 3,218876 0,011374
место 0,027029 0,000096
свет 0,054808 0,000194
регион 0,076161 0,000269
мс 0,097980 0,000346
март 0,040822 0,000288
военный 0,020203 0,000071
летний 0,047791 0,000169
крайне 3,401197 0,012018
рада 0,068993 0,000244
экономика 0,000000 0,000000
канал 1,791759 0,006331
использовать 1,919593 0,006783
уход 0,076161 0,000269
опечатка 0,000000 0,000000
хороший 0,006689 0,000024
спор 0,097980 0,000346
писать 1,752539 0,006193
вызвать 0,090654 0,000320
обычный 0,013423 0,000047
конфиденциальность 0,047791 0,000169
изнасиловать 0,076161 0,000269
продолжать 0,033902 0,000120
истребитель 2,931194 0,062145
реальный 0,013423 0,000047
кадр 1,544899 0,005459
ссср 0,000000 0,000000
техника 0,000000 0,000000
тысяча 0,054808 0,000194
охотник 5,010635 0,053116
всу 1,373049 0,029111
затопить 0,076161 0,000269
игра 0,000000 0,000000
обменивать 0,047791 0,000169
минь 0,000000 0,000000
высота 3,624341 0,012807
условие 0,033902 0,000240
ваш 0,047791 0,000169
главное 0,000000 0,000000
медитация 0,076161 0,000269
правда 0,040822 0,000144
видеть 0,013423 0,000047
реакция 0,047791 0,000338
материал 0,000000 0,000000
наука 0,000000 0,000000
