автомобиль 2,177422 0,008924
ру 0,000000 0,000000
рф 1,514128 0,003103
банк 0,068993 0,000283
лента 0,000000 0,000000
стража 3,624341 0,007427
новый 0,000000 0,000000
день 0,033902 0,000069
перемирие 0,076161 0,000156
спорт 0,000000 0,000000
санкция 2,014903 0,016516
месяц 1,714798 0,003514
отвести 0,076161 0,000156
добро 0,013423 0,000083
согласие 0,047791 0,000098
путешествие 0,000000 0,000000
прошлое 2,813411 0,005765
четыре 0,040822 0,000084
подсудимый 5,010635 0,010268
наличные 5,010635 0,010268
конфликт 0,061875 0,000127
конфиденциальностиправить 0,000000 0,000000
пол 0,090654 0,000372
помощь 0,027029 0,000111
глава 1,321756 0,005417
вода 0,054808 0,000112
фото 0,061875 0,000507
политика 0,040822 0,000084
связь 1,714798 0,003514
м 2,066196 0,004234
применение 0,000000 0,000000
дать 1,272966 0,002609
суд 1,832581 0,015021
средство 2,371578 0,004860
экс 2,066196 0,025404
анастасия 3,401197 0,006970
аннулировать 5,010635 0,010268
течение 1,966113 0,004029
отдел 0,579818 0,001188
ценность 0,000000 0,000000
известно 1,297063 0,005316
мир 0,000000 0,000000
вернуться 0,006689 0,000014
обвинять 2,525729 0,025878
открытие 3,218876 0,006596
индия 0,076161 0,000156
пройти 1,427116 0,002924
структура 0,000000 0,000000
батан 5,010635 0,010268
очередь 2,014903 0,004129
сложность 3,401197 0,006970
российский 0,033902 0,000139
паспорт 3,624341 0,022281
обитание 0,000000 0,000000
заявлять 3,064725 0,006280
фунт 5,010635 0,051338
бывший 0,000000 0,000000
время 0,693147 0,002841
оплачивать 3,401197 0,006970
конец 1,643339 0,003367
заехать 5,010635 0,010268
россия 0,000000 0,000000
интернет 0,000000 0,000000
денежный 3,401197 0,006970
го 2,302585 0,004718
недостоверный 5,010635 0,010268
маккартень 0,097980 0,000201
ооо 0,000000 0,000000
обвинение 3,401197 0,013939
судебный 3,912023 0,016033
свой 0,020203 0,000083
ранее 1,003302 0,002056
проблема 0,047791 0,000098
данные 1,678431 0,003439
режим 1,966113 0,004029
январь 1,514128 0,003103
также 0,762140 0,001562
гид 0,076161 0,000156
технологийминь 0,000000 0,000000
алимпиев 3,912023 0,008016
город 0,047791 0,000196
украина 0,805943 0,001652
подать 2,813411 0,005765
получение 3,624341 0,007427
дмитрий 2,238047 0,009172
рестрикция 3,912023 0,016033
американский 0,054808 0,000112
отец 1,919593 0,003934
галерея 0,000000 0,000000
внешность 0,097980 0,000201
представитель 1,678431 0,003439
сотрудник 0,068993 0,000141
находиться 1,399717 0,008605
территория 1,609438 0,006596
начаться 0,033902 0,000208
родить 3,912023 0,008016
зеленский 0,054808 0,000225
василий 3,401197 0,006970
силовой 0,000000 0,000000
продление 3,401197 0,006970
пляжный 0,097980 0,000201
эмоция 0,047791 0,000098
сеть 0,090654 0,000186
банковский 2,813411 0,011530
слушание 5,010635 0,010268
однако 1,249435 0,002560
лондон 2,445686 0,030070
ес 2,708050 0,011099
вступить 3,624341 0,007427
выражать 0,047791 0,000196
выдать 2,612740 0,010708
читать 0,040822 0,000084
военнослужащий 0,068993 0,000141
доказательство 3,912023 0,008016
знать 1,576648 0,006462
накапливать 0,047791 0,000098
севастополь 3,064725 0,043961
оценивать 0,047791 0,000098
ребёнок 1,919593 0,007867
байконур 0,097980 0,000201
признавать 2,708050 0,011099
один 0,836248 0,001714
редакциярекламаконтактыпресс 0,000000 0,000000
британский 2,708050 0,011099
совет 1,714798 0,003514
видео 0,000000 0,000000
отставка 3,064725 0,006280
депутат 0,068993 0,000141
прогресс 0,090654 0,000186
пользоваться 3,624341 0,007427
должность 2,813411 0,005765
форма 0,061875 0,000127
нажать 0,000000 0,000000
оперативный 2,014903 0,004129
последний 0,083382 0,000342
дом 0,061875 0,000254
стерлинг 5,010635 0,010268
сторона 1,321756 0,002709
культура 0,000000 0,000000
королевство 3,912023 0,008016
некоторый 1,576648 0,003231
залог 5,010635 0,010268
обсудить 0,415515 0,000851
архив 0,000000 0,000000
отмывание 5,010635 0,010268
помочь 1,714798 0,003514
несмотря 2,120264 0,008690
британия 3,401197 0,013939
сговор 5,010635 0,010268
указанный 4,317488 0,008847
статья 0,000000 0,000000
великобритания 2,612740 0,021416
курс 3,218876 0,013192
родственник 3,064725 0,018841
евросоюз 3,064725 0,006280
заявить 0,061875 0,000127
сша 0,040822 0,000251
процесс 2,302585 0,009437
всеполитикаобществопроисшествияконфликтыпреступность 2,014903 0,004129
отношение 1,226446 0,007540
ограничение 2,813411 0,011530
карта 2,014903 0,004129
бонус 0,047791 0,000196
среда 0,000000 0,000000
раскрытие 0,076161 0,000156
редактор 0,556288 0,001140
остаться 0,047791 0,000098
получить 1,059392 0,002171
эксклюзив 0,000000 0,000000
уволить 0,076161 0,000156
скидка 0,047791 0,000098
чиновник 2,931194 0,006007
предоставлять 3,624341 0,007427
доллар 2,708050 0,011099
покупка 2,525729 0,005176
соединить 3,624341 0,007427
погружаться 0,047791 0,000098
около 1,678431 0,006879
посчитать 3,401197 0,006970
увлекательный 0,047791 0,000098
использованияполитик 0,000000 0,000000
риа 1,272966 0,002609
екатерина 2,612740 0,005354
деактивировать 0,013423 0,000028
рекомендательный 0,000000 0,000000
тасс 2,371578 0,004860
переговоры 0,047791 0,000098
документ 2,708050 0,005549
получать 0,033902 0,000139
год 0,521999 0,008557
хотеть 0,013423 0,000028
обратиться 0,076161 0,000156
открывать 3,401197 0,006970
освободить 2,708050 0,005549
забота 0,000000 0,000000
сбер 0,040822 0,000084
пожаловать 0,013423 0,000028
счёт 2,708050 0,016648
стать 0,499776 0,001024
супруг 2,931194 0,012013
трамп 0,054808 0,000112
работать 0,027029 0,000055
крымский 2,813411 0,005765
который 0,521999 0,001070
обучение 3,401197 0,013939
турция 3,401197 0,006970
крупный 0,054808 0,000225
джарвис 5,010635 0,010268
задержать 1,875141 0,007685
группа 1,514128 0,003103
спецпроект 0,000000 0,000000
обойти 2,813411 0,005765
это 0,020203 0,000083
победа 0,000000 0,000000
выплата 3,624341 0,007427
украинский 0,047791 0,000098
слово 0,820981 0,001682
белоус 0,076161 0,000156
прибыть 0,083382 0,000171
два 0,033902 0,000139
частный 3,218876 0,006596
заморозить 4,317488 0,008847
страна 0,747955 0,001533
новость 0,000000 0,000000
туристка 0,076161 0,000156
мотор 0,000000 0,000000
сми 0,000000 0,000000
начинаться 2,931194 0,006007
акция 0,047791 0,000098
наслать 0,000000 0,000000
вместе 1,514128 0,003103
жизнь 0,000000 0,000000
жилец 0,068993 0,000141
брат 2,525729 0,025878
несколько 1,226446 0,002513
предречь 0,076161 0,000312
предоставить 3,218876 0,006596
жать 0,013423 0,000028
дестабилизировать 5,010635 0,010268
войти 0,000000 0,000000
начало 1,399717 0,005737
место 0,027029 0,000055
свет 0,054808 0,000112
регион 0,076161 0,000156
решение 1,544899 0,003166
мс 0,097980 0,000201
март 0,040822 0,000084
военный 0,020203 0,000041
санкционный 3,624341 0,022281
летний 0,047791 0,000098
участие 2,014903 0,004129
утверждать 2,525729 0,010351
рада 0,068993 0,000141
экономика 0,000000 0,000000
изъять 3,218876 0,006596
овсянников 5,010635 0,112945
сюжеткурс 5,010635 0,010268
уход 0,076161 0,000156
опечатка 0,000000 0,000000
рубль 1,514128 0,003103
хороший 0,006689 0,000014
муж 2,612740 0,005354
спор 0,097980 0,000201
вина 3,401197 0,013939
относительно 3,064725 0,006280
вызвать 0,090654 0,000186
апрель 2,525729 0,005176
обычный 0,013423 0,000028
власть 1,609438 0,003298
нарушение 2,931194 0,006007
конфиденциальность 0,047791 0,000098
школа 2,525729 0,005176
прибытие 4,317488 0,008847
страховка 5,010635 0,010268
финансовый 2,813411 0,011530
либо 1,919593 0,007867
влияние 1,919593 0,003934
общий 1,714798 0,003514
истец 5,010635 0,010268
изнасиловать 0,076161 0,000156
продолжать 0,033902 0,000069
реальный 0,013423 0,000028
ссср 0,000000 0,000000
техника 0,000000 0,000000
тысяча 0,054808 0,000786
продлить 3,218876 0,006596
февраль 1,160488 0,002378
приобрести 3,401197 0,006970
затопить 0,076161 0,000156
игра 0,000000 0,000000
недостаточный 4,317488 0,008847
обменивать 0,047791 0,000098
минь 0,000000 0,000000
вменять 5,010635 0,010268
алексей 1,875141 0,011528
условие 0,033902 0,000139
ваш 0,047791 0,000098
общество 2,177422 0,004462
губернатор 2,708050 0,038845
главное 0,000000 0,000000
дорогостоящий 5,010635 0,010268
медитация 0,076161 0,000156
правда 0,040822 0,000084
передавать 2,525729 0,005176
занимать 2,813411 0,005765
прокуратура 3,401197 0,006970
сообщаться 2,371578 0,009720
перевести 3,218876 0,006596
основание 3,912023 0,008016
информация 1,514128 0,006205
стоимость 2,238047 0,004586
поселиться 5,010635 0,010268
раскрыть 1,643339 0,003367
ввести 2,120264 0,008690
видеть 0,013423 0,000028
реакция 0,047791 0,000196
август 2,445686 0,005012
неделя 1,919593 0,003934
миллион 1,347074 0,005521
материал 0,000000 0,000000
наука 0,000000 0,000000
европейский 2,120264 0,004345
нынешний 3,064725 0,012560
