ру 0,000000 0,000000
банк 0,068993 0,000224
лента 0,000000 0,000000
новый 0,000000 0,000000
день 0,033902 0,000110
перемирие 0,076161 0,000247
происходить 1,752539 0,005690
спорт 0,000000 0,000000
отвести 0,076161 0,000247
этот 1,427116 0,004633
добро 0,013423 0,000131
согласие 0,047791 0,000155
путешествие 0,000000 0,000000
четыре 0,040822 0,000133
урегулирование 2,238047 0,007266
конфликт 0,061875 0,000402
конфиденциальностиправить 0,000000 0,000000
пол 0,090654 0,000294
помощь 0,027029 0,000088
человек 0,762140 0,002474
вода 0,054808 0,000178
фото 0,061875 0,000402
удаться 1,678431 0,005449
политика 0,040822 0,000133
известный 1,714798 0,011135
применение 0,000000 0,000000
ездить 3,401197 0,011043
ценность 0,000000 0,000000
сила 1,321756 0,004291
мир 0,000000 0,000000
вернуться 0,006689 0,000022
индия 0,076161 0,000247
структура 0,000000 0,000000
сложность 3,401197 0,011043
российский 0,033902 0,000330
обитание 0,000000 0,000000
заявлять 3,064725 0,009950
бывший 0,000000 0,000000
приехать 2,238047 0,007266
планировать 2,612740 0,008483
интернет 0,000000 0,000000
россия 0,000000 0,000000
записывать 3,624341 0,011767
маккартень 0,097980 0,000318
ооо 0,000000 0,000000
свой 0,020203 0,000131
фридманжурналист 5,010635 0,016268
ранее 1,003302 0,003257
ситуация 1,484275 0,004819
проблема 0,047791 0,000155
поговорить 3,912023 0,012701
гид 0,076161 0,000247
технологийминь 0,000000 0,000000
украина 0,805943 0,010467
город 0,047791 0,000155
подробность 2,066196 0,006708
дмитрий 2,238047 0,007266
американский 0,054808 0,000534
галерея 0,000000 0,000000
внешность 0,097980 0,000318
пытаться 1,347074 0,004374
представитель 1,678431 0,005449
сотрудник 0,068993 0,000224
находиться 1,399717 0,004545
начаться 0,033902 0,000110
зеленский 0,054808 0,000712
силовой 0,000000 0,000000
пляжный 0,097980 0,000318
эмоция 0,047791 0,000155
сеть 0,090654 0,000294
массировать 2,931194 0,009517
вооружённый 1,678431 0,005449
кремль 2,177422 0,007070
порядок 2,066196 0,006708
выражать 0,047791 0,000310
мирный 1,966113 0,006383
дрон 1,832581 0,023800
читать 0,040822 0,000133
саудовский 2,612740 0,008483
военнослужащий 0,068993 0,000224
накапливать 0,047791 0,000155
оценивать 0,047791 0,000155
байконур 0,097980 0,000318
редакциярекламаконтактыпресс 0,000000 0,000000
видео 0,000000 0,000000
блогер 2,813411 0,009134
депутат 0,068993 0,000224
маргарита 3,912023 0,012701
прогресс 0,090654 0,000294
форма 0,061875 0,000201
нажать 0,000000 0,000000
последний 0,083382 0,000271
дом 0,061875 0,000201
журналист 1,966113 0,012767
выпустить 2,238047 0,007266
культура 0,000000 0,000000
архив 0,000000 0,000000
статья 0,000000 0,000000
заявить 0,061875 0,000402
сша 0,040822 0,000133
лидер 1,347074 0,004374
вторник 3,218876 0,010451
бонус 0,047791 0,000310
среда 0,000000 0,000000
раскрытие 0,076161 0,000247
остаться 0,047791 0,000155
эксклюзив 0,000000 0,000000
уволить 0,076161 0,000247
случиться 2,612740 0,008483
похожий 2,371578 0,007700
скидка 0,047791 0,000155
москва 1,021651 0,016585
масштабный 2,612740 0,008483
комментарий 1,427116 0,004633
атака 1,966113 0,044684
план 1,875141 0,006088
погружаться 0,047791 0,000155
увлекательный 0,047791 0,000155
сорвать 2,371578 0,007700
использованияполитик 0,000000 0,000000
деактивировать 0,013423 0,000044
рекомендательный 0,000000 0,000000
переговоры 0,047791 0,000155
близко 3,912023 0,012701
получать 0,033902 0,000110
хотеть 0,013423 0,000044
спасти 2,371578 0,007700
обратиться 0,076161 0,000247
забота 0,000000 0,000000
сбер 0,040822 0,000133
пожаловать 0,013423 0,000044
стать 0,499776 0,004868
трамп 0,054808 0,000178
работать 0,027029 0,000088
бпнуть 2,931194 0,028551
отбить 3,624341 0,011767
крупный 0,054808 0,000356
спецпроект 0,000000 0,000000
это 0,020203 0,000066
победа 0,000000 0,000000
украинский 0,047791 0,000310
белоус 0,076161 0,000247
прибыть 0,083382 0,000271
два 0,033902 0,000220
президент 0,851752 0,002765
новость 0,000000 0,000000
туристка 0,076161 0,000247
мотор 0,000000 0,000000
сми 0,000000 0,000000
взять 2,371578 0,015400
акция 0,047791 0,000155
наслать 0,000000 0,000000
жизнь 0,000000 0,000000
жилец 0,068993 0,000224
предречь 0,076161 0,000495
жать 0,013423 0,000044
войти 0,000000 0,000000
место 0,027029 0,000176
начало 1,399717 0,004545
свет 0,054808 0,000178
регион 0,076161 0,000247
мс 0,097980 0,000318
спецоперация 3,218876 0,010451
март 0,040822 0,000265
тенденция 3,624341 0,011767
военный 0,020203 0,000066
аравия 2,612740 0,008483
летний 0,047791 0,000155
аккаунт 2,813411 0,009134
рада 0,068993 0,000224
экономика 0,000000 0,000000
тот 1,427116 0,004633
свидетель 3,064725 0,029851
щигаревый 5,010635 0,016268
минимум 2,708050 0,008792
уход 0,076161 0,000247
опечатка 0,000000 0,000000
отправиться 2,445686 0,007941
хороший 0,006689 0,000022
радиофактчекинг 3,218876 0,010451
спор 0,097980 0,000318
побывать 3,064725 0,009950
отключить 1,514128 0,004916
вызвать 0,090654 0,000294
киев 1,714798 0,005568
три 1,919593 0,006232
обычный 0,013423 0,000044
конфиденциальность 0,047791 0,000155
путин 0,967584 0,012566
владимир 1,160488 0,007536
общий 1,714798 0,005568
изнасиловать 0,076161 0,000247
ночь 2,525729 0,008200
продолжать 0,033902 0,000110
реальный 0,013423 0,000044
ссср 0,000000 0,000000
техника 0,000000 0,000000
тысяча 0,054808 0,000178
всу 1,373049 0,008916
поделиться 2,708050 0,008792
фридман 4,317488 0,042053
официальный 2,238047 0,007266
затопить 0,076161 0,000247
игра 0,000000 0,000000
обменивать 0,047791 0,000155
минь 0,000000 0,000000
условие 0,033902 0,000220
ваш 0,047791 0,000155
главное 0,000000 0,000000
лекс 5,010635 0,048805
медитация 0,076161 0,000247
правда 0,040822 0,000133
интервью 2,525729 0,041002
песок 2,931194 0,009517
опасный 2,238047 0,007266
скоро 3,064725 0,009950
видеть 0,013423 0,000044
реакция 0,047791 0,000465
очень 1,347074 0,004374
самый 0,883501 0,005737
материал 0,000000 0,000000
наука 0,000000 0,000000
