поездка 2,931194 0,008142
ру 0,000000 0,000000
рф 1,514128 0,004206
банк 0,068993 0,000096
пригодность 5,010635 0,006959
новый 0,000000 0,000000
день 0,033902 0,000094
перемирие 0,076161 0,000106
тур 3,401197 0,009448
туриндустрия 5,010635 0,006959
расширить 3,624341 0,005034
тягач 5,010635 0,006959
местный 2,066196 0,002870
население 2,525729 0,003508
отвести 0,076161 0,000106
даничев 5,010635 0,006959
добро 0,013423 0,000056
согласие 0,047791 0,000066
гостиница 3,912023 0,005433
центр 1,752539 0,002434
путешествие 0,000000 0,000000
касаться 2,445686 0,003397
рейс 3,064725 0,021283
предел 3,401197 0,004724
мид 3,064725 0,017026
конфликт 0,061875 0,000172
аэродромный 5,010635 0,013918
помощь 0,027029 0,000075
пол 0,090654 0,000126
вода 0,054808 0,000076
фото 0,061875 0,000258
качественный 3,912023 0,005433
политика 0,040822 0,000057
связь 1,714798 0,002382
перспективность 5,010635 0,006959
иностранный 1,919593 0,002666
ухудшение 3,064725 0,004257
течение 1,966113 0,002731
х 2,177422 0,003024
карета 5,010635 0,006959
сезон 2,813411 0,007815
наплыв 3,624341 0,005034
тележка 3,912023 0,005433
сочи 3,624341 0,010068
вариант 3,064725 0,004257
мир 0,000000 0,000000
обеспечить 3,218876 0,004471
весь 1,078810 0,004495
индия 0,076161 0,000106
структура 0,000000 0,000000
необходимый 2,708050 0,003761
житель 1,678431 0,002331
расположить 3,064725 0,004257
автомобильный 3,912023 0,005433
бывший 0,000000 0,000000
планировать 2,612740 0,003629
время 0,693147 0,001925
сегодняшний 3,624341 0,005034
добиваться 3,218876 0,004471
благополучно 4,317488 0,005997
оон 3,218876 0,004471
маккартень 0,097980 0,000136
ооо 0,000000 0,000000
рст 5,010635 0,006959
дельфин 5,010635 0,006959
отменить 2,525729 0,007016
республика 2,371578 0,016469
сильный 1,678431 0,002331
ситуация 1,484275 0,002061
главный 1,272966 0,001768
проблема 0,047791 0,000066
составлять 2,302585 0,003198
также 0,762140 0,001059
туда 2,813411 0,003908
сергей 2,525729 0,003508
технологийминь 0,000000 0,000000
город 0,047791 0,000266
прошлый 3,064725 0,004257
час 1,455287 0,002021
удобно 3,624341 0,005034
галерея 0,000000 0,000000
прийтись 2,120264 0,002945
внешность 0,097980 0,000136
вырасти 2,371578 0,003294
зависимость 2,525729 0,003508
россиянин 1,321756 0,007343
построить 2,931194 0,004071
территория 1,609438 0,002235
начаться 0,033902 0,000047
выступить 2,238047 0,003108
незаконный 3,218876 0,004471
силовой 0,000000 0,000000
пляжный 0,097980 0,000136
отсутствие 2,612740 0,003629
однако 1,249435 0,005206
выражать 0,047791 0,000133
подрастить 5,010635 0,006959
коммерческий 3,401197 0,004724
система 1,643339 0,004565
читать 0,040822 0,000057
размещение 3,218876 0,004471
воздержаться 4,317488 0,011993
база 2,931194 0,004071
оценивать 0,047791 0,000066
байконур 0,097980 0,000136
один 0,836248 0,001161
кризисный 5,010635 0,006959
редакциярекламаконтактыпресс 0,000000 0,000000
ираклий 5,010635 0,006959
видео 0,000000 0,000000
пользоваться 3,624341 0,005034
туротрасль 5,010635 0,006959
часть 1,484275 0,002061
лишь 2,238047 0,003108
последний 0,083382 0,000463
архив 0,000000 0,000000
кобахидзе 5,010635 0,006959
заинтересоваться 3,912023 0,005433
добраться 3,064725 0,004257
заявить 0,061875 0,000086
бюджетный 4,317488 0,005997
сша 0,040822 0,000057
запустить 2,302585 0,003198
южный 3,218876 0,008941
бонус 0,047791 0,000133
авиационный 3,624341 0,005034
среда 0,000000 0,000000
раскрытие 0,076161 0,000106
остаться 0,047791 0,000066
булах 5,010635 0,006959
эксклюзив 0,000000 0,000000
уволить 0,076161 0,000106
скидка 0,047791 0,000133
авиация 2,612740 0,010886
авиаперевозчик 5,010635 0,013918
москва 1,021651 0,002838
погружаться 0,047791 0,000066
нравиться 2,931194 0,004071
посчитать 3,401197 0,004724
ромашкингенеральный 5,010635 0,006959
ноябрь 2,014903 0,002798
претензия 3,218876 0,008941
востребованность 5,010635 0,006959
гавань 5,010635 0,006959
вмешиваться 5,010635 0,006959
являться 1,714798 0,002382
дарсалиязамглав 5,010635 0,006959
получать 0,033902 0,000047
единый 3,401197 0,004724
хотеть 0,013423 0,000037
стать 0,499776 0,001388
раскритиковать 2,931194 0,004071
независимость 3,912023 0,005433
интерес 2,525729 0,010524
работать 0,027029 0,000150
спецпроект 0,000000 0,000000
это 0,020203 0,000224
возобновление 5,010635 0,013918
украинский 0,047791 0,000066
слово 0,820981 0,001140
рост 1,791759 0,002489
два 0,033902 0,000094
сказаться 5,010635 0,006959
процент 1,678431 0,002331
милитаризация 3,624341 0,005034
новость 0,000000 0,000000
рядом 2,813411 0,003908
очамчира 5,010635 0,006959
туристка 0,076161 0,000106
мотор 0,000000 0,000000
стоить 1,714798 0,002382
наслать 0,000000 0,000000
жизнь 0,000000 0,000000
взыскательный 5,010635 0,006959
привлечь 3,624341 0,005034
жать 0,013423 0,000019
войти 0,000000 0,000000
захаров 3,218876 0,004471
нормализоваться 5,010635 0,006959
обширный 5,010635 0,006959
дипломат 3,624341 0,005034
кпп 4,317488 0,005997
полететь 4,317488 0,005997
считать 1,373049 0,001907
включить 3,218876 0,008941
уход 0,076161 0,000106
почему 0,899761 0,002499
директор 2,445686 0,006794
рубль 1,514128 0,008412
хороший 0,006689 0,000009
спор 0,097980 0,000136
объект 1,832581 0,002545
совершать 2,931194 0,004071
отключить 1,514128 0,002103
обычный 0,013423 0,000019
ждать 1,714798 0,002382
власть 1,609438 0,004471
конфиденциальность 0,047791 0,000066
действие 1,714798 0,002382
изнасиловать 0,076161 0,000106
ночь 2,525729 0,003508
продолжать 0,033902 0,000047
первый 0,883501 0,002454
отдохнуть 3,401197 0,004724
ссср 0,000000 0,000000
техника 0,000000 0,000000
февраль 1,160488 0,003224
открыть 2,371578 0,003294
абхазский 5,010635 0,048715
игра 0,000000 0,000000
поскольку 2,238047 0,009325
компания 1,714798 0,004763
минь 0,000000 0,000000
переход 3,064725 0,004257
зарина 5,010635 0,006959
против 1,791759 0,004977
ваш 0,047791 0,000066
железнодорожный 3,401197 0,004724
главное 0,000000 0,000000
медитация 0,076161 0,000106
рекомендация 3,624341 0,010068
больший 1,373049 0,003814
отель 2,931194 0,008142
сообщаться 2,371578 0,003294
добираться 4,317488 0,005997
считаться 2,238047 0,003108
дальнейший 2,813411 0,003908
событие 1,919593 0,002666
реакция 0,047791 0,000133
неделя 1,919593 0,002666
пора 2,177422 0,003024
материал 0,000000 0,000000
автомобиль 2,177422 0,003024
продолжение 2,813411 0,003908
отмечать 1,966113 0,008192
лента 0,000000 0,000000
терять 2,931194 0,004071
аэропорт 2,813411 0,058613
летать 3,624341 0,005034
завтрак 3,912023 0,005433
сухум 5,010635 0,034796
намерить 3,624341 0,005034
сфера 2,612740 0,003629
спорт 0,000000 0,000000
грузия 3,912023 0,048900
транспорт 3,401197 0,004724
помешать 3,064725 0,012770
перерыв 3,401197 0,009448
этот 1,427116 0,007928
остановить 2,525729 0,003508
чикагский 5,010635 0,006959
четыре 0,040822 0,000057
увеличиться 3,064725 0,004257
спрогнозировать 4,317488 0,005997
конфиденциальностиправить 0,000000 0,000000
отметить 1,399717 0,001944
пожарный 3,912023 0,005433
основной 2,813411 0,003908
применение 0,000000 0,000000
илья 3,064725 0,004257
призвать 1,791759 0,002489
сложиться 2,931194 0,004071
прогнозировать 4,317488 0,011993
питалевый 3,624341 0,005034
готовый 1,791759 0,002489
многолетний 5,010635 0,006959
важно 2,302585 0,003198
выступление 2,708050 0,003761
признать 1,484275 0,002061
ценность 0,000000 0,000000
вернуться 0,006689 0,000009
впервые 1,919593 0,002666
снижение 2,612740 0,003629
открытие 3,218876 0,017883
российский 0,033902 0,000235
исход 3,624341 0,005034
обитание 0,000000 0,000000
специалист 2,445686 0,003397
обойтись 5,010635 0,006959
морской 3,218876 0,008941
ниже 3,624341 0,005034
регулярный 2,931194 0,008142
россия 0,000000 0,000000
интернет 0,000000 0,000000
свой 0,020203 0,000028
назвать 1,021651 0,001419
гид 0,076161 0,000106
мультитур 5,010635 0,006959
цена 2,302585 0,006396
авиабилет 4,317488 0,005997
связать 2,066196 0,002870
американский 0,054808 0,000076
соотечественник 5,010635 0,013918
представитель 1,678431 0,002331
сотрудник 0,068993 0,000096
другой 1,059392 0,004414
зеленский 0,054808 0,000152
сертификат 4,317488 0,005997
работа 0,899761 0,004999
запрет 3,912023 0,005433
полёт 2,931194 0,008142
введение 4,317488 0,005997
эмоция 0,047791 0,000066
закавказский 5,010635 0,013918
сеть 0,090654 0,000126
направление 2,302585 0,003198
соседний 3,912023 0,005433
дешёвый 3,912023 0,005433
пока 1,678431 0,004662
согражданин 4,317488 0,005997
трёхзвёздочный 5,010635 0,006959
должный 1,714798 0,002382
число 1,226446 0,003407
выдать 2,612740 0,003629
отрасль 2,931194 0,004071
благотворно 5,010635 0,006959
сей 2,177422 0,003024
военнослужащий 0,068993 0,000096
накапливать 0,047791 0,000066
выяснить 3,401197 0,004724
мегасобытие 5,010635 0,006959
мария 2,525729 0,003508
гагра 5,010635 0,013918
лёгкий 2,612740 0,003629
всплеск 4,317488 0,011993
грузинский 5,010635 0,027837
обновить 3,912023 0,005433
интурист 5,010635 0,006959
эксперт 1,966113 0,005461
длительный 3,218876 0,004471
депутат 0,068993 0,000096
мифический 5,010635 0,006959
прогресс 0,090654 0,000126
псоу 5,010635 0,006959
турпоток 5,010635 0,020878
оказать 3,624341 0,005034
возобновлять 5,010635 0,006959
форма 0,061875 0,000086
нажать 0,000000 0,000000
дом 0,061875 0,000086
всероссиямирсобытияпроисшествиямнение 3,401197 0,004724
культура 0,000000 0,000000
несмотря 2,120264 0,002945
статья 0,000000 0,000000
абхазия 3,624341 0,085575
принцип 2,931194 0,004071
традиционно 5,010635 0,006959
гражданский 3,064725 0,012770
лаша 5,010635 0,006959
обстановка 3,401197 0,004724
ранний 2,120264 0,002945
полтора 3,218876 0,004471
граница 2,014903 0,002798
удобный 3,401197 0,004724
настоящий 2,445686 0,003397
близкий 1,875141 0,002604
пятница 4,317488 0,005997
нарушать 3,401197 0,004724
комментарий 1,427116 0,001982
авиасообщение 5,010635 0,013918
план 1,875141 0,002604
объяснить 1,484275 0,004123
сервис 2,445686 0,003397
автобус 3,401197 0,004724
авиакомпания 3,912023 0,005433
курорт 3,401197 0,014172
около 1,678431 0,002331
оксана 3,912023 0,005433
увлекательный 0,047791 0,000066
призыв 3,218876 0,008941
оккупация 2,525729 0,003508
использованияполитик 0,000000 0,000000
риа 1,272966 0,003536
заметить 2,120264 0,002945
деактивировать 0,013423 0,000019
предупредить 2,302585 0,003198
рекомендательный 0,000000 0,000000
трап 4,317488 0,005997
переговоры 0,047791 0,000066
эксплуатация 3,624341 0,005034
год 0,521999 0,005075
обратиться 0,076161 0,000212
министр 2,302585 0,003198
международный 1,875141 0,005209
забота 0,000000 0,000000
сбер 0,040822 0,000057
заметно 3,912023 0,005433
резкий 3,218876 0,004471
пожаловать 0,013423 0,000019
безопасность 2,014903 0,002798
трамп 0,054808 0,000076
двое 3,401197 0,009448
который 0,521999 0,001450
авиагавань 5,010635 0,027837
тормозить 4,317488 0,005997
крупный 0,054808 0,000152
например 1,791759 0,002489
агентство 2,302585 0,003198
адлер 5,010635 0,006959
багажный 4,317488 0,005997
вне 3,912023 0,005433
победа 0,000000 0,000000
белоус 0,076161 0,000106
прибыть 0,083382 0,000116
страна 0,747955 0,003116
бронирование 3,624341 0,005034
сми 0,000000 0,000000
акция 0,047791 0,000066
жить 1,643339 0,002282
жилец 0,068993 0,000096
союз 1,966113 0,002731
туристический 3,624341 0,010068
несколько 1,226446 0,001703
предречь 0,076161 0,000212
начало 1,399717 0,003888
место 0,027029 0,000038
свет 0,054808 0,000076
государство 1,919593 0,005332
перевозчик 3,912023 0,005433
регион 0,076161 0,000212
мс 0,097980 0,000136
собираться 2,931194 0,004071
март 0,040822 0,000113
благодаря 2,238047 0,003108
отдых 3,064725 0,012770
военный 0,020203 0,000084
летний 0,047791 0,000199
география 4,317488 0,005997
рада 0,068993 0,000096
экономика 0,000000 0,000000
опечатка 0,000000 0,000000
сложно 2,525729 0,003508
организация 2,238047 0,003108
пицунда 5,010635 0,006959
строительство 3,912023 0,005433
вызвать 0,090654 0,000126
дзагоева 5,010635 0,006959
уровень 1,643339 0,002282
влияние 1,919593 0,002666
реальный 0,013423 0,000019
развитие 2,120264 0,002945
тысяча 0,054808 0,000381
предлагать 2,813411 0,003908
конвенция 5,010635 0,006959
открыться 3,912023 0,005433
аналогичный 3,401197 0,004724
официальный 2,238047 0,003108
затопить 0,076161 0,000106
грузино 5,010635 0,006959
воздушный 3,624341 0,005034
турист 2,931194 0,008142
обменивать 0,047791 0,000066
алексей 1,875141 0,002604
условие 0,033902 0,000235
значительно 3,401197 0,009448
объявить 2,120264 0,002945
премьер 2,525729 0,003508
осетия 4,317488 0,005997
правда 0,040822 0,000057
думать 1,791759 0,002489
стоимость 2,238047 0,009325
алеан 5,010635 0,006959
сухума 5,010635 0,006959
невозможный 3,401197 0,004724
принять 1,678431 0,004662
видеть 0,013423 0,000019
скорый 2,525729 0,003508
наука 0,000000 0,000000
высокий 1,455287 0,002021
какой 1,203973 0,003344
якобы 2,813411 0,003908
термин 3,912023 0,005433
