автоконцерн 4,317488 0,005196
слух 2,813411 0,010157
ру 0,000000 0,000000
рф 1,514128 0,003644
банк 0,068993 0,000083
новый 0,000000 0,000000
день 0,033902 0,000041
сомнение 3,401197 0,004093
перемирие 0,076161 0,000092
газета 2,302585 0,002771
совокупность 3,624341 0,004361
местный 2,066196 0,002486
эффективный 3,064725 0,003688
отвести 0,076161 0,000092
добро 0,013423 0,000048
правкомиссия 4,317488 0,005196
согласие 0,047791 0,000058
путешествие 0,000000 0,000000
ухватиться 3,912023 0,004708
конфликт 0,061875 0,000074
обратно 3,401197 0,008186
стабильный 3,218876 0,003873
помощь 0,027029 0,000065
александр 1,373049 0,006609
пол 0,090654 0,000109
производство 2,612740 0,003144
вода 0,054808 0,000066
предположить 3,218876 0,003873
г 3,064725 0,003688
опцион 4,317488 0,015587
фото 0,061875 0,000447
менеджмент 3,912023 0,004708
политика 0,040822 0,000098
м 2,066196 0,002486
разговор 1,160488 0,001396
иностранный 1,919593 0,034650
ниша 3,401197 0,008186
выкуп 3,624341 0,008723
течение 1,966113 0,002366
теория 4,317488 0,005196
согласование 3,624341 0,004361
резюмировать 3,218876 0,003873
мир 0,000000 0,000000
индия 0,076161 0,000092
структура 0,000000 0,000000
сценарий 3,064725 0,003688
дело 1,249435 0,001504
автомобильный 3,912023 0,004708
бывший 0,000000 0,000000
небольшой 2,177422 0,002620
госэкономика 3,624341 0,004361
конец 1,643339 0,003955
маккартень 0,097980 0,000118
ооо 0,000000 0,000000
новиков 3,912023 0,004708
ситуация 1,484275 0,001786
проблема 0,047791 0,000058
максимально 3,218876 0,003873
иной 2,708050 0,003259
индивидуальный 3,064725 0,003688
появиться 1,373049 0,001652
технологийминь 0,000000 0,000000
обесценить 4,317488 0,005196
город 0,047791 0,000058
оставлять 3,064725 0,007376
публикация 3,064725 0,003688
автопром 4,317488 0,005196
вица 3,401197 0,008186
легко 2,813411 0,003386
актив 3,064725 0,007376
галерея 0,000000 0,000000
снова 2,813411 0,003386
внешность 0,097980 0,000118
начаться 0,033902 0,000041
зарубежный 2,371578 0,002854
начать 1,139434 0,001371
всегосэкономикабизнесрынкикапиталсоциальный 1,966113 0,002366
силовой 0,000000 0,000000
пляжный 0,097980 0,000118
понимание 3,401197 0,004093
ключевой 2,445686 0,002943
задача 2,066196 0,002486
однако 1,249435 0,003007
платформа 2,931194 0,003527
себя 2,014903 0,002425
выражать 0,047791 0,000115
акционер 3,624341 0,004361
настаивать 3,064725 0,003688
подорвать 3,624341 0,004361
система 1,643339 0,001978
читать 0,040822 0,000049
профильный 4,317488 0,005196
цифровой 4,317488 0,010391
импортозамещение 4,317488 0,010391
оценивать 0,047791 0,000115
байконур 0,097980 0,000118
один 0,836248 0,001006
редакциярекламаконтактыпресс 0,000000 0,000000
иметь 1,832581 0,002205
видео 0,000000 0,000000
денис 3,624341 0,008723
фирма 3,624341 0,008723
самостоятельный 3,624341 0,004361
персонал 3,401197 0,004093
владеть 3,401197 0,004093
последний 0,083382 0,000100
возобновить 3,624341 0,008723
некоторый 1,576648 0,005692
момент 1,399717 0,006738
архив 0,000000 0,000000
бренд 2,445686 0,017658
середина 3,218876 0,003873
частый 2,525729 0,003039
заявить 0,061875 0,000149
сша 0,040822 0,000049
съезд 3,624341 0,004361
бонус 0,047791 0,000115
среда 0,000000 0,000000
опасаться 3,064725 0,003688
раскрытие 0,076161 0,000092
говорить 1,160488 0,002793
пояснять 3,624341 0,004361
одновременно 3,218876 0,003873
технология 2,525729 0,003039
собственность 3,624341 0,004361
подобный 2,120264 0,002551
среди 1,714798 0,002064
остаться 0,047791 0,000115
уйти 2,014903 0,004849
эксклюзив 0,000000 0,000000
уволить 0,076161 0,000092
скидка 0,047791 0,000058
москва 1,021651 0,001229
погружаться 0,047791 0,000058
климат 1,875141 0,002256
средаклимат 1,966113 0,002366
рынок 1,609438 0,019367
екатерина 2,612740 0,003144
возвращение 2,014903 0,041219
бывать 3,064725 0,003688
дисконт 3,624341 0,004361
получать 0,033902 0,000041
сферанедвижимостьгородский 1,966113 0,002366
исключить 3,401197 0,004093
автобренд 4,317488 0,005196
хотеть 0,013423 0,000032
решать 3,401197 0,004093
стать 0,499776 0,000601
оговаривать 4,317488 0,005196
работать 0,027029 0,000163
рсппа 3,624341 0,013084
запчасть 4,317488 0,005196
спецпроект 0,000000 0,000000
это 0,020203 0,000073
массовый 2,066196 0,002486
большинство 2,371578 0,002854
украинский 0,047791 0,000058
минфин 3,218876 0,011620
слово 0,820981 0,001976
предусмотреть 4,317488 0,010391
лука 4,317488 0,005196
два 0,033902 0,000082
дмитриев 3,624341 0,008723
процент 1,678431 0,004040
комиссия 3,064725 0,003688
новость 0,000000 0,000000
туристка 0,076161 0,000092
мотор 0,000000 0,000000
вряд 2,612740 0,003144
возвращенец 4,317488 0,005196
стоить 1,714798 0,002064
наслать 0,000000 0,000000
удачный 3,912023 0,004708
эффект 3,401197 0,004093
жизнь 0,000000 0,000000
создаваться 3,064725 0,003688
жать 0,013423 0,000016
войти 0,000000 0,000000
кормилицын 3,401197 0,008186
занятый 3,401197 0,008186
относиться 2,302585 0,002771
защита 2,371578 0,002854
считать 1,373049 0,003305
переслать 3,401197 0,004093
уход 0,076161 0,000183
ведение 3,912023 0,004708
особый 2,708050 0,003259
директор 2,445686 0,002943
хороший 0,006689 0,000008
спор 0,097980 0,000118
заключить 2,177422 0,002620
тьерри 4,317488 0,005196
отключить 1,514128 0,001822
обычный 0,013423 0,000016
ждать 1,714798 0,002064
власть 1,609438 0,001937
конфиденциальность 0,047791 0,000058
путин 0,967584 0,006986
действие 1,714798 0,002064
изнасиловать 0,076161 0,000092
продолжать 0,033902 0,000041
первый 0,883501 0,008505
разрешить 3,401197 0,004093
ссср 0,000000 0,000000
техника 0,000000 0,000000
обязательный 3,064725 0,003688
рэу 4,317488 0,005196
февраль 1,160488 0,005586
идти 1,297063 0,004683
вопрос 1,021651 0,001229
выполнить 2,931194 0,003527
появляться 2,612740 0,003144
деятельность 2,931194 0,003527
целевой 3,912023 0,004708
игра 0,000000 0,000000
уточнить 2,708050 0,003259
компания 1,714798 0,041271
ориентироваться 4,317488 0,005196
минь 0,000000 0,000000
ваш 0,047791 0,000058
имя 1,875141 0,002256
главное 0,000000 0,000000
ответ 1,678431 0,002020
мнение 1,643339 0,001978
французский 3,064725 0,007376
медитация 0,076161 0,000092
срок 1,966113 0,002366
концерн 4,317488 0,005196
экологияделовой 1,966113 0,002366
использование 2,813411 0,003386
реакция 0,047791 0,000115
автоваз 3,401197 0,008186
протекционизм 4,317488 0,010391
пьетон 4,317488 0,005196
материал 0,000000 0,000000
чувствительный 3,624341 0,008723
быть 1,399717 0,005053
европейский 2,120264 0,002551
беседа 1,752539 0,002109
успешно 2,813411 0,003386
автомобиль 2,177422 0,002620
ростёха 3,912023 0,004708
решетник 4,317488 0,005196
лента 0,000000 0,000000
исходить 3,401197 0,004093
автогигант 4,317488 0,005196
кряжевый 4,317488 0,005196
спорт 0,000000 0,000000
разработать 2,612740 0,003144
отечественный 2,445686 0,008829
мочь 0,836248 0,003019
светить 3,912023 0,004708
четыре 0,040822 0,000049
конфиденциальностиправить 0,000000 0,000000
продать 3,064725 0,003688
глава 1,321756 0,007953
отметить 1,399717 0,001684
сохранить 2,302585 0,011083
удаться 1,678431 0,002020
применение 0,000000 0,000000
сложиться 2,931194 0,003527
элемент 3,401197 0,004093
смочь 1,399717 0,003369
гарантия 2,708050 0,003259
вынужденный 4,317488 0,005196
готовый 1,791759 0,002156
важно 2,302585 0,002771
отдел 0,579818 0,000698
ценность 0,000000 0,000000
вернуться 0,006689 0,000097
попытаться 2,238047 0,002693
очередь 2,014903 0,007274
оставить 2,238047 0,002693
российский 0,033902 0,000490
партнёр 2,612740 0,003144
необходимо 2,120264 0,005103
обитание 0,000000 0,000000
речь 2,445686 0,008829
экономический 2,525729 0,003039
ведомость 3,912023 0,004708
россия 0,000000 0,000000
интернет 0,000000 0,000000
спустя 1,832581 0,002205
перестать 3,064725 0,003688
шесть 1,966113 0,004732
свой 0,020203 0,000073
подешеветь 3,064725 0,003688
получиться 2,708050 0,003259
январь 1,514128 0,001822
назвать 1,021651 0,004918
чёткий 3,912023 0,004708
гид 0,076161 0,000092
де 3,624341 0,004361
убедить 2,302585 0,002771
услуга 2,813411 0,003386
американский 0,054808 0,000132
напомнить 2,445686 0,005886
кристина 3,064725 0,007376
предприниматель 2,931194 0,007055
представитель 1,678431 0,004040
выступать 2,525729 0,003039
руководство 2,302585 0,002771
сотрудник 0,068993 0,000083
другой 1,059392 0,003825
зеленский 0,054808 0,000132
уважение 3,912023 0,004708
работа 0,899761 0,002165
эмоция 0,047791 0,000058
сеть 0,090654 0,000109
пока 1,678431 0,008079
должный 1,714798 0,014445
военнослужащий 0,068993 0,000083
накапливать 0,047791 0,000058
сообщение 2,445686 0,002943
возвращаться 3,064725 0,003688
кроме 1,427116 0,001717
добросовестный 3,064725 0,003688
гальперин 4,317488 0,005196
освободиться 4,317488 0,005196
правительство 3,624341 0,008723
правительственный 3,624341 0,004361
подчёркивать 3,064725 0,003688
путинпрезидент 3,912023 0,004708
реализация 3,064725 0,003688
депутат 0,068993 0,000166
бизнес 2,371578 0,019977
взаимосвязанный 4,317488 0,005196
прогресс 0,090654 0,000109
форма 0,061875 0,000149
нажать 0,000000 0,000000
дом 0,061875 0,000074
культура 0,000000 0,000000
поставка 3,218876 0,003873
дверь 2,612740 0,003144
процедура 3,064725 0,003688
статья 0,000000 0,000000
мантур 4,317488 0,015587
наполовину 4,317488 0,005196
современный 2,066196 0,002486
соответственно 3,064725 0,003688
минпромторг 3,912023 0,004708
позиция 1,832581 0,002205
плеханов 4,317488 0,005196
наш 1,347074 0,004863
ходить 2,120264 0,002551
щукин 4,317488 0,005196
шохин 4,317488 0,005196
ответственный 3,218876 0,007747
редактор 0,556288 0,000669
ранний 2,120264 0,002551
фгуп 4,317488 0,005196
западный 2,014903 0,004849
близкий 1,875141 0,002256
многие 1,714798 0,004127
объединить 3,624341 0,004361
комментарий 1,427116 0,001717
тема 1,297063 0,003122
объяснить 1,484275 0,001786
сформировать 3,064725 0,003688
недружественный 4,317488 0,005196
передать 1,966113 0,002366
поступать 3,218876 0,003873
инвестиция 2,931194 0,007055
оксана 3,912023 0,004708
сделать 1,321756 0,001591
увлекательный 0,047791 0,000058
уважать 3,624341 0,008723
использованияполитик 0,000000 0,000000
риа 1,272966 0,006127
деактивировать 0,013423 0,000016
рекомендательный 0,000000 0,000000
право 2,445686 0,002943
выкупить 4,317488 0,005196
переговоры 0,047791 0,000058
будущее 2,066196 0,002486
год 0,521999 0,005653
максим 2,813411 0,003386
нюанс 3,218876 0,003873
машина 1,875141 0,002256
обратиться 0,076161 0,000092
шохинглава 4,317488 0,005196
забота 0,000000 0,000000
сбер 0,040822 0,000049
пожаловать 0,013423 0,000016
управление 2,525729 0,006079
трамп 0,054808 0,000066
который 0,521999 0,003769
поэтому 1,966113 0,002366
прочее 4,317488 0,005196
маловероятный 4,317488 0,005196
рассуждать 3,912023 0,004708
крупный 0,054808 0,000198
комплектующие 4,317488 0,005196
платон 4,317488 0,005196
перспектива 2,371578 0,008562
победа 0,000000 0,000000
уверенный 2,445686 0,002943
белоус 0,076161 0,000092
прибыть 0,083382 0,000100
текущий 2,525729 0,003039
страна 0,747955 0,003600
президент 0,851752 0,004100
уступать 3,912023 0,004708
сми 0,000000 0,000000
акция 0,047791 0,000288
такой 1,003302 0,003622
проработать 3,064725 0,007376
жилец 0,068993 0,000083
союз 1,966113 0,004732
создание 2,120264 0,002551
выгоняться 3,912023 0,004708
предречь 0,076161 0,000183
отдельно 3,401197 0,004093
место 0,027029 0,000033
свет 0,054808 0,000066
государство 1,919593 0,004620
прозрачный 3,401197 0,004093
продолжить 3,401197 0,012279
регион 0,076161 0,000092
решение 1,544899 0,003718
мс 0,097980 0,000118
никакой 2,302585 0,002771
собираться 2,931194 0,003527
поручить 2,931194 0,010582
ведомство 2,066196 0,002486
расширение 2,931194 0,003527
март 0,040822 0,000147
военный 0,020203 0,000024
мы 2,238047 0,002693
летний 0,047791 0,000058
рада 0,068993 0,000083
экономика 0,000000 0,000000
состав 2,445686 0,002943
тот 1,427116 0,006869
выбор 2,708050 0,006518
опечатка 0,000000 0,000000
безусловно 2,708050 0,003259
указать 1,966113 0,002366
организация 2,238047 0,002693
госдума 2,302585 0,002771
писать 1,752539 0,002109
осуществляться 4,317488 0,005196
вызвать 0,090654 0,000109
рено 4,317488 0,005196
промышленник 3,624341 0,008723
владимир 1,160488 0,002793
заключение 3,064725 0,003688
финансовый 2,813411 0,003386
механизм 2,371578 0,011416
либо 1,919593 0,002310
реальный 0,013423 0,000016
обязать 3,064725 0,003688
тысяча 0,054808 0,000066
поручение 3,401197 0,004093
подчеркнуть 2,066196 0,007459
избавляться 4,317488 0,005196
официальный 2,238047 0,002693
затопить 0,076161 0,000092
минэкономразвития 3,912023 0,004708
вернуть 2,371578 0,002854
обменивать 0,047791 0,000058
условие 0,033902 0,000204
премьер 2,525729 0,006079
объявить 2,120264 0,002551
возможность 1,714798 0,012381
продажа 2,708050 0,006518
правда 0,040822 0,000049
думать 1,791759 0,002156
стоимость 2,238047 0,002693
информация 1,514128 0,001822
занять 2,813411 0,003386
кафедра 3,912023 0,004708
полуоткрытый 3,912023 0,004708
риск 2,120264 0,002551
видеть 0,013423 0,000016
очень 1,347074 0,001621
мео 4,317488 0,005196
наука 0,000000 0,000000
какой 1,203973 0,002898
обратный 2,813411 0,006771
наличие 3,401197 0,004093
доцент 3,912023 0,004708
уходить 2,813411 0,010157
принятие 4,317488 0,005196
активно 2,708050 0,003259
второй 1,643339 0,001978
заранее 3,624341 0,004361
