ру 0,000000 0,000000
стандартный 4,317488 0,007140
личный 1,791759 0,004939
банк 0,068993 0,000038
девять 2,931194 0,001616
день 0,033902 0,000131
рассказ 3,401197 0,001875
найти 1,678431 0,004626
казак 3,218876 0,001774
удаваться 2,931194 0,001616
обозначать 3,912023 0,002157
танцовщица 3,912023 0,002157
иностранец 3,218876 0,001774
попросить 2,445686 0,001348
отвести 0,076161 0,000042
согласие 0,047791 0,000026
центр 1,752539 0,001932
путешествие 0,000000 0,000000
долго 2,612740 0,001440
множество 2,813411 0,001551
доверие 3,912023 0,002157
юридический 3,912023 0,004313
связаться 3,218876 0,001774
стабильный 3,218876 0,001774
пол 0,090654 0,000050
жертва 2,371578 0,003922
человек 0,762140 0,000840
вода 0,054808 0,000030
заведение 4,317488 0,004760
купальник 3,912023 0,002157
фото 0,061875 0,000443
отказаться 1,832581 0,001010
полгода 2,525729 0,001392
скаут 5,010635 0,013811
связь 1,714798 0,002836
проходимый 5,010635 0,002762
иностранный 1,919593 0,001058
проституция 5,010635 0,008287
график 3,624341 0,001998
ты 3,064725 0,001689
нагрубить 5,010635 0,002762
индия 0,076161 0,000042
пройти 1,427116 0,000787
изнасилование 3,912023 0,002157
дело 1,249435 0,004133
буднично 5,010635 0,002762
забирать 3,912023 0,002157
быстро 2,813411 0,007755
оплачивать 3,401197 0,001875
называть 1,791759 0,000988
посмотреть 2,525729 0,001392
создавать 2,371578 0,001307
неважно 5,010635 0,002762
готовить 2,445686 0,001348
ситуация 1,484275 0,000818
проблема 0,047791 0,000026
данные 1,678431 0,001851
опрятный 5,010635 0,005524
привата 3,912023 0,004313
также 0,762140 0,002521
туда 2,813411 0,001551
появиться 1,373049 0,000757
технологийминь 0,000000 0,000000
проституировать 5,010635 0,002762
украина 0,805943 0,000444
подозрительный 4,317488 0,007140
висеть 3,624341 0,001998
подробность 2,066196 0,002278
фотография 3,218876 0,003549
завлекать 5,010635 0,002762
пообщаться 3,401197 0,001875
наказываться 5,010635 0,002762
соглашаться 5,010635 0,002762
находиться 1,399717 0,000772
вводить 4,317488 0,002380
начать 1,139434 0,000628
вечерний 4,317488 0,004760
силовой 0,000000 0,000000
приходить 2,708050 0,001493
небезопасно 5,010635 0,002762
размещать 3,912023 0,006470
повышать 2,708050 0,001493
однако 1,249435 0,004133
блондинка 4,317488 0,004760
барный 5,010635 0,002762
себя 2,014903 0,001111
платье 3,624341 0,005994
караоке 5,010635 0,005524
арка 5,010635 0,005524
система 1,643339 0,000906
звонить 5,010635 0,002762
изменить 2,066196 0,002278
случайно 3,912023 0,002157
волноваться 3,624341 0,001998
открываться 3,064725 0,001689
байконур 0,097980 0,000054
один 0,836248 0,005532
иметь 1,832581 0,005051
вовлекать 5,010635 0,005524
денис 3,624341 0,009990
фирма 3,624341 0,001998
туфля 3,624341 0,001998
личка 5,010635 0,002762
соседство 3,912023 0,002157
часть 1,484275 0,000818
выход 2,120264 0,001169
россиянка 1,875141 0,003101
последний 0,083382 0,000046
едва 2,177422 0,001200
приносить 3,218876 0,003549
сторона 1,321756 0,001457
минута 2,177422 0,003601
срочный 3,401197 0,003750
выложить 5,010635 0,002762
бежать 2,813411 0,004653
архив 0,000000 0,000000
частый 2,525729 0,002785
обувь 4,317488 0,002380
курс 3,218876 0,001774
заявить 0,061875 0,000034
описание 3,624341 0,001998
сша 0,040822 0,000023
метод 3,064725 0,003379
процесс 2,302585 0,001269
откликнуться 5,010635 0,002762
вывеска 5,010635 0,002762
халат 5,010635 0,002762
раскрытие 0,076161 0,000042
говорить 1,160488 0,001919
рассадка 5,010635 0,002762
грубо 4,317488 0,002380
следствие 2,612740 0,001440
уйти 2,014903 0,001111
номер 2,931194 0,001616
вечер 3,064725 0,003379
фейковый 5,010635 0,002762
становиться 2,525729 0,004177
погружаться 0,047791 0,000026
назначить 2,708050 0,001493
новичок 3,624341 0,001998
довольный 3,401197 0,001875
являться 1,714798 0,000945
устроиться 3,401197 0,001875
получать 0,033902 0,000037
разъяснение 5,010635 0,002762
длиться 2,931194 0,001616
перейти 2,445686 0,002696
прямо 2,525729 0,002785
нужно 1,791759 0,001975
штраф 3,912023 0,002157
группа 1,514128 0,000835
отпустить 3,912023 0,002157
спецпроект 0,000000 0,000000
ткань 3,624341 0,001998
украинский 0,047791 0,000053
слово 0,820981 0,003168
рост 1,791759 0,001975
процент 1,678431 0,004626
туристка 0,076161 0,000042
мотор 0,000000 0,000000
стоить 1,714798 0,001891
эскорт 5,010635 0,005524
наслать 0,000000 0,000000
жизнь 0,000000 0,000000
понятно 3,401197 0,001875
доверять 5,010635 0,002762
средний 2,813411 0,001551
жать 0,013423 0,000007
домофон 5,010635 0,002762
улица 2,302585 0,002539
далеко 3,064725 0,003379
обещать 2,525729 0,004177
наркотик 2,708050 0,002986
пробив 3,401197 0,001875
юрфирма 5,010635 0,002762
канал 1,791759 0,000988
незнакомка 3,912023 0,002157
хороший 0,006689 0,000015
хитроумный 5,010635 0,002762
спор 0,097980 0,000054
тренировка 3,912023 0,002157
обслуживание 3,912023 0,002157
совершать 2,931194 0,001616
отключить 1,514128 0,000835
нарушение 2,931194 0,001616
конфиденциальность 0,047791 0,000026
вербовка 3,912023 0,002157
твориться 3,401197 0,001875
общий 1,714798 0,000945
продолжать 0,033902 0,000037
список 2,371578 0,002615
смутить 4,317488 0,002380
затратный 5,010635 0,002762
кадр 1,544899 0,000852
масса 2,931194 0,001616
ссср 0,000000 0,000000
кабинет 3,624341 0,001998
спецслужба 2,525729 0,002785
идти 1,297063 0,002860
открыть 2,371578 0,001307
появляться 2,612740 0,002881
консультировать 5,010635 0,002762
убедительность 5,010635 0,002762
набирать 3,218876 0,001774
показаться 2,931194 0,001616
собеседование 3,401197 0,024375
минь 0,000000 0,000000
клиент 2,813411 0,012408
именно 1,875141 0,002067
главное 0,000000 0,000000
срочно 3,401197 0,001875
намекнуть 5,010635 0,002762
спросить 3,218876 0,001774
столкнуться 2,177422 0,001200
столичный 4,317488 0,002380
раскрыть 1,643339 0,001812
напрямую 3,401197 0,001875
откровенный 3,218876 0,003549
фея 5,010635 0,002762
беспилотник 2,177422 0,001200
подождать 4,317488 0,002380
участвовать 3,064725 0,003379
быть 1,399717 0,001543
беседа 1,752539 0,003864
подразумевать 5,010635 0,002762
камера 2,612740 0,001440
отмечать 1,966113 0,002168
вести 2,014903 0,001111
бар 4,317488 0,002380
спорт 0,000000 0,000000
попадать 2,708050 0,001493
этот 1,427116 0,001573
шоу 2,813411 0,004653
четыре 0,040822 0,000045
сказать 1,919593 0,003175
друг 1,791759 0,000988
насчитывать 3,624341 0,001998
конфиденциальностиправить 0,000000 0,000000
оформлять 5,010635 0,002762
сохранить 2,302585 0,001269
основной 2,813411 0,001551
менеджер 4,317488 0,002380
схема 2,612740 0,002881
прописать 3,912023 0,002157
известный 1,714798 0,000945
обязанность 3,912023 0,010783
потолок 4,317488 0,002380
закрадываться 5,010635 0,002762
камень 4,317488 0,002380
отправлять 3,912023 0,002157
легенда 3,064725 0,001689
женщина 1,484275 0,005728
отдел 0,579818 0,000639
интересоваться 5,010635 0,002762
облик 3,624341 0,001998
базовый 4,317488 0,002380
раз 2,371578 0,002615
магазин 2,813411 0,001551
затонировать 5,010635 0,002762
судкриминалполиция 2,525729 0,001392
российский 0,033902 0,000056
всплывать 4,317488 0,004760
паспорт 3,624341 0,001998
цель 1,875141 0,001034
обитание 0,000000 0,000000
приехать 2,238047 0,001234
версия 2,708050 0,001493
монастырь 4,317488 0,004760
интернет 0,000000 0,000000
спустя 1,832581 0,001010
сутки 2,445686 0,002696
смотреть 2,066196 0,001139
волос 2,708050 0,001493
шесть 1,966113 0,002168
волнение 3,912023 0,002157
тревожный 3,064725 0,001689
требование 2,014903 0,002222
популярный 1,791759 0,001975
взяться 2,813411 0,001551
платить 2,813411 0,004653
антимоника 5,010635 0,005524
гид 0,076161 0,000042
связать 2,066196 0,001139
сложный 2,302585 0,001269
экономить 5,010635 0,002762
сотрудник 0,068993 0,000114
руководство 2,302585 0,002539
спиртное 3,912023 0,002157
адрес 3,218876 0,003549
работа 0,899761 0,008928
оставаться 1,875141 0,001034
эмоция 0,047791 0,000026
ожидание 2,931194 0,001616
сеть 0,090654 0,000300
завтра 3,401197 0,001875
подписчик 3,912023 0,002157
прикрыть 5,010635 0,002762
театр 3,064725 0,003379
телефон 2,120264 0,003506
чёрный 1,919593 0,001058
уточнение 4,317488 0,002380
должный 1,714798 0,000945
дрон 1,832581 0,001010
клуб 2,813411 0,017060
неожиданно 4,317488 0,002380
параметр 4,317488 0,002380
военнослужащий 0,068993 0,000038
знать 1,576648 0,002607
накапливать 0,047791 0,000026
адекватный 3,912023 0,002157
синяк 5,010635 0,002762
короткий 2,931194 0,003232
жительница 3,218876 0,001774
лёгкий 2,612740 0,002881
соображение 4,317488 0,002380
сотрудница 4,317488 0,002380
эксперт 1,966113 0,001084
краснодар 3,912023 0,004313
депутат 0,068993 0,000038
указывать 3,218876 0,001774
согласиться 2,066196 0,002278
оживлённый 5,010635 0,002762
звать 3,401197 0,001875
трансляция 3,912023 0,002157
брать 2,445686 0,001348
культура 0,000000 0,000000
поначалу 3,912023 0,002157
маркетплейс 3,624341 0,001998
срочность 5,010635 0,002762
набор 2,708050 0,001493
получаться 3,624341 0,001998
статья 0,000000 0,000000
существовать 2,445686 0,001348
отношение 1,226446 0,000676
странный 3,064725 0,001689
оператор 3,218876 0,008872
сводиться 4,317488 0,002380
посвятить 2,931194 0,001616
позвонить 3,912023 0,002157
ответить 1,832581 0,001010
редактор 0,556288 0,000307
ранний 2,120264 0,001169
пополниться 5,010635 0,002762
делить 5,010635 0,002762
получить 1,059392 0,001752
контакт 1,919593 0,002116
офисный 5,010635 0,002762
язык 2,813411 0,001551
продавать 2,708050 0,001493
табу 5,010635 0,002762
увлекательный 0,047791 0,000026
различный 2,525729 0,001392
связанный 3,064725 0,001689
гость 3,218876 0,007098
закрытый 2,612740 0,002881
обращать 3,624341 0,003996
сменщица 5,010635 0,002762
принуждение 5,010635 0,005524
разный 2,238047 0,003701
переговоры 0,047791 0,000026
распространить 3,401197 0,001875
жизненный 3,912023 0,002157
фсб 2,931194 0,001616
вербовщик 5,010635 0,002762
сбер 0,040822 0,000023
пособлазнять 5,010635 0,002762
деталь 2,708050 0,001493
трамп 0,054808 0,000030
поэтому 1,966113 0,003252
звонок 2,931194 0,001616
заставлять 4,317488 0,002380
крупный 0,054808 0,000060
расписывать 5,010635 0,002762
заинтересовать 3,912023 0,002157
семь 2,708050 0,001493
прим 2,813411 0,001551
вещь 2,445686 0,001348
белоус 0,076161 0,000042
каблук 3,624341 0,005994
позвать 3,624341 0,001998
сегодня 1,643339 0,002718
помощник 3,401197 0,003750
просить 2,708050 0,001493
сразу 2,066196 0,005695
акция 0,047791 0,000026
такой 1,003302 0,004978
убеждать 5,010635 0,002762
вместе 1,514128 0,000835
ночной 3,912023 0,008626
рассказывать 2,302585 0,003808
сопровождение 4,317488 0,002380
заработок 3,218876 0,007098
лестница 3,624341 0,001998
предречь 0,076161 0,000084
отдельно 3,401197 0,001875
оклад 4,317488 0,002380
отправить 2,066196 0,002278
соискательница 5,010635 0,008287
регион 0,076161 0,000042
естественно 3,624341 0,001998
проходить 2,445686 0,001348
преступный 2,445686 0,001348
март 0,040822 0,000045
широкий 2,813411 0,003102
военный 0,020203 0,000011
летний 0,047791 0,000105
выключать 5,010635 0,002762
фонд 3,064725 0,006758
рада 0,068993 0,000038
экономика 0,000000 0,000000
модератор 4,317488 0,002380
заработать 2,813411 0,003102
глаз 2,066196 0,002278
тот 1,427116 0,003147
манипулировать 5,010635 0,002762
свидетель 3,064725 0,001689
уверенность 2,813411 0,001551
стойка 5,010635 0,002762
организация 2,238047 0,001234
сложно 2,525729 0,001392
десять 2,708050 0,004479
консумация 3,912023 0,004313
секс 2,177422 0,014404
отказываться 3,218876 0,003549
история 1,609438 0,001774
вскоре 2,302585 0,001269
конечный 3,912023 0,002157
кровать 3,912023 0,004313
денисоператор 5,010635 0,008287
принести 2,525729 0,001392
либо 1,919593 0,001058
напиток 4,317488 0,002380
реальный 0,013423 0,000007
тысяча 0,054808 0,000514
семья 2,120264 0,002338
поиск 2,445686 0,012134
ксения 5,010635 0,033146
предлагать 2,813411 0,004653
общаться 3,064725 0,001689
затопить 0,076161 0,000042
объявление 3,912023 0,012939
обменивать 0,047791 0,000026
официантка 5,010635 0,002762
условие 0,033902 0,000093
отвечать 2,302585 0,001269
фильм 2,238047 0,001234
встреча 1,832581 0,002020
подготовить 3,401197 0,001875
полуоткрытый 3,912023 0,002157
постоянно 2,525729 0,001392
принять 1,678431 0,000925
риск 2,120264 0,001169
видеть 0,013423 0,000007
способ 1,919593 0,003175
высокий 1,455287 0,002407
встречать 3,218876 0,001774
второй 1,643339 0,002718
накрасить 3,912023 0,002157
приводить 2,931194 0,001616
сутенёр 3,624341 0,007992
вовлечение 5,010635 0,011049
новый 0,000000 0,000000
образ 1,514128 0,002504
сомнение 3,401197 0,001875
развлекательный 5,010635 0,002762
фигура 3,064725 0,003379
перемирие 0,076161 0,000042
частичный 3,912023 0,004313
происходить 1,752539 0,000966
выйти 1,752539 0,002898
выстраивать 4,317488 0,002380
добро 0,013423 0,000022
менее 2,014903 0,001111
умение 2,813411 0,001551
важный 1,875141 0,001034
пойти 2,120264 0,001169
полный 1,875141 0,003101
открытый 2,371578 0,001307
расстройство 3,624341 0,001998
конфликт 0,061875 0,000034
предложить 2,177422 0,002401
помощь 0,027029 0,000045
александр 1,373049 0,000757
готовность 2,931194 0,001616
секретарь 2,708050 0,005971
дресс 5,010635 0,002762
устраиваться 4,317488 0,004760
украинец 2,525729 0,001392
дублироваться 5,010635 0,002762
политика 0,040822 0,000023
добиться 2,813411 0,001551
показывать 2,931194 0,003232
подходить 2,612740 0,002881
коммерсантъ 2,708050 0,001493
течение 1,966113 0,001084
договориться 2,525729 0,001392
дополнительный 2,931194 0,001616
они 2,302585 0,001269
земля 1,919593 0,001058
неприметный 5,010635 0,002762
потенциальный 3,401197 0,005625
местоположение 4,317488 0,002380
мир 0,000000 0,000000
конкретный 3,064725 0,001689
искать 2,302585 0,007616
обмануть 2,931194 0,003232
структура 0,000000 0,000000
сценарий 3,064725 0,003379
этап 2,931194 0,001616
абсолютно 3,064725 0,001689
практика 3,401197 0,001875
бывший 0,000000 0,000000
небольшой 2,177422 0,001200
время 0,693147 0,001146
маккартень 0,097980 0,000054
ооо 0,000000 0,000000
соцсеть 2,708050 0,001493
представительница 5,010635 0,002762
подробно 4,317488 0,002380
ранее 1,003302 0,000553
причём 2,708050 0,002986
чистый 3,218876 0,001774
пообещать 2,931194 0,004848
город 0,047791 0,000079
кивать 5,010635 0,002762
антимониккоординатор 5,010635 0,008287
час 1,455287 0,004011
чат 3,912023 0,008626
беспредел 5,010635 0,002762
написать 1,966113 0,001084
галерея 0,000000 0,000000
внешность 0,097980 0,000108
прийтись 2,120264 0,001169
зависимость 2,525729 0,002785
охрана 4,317488 0,004760
стандартно 5,010635 0,002762
построить 2,931194 0,003232
начаться 0,033902 0,000037
увидеть 1,752539 0,002898
закрытие 2,813411 0,001551
показать 1,484275 0,000818
стажировка 5,010635 0,002762
пляжный 0,097980 0,000054
отсутствие 2,612740 0,001440
судить 2,813411 0,001551
основный 2,525729 0,001392
требоваться 3,064725 0,005068
задача 2,066196 0,001139
диверсия 3,401197 0,003750
порядок 2,066196 0,003417
платформа 2,931194 0,003232
ничуть 4,317488 0,002380
выражать 0,047791 0,000053
офис 3,064725 0,003379
вероника 3,624341 0,009990
читать 0,040822 0,000023
полчаса 3,912023 0,002157
полиция 2,238047 0,001234
оценивать 0,047791 0,000026
пережить 2,302585 0,001269
редакциярекламаконтактыпресс 0,000000 0,000000
родный 2,931194 0,003232
видео 0,000000 0,000000
интим 5,010635 0,008287
приступать 5,010635 0,002762
сильно 2,445686 0,001348
нить 5,010635 0,002762
лишь 2,238047 0,004935
сумка 3,064725 0,001689
хостёс 5,010635 0,024860
бросаться 4,317488 0,002380
иллюзия 4,317488 0,002380
танцевать 3,401197 0,003750
отклик 5,010635 0,005524
середина 3,218876 0,001774
грозить 2,708050 0,001493
выясняться 5,010635 0,002762
потерять 2,238047 0,001234
карта 2,014903 0,001111
бонус 0,047791 0,000053
среда 0,000000 0,000000
тыл 3,064725 0,001689
делать 1,752539 0,001932
обернуться 3,624341 0,003996
вынуждать 5,010635 0,002762
отрабатывать 5,010635 0,002762
остаться 0,047791 0,000053
среди 1,714798 0,000945
коктейльный 5,010635 0,002762
доверительный 5,010635 0,002762
девушка 2,238047 0,035779
эксклюзив 0,000000 0,000000
уволить 0,076161 0,000042
похожий 2,371578 0,002615
преимущество 2,931194 0,001616
скидка 0,047791 0,000026
москва 1,021651 0,002253
меню 2,931194 0,001616
модерировать 5,010635 0,002762
отдельный 2,525729 0,001392
работница 4,317488 0,004760
результат 1,347074 0,000743
опыт 2,813411 0,003102
деньга 1,875141 0,004135
рынок 1,609438 0,000887
лицо 1,966113 0,001084
подталкивание 5,010635 0,002762
большой 1,714798 0,002836
признаться 3,401197 0,001875
изначально 3,064725 0,001689
всеследствие 2,525729 0,001392
танец 3,064725 0,001689
документ 2,708050 0,001493
собеседоваться 5,010635 0,002762
хотеть 0,013423 0,000037
предстоять 3,401197 0,003750
угроза 2,302585 0,002539
обетованный 5,010635 0,002762
стать 0,499776 0,001929
строиться 5,010635 0,002762
работать 0,027029 0,000104
обучение 3,401197 0,001875
это 0,020203 0,000156
большинство 2,371578 0,001307
код 4,317488 0,002380
встать 3,064725 0,003379
смена 2,708050 0,007464
два 0,033902 0,000056
новость 0,000000 0,000000
вполне 2,813411 0,003102
раскрывать 4,317488 0,002380
убить 2,612740 0,001440
маскировать 5,010635 0,002762
неприятный 3,401197 0,001875
склонять 5,010635 0,002762
спецслужбыпреступный 2,525729 0,001392
войти 0,000000 0,000000
управлять 2,612740 0,001440
трогать 5,010635 0,011049
объяснимый 4,317488 0,002380
особо 3,624341 0,001998
минимум 2,708050 0,001493
уход 0,076161 0,000084
пробный 5,010635 0,002762
рубль 1,514128 0,010016
эскортница 4,317488 0,004760
обычный 0,013423 0,000015
ждать 1,714798 0,002836
программа 2,371578 0,007844
приватный 3,912023 0,002157
разбираться 3,624341 0,001998
действие 1,714798 0,000945
изнасиловать 0,076161 0,000042
ночь 2,525729 0,004177
первый 0,883501 0,004383
техника 0,000000 0,000000
итог 1,678431 0,001851
пять 1,484275 0,003273
обязательный 3,064725 0,001689
февраль 1,160488 0,001919
практически 2,525729 0,002785
вопрос 1,021651 0,001690
игра 0,000000 0,000000
поскольку 2,238047 0,001234
компания 1,714798 0,001891
размер 2,525729 0,001392
ошибиться 4,317488 0,002380
ваш 0,047791 0,000026
имя 1,875141 0,002067
ответ 1,678431 0,000925
мнение 1,643339 0,000906
преступник 3,218876 0,005323
медитация 0,076161 0,000042
упираться 5,010635 0,002762
блюдо 2,813411 0,001551
больший 1,373049 0,002271
кто 2,066196 0,002278
легальный 5,010635 0,002762
массово 2,371578 0,001307
считаться 2,238047 0,002468
зайти 2,813411 0,004653
белгород 5,010635 0,002762
событие 1,919593 0,001058
предпочтение 3,624341 0,001998
использование 2,813411 0,001551
продавец 3,401197 0,005625
реакция 0,047791 0,000053
самый 0,883501 0,000974
мотивация 4,317488 0,002380
увольнение 2,612740 0,001440
вечером 3,064725 0,001689
материал 0,000000 0,000000
выбирать 3,218876 0,001774
собеседница 5,010635 0,008287
разозлиться 5,010635 0,002762
продолжение 2,813411 0,001551
лента 0,000000 0,000000
прельститься 5,010635 0,002762
стабильно 4,317488 0,002380
сфера 2,612740 0,004321
рекрутер 5,010635 0,033146
роль 1,714798 0,000945
мочь 0,836248 0,003227
месяц 1,714798 0,001891
буквально 3,218876 0,001774
ментальный 4,317488 0,002380
сам 1,226446 0,002028
включаться 5,010635 0,002762
правило 2,445686 0,005393
прозвенеть 5,010635 0,002762
удаться 1,678431 0,000925
применение 0,000000 0,000000
дать 1,272966 0,001403
зарабатывать 3,064725 0,001689
выходной 3,624341 0,001998
стриптиз 3,912023 0,002157
гарантия 2,708050 0,001493
зарплата 2,708050 0,010450
третий 2,120264 0,002338
оказываться 3,624341 0,001998
готовый 1,791759 0,000988
насилие 2,931194 0,006463
признать 1,484275 0,000818
вебкамщица 5,010635 0,002762
ценность 0,000000 0,000000
вернуться 0,006689 0,000004
барьер 3,912023 0,002157
очередь 2,014903 0,001111
сексуальный 2,813411 0,004653
проводить 2,708050 0,001493
речь 2,445686 0,005393
просто 1,678431 0,004626
россия 0,000000 0,000000
простой 2,238047 0,001234
грамотный 4,317488 0,004760
стрим 4,317488 0,002380
свой 0,020203 0,000056
стрип 3,624341 0,001998
студия 3,912023 0,017253
услуга 2,813411 0,012408
сайт 2,931194 0,001616
американский 0,054808 0,000030
кристине 5,010635 0,002762
кристина 3,064725 0,005068
выступать 2,525729 0,001392
другой 1,059392 0,002920
зеленский 0,054808 0,000060
увеселительный 5,010635 0,002762
прийти 2,014903 0,002222
трек 5,010635 0,002762
утро 3,064725 0,001689
рабочий 2,708050 0,002986
явно 3,912023 0,002157
отдать 2,813411 0,001551
собственный 2,525729 0,001392
индустрия 3,624341 0,013986
психологический 3,064725 0,001689
ковый 5,010635 0,002762
число 1,226446 0,001352
объяснять 2,525729 0,001392
предпочтительный 5,010635 0,002762
сеи 5,010635 0,002762
контроль 1,714798 0,000945
вид 1,514128 0,000835
сворачивать 5,010635 0,002762
ребёнок 1,919593 0,001058
строго 3,912023 0,002157
доход 2,445686 0,002696
попасть 1,678431 0,001851
путь 2,066196 0,001139
бронь 5,010635 0,002762
что 2,708050 0,001493
безбедно 5,010635 0,002762
прогресс 0,090654 0,000050
форма 0,061875 0,000068
нажать 0,000000 0,000000
среднее 3,401197 0,001875
дом 0,061875 0,000171
работодатель 3,912023 0,008626
чаевой 3,912023 0,002157
уязвимый 4,317488 0,002380
зависеть 2,813411 0,001551
съёмка 3,624341 0,003996
дверь 2,612740 0,008642
коллега 1,791759 0,000988
ясно 4,317488 0,002380
окружение 2,525729 0,001392
родственник 3,064725 0,001689
позиция 1,832581 0,001010
любой 2,120264 0,004675
паль 4,317488 0,004760
илона 3,218876 0,003549
полицейский 2,931194 0,001616
красота 3,624341 0,001998
казаться 2,177422 0,001200
обман 2,525729 0,005569
удобный 3,401197 0,001875
сюрприз 3,912023 0,002157
профиль 5,010635 0,002762
пострадать 2,813411 0,001551
комментарий 1,427116 0,000787
план 1,875141 0,001034
тема 1,297063 0,000715
объяснить 1,484275 0,000818
сервис 2,445686 0,004045
оказаться 1,249435 0,002066
коридор 3,218876 0,001774
предложение 1,919593 0,001058
проститутка 4,317488 0,002380
около 1,678431 0,002776
салон 3,912023 0,006470
правозащитник 5,010635 0,002762
использованияполитик 0,000000 0,000000
служба 2,120264 0,001169
эстетика 4,317488 0,002380
заниматься 2,302585 0,003808
деактивировать 0,013423 0,000007
рекомендательный 0,000000 0,000000
премиальный 3,912023 0,006470
эксплуатация 3,624341 0,003996
накачивать 5,010635 0,005524
поздно 3,218876 0,001774
спасти 2,371578 0,001307
обратиться 0,076161 0,000042
стриминговый 5,010635 0,002762
забота 0,000000 0,000000
мессенджер 3,218876 0,001774
пожаловать 0,013423 0,000007
сутенёрш 5,010635 0,002762
администратор 4,317488 0,009520
безопасность 2,014903 0,002222
который 0,521999 0,005755
идея 1,714798 0,000945
задержать 1,875141 0,001034
например 1,791759 0,004939
криминал 3,401197 0,001875
бельё 3,912023 0,002157
следующий 2,612740 0,001440
располагать 5,010635 0,002762
победа 0,000000 0,000000
привести 1,427116 0,002360
знание 3,624341 0,001998
промежуток 3,912023 0,002157
прибыть 0,083382 0,000046
рассказать 0,985284 0,001629
случай 1,484275 0,003273
сми 0,000000 0,000000
находить 3,218876 0,003549
понять 2,177422 0,006002
вниз 3,401197 0,001875
жить 1,643339 0,001812
кандидатка 5,010635 0,013811
жилец 0,068993 0,000038
нужный 2,302585 0,006347
посиделки 5,010635 0,008287
несколько 1,226446 0,002028
начало 1,399717 0,002315
место 0,027029 0,000060
свет 0,054808 0,000030
портрет 5,010635 0,002762
мс 0,097980 0,000054
хореограф 3,912023 0,002157
тёмный 3,401197 0,001875
координатор 3,912023 0,002157
вакансия 4,317488 0,030941
корреспондент 2,445686 0,002696
вебок 5,010635 0,022098
попытка 1,609438 0,000887
комната 3,218876 0,003549
выбор 2,708050 0,001493
использовать 1,919593 0,003175
опечатка 0,000000 0,000000
каждый 1,576648 0,003477
отправиться 2,445686 0,002696
ужасный 4,317488 0,002380
маленький 1,791759 0,000988
вызвать 0,090654 0,000050
подводный 3,401197 0,001875
начинать 3,064725 0,001689
количество 1,576648 0,000869
модель 3,064725 0,006758
уровень 1,643339 0,001812
федеральный 3,912023 0,002157
орган 2,177422 0,001200
формат 2,813411 0,001551
худой 5,010635 0,002762
рекрутинговый 5,010635 0,002762
развитие 2,120264 0,001169
подходящий 3,912023 0,004313
мужчина 1,576648 0,001738
сотня 2,014903 0,001111
принуждать 3,912023 0,002157
невозможно 2,708050 0,001493
понимать 2,708050 0,002986
попробовать 3,064725 0,001689
внимание 1,966113 0,002168
видно 2,708050 0,004479
возможность 1,714798 0,002836
взгляд 3,624341 0,001998
правда 0,040822 0,000045
передавать 2,525729 0,001392
безопасный 2,813411 0,006204
бордель 3,912023 0,004313
одежда 2,445686 0,001348
аудитория 3,624341 0,001998
очень 1,347074 0,000743
вербовать 3,624341 0,003996
наука 0,000000 0,000000
оказание 3,912023 0,004313
какой 1,203973 0,002655
сообщество 2,445686 0,002696
резюме 5,010635 0,002762
обратный 2,813411 0,001551
уходить 2,813411 0,003102
аксессуар 3,912023 0,002157
произойти 1,791759 0,000988
красиво 4,317488 0,004760
никак 2,931194 0,001616
якобы 2,813411 0,001551
