ру 0,000000 0,000000
банк 0,068993 0,000257
лента 0,000000 0,000000
новый 0,000000 0,000000
день 0,033902 0,000126
перемирие 0,076161 0,000284
спорт 0,000000 0,000000
район 2,120264 0,007911
оштрафовать 3,912023 0,014597
иностранец 3,218876 0,024021
отвести 0,076161 0,000284
добро 0,013423 0,000150
согласие 0,047791 0,000178
путешествие 0,000000 0,000000
четыре 0,040822 0,000152
конфликт 0,061875 0,000231
конфиденциальностиправить 0,000000 0,000000
александр 1,373049 0,005123
пол 0,090654 0,000338
помощь 0,027029 0,000101
вода 0,054808 0,000205
фото 0,061875 0,000462
прописать 3,912023 0,029194
политика 0,040822 0,000152
связь 1,714798 0,006399
применение 0,000000 0,000000
суд 1,832581 0,006838
знакомый 2,612740 0,009749
ценность 0,000000 0,000000
мир 0,000000 0,000000
вернуться 0,006689 0,000025
качать 3,401197 0,012691
индия 0,076161 0,000284
структура 0,000000 0,000000
кирилл 2,708050 0,010105
российский 0,033902 0,000379
обитание 0,000000 0,000000
бывший 0,000000 0,000000
россия 0,000000 0,000000
интернет 0,000000 0,000000
маккартень 0,097980 0,000366
ооо 0,000000 0,000000
просьба 3,218876 0,012011
свой 0,020203 0,000226
зарегистрировать 3,218876 0,048043
ранее 1,003302 0,003744
проблема 0,047791 0,000178
данные 1,678431 0,006263
гид 0,076161 0,000284
технологийминь 0,000000 0,000000
город 0,047791 0,000357
устройство 3,218876 0,012011
прежде 4,317488 0,016110
американский 0,054808 0,000205
рудничный 5,010635 0,018696
галерея 0,000000 0,000000
прийтись 2,120264 0,007911
внешность 0,097980 0,000366
сотрудник 0,068993 0,000257
находиться 1,399717 0,005223
начаться 0,033902 0,000126
зеленский 0,054808 0,000409
работа 0,899761 0,003357
всегосэкономикабизнесрынкикапиталсоциальный 1,966113 0,007336
силовой 0,000000 0,000000
пляжный 0,097980 0,000366
эмоция 0,047791 0,000178
владелица 5,010635 0,018696
сеть 0,090654 0,000338
соседний 3,912023 0,014597
судить 2,813411 0,010498
выражать 0,047791 0,000357
читать 0,040822 0,000152
военнослужащий 0,068993 0,000257
накапливать 0,047791 0,000178
полиция 2,238047 0,016702
оценивать 0,047791 0,000178
жительница 3,218876 0,036032
байконур 0,097980 0,000366
редакциярекламаконтактыпресс 0,000000 0,000000
видео 0,000000 0,000000
депутат 0,068993 0,000257
прогресс 0,090654 0,000338
форма 0,061875 0,000231
нажать 0,000000 0,000000
россиянка 1,875141 0,020990
последний 0,083382 0,000311
дом 0,061875 0,000231
пономарёв 4,317488 0,016110
культура 0,000000 0,000000
камчатский 5,010635 0,018696
обсудить 0,415515 0,001550
архив 0,000000 0,000000
статья 0,000000 0,000000
фиктивно 5,010635 0,018696
заявить 0,061875 0,000231
сша 0,040822 0,000152
недвижимость 3,064725 0,011436
бонус 0,047791 0,000357
среда 0,000000 0,000000
раскрытие 0,076161 0,000284
тыс 4,317488 0,016110
редактор 0,556288 0,002076
остаться 0,047791 0,000178
получить 1,059392 0,003953
эксклюзив 0,000000 0,000000
уволить 0,076161 0,000284
скидка 0,047791 0,000178
погружаться 0,047791 0,000178
климат 1,875141 0,006997
увлекательный 0,047791 0,000178
квартира 2,371578 0,044246
использованияполитик 0,000000 0,000000
средаклимат 1,966113 0,007336
комсомольский 3,912023 0,014597
деактивировать 0,013423 0,000050
рекомендательный 0,000000 0,000000
оплатить 3,912023 0,014597
переговоры 0,047791 0,000178
получать 0,033902 0,000126
сферанедвижимостьгородский 1,966113 0,007336
год 0,521999 0,001948
хотеть 0,013423 0,000050
обратиться 0,076161 0,000284
забота 0,000000 0,000000
сбер 0,040822 0,000152
пожаловать 0,013423 0,000050
трамп 0,054808 0,000205
работать 0,027029 0,000101
мигрант 3,624341 0,067618
который 0,521999 0,001948
штраф 3,912023 0,029194
крупный 0,054808 0,000409
задержать 1,875141 0,006997
поплатиться 3,624341 0,027047
спецпроект 0,000000 0,000000
это 0,020203 0,000151
победа 0,000000 0,000000
украинский 0,047791 0,000178
белоус 0,076161 0,000284
прибыть 0,083382 0,000311
два 0,033902 0,000253
страна 0,747955 0,002791
новость 0,000000 0,000000
туристка 0,076161 0,000284
мотор 0,000000 0,000000
попасться 3,218876 0,012011
сми 0,000000 0,000000
акция 0,047791 0,000178
наслать 0,000000 0,000000
жизнь 0,000000 0,000000
жить 1,643339 0,006132
жилец 0,068993 0,000257
нужный 2,302585 0,008592
предречь 0,076161 0,000568
жать 0,013423 0,000050
войти 0,000000 0,000000
место 0,027029 0,000101
свет 0,054808 0,000205
регион 0,076161 0,000284
решение 1,544899 0,005765
мс 0,097980 0,000366
март 0,040822 0,000152
преступление 2,238047 0,008351
военный 0,020203 0,000075
летний 0,047791 0,000357
рада 0,068993 0,000257
экономика 0,000000 0,000000
собственница 5,010635 0,037393
регистрация 4,317488 0,016110
уход 0,076161 0,000284
опечатка 0,000000 0,000000
рубль 1,514128 0,011299
хороший 0,006689 0,000025
муж 2,612740 0,009749
спор 0,097980 0,000366
вызвать 0,090654 0,000338
обычный 0,013423 0,000050
жильё 3,218876 0,012011
конфиденциальность 0,047791 0,000178
петропавловск 5,010635 0,018696
изнасиловать 0,076161 0,000284
продолжать 0,033902 0,000126
реальный 0,013423 0,000050
ссср 0,000000 0,000000
техника 0,000000 0,000000
тысяча 0,054808 0,000409
аналогичный 3,401197 0,012691
затопить 0,076161 0,000284
никто 2,014903 0,007518
игра 0,000000 0,000000
обменивать 0,047791 0,000178
минь 0,000000 0,000000
условие 0,033902 0,000253
ваш 0,047791 0,000178
главное 0,000000 0,000000
правда 0,040822 0,000305
медитация 0,076161 0,000284
кемерово 5,010635 0,037393
принять 1,678431 0,006263
видеть 0,013423 0,000050
экологияделовой 1,966113 0,007336
сообщать 1,791759 0,006686
реакция 0,047791 0,000357
материал 0,000000 0,000000
наука 0,000000 0,000000
