ру 0,000000 0,000000
банк 0,068993 0,001081
лента 0,000000 0,000000
девять 2,931194 0,009189
новый 0,000000 0,000000
день 0,033902 0,000106
исключение 3,912023 0,012263
перемирие 0,076161 0,000239
лишиться 2,445686 0,007667
спорт 0,000000 0,000000
отвести 0,076161 0,000239
добро 0,013423 0,000126
согласие 0,047791 0,000150
путешествие 0,000000 0,000000
четыре 0,040822 0,000128
интеллект 3,218876 0,010091
текучка 4,317488 0,013534
конфликт 0,061875 0,000194
конфиденциальностиправить 0,000000 0,000000
нести 2,525729 0,007918
пол 0,090654 0,000284
помощь 0,027029 0,000085
человек 0,762140 0,007167
вода 0,054808 0,000172
отмечаться 2,177422 0,006826
фото 0,061875 0,000388
политика 0,040822 0,000128
применение 0,000000 0,000000
действовать 2,238047 0,007016
ценность 0,000000 0,000000
известно 1,297063 0,004066
мир 0,000000 0,000000
вернуться 0,006689 0,000021
весь 1,078810 0,006764
деловой 5,010635 0,015707
индия 0,076161 0,000239
структура 0,000000 0,000000
партнёр 2,612740 0,008190
российский 0,033902 0,000213
обитание 0,000000 0,000000
бывший 0,000000 0,000000
экономический 2,525729 0,007918
планировать 2,612740 0,008190
конец 1,643339 0,005152
россия 0,000000 0,000000
интернет 0,000000 0,000000
инвестиционный 4,317488 0,013534
маккартень 0,097980 0,000307
ооо 0,000000 0,000000
свой 0,020203 0,000063
ранее 1,003302 0,003145
проблема 0,047791 0,000150
данные 1,678431 0,005262
стрит 5,010635 0,015707
также 0,762140 0,004778
гид 0,076161 0,000239
технологийминь 0,000000 0,000000
консультант 4,317488 0,013534
город 0,047791 0,000150
торговый 3,912023 0,012263
италия 3,064725 0,009607
дмитрий 2,238047 0,007016
американский 0,054808 0,000859
воронин 4,317488 0,013534
штатный 3,401197 0,010662
галерея 0,000000 0,000000
внешность 0,097980 0,000307
сотрудник 0,068993 0,001298
кадровый 3,401197 0,010662
начаться 0,033902 0,000106
зеленский 0,054808 0,000344
работа 0,899761 0,002821
всегосэкономикабизнесрынкикапиталсоциальный 1,966113 0,006163
силовой 0,000000 0,000000
переживать 2,708050 0,008489
рабочий 2,708050 0,008489
пляжный 0,097980 0,000307
эмоция 0,047791 0,000150
сеть 0,090654 0,000284
связывать 3,401197 0,010662
основный 2,525729 0,007918
банковский 2,813411 0,008819
пока 1,678431 0,005262
порядок 2,066196 0,006477
выражать 0,047791 0,000300
число 1,226446 0,003845
читать 0,040822 0,000128
военнослужащий 0,068993 0,000216
накапливать 0,047791 0,000150
дональд 1,544899 0,004843
оценивать 0,047791 0,000150
байконур 0,097980 0,000307
редакциярекламаконтактыпресс 0,000000 0,000000
снизить 3,064725 0,019215
видео 0,000000 0,000000
инвестбанк 5,010635 0,015707
депутат 0,068993 0,000216
бизнес 2,371578 0,007434
прогресс 0,090654 0,000284
приступить 4,317488 0,013534
война 1,455287 0,004562
форма 0,061875 0,000194
нажать 0,000000 0,000000
последний 0,083382 0,000261
дом 0,061875 0,000194
культура 0,000000 0,000000
некоторый 1,576648 0,004942
неопределённый 5,010635 0,015707
обсудить 0,415515 0,001303
архив 0,000000 0,000000
статья 0,000000 0,000000
внедрение 4,317488 0,013534
фондовый 3,912023 0,012263
заявить 0,061875 0,000194
сша 0,040822 0,000256
процесс 2,302585 0,007218
уолл 5,010635 0,015707
бонус 0,047791 0,000300
среда 0,000000 0,000000
раскрытие 0,076161 0,000239
технология 2,525729 0,007918
цифровизация 5,010635 0,015707
остаться 0,047791 0,000150
близкий 1,875141 0,005878
уволить 0,076161 0,000955
эксклюзив 0,000000 0,000000
фон 2,371578 0,014869
скидка 0,047791 0,000150
ия 3,624341 0,022723
ожидаться 3,401197 0,010662
погружаться 0,047791 0,000150
около 1,678431 0,005262
администрация 2,931194 0,009189
климат 1,875141 0,005878
результат 1,347074 0,004223
увлекательный 0,047791 0,000150
использованияполитик 0,000000 0,000000
средаклимат 1,966113 0,006163
рынок 1,609438 0,005045
деактивировать 0,013423 0,000042
рекомендательный 0,000000 0,000000
серия 3,064725 0,009607
переговоры 0,047791 0,000150
стоять 3,064725 0,009607
получать 0,033902 0,000106
сферанедвижимостьгородский 1,966113 0,006163
коснуться 3,912023 0,012263
год 0,521999 0,003273
хотеть 0,013423 0,000042
обратиться 0,076161 0,000239
забота 0,000000 0,000000
сбер 0,040822 0,000128
пожаловать 0,013423 0,000042
стать 0,499776 0,001567
потеря 2,014903 0,006316
работать 0,027029 0,000169
трамп 0,054808 0,000344
который 0,521999 0,001636
расход 3,912023 0,024527
крупный 0,054808 0,001031
агентство 2,302585 0,007218
например 1,791759 0,005617
спецпроект 0,000000 0,000000
массовый 2,066196 0,006477
это 0,020203 0,000063
перспектива 2,371578 0,007434
победа 0,000000 0,000000
украинский 0,047791 0,000150
белоус 0,076161 0,000239
два 0,033902 0,000638
прибыть 0,083382 0,000261
предстоящий 2,931194 0,009189
страна 0,747955 0,002345
новость 0,000000 0,000000
туристка 0,076161 0,000239
мотор 0,000000 0,000000
сми 0,000000 0,000000
акция 0,047791 0,000150
наслать 0,000000 0,000000
жизнь 0,000000 0,000000
автоматизация 5,010635 0,015707
жилец 0,068993 0,000216
предречь 0,076161 0,000478
жать 0,013423 0,000042
войти 0,000000 0,000000
место 0,027029 0,000085
свет 0,054808 0,000172
регион 0,076161 0,000239
решение 1,544899 0,004843
мс 0,097980 0,000307
март 0,040822 0,000256
военный 0,020203 0,000063
летний 0,047791 0,000150
разгораться 5,010635 0,015707
рада 0,068993 0,000216
экономика 0,000000 0,000000
уход 0,076161 0,000239
опечатка 0,000000 0,000000
хороший 0,006689 0,000021
спор 0,097980 0,000307
писать 1,752539 0,005494
служащий 3,624341 0,011362
вызвать 0,090654 0,000284
ускорение 5,010635 0,015707
обычный 0,013423 0,000042
конфиденциальность 0,047791 0,000150
повестка 4,317488 0,013534
финансовый 2,813411 0,008819
сокращение 3,624341 0,011362
влияние 1,919593 0,006018
изнасиловать 0,076161 0,000239
продолжать 0,033902 0,000106
реальный 0,013423 0,000042
кадр 1,544899 0,004843
тысяча 0,054808 0,001546
ссср 0,000000 0,000000
техника 0,000000 0,000000
затопить 0,076161 0,000239
искусственный 2,931194 0,009189
деятельность 2,931194 0,009189
игра 0,000000 0,000000
поскольку 2,238047 0,007016
компания 1,714798 0,010751
обменивать 0,047791 0,000150
минь 0,000000 0,000000
условие 0,033902 0,000213
против 1,791759 0,005617
ваш 0,047791 0,000150
главное 0,000000 0,000000
медитация 0,076161 0,000239
правда 0,040822 0,000128
сократить 3,912023 0,024527
активный 2,120264 0,006647
столкнуться 2,177422 0,006826
видеть 0,013423 0,000042
экологияделовой 1,966113 0,006163
реакция 0,047791 0,000300
увольнение 2,612740 0,016381
материал 0,000000 0,000000
наука 0,000000 0,000000
источник 2,708050 0,008489
