ру 0,000000 0,000000
банк 0,068993 0,000265
лента 0,000000 0,000000
новый 0,000000 0,000000
день 0,033902 0,000130
аэропорт 2,813411 0,010821
вылет 3,624341 0,013940
перемирие 0,076161 0,000293
спорт 0,000000 0,000000
выйти 1,752539 0,026962
выполнять 2,708050 0,010416
отвести 0,076161 0,000293
добро 0,013423 0,000155
пролив 5,010635 0,019272
согласие 0,047791 0,000184
путешествие 0,000000 0,000000
четыре 0,040822 0,000157
рейс 3,064725 0,058937
перелёт 5,010635 0,019272
конфликт 0,061875 0,000238
конфиденциальностиправить 0,000000 0,000000
пол 0,090654 0,000349
помощь 0,027029 0,000104
вода 0,054808 0,000211
отмечаться 2,177422 0,008375
смыть 5,010635 0,019272
фото 0,061875 0,000476
одеяло 4,317488 0,016606
политика 0,040822 0,000157
применение 0,000000 0,000000
самолёт 2,302585 0,017712
уборный 5,010635 0,019272
отдел 0,579818 0,002230
ценность 0,000000 0,000000
манша 5,010635 0,019272
мир 0,000000 0,000000
вернуться 0,006689 0,000051
задержка 5,010635 0,019272
индия 0,076161 0,000293
структура 0,000000 0,000000
сесть 3,401197 0,013082
российский 0,033902 0,000261
обитание 0,000000 0,000000
бывший 0,000000 0,000000
время 0,693147 0,002666
россия 0,000000 0,000000
интернет 0,000000 0,000000
благополучно 4,317488 0,016606
маккартень 0,097980 0,000377
ооо 0,000000 0,000000
свой 0,020203 0,000078
ранее 1,003302 0,003859
проблема 0,047791 0,000184
гид 0,076161 0,000293
технологийминь 0,000000 0,000000
город 0,047791 0,000184
унитаз 4,317488 0,016606
час 1,455287 0,005597
американский 0,054808 0,000211
галерея 0,000000 0,000000
штат 2,708050 0,010416
внешность 0,097980 0,000377
сотрудник 0,068993 0,000265
находиться 1,399717 0,005384
начаться 0,033902 0,000130
зеленский 0,054808 0,000422
силовой 0,000000 0,000000
пляжный 0,097980 0,000377
эмоция 0,047791 0,000184
сеть 0,090654 0,000349
лайнер 3,912023 0,015046
выражать 0,047791 0,000368
читать 0,040822 0,000157
военнослужащий 0,068993 0,000265
накапливать 0,047791 0,000184
причина 1,484275 0,005709
оценивать 0,047791 0,000184
байконур 0,097980 0,000377
редакциярекламаконтактыпресс 0,000000 0,000000
доставить 2,177422 0,008375
видео 0,000000 0,000000
депутат 0,068993 0,000265
прогресс 0,090654 0,000349
канализация 4,317488 0,016606
форма 0,061875 0,000238
нажать 0,000000 0,000000
последний 0,083382 0,000321
дом 0,061875 0,000238
всероссиямирсобытияпроисшествиямнение 3,401197 0,013082
минута 2,177422 0,008375
культура 0,000000 0,000000
обсудить 0,415515 0,001598
архив 0,000000 0,000000
статья 0,000000 0,000000
курс 3,218876 0,012380
заявить 0,061875 0,000238
сша 0,040822 0,000314
бонус 0,047791 0,000368
среда 0,000000 0,000000
раскрытие 0,076161 0,000293
часовой 4,317488 0,016606
неисправный 4,317488 0,016606
редактор 0,556288 0,002140
остаться 0,047791 0,000184
эксклюзив 0,000000 0,000000
уволить 0,076161 0,000293
скидка 0,047791 0,000184
засор 5,010635 0,019272
пилот 2,708050 0,010416
борт 3,218876 0,012380
погружаться 0,047791 0,000184
увлекательный 0,047791 0,000184
использованияполитик 0,000000 0,000000
деактивировать 0,013423 0,000052
рекомендательный 0,000000 0,000000
переговоры 0,047791 0,000184
получать 0,033902 0,000130
хотеть 0,013423 0,000052
обратиться 0,076161 0,000293
забота 0,000000 0,000000
сбер 0,040822 0,000157
пожаловать 0,013423 0,000052
половина 2,177422 0,033499
портал 3,624341 0,013940
стать 0,499776 0,001922
решить 1,791759 0,006891
трамп 0,054808 0,000211
работать 0,027029 0,000104
крупный 0,054808 0,000422
ла 3,912023 0,015046
спецпроект 0,000000 0,000000
это 0,020203 0,000155
победа 0,000000 0,000000
украинский 0,047791 0,000184
белоус 0,076161 0,000293
прибыть 0,083382 0,000321
два 0,033902 0,000261
новость 0,000000 0,000000
вашингтон 2,066196 0,015894
туристка 0,076161 0,000293
мотор 0,000000 0,000000
сми 0,000000 0,000000
акция 0,047791 0,000184
наслать 0,000000 0,000000
атлантика 3,624341 0,041819
жизнь 0,000000 0,000000
жилец 0,068993 0,000265
предречь 0,076161 0,000586
жать 0,013423 0,000052
войти 0,000000 0,000000
примерно 2,813411 0,010821
место 0,027029 0,000104
свет 0,054808 0,000211
регион 0,076161 0,000293
мс 0,097980 0,000377
март 0,040822 0,000314
военный 0,020203 0,000078
летний 0,047791 0,000184
рада 0,068993 0,000265
экономика 0,000000 0,000000
марк 3,912023 0,015046
уход 0,076161 0,000293
опечатка 0,000000 0,000000
хороший 0,006689 0,000026
спор 0,097980 0,000377
вызвать 0,090654 0,000349
пассажирский 3,401197 0,039245
обычный 0,013423 0,000052
конфиденциальность 0,047791 0,000184
туалет 3,401197 0,065408
цюрих 5,010635 0,057815
засорить 5,010635 0,019272
изнасиловать 0,076161 0,000293
продолжать 0,033902 0,000130
реальный 0,013423 0,000052
ссср 0,000000 0,000000
техника 0,000000 0,000000
тысяча 0,054808 0,000211
пять 1,484275 0,005709
успенский 5,010635 0,019272
строй 3,401197 0,052326
затопить 0,076161 0,000293
игра 0,000000 0,000000
пассажир 4,317488 0,033211
обменивать 0,047791 0,000184
минь 0,000000 0,000000
условие 0,033902 0,000261
ваш 0,047791 0,000184
главное 0,000000 0,000000
медитация 0,076161 0,000293
правда 0,040822 0,000157
швейцарский 4,317488 0,016606
видеть 0,013423 0,000052
одежда 2,445686 0,009406
реакция 0,047791 0,000368
сменить 3,624341 0,013940
материал 0,000000 0,000000
наука 0,000000 0,000000
сообщить 1,297063 0,004989
