бонус 0,047791 0,000375
среда 0,000000 0,000000
раскрытие 0,076161 0,000299
врываться 5,010635 0,019650
ру 0,000000 0,000000
банк 0,068993 0,000271
лента 0,000000 0,000000
редактор 0,556288 0,002182
новый 0,000000 0,000000
росгвардия 3,401197 0,040014
день 0,033902 0,000133
остаться 0,047791 0,000187
перемирие 0,076161 0,000299
эксклюзив 0,000000 0,000000
уволить 0,076161 0,000299
спорт 0,000000 0,000000
скидка 0,047791 0,000187
подозревать 2,445686 0,009591
отвести 0,076161 0,000299
оказаться 1,249435 0,004900
добро 0,013423 0,000158
согласие 0,047791 0,000187
путешествие 0,000000 0,000000
четыре 0,040822 0,000160
погружаться 0,047791 0,000187
увлекательный 0,047791 0,000187
использованияполитик 0,000000 0,000000
конфликт 0,061875 0,000243
конфиденциальностиправить 0,000000 0,000000
деактивировать 0,013423 0,000053
пол 0,090654 0,000711
помощь 0,027029 0,000106
рекомендательный 0,000000 0,000000
вода 0,054808 0,000215
тасс 2,371578 0,009300
переговоры 0,047791 0,000187
помещение 2,612740 0,010246
всеследствие 2,525729 0,009905
фото 0,061875 0,000243
получать 0,033902 0,000133
политика 0,040822 0,000160
год 0,521999 0,002047
применение 0,000000 0,000000
хотеть 0,013423 0,000053
обратиться 0,076161 0,000299
средство 2,371578 0,009300
забота 0,000000 0,000000
лечь 4,317488 0,016931
сбер 0,040822 0,000160
приказывать 5,010635 0,019650
пожаловать 0,013423 0,000053
трамп 0,054808 0,000215
работать 0,027029 0,000106
задержание 2,931194 0,045980
отдел 0,579818 0,002274
ценность 0,000000 0,000000
крупный 0,054808 0,000430
мир 0,000000 0,000000
вернуться 0,006689 0,000026
задержать 1,875141 0,007353
тула 3,912023 0,030683
весь 1,078810 0,004231
индия 0,076161 0,000299
структура 0,000000 0,000000
спецпроект 0,000000 0,000000
это 0,020203 0,000079
победа 0,000000 0,000000
судкриминалполиция 2,525729 0,009905
украинский 0,047791 0,000750
российский 0,033902 0,000266
ролик 3,218876 0,012623
белоус 0,076161 0,000299
прибыть 0,083382 0,000327
два 0,033902 0,000266
обитание 0,000000 0,000000
диск 4,317488 0,016931
частный 3,218876 0,012623
бывший 0,000000 0,000000
россия 0,000000 0,000000
интернет 0,000000 0,000000
новость 0,000000 0,000000
туристка 0,076161 0,000299
мотор 0,000000 0,000000
денежный 3,401197 0,013338
сми 0,000000 0,000000
акция 0,047791 0,000187
маккартень 0,097980 0,000384
ооо 0,000000 0,000000
наслать 0,000000 0,000000
свой 0,020203 0,000079
жизнь 0,000000 0,000000
проблема 0,047791 0,000187
пробираться 5,010635 0,019650
жилец 0,068993 0,000271
брат 2,525729 0,009905
спецслужбыпреступный 2,525729 0,009905
предречь 0,076161 0,000597
жать 0,013423 0,000053
войти 0,000000 0,000000
гид 0,076161 0,000299
технологийминь 0,000000 0,000000
улица 2,302585 0,009030
город 0,047791 0,000375
место 0,027029 0,000106
свет 0,054808 0,000215
регион 0,076161 0,000299
мс 0,097980 0,000384
телефонный 1,643339 0,025778
американский 0,054808 0,000215
рождение 3,218876 0,012623
март 0,040822 0,000320
сектор 3,218876 0,012623
военный 0,020203 0,000079
галерея 0,000000 0,000000
внешность 0,097980 0,000384
летний 0,047791 0,000187
сотрудник 0,068993 0,000541
рада 0,068993 0,000271
экономика 0,000000 0,000000
изъять 3,218876 0,012623
начаться 0,033902 0,000133
зеленский 0,054808 0,000430
уход 0,076161 0,000299
опечатка 0,000000 0,000000
рубль 1,514128 0,005938
силовой 0,000000 0,000000
показать 1,484275 0,023283
хороший 0,006689 0,000026
пляжный 0,097980 0,000384
спор 0,097980 0,000384
эмоция 0,047791 0,000187
сеть 0,090654 0,000356
телефон 2,120264 0,008315
вызвать 0,090654 0,000356
обычный 0,013423 0,000053
затем 1,875141 0,007353
выражать 0,047791 0,000375
конфиденциальность 0,047791 0,000187
пособник 3,401197 0,053352
читать 0,040822 0,000160
владимир 1,160488 0,004551
военнослужащий 0,068993 0,000271
накапливать 0,047791 0,000187
изнасиловать 0,076161 0,000299
ночь 2,525729 0,009905
продолжать 0,033902 0,000133
реальный 0,013423 0,000053
мошенник 2,371578 0,037201
кадр 1,544899 0,006058
седов 4,317488 0,016931
ссср 0,000000 0,000000
техника 0,000000 0,000000
тысяча 0,054808 0,000215
оценивать 0,047791 0,000187
байконур 0,097980 0,000384
один 0,836248 0,003279
опубликовать 1,875141 0,007353
редакциярекламаконтактыпресс 0,000000 0,000000
затопить 0,076161 0,000299
видео 0,000000 0,000000
игра 0,000000 0,000000
размер 2,525729 0,009905
депутат 0,068993 0,000271
обменивать 0,047791 0,000187
минь 0,000000 0,000000
видно 2,708050 0,010620
прогресс 0,090654 0,000356
условие 0,033902 0,000266
ваш 0,047791 0,000187
главное 0,000000 0,000000
медитация 0,076161 0,000299
форма 0,061875 0,000243
правда 0,040822 0,000160
нажать 0,000000 0,000000
последний 0,083382 0,000327
дом 0,061875 0,000243
снятой 3,218876 0,012623
культура 0,000000 0,000000
обсудить 0,415515 0,001629
архив 0,000000 0,000000
сие 3,401197 0,013338
видеть 0,013423 0,000053
реакция 0,047791 0,000375
статья 0,000000 0,000000
жёсткий 2,931194 0,011495
миллион 1,347074 0,005283
материал 0,000000 0,000000
наука 0,000000 0,000000
заявить 0,061875 0,000243
сша 0,040822 0,000160
карта 2,014903 0,007902
