ру 0,000000 0,000000
банк 0,068993 0,000118
лента 0,000000 0,000000
новый 0,000000 0,000000
день 0,033902 0,000174
диалог 2,813411 0,004801
перемирие 0,076161 0,000650
спорт 0,000000 0,000000
национальный 2,371578 0,004047
мочь 0,836248 0,001427
отвести 0,076161 0,000130
обозначить 3,218876 0,005493
успех 2,238047 0,003819
добро 0,013423 0,000069
согласие 0,047791 0,000082
частность 2,525729 0,008620
путешествие 0,000000 0,000000
остановить 2,525729 0,004310
четыре 0,040822 0,000070
недоговороспособность 3,624341 0,006185
удар 1,455287 0,004967
урегулирование 2,238047 0,003819
заявление 2,066196 0,007052
полный 1,875141 0,006400
конфликт 0,061875 0,000950
ближний 2,813411 0,004801
предложить 2,177422 0,003716
конфиденциальностиправить 0,000000 0,000000
помощь 0,027029 0,000138
проиграть 2,445686 0,004174
пол 0,090654 0,000155
вооружение 3,064725 0,005230
глава 1,321756 0,009022
человек 0,762140 0,001301
вода 0,054808 0,000094
отмечаться 2,177422 0,007431
соответствовать 2,813411 0,004801
фото 0,061875 0,000422
пункт 1,966113 0,003355
тяжелораненый 3,064725 0,005230
политика 0,040822 0,000139
марина 4,317488 0,007368
созвониться 3,624341 0,006185
разговор 1,160488 0,001980
взаимодействие 3,218876 0,005493
применение 0,000000 0,000000
дать 1,272966 0,002172
двусторонний 3,624341 0,006185
пресс 2,708050 0,004621
кхл 3,624341 0,006185
организовать 2,612740 0,004459
договориться 2,525729 0,017240
киевский 3,218876 0,005493
область 1,272966 0,004345
смочь 1,399717 0,002389
третий 2,120264 0,003618
игрок 3,401197 0,011608
готовый 1,791759 0,003058
признать 1,484275 0,002533
ценность 0,000000 0,000000
сила 1,321756 0,002256
мир 0,000000 0,000000
вернуться 0,006689 0,000011
весь 1,078810 0,001841
индия 0,076161 0,000130
пройти 1,427116 0,002435
структура 0,000000 0,000000
очередь 2,014903 0,003438
шаг 2,371578 0,004047
стратегический 2,612740 0,004459
байден 3,218876 0,005493
российский 0,033902 0,000347
житель 1,678431 0,002864
сво 2,445686 0,004174
цель 1,875141 0,003200
нормализация 3,624341 0,012370
необходимо 2,120264 0,003618
обитание 0,000000 0,000000
давно 2,445686 0,008347
бывший 0,000000 0,000000
время 0,693147 0,001183
россия 0,000000 0,000000
интернет 0,000000 0,000000
намеренный 3,624341 0,006185
маккартень 0,097980 0,000167
ооо 0,000000 0,000000
свой 0,020203 0,000034
сильный 1,678431 0,002864
ситуация 1,484275 0,002533
проблема 0,047791 0,000082
израиль 3,624341 0,006185
январь 1,514128 0,002584
также 0,762140 0,005202
назвать 1,021651 0,003487
корма 5,010635 0,008551
гид 0,076161 0,000130
технологийминь 0,000000 0,000000
украина 0,805943 0,009627
город 0,047791 0,000082
обсуждать 2,177422 0,003716
необходимость 2,525729 0,012930
час 1,455287 0,004967
телефонный 1,643339 0,008413
американский 0,054808 0,000374
галерея 0,000000 0,000000
прекращение 1,714798 0,020484
внешность 0,097980 0,000167
сюжетмобилизация 5,010635 0,008551
руководство 2,302585 0,003929
сотрудник 0,068993 0,000118
начаться 0,033902 0,000116
зеленский 0,054808 0,000281
другой 1,059392 0,001808
начать 1,139434 0,001944
осуществить 3,624341 0,006185
добрый 2,525729 0,004310
выступить 2,238047 0,003819
силовой 0,000000 0,000000
пляжный 0,097980 0,000167
эмоция 0,047791 0,000082
понимание 3,401197 0,005804
сеть 0,090654 0,000155
ключевой 2,445686 0,012521
направление 2,302585 0,003929
вдобавок 3,912023 0,006676
вооружённый 1,678431 0,002864
кремль 2,177422 0,003716
чёрный 1,919593 0,003276
ход 1,678431 0,002864
пленный 2,612740 0,008917
выражать 0,047791 0,000163
мирный 1,966113 0,006710
должный 1,714798 0,017558
обменяться 3,401197 0,005804
кризис 2,813411 0,009602
читать 0,040822 0,000070
военнослужащий 0,068993 0,000118
знать 1,576648 0,005381
накапливать 0,047791 0,000082
дональд 1,544899 0,007909
отказ 2,120264 0,003618
рассматривать 3,912023 0,006676
кроме 1,427116 0,004871
оценивать 0,047791 0,000082
добросовестный 3,064725 0,005230
байконур 0,097980 0,000167
редакциярекламаконтактыпресс 0,000000 0,000000
видео 0,000000 0,000000
выразить 3,624341 0,012370
взаимный 2,931194 0,005002
ближневосточный 4,317488 0,007368
реализация 3,064725 0,005230
депутат 0,068993 0,000118
мобилизация 2,813411 0,004801
обоюдный 3,912023 0,006676
пасха 4,317488 0,007368
прогресс 0,090654 0,000155
выясниться 2,371578 0,004047
жест 2,371578 0,004047
спектр 3,624341 0,006185
война 1,455287 0,002483
согласиться 2,066196 0,003526
форма 0,061875 0,000106
нажать 0,000000 0,000000
дом 0,061875 0,000422
последний 0,083382 0,000142
завершить 3,401197 0,005804
сторона 1,321756 0,004511
культура 0,000000 0,000000
момент 1,399717 0,004777
обсудить 0,415515 0,002127
архив 0,000000 0,000000
обмен 2,371578 0,004047
иран 3,912023 0,006676
статья 0,000000 0,000000
помимо 2,813411 0,004801
поддержать 2,177422 0,007431
заявить 0,061875 0,000211
сша 0,040822 0,000348
лидер 1,347074 0,009195
избежать 2,813411 0,004801
всеполитикаобществопроисшествияконфликтыпреступность 2,014903 0,003438
отношение 1,226446 0,008372
карта 2,014903 0,003438
бонус 0,047791 0,000163
среда 0,000000 0,000000
раскрытие 0,076161 0,000130
прекратить 2,708050 0,004621
ответить 1,832581 0,003127
мировой 1,752539 0,002991
редактор 0,556288 0,000949
море 2,612740 0,004459
остаться 0,047791 0,000082
хоккейный 3,401197 0,017412
эксклюзив 0,000000 0,000000
уволить 0,076161 0,000130
качество 1,832581 0,003127
скидка 0,047791 0,000082
москва 1,021651 0,003487
секрет 2,302585 0,003929
глупый 5,010635 0,008551
тема 1,297063 0,004427
оказаться 1,249435 0,002132
передать 1,966113 0,003355
предложение 1,919593 0,003276
погружаться 0,047791 0,000082
около 1,678431 0,002864
администрация 2,931194 0,005002
увлекательный 0,047791 0,000082
связанный 3,064725 0,005230
использованияполитик 0,000000 0,000000
служба 2,120264 0,003618
риа 1,272966 0,002172
ноябрь 2,014903 0,003438
команда 1,919593 0,003276
технический 2,931194 0,005002
деактивировать 0,013423 0,000023
энергетика 2,371578 0,008094
рекомендательный 0,000000 0,000000
искренний 5,010635 0,008551
нормализовать 3,912023 0,013352
белый 1,609438 0,008239
переговоры 0,047791 0,000489
являться 1,714798 0,002926
подчёркиваться 4,317488 0,007368
контекст 3,218876 0,005493
получать 0,033902 0,000058
воля 2,120264 0,003618
усилие 2,813411 0,004801
длиться 2,931194 0,005002
хотеть 0,013423 0,000069
обратиться 0,076161 0,000130
забота 0,000000 0,000000
матч 3,401197 0,005804
сбер 0,040822 0,000070
пожаловать 0,013423 0,000023
нужно 1,791759 0,003058
континентальный 5,010635 0,008551
безопасность 2,014903 0,003438
трамп 0,054808 0,001122
работать 0,027029 0,000046
тематика 5,010635 0,008551
идея 1,714798 0,005853
постоянный 2,371578 0,004047
который 0,521999 0,001782
крупный 0,054808 0,000187
немедленно 5,010635 0,008551
обращение 3,218876 0,005493
провести 1,514128 0,005168
огонь 1,609438 0,005493
операция 1,514128 0,002584
спецпроект 0,000000 0,000000
прочный 3,912023 0,013352
умный 3,624341 0,006185
это 0,020203 0,000069
перспектива 2,371578 0,004047
победа 0,000000 0,000000
украинский 0,047791 0,000489
ответственность 2,931194 0,005002
белоус 0,076161 0,000130
два 0,033902 0,000231
прибыть 0,083382 0,000142
страна 0,747955 0,006382
президент 0,851752 0,005814
новость 0,000000 0,000000
вашингтон 2,066196 0,003526
туристка 0,076161 0,000130
мотор 0,000000 0,000000
сми 0,000000 0,000000
сразу 2,066196 0,003526
начинаться 2,931194 0,005002
акция 0,047791 0,000082
стабильность 3,218876 0,005493
наслать 0,000000 0,000000
жизнь 0,000000 0,000000
ночной 3,912023 0,006676
жилец 0,068993 0,000118
уничтожить 2,120264 0,003618
инфраструктура 2,014903 0,006877
предречь 0,076161 0,000260
жать 0,013423 0,000023
войти 0,000000 0,000000
свет 0,054808 0,000187
начало 1,399717 0,002389
место 0,027029 0,000046
государство 1,919593 0,006552
нхл 3,624341 0,006185
регион 0,076161 0,000130
мс 0,097980 0,000167
рука 2,066196 0,003526
лига 3,912023 0,013352
наладить 3,912023 0,006676
март 0,040822 0,000279
преступление 2,238047 0,003819
военный 0,020203 0,000103
летний 0,047791 0,000082
участие 2,014903 0,003438
рада 0,068993 0,000118
экономика 0,000000 0,000000
достигнуть 2,302585 0,003929
энергетический 2,371578 0,004047
восток 2,177422 0,003716
взаимовыгодный 5,010635 0,008551
уход 0,076161 0,000130
опечатка 0,000000 0,000000
почему 0,899761 0,001535
особый 2,708050 0,004621
указать 1,966113 0,003355
хороший 0,006689 0,000011
спор 0,097980 0,000167
обеспечение 3,624341 0,006185
вызвать 0,090654 0,000155
киев 1,714798 0,005853
заинтересованность 4,317488 0,007368
обычный 0,013423 0,000023
конфиденциальность 0,047791 0,000082
путин 0,967584 0,019814
владимир 1,160488 0,001980
обратить 2,931194 0,005002
общий 1,714798 0,002926
формат 2,813411 0,004801
изнасиловать 0,076161 0,000130
продолжать 0,033902 0,000058
первый 0,883501 0,001508
реальный 0,013423 0,000023
сотрудничество 3,064725 0,005230
ссср 0,000000 0,000000
техника 0,000000 0,000000
завершение 3,218876 0,010986
тысяча 0,054808 0,000094
курский 1,791759 0,006115
состояние 2,238047 0,003819
всу 1,373049 0,007029
подчеркнуть 2,066196 0,007052
затопить 0,076161 0,000130
игра 0,000000 0,000000
установление 4,317488 0,014735
инициатива 2,525729 0,004310
перевооружение 3,064725 0,005230
внимание 1,966113 0,003355
обменивать 0,047791 0,000082
минь 0,000000 0,000000
условие 0,033902 0,000174
против 1,791759 0,003058
ваш 0,047791 0,000082
главное 0,000000 0,000000
возможность 1,714798 0,002926
завершиться 3,218876 0,005493
мнение 1,643339 0,005609
встреча 1,832581 0,003127
медитация 0,076161 0,000130
правда 0,040822 0,000070
совиный 4,317488 0,007368
думать 1,791759 0,003058
достижение 2,302585 0,003929
распространение 3,401197 0,005804
принять 1,678431 0,002864
видеть 0,013423 0,000023
реакция 0,047791 0,000163
материал 0,000000 0,000000
наука 0,000000 0,000000
взаимодействовать 3,401197 0,005804
закончиться 2,612740 0,004459
каков 3,624341 0,006185
