ру 0,000000 0,000000
банк 0,068993 0,000252
лента 0,000000 0,000000
лев 3,624341 0,013228
новый 0,000000 0,000000
день 0,033902 0,000124
перемирие 0,076161 0,000278
спорт 0,000000 0,000000
собрат 4,317488 0,015757
болеть 3,624341 0,013228
отвести 0,076161 0,000278
добро 0,013423 0,000147
согласие 0,047791 0,000174
путешествие 0,000000 0,000000
четыре 0,040822 0,000149
конфликт 0,061875 0,000226
конфиденциальностиправить 0,000000 0,000000
растолкать 5,010635 0,018287
нести 2,525729 0,009218
пол 0,090654 0,000331
помощь 0,027029 0,000099
цирк 3,912023 0,014277
декабрь 1,966113 0,007176
человек 0,762140 0,002782
вода 0,054808 0,000200
расставаться 5,010635 0,018287
фото 0,061875 0,000226
политика 0,040822 0,000149
известный 1,714798 0,006258
применение 0,000000 0,000000
умерший 3,912023 0,014277
детёныш 5,010635 0,018287
гастролировать 5,010635 0,018287
шри 5,010635 0,018287
ценность 0,000000 0,000000
мир 0,000000 0,000000
вернуться 0,006689 0,000024
весь 1,078810 0,003937
индия 0,076161 0,000278
структура 0,000000 0,000000
магда 5,010635 0,054861
российский 0,033902 0,000247
обитание 0,000000 0,000000
бывший 0,000000 0,000000
россия 0,000000 0,000000
интернет 0,000000 0,000000
собраться 3,624341 0,013228
маккартень 0,097980 0,000358
ооо 0,000000 0,000000
свой 0,020203 0,000074
проблема 0,047791 0,000174
гид 0,076161 0,000278
технологийминь 0,000000 0,000000
город 0,047791 0,000174
час 1,455287 0,015934
американский 0,054808 0,000200
галерея 0,000000 0,000000
внешность 0,097980 0,000358
пытаться 1,347074 0,004916
выступать 2,525729 0,009218
сотрудник 0,068993 0,000252
начаться 0,033902 0,000124
зеленский 0,054808 0,000400
прийти 2,014903 0,014707
силовой 0,000000 0,000000
пляжный 0,097980 0,000358
эмоция 0,047791 0,000174
сеть 0,090654 0,000331
слон 5,010635 0,036574
дженни 4,317488 0,047272
подруга 2,708050 0,049417
выражать 0,047791 0,000349
полвека 2,931194 0,021396
читать 0,040822 0,000149
военнослужащий 0,068993 0,000252
накапливать 0,047791 0,000174
оценивать 0,047791 0,000174
байконур 0,097980 0,000358
редакциярекламаконтактыпресс 0,000000 0,000000
поднять 2,931194 0,010698
отходить 4,317488 0,015757
видео 0,000000 0,000000
километр 3,064725 0,011185
тайган 5,010635 0,018287
депутат 0,068993 0,000252
вселюдизвериедапроисшествияперсонысчастливчикианомалия 2,813411 0,010268
прогресс 0,090654 0,000331
форма 0,061875 0,000226
нажать 0,000000 0,000000
последний 0,083382 0,000609
дом 0,061875 0,000226
попрощаться 3,912023 0,028555
олег 3,624341 0,013228
культура 0,000000 0,000000
архив 0,000000 0,000000
неразлучный 3,064725 0,022370
статья 0,000000 0,000000
заявить 0,061875 0,000226
сша 0,040822 0,000149
захотеть 2,708050 0,009883
бонус 0,047791 0,000349
среда 0,000000 0,000000
раскрытие 0,076161 0,000278
прощаться 3,064725 0,022370
остаться 0,047791 0,000174
уйти 2,014903 0,007354
эксклюзив 0,000000 0,000000
уволить 0,076161 0,000278
скидка 0,047791 0,000174
комментарий 1,427116 0,005208
зоопарк 2,931194 0,042791
зверь 3,064725 0,011185
погружаться 0,047791 0,000174
увлекательный 0,047791 0,000174
использованияполитик 0,000000 0,000000
тело 2,445686 0,008926
ланка 5,010635 0,018287
деактивировать 0,013423 0,000049
рекомендательный 0,000000 0,000000
переговоры 0,047791 0,000174
получать 0,033902 0,000124
год 0,521999 0,005715
хотеть 0,013423 0,000049
обратиться 0,076161 0,000278
забота 0,000000 0,000000
сбер 0,040822 0,000149
пожаловать 0,013423 0,000049
стать 0,499776 0,003648
трамп 0,054808 0,000200
работать 0,027029 0,000099
крымский 2,813411 0,041072
сорок 5,010635 0,018287
проститься 5,010635 0,018287
крупный 0,054808 0,000400
спецпроект 0,000000 0,000000
подпускать 5,010635 0,018287
это 0,020203 0,000074
семь 2,708050 0,009883
победа 0,000000 0,000000
украинский 0,047791 0,000174
белоус 0,076161 0,000278
прибыть 0,083382 0,000304
два 0,033902 0,000247
новость 0,000000 0,000000
туристка 0,076161 0,000278
мотор 0,000000 0,000000
случай 1,484275 0,005417
сми 0,000000 0,000000
акция 0,047791 0,000174
наслать 0,000000 0,000000
вместе 1,514128 0,005526
жизнь 0,000000 0,000000
жить 1,643339 0,005998
жилец 0,068993 0,000252
ветеринар 5,010635 0,018287
несколько 1,226446 0,013428
предречь 0,076161 0,000556
жать 0,013423 0,000049
войти 0,000000 0,000000
место 0,027029 0,000099
свет 0,054808 0,000200
регион 0,076161 0,000278
мс 0,097980 0,000358
март 0,040822 0,000298
безутешный 3,064725 0,022370
военный 0,020203 0,000074
летний 0,047791 0,000174
рада 0,068993 0,000252
экономика 0,000000 0,000000
уход 0,076161 0,000278
опечатка 0,000000 0,000000
хороший 0,006689 0,000098
спор 0,097980 0,000358
маленький 1,791759 0,006539
отключить 1,514128 0,005526
вызвать 0,090654 0,000331
обычный 0,013423 0,000049
конфиденциальность 0,047791 0,000174
горевать 5,010635 0,018287
изнасиловать 0,076161 0,000278
продолжать 0,033902 0,000124
реальный 0,013423 0,000049
ссср 0,000000 0,000000
техника 0,000000 0,000000
тысяча 0,054808 0,000200
парка 3,912023 0,014277
затопить 0,076161 0,000278
игра 0,000000 0,000000
обменивать 0,047791 0,000174
минь 0,000000 0,000000
индийский 3,401197 0,012413
условие 0,033902 0,000247
ваш 0,047791 0,000174
главное 0,000000 0,000000
медитация 0,076161 0,000278
правда 0,040822 0,000149
парамонов 5,010635 0,018287
серьёзно 3,624341 0,013228
вожак 5,010635 0,018287
видеть 0,013423 0,000049
реакция 0,047791 0,000349
материал 0,000000 0,000000
наука 0,000000 0,000000
уходить 2,813411 0,010268
слониха 3,064725 0,067111
