вредный 2,612740 0,006090
ру 0,000000 0,000000
банк 0,068993 0,000161
лента 0,000000 0,000000
новый 0,000000 0,000000
день 0,033902 0,000079
перемирие 0,076161 0,000178
сквозь 2,931194 0,006833
сфера 2,612740 0,006090
спорт 0,000000 0,000000
голливудский 2,813411 0,006558
отвести 0,076161 0,000178
добро 0,013423 0,000094
согласие 0,047791 0,000111
борьба 2,014903 0,004697
путешествие 0,000000 0,000000
четыре 0,040822 0,000095
анонсировать 2,371578 0,005528
конфликт 0,061875 0,000144
конфиденциальностиправить 0,000000 0,000000
пол 0,090654 0,000211
александр 1,373049 0,003201
помощь 0,027029 0,000063
басков 3,401197 0,007928
дракон 2,931194 0,006833
вода 0,054808 0,000128
человек 0,762140 0,001777
женский 2,238047 0,005217
фото 0,061875 0,000144
десятилетие 2,931194 0,006833
политика 0,040822 0,000095
разговор 1,160488 0,002705
применение 0,000000 0,000000
суд 1,832581 0,012815
экс 2,066196 0,004816
отрастить 3,064725 0,007144
область 1,272966 0,005935
прорваться 2,813411 0,006558
век 1,919593 0,008949
суп 2,708050 0,006312
женщина 1,484275 0,003460
владелец 3,064725 0,007144
оргия 3,401197 0,007928
оно 2,445686 0,005701
признать 1,484275 0,003460
ценность 0,000000 0,000000
известно 1,297063 0,003023
мужской 2,708050 0,006312
мир 0,000000 0,000000
вернуться 0,006689 0,000031
обвинять 2,525729 0,005887
бросать 2,708050 0,006312
индия 0,076161 0,000178
запад 1,919593 0,004475
структура 0,000000 0,000000
цвет 2,931194 0,006833
миф 2,813411 0,006558
рак 2,708050 0,006312
российский 0,033902 0,000158
дело 1,249435 0,002912
сво 2,445686 0,005701
волна 2,302585 0,005367
ус 2,931194 0,006833
рассмотреть 4,317488 0,010064
обитание 0,000000 0,000000
бывший 0,000000 0,000000
время 0,693147 0,001616
конец 1,643339 0,003831
россия 0,000000 0,000000
интернет 0,000000 0,000000
маккартень 0,097980 0,000228
ооо 0,000000 0,000000
прислать 2,302585 0,005367
красноярский 2,931194 0,006833
свой 0,020203 0,000094
пробовать 2,931194 0,006833
проблема 0,047791 0,000111
ситуация 1,484275 0,003460
главный 1,272966 0,002967
провокация 2,302585 0,005367
потребовать 2,445686 0,005701
популярный 1,791759 0,004177
резко 2,371578 0,005528
гид 0,076161 0,000178
технологийминь 0,000000 0,000000
контрразведывательный 2,931194 0,006833
город 0,047791 0,000111
украина 0,805943 0,003757
лукашенко 2,813411 0,006558
час 1,455287 0,003392
американский 0,054808 0,000128
выполнение 2,525729 0,005887
бесполезный 2,931194 0,006833
галерея 0,000000 0,000000
внешность 0,097980 0,000228
ударить 2,525729 0,005887
пытаться 1,347074 0,003140
россиянин 1,321756 0,003081
вызывающий 2,931194 0,006833
сотрудник 0,068993 0,000161
начаться 0,033902 0,000158
зеленский 0,054808 0,000511
работа 0,899761 0,002097
начать 1,139434 0,002656
добрый 2,525729 0,005887
незаконный 3,218876 0,007503
силовой 0,000000 0,000000
показать 1,484275 0,003460
уголовный 3,218876 0,007503
упрощение 3,624341 0,008448
обожать 2,813411 0,006558
пляжный 0,097980 0,000228
эмоция 0,047791 0,000111
сеть 0,090654 0,000211
миллиард 2,612740 0,006090
редкий 2,371578 0,005528
нелепый 2,931194 0,006833
подруга 2,708050 0,006312
лондон 2,445686 0,005701
законопроект 3,912023 0,009119
выражать 0,047791 0,000223
полвека 2,931194 0,006833
число 1,226446 0,002859
превысить 4,317488 0,010064
читать 0,040822 0,000095
военнослужащий 0,068993 0,000161
минобороны 1,966113 0,009166
кубань 3,064725 0,007144
накапливать 0,047791 0,000111
приостановить 2,708050 0,006312
севастополь 3,064725 0,007144
хищник 2,931194 0,006833
вид 1,514128 0,003529
оценивать 0,047791 0,000111
байконур 0,097980 0,000228
подтвердить 2,238047 0,005217
редакциярекламаконтактыпресс 0,000000 0,000000
доставить 2,177422 0,005076
патовый 3,064725 0,007144
видео 0,000000 0,000000
интересный 2,525729 0,005887
пришелец 3,064725 0,007144
депутат 0,068993 0,000161
зуб 2,525729 0,005887
назло 3,064725 0,007144
прогресс 0,090654 0,000211
оценить 2,066196 0,004816
жест 2,371578 0,005528
мэр 2,525729 0,005887
взбудоражить 3,064725 0,007144
форма 0,061875 0,000144
нажать 0,000000 0,000000
дом 0,061875 0,000144
россиянка 1,875141 0,004371
ожидать 2,445686 0,005701
культура 0,000000 0,000000
пропасть 1,966113 0,004583
загрузка 2,931194 0,006833
мираж 3,401197 0,007928
архив 0,000000 0,000000
неразлучный 3,064725 0,007144
бренд 2,445686 0,005701
статья 0,000000 0,000000
босс 2,525729 0,005887
заявить 0,061875 0,000144
сша 0,040822 0,000190
отношение 1,226446 0,002859
школьница 3,064725 0,007144
бонус 0,047791 0,000223
украсть 2,813411 0,006558
прыщ 3,064725 0,007144
среда 0,000000 0,000000
раскрытие 0,076161 0,000178
прощаться 3,064725 0,007144
комплимент 2,931194 0,006833
остаться 0,047791 0,000111
начальство 3,064725 0,007144
эксклюзив 0,000000 0,000000
уволить 0,076161 0,000178
контакт 1,919593 0,004475
скидка 0,047791 0,000111
пилот 2,708050 0,006312
объяснить 1,484275 0,003460
зоопарк 2,931194 0,006833
миграция 4,317488 0,010064
погружаться 0,047791 0,000111
нефтебаза 2,813411 0,006558
увлекательный 0,047791 0,000111
использованияполитик 0,000000 0,000000
съесть 2,525729 0,005887
выглядеть 1,752539 0,004085
приказ 2,238047 0,005217
деактивировать 0,013423 0,000031
энергетика 2,371578 0,005528
рекомендательный 0,000000 0,000000
банкротство 4,317488 0,010064
переговоры 0,047791 0,000223
овечкин 4,317488 0,010064
получать 0,033902 0,000079
воля 2,120264 0,004942
исповедь 2,931194 0,006833
год 0,521999 0,001217
хотеть 0,013423 0,000031
обратиться 0,076161 0,000178
забота 0,000000 0,000000
солистка 3,218876 0,007503
сын 2,120264 0,004942
удержать 2,612740 0,006090
сбер 0,040822 0,000095
пожаловать 0,013423 0,000031
стать 0,499776 0,002330
сексуальность 2,931194 0,006833
бить 2,445686 0,005701
потеря 2,014903 0,004697
трамп 0,054808 0,000256
работать 0,027029 0,000063
крымский 2,813411 0,006558
крупный 0,054808 0,000256
задержать 1,875141 0,004371
операция 1,514128 0,003529
спецпроект 0,000000 0,000000
это 0,020203 0,000094
легендарный 2,066196 0,009633
победа 0,000000 0,000000
украинский 0,047791 0,000223
привести 1,427116 0,003327
стамбул 2,931194 0,006833
белоус 0,076161 0,000178
рост 1,791759 0,004177
прибыть 0,083382 0,000194
два 0,033902 0,000237
рассказать 0,985284 0,004593
новость 0,000000 0,000000
вашингтон 2,066196 0,004816
туристка 0,076161 0,000178
мотор 0,000000 0,000000
сми 0,000000 0,000000
акция 0,047791 0,000111
наслать 0,000000 0,000000
эрекция 2,931194 0,006833
разбирать 2,931194 0,006833
жизнь 0,000000 0,000000
жилец 0,068993 0,000161
туфелька 4,317488 0,010064
спасение 2,177422 0,005076
предречь 0,076161 0,000355
несколько 1,226446 0,005718
жать 0,013423 0,000031
войти 0,000000 0,000000
место 0,027029 0,000063
свет 0,054808 0,000256
регион 0,076161 0,000178
мс 0,097980 0,000228
обещать 2,525729 0,005887
накануне 2,238047 0,005217
преступный 2,445686 0,005701
безутешный 3,064725 0,007144
военный 0,020203 0,000047
летний 0,047791 0,000223
генпрокуратура 2,931194 0,006833
крем 3,064725 0,007144
рада 0,068993 0,000161
экономика 0,000000 0,000000
попытка 1,609438 0,007503
предсказание 3,064725 0,007144
стриптизер 2,931194 0,006833
считать 1,373049 0,003201
месть 2,931194 0,006833
уход 0,076161 0,000178
сбить 2,813411 0,006558
опечатка 0,000000 0,000000
почему 0,899761 0,004195
рубль 1,514128 0,003529
госдума 2,302585 0,005367
возненавидеть 2,708050 0,006312
хороший 0,006689 0,000047
обида 3,401197 0,007928
спор 0,097980 0,000228
отчитаться 2,813411 0,006558
поздний 1,832581 0,004272
красный 2,120264 0,004942
объект 1,832581 0,004272
грудь 2,813411 0,006558
белгородский 2,445686 0,011402
сицилийский 2,708050 0,006312
вызвать 0,090654 0,000211
киев 1,714798 0,003997
употребить 3,401197 0,007928
три 1,919593 0,004475
обычный 0,013423 0,000031
ванг 3,064725 0,007144
затем 1,875141 0,004371
звезда 1,919593 0,004475
конфиденциальность 0,047791 0,000111
модель 3,064725 0,007144
уровень 1,643339 0,003831
путин 0,967584 0,006766
влияние 1,919593 0,008949
назад 1,678431 0,003912
изнасиловать 0,076161 0,000178
продолжать 0,033902 0,000079
первый 0,883501 0,002059
реальный 0,013423 0,000031
полмиллиона 2,708050 0,006312
вещество 2,612740 0,006090
ссср 0,000000 0,000000
техника 0,000000 0,000000
тысяча 0,054808 0,000128
мужчина 1,576648 0,003675
влюбить 2,931194 0,006833
всу 1,373049 0,009602
мафия 2,708050 0,006312
пять 1,484275 0,003460
работник 2,612740 0,006090
кладбище 3,064725 0,007144
затопить 0,076161 0,000178
игра 0,000000 0,000000
участник 2,371578 0,005528
обменивать 0,047791 0,000111
минь 0,000000 0,000000
родитель 2,931194 0,006833
условие 0,033902 0,000158
ваш 0,047791 0,000111
главное 0,000000 0,000000
губернатор 2,708050 0,006312
исчезать 3,064725 0,007144
медитация 0,076161 0,000178
правда 0,040822 0,000190
кокаин 3,401197 0,007928
проникнуть 2,371578 0,005528
аптечный 3,064725 0,007144
активный 2,120264 0,004942
массово 2,371578 0,005528
пользователь 2,371578 0,005528
видеть 0,013423 0,000031
реакция 0,047791 0,000223
автоваз 3,401197 0,007928
неделя 1,919593 0,004475
беспилотник 2,177422 0,005076
увольнение 2,612740 0,006090
вторгнуться 2,813411 0,006558
дожить 3,912023 0,009119
материал 0,000000 0,000000
наука 0,000000 0,000000
высокий 1,455287 0,003392
сообщить 1,297063 0,003023
сообщество 2,445686 0,005701
красить 3,624341 0,008448
признак 2,612740 0,006090
яркий 2,612740 0,006090
слониха 3,064725 0,007144
