состояться 2,014903 0,009926
ру 0,000000 0,000000
рф 1,514128 0,007459
банк 0,068993 0,000085
новый 0,000000 0,000000
день 0,033902 0,000125
казак 3,218876 0,003964
перемирие 0,076161 0,000094
санкция 2,014903 0,002481
отвести 0,076161 0,000094
добро 0,013423 0,000050
согласие 0,047791 0,000059
путешествие 0,000000 0,000000
анонсировать 2,371578 0,008762
удар 1,455287 0,001792
касаться 2,445686 0,003012
важный 1,875141 0,009237
заявление 2,066196 0,010178
политико 5,010635 0,006171
полный 1,875141 0,002309
конфликт 0,061875 0,000533
александр 1,373049 0,001691
помощь 0,027029 0,000100
пол 0,090654 0,000112
секретарь 2,708050 0,006670
вода 0,054808 0,000067
подробный 3,064725 0,003774
фото 0,061875 0,000381
политика 0,040822 0,000151
связь 1,714798 0,002112
добиться 2,813411 0,003465
разговор 1,160488 0,027154
иностранный 1,919593 0,002364
насколько 3,624341 0,004463
течение 1,966113 0,002421
договориться 2,525729 0,006221
оно 2,445686 0,003012
потенциальный 3,401197 0,004189
мир 0,000000 0,000000
итоговый 4,317488 0,015951
индия 0,076161 0,000094
пройти 1,427116 0,001758
структура 0,000000 0,000000
успеть 2,525729 0,003111
бывший 0,000000 0,000000
время 0,693147 0,001707
называть 1,791759 0,002207
оон 3,218876 0,007928
маккартень 0,097980 0,000121
ооо 0,000000 0,000000
ранее 1,003302 0,004942
проблема 0,047791 0,000059
режим 1,966113 0,002421
фронт 2,708050 0,003335
также 0,762140 0,000939
технологийминь 0,000000 0,000000
украина 0,805943 0,006948
город 0,047791 0,000059
обсуждать 2,177422 0,002682
носить 2,813411 0,003465
поддержание 3,624341 0,004463
дмитрий 2,238047 0,002756
час 1,455287 0,007169
галерея 0,000000 0,000000
внешность 0,097980 0,000121
начаться 0,033902 0,000125
зарубежный 2,371578 0,002921
добрый 2,525729 0,003111
выступить 2,238047 0,002756
силовой 0,000000 0,000000
показать 1,484275 0,001828
пляжный 0,097980 0,000121
ключевой 2,445686 0,003012
кремль 2,177422 0,024134
хотя 2,445686 0,003012
выражать 0,047791 0,000118
система 1,643339 0,002024
читать 0,040822 0,000050
дональд 1,544899 0,009513
отказ 2,120264 0,002611
воздержаться 4,317488 0,005317
оценивать 0,047791 0,000059
беседовать 3,912023 0,004818
байконур 0,097980 0,000121
признавать 2,708050 0,003335
оценка 2,931194 0,007220
редакциярекламаконтактыпресс 0,000000 0,000000
видео 0,000000 0,000000
пример 2,371578 0,002921
существенный 3,912023 0,004818
обоюдный 3,912023 0,004818
оценить 2,066196 0,007634
солдат 2,371578 0,002921
последний 0,083382 0,000103
московский 2,014903 0,004963
минута 2,177422 0,002682
разведданный 4,317488 0,005317
журналист 1,966113 0,002421
момент 1,399717 0,001724
обсудить 0,415515 0,002047
архив 0,000000 0,000000
помимо 2,813411 0,003465
заявить 0,061875 0,000076
сша 0,040822 0,000402
лидер 1,347074 0,016590
всеполитикаобществопроисшествияконфликтыпреступность 2,014903 0,002481
съезд 3,624341 0,004463
бонус 0,047791 0,000118
способный 2,612740 0,003218
среда 0,000000 0,000000
раскрытие 0,076161 0,000094
говорить 1,160488 0,002858
подобный 2,120264 0,002611
остаться 0,047791 0,000059
прежний 2,371578 0,002921
хоккейный 3,401197 0,008377
эксклюзив 0,000000 0,000000
уволить 0,076161 0,000094
качество 1,832581 0,004514
скидка 0,047791 0,000059
москва 1,021651 0,001258
предоставление 5,010635 0,006171
погружаться 0,047791 0,000059
результат 1,347074 0,001659
рынок 1,609438 0,001982
указываться 5,010635 0,006171
немедленный 4,317488 0,005317
энергетика 2,371578 0,002921
возвращение 2,014903 0,007444
подчёркиваться 4,317488 0,005317
получать 0,033902 0,000042
хотеть 0,013423 0,000017
прямо 2,525729 0,003111
половина 2,177422 0,005363
стать 0,499776 0,003077
работать 0,027029 0,000033
группа 1,514128 0,001865
огонь 1,609438 0,007928
спецпроект 0,000000 0,000000
это 0,020203 0,000075
экспертный 3,624341 0,004463
украинский 0,047791 0,000353
два 0,033902 0,000251
спортсмен 4,317488 0,005317
новость 0,000000 0,000000
вашингтон 2,066196 0,005089
туристка 0,076161 0,000094
мотор 0,000000 0,000000
дипломатический 3,912023 0,004818
долгосрочный 3,912023 0,004818
сделка 2,813411 0,003465
наслать 0,000000 0,000000
жизнь 0,000000 0,000000
привлечь 3,624341 0,004463
жать 0,013423 0,000017
войти 0,000000 0,000000
нхл 3,624341 0,004463
энергетический 2,371578 0,002921
восток 2,177422 0,005363
считать 1,373049 0,001691
уход 0,076161 0,000094
особый 2,708050 0,010005
хороший 0,006689 0,000016
спор 0,097980 0,000121
объект 1,832581 0,002257
заинтересованность 4,317488 0,005317
играть 2,708050 0,003335
отреагировать 1,966113 0,002421
обычный 0,013423 0,000017
ждать 1,714798 0,002112
власть 1,609438 0,003964
конфиденциальность 0,047791 0,000059
путин 0,967584 0,025024
действие 1,714798 0,002112
медиа 3,912023 0,004818
назад 1,678431 0,002067
изнасиловать 0,076161 0,000094
продолжать 0,033902 0,000042
отмена 3,401197 0,004189
первый 0,883501 0,001088
ссср 0,000000 0,000000
техника 0,000000 0,000000
итог 1,678431 0,002067
опубликовать 1,875141 0,004619
февраль 1,160488 0,001429
разведывательный 4,317488 0,005317
вопрос 1,021651 0,001258
продлиться 3,064725 0,007549
игра 0,000000 0,000000
уточнить 2,708050 0,006670
компания 1,714798 0,002112
минь 0,000000 0,000000
именно 1,875141 0,002309
ваш 0,047791 0,000059
главное 0,000000 0,000000
мнение 1,643339 0,002024
риска 5,010635 0,006171
медитация 0,076161 0,000094
срок 1,966113 0,002421
больший 1,373049 0,001691
издание 2,238047 0,002756
считаться 2,238047 0,002756
значимость 2,931194 0,003610
распространение 3,401197 0,004189
откровенный 3,218876 0,003964
реакция 0,047791 0,000118
самый 0,883501 0,005440
российско 3,218876 0,015857
материал 0,000000 0,000000
беседа 1,752539 0,021583
европейский 2,120264 0,002611
позитивный 3,401197 0,004189
лента 0,000000 0,000000
роль 1,714798 0,002112
спорт 0,000000 0,000000
ряд 2,525729 0,003111
месяц 1,714798 0,002112
мочь 0,836248 0,001030
обозначить 3,218876 0,003964
сам 1,226446 0,001510
четыре 0,040822 0,000050
недоговороспособность 3,624341 0,004463
урегулирование 2,238047 0,005512
друг 1,791759 0,004413
попов 4,317488 0,005317
перезагрузка 5,010635 0,006171
ближний 2,813411 0,006930
конфиденциальностиправить 0,000000 0,000000
вооружение 3,064725 0,003774
тяжелораненый 3,064725 0,003774
характер 3,624341 0,004463
применение 0,000000 0,000000
отнести 4,317488 0,005317
символизировать 4,317488 0,005317
дать 1,272966 0,004703
кхл 3,624341 0,004463
немецкий 3,064725 0,003774
организовать 2,612740 0,003218
ценить 3,218876 0,003964
игрок 3,401197 0,004189
выступление 2,708050 0,003335
важно 2,302585 0,005671
признать 1,484275 0,001828
отдел 0,579818 0,000714
ценность 0,000000 0,000000
вернуться 0,006689 0,000008
стратегический 2,612740 0,003218
российский 0,033902 0,000459
нормализация 3,624341 0,004463
обитание 0,000000 0,000000
экономический 2,525729 0,006221
россия 0,000000 0,000000
интернет 0,000000 0,000000
телеканал 3,218876 0,007928
волнение 3,912023 0,004818
свой 0,020203 0,000050
назвать 1,021651 0,003775
гид 0,076161 0,000094
проведение 3,064725 0,011323
необходимость 2,525729 0,003111
наложить 5,010635 0,006171
сайт 2,931194 0,014439
телефонный 1,643339 0,018214
американский 0,054808 0,000810
рестрикция 3,912023 0,004818
многочисленный 3,401197 0,004189
прекращение 1,714798 0,012671
предприниматель 2,931194 0,003610
представитель 1,678431 0,002067
выступать 2,525729 0,003111
сотрудник 0,068993 0,000085
намерение 3,401197 0,004189
другой 1,059392 0,001305
зеленский 0,054808 0,000135
работа 0,899761 0,001108
интересно 2,813411 0,006930
эмоция 0,047791 0,000059
сеть 0,090654 0,000112
направление 2,302585 0,002836
телефон 2,120264 0,002611
ход 1,678431 0,002067
должный 1,714798 0,006335
факт 2,813411 0,006930
военнослужащий 0,068993 0,000170
накапливать 0,047791 0,000059
сообщение 2,445686 0,018072
кроме 1,427116 0,005273
путём 4,317488 0,005317
подтвердить 2,238047 0,002756
выразить 3,624341 0,004463
взаимный 2,931194 0,003610
депутат 0,068993 0,000085
прогресс 0,090654 0,000112
будущий 2,931194 0,003610
жест 2,371578 0,005841
саботировать 5,010635 0,006171
указывать 3,218876 0,003964
согласиться 2,066196 0,002545
форма 0,061875 0,000076
нажать 0,000000 0,000000
дом 0,061875 0,000533
ожидать 2,445686 0,003012
культура 0,000000 0,000000
включая 3,064725 0,003774
очередной 2,708050 0,003335
обмен 2,371578 0,008762
статья 0,000000 0,000000
поддержать 2,177422 0,005363
военнопленный 4,317488 0,005317
отношение 1,226446 0,009062
временной 2,612740 0,009653
широко 3,401197 0,004189
ответить 1,832581 0,004514
мировой 1,752539 0,002158
полтора 3,218876 0,003964
хакзаместитель 5,010635 0,006171
многие 1,714798 0,002112
контакт 1,919593 0,002364
нарушать 3,401197 0,004189
тема 1,297063 0,001597
оказаться 1,249435 0,001539
достигнутый 4,317488 0,005317
передать 1,966113 0,002421
предложение 1,919593 0,007092
около 1,678431 0,006201
увлекательный 0,047791 0,000059
связанный 3,064725 0,003774
использованияполитик 0,000000 0,000000
риа 1,272966 0,001568
приказ 2,238047 0,002756
деактивировать 0,013423 0,000017
примечательно 5,010635 0,006171
договорённость 2,302585 0,002836
рекомендательный 0,000000 0,000000
белый 1,609438 0,011892
разный 2,238047 0,002756
переговоры 0,047791 0,000118
затронуть 5,010635 0,006171
будущее 2,066196 0,002545
воля 2,120264 0,002611
обратиться 0,076161 0,000094
забота 0,000000 0,000000
матч 3,401197 0,008377
сбер 0,040822 0,000050
пожаловать 0,013423 0,000017
безопасность 2,014903 0,002481
трамп 0,054808 0,001350
который 0,521999 0,000643
идея 1,714798 0,002112
делегация 3,401197 0,004189
звонок 2,931194 0,010830
крупный 0,054808 0,000135
фархан 4,317488 0,005317
победа 0,000000 0,000000
сослаться 5,010635 0,006171
привести 1,427116 0,001758
белоус 0,076161 0,000094
недопущение 5,010635 0,006171
прибыть 0,083382 0,000103
рассказать 0,985284 0,001213
страна 0,747955 0,001842
президент 0,851752 0,014685
сми 0,000000 0,000000
сразу 2,066196 0,002545
акция 0,047791 0,000059
продолжительный 4,317488 0,015951
жилец 0,068993 0,000085
союз 1,966113 0,002421
создание 2,120264 0,002611
инфраструктура 2,014903 0,004963
несколько 1,226446 0,001510
предречь 0,076161 0,000188
начало 1,399717 0,001724
место 0,027029 0,000033
свет 0,054808 0,000067
продолжить 3,401197 0,004189
регион 0,076161 0,000188
мс 0,097980 0,000121
проходить 2,445686 0,003012
генеральный 2,708050 0,003335
март 0,040822 0,000151
военный 0,020203 0,000075
корреспондент 2,445686 0,003012
летний 0,047791 0,000059
разрешение 3,624341 0,008927
рада 0,068993 0,000085
экономика 0,000000 0,000000
левиттпресс 5,010635 0,006171
опечатка 0,000000 0,000000
указать 1,966113 0,004843
организация 2,238047 0,002756
двухсторонний 5,010635 0,006171
прокомментировать 2,525729 0,012442
вызвать 0,090654 0,000112
история 1,609438 0,005946
киев 1,714798 0,004224
появление 2,813411 0,003465
вскоре 2,302585 0,002836
промышленник 3,624341 0,004463
владимир 1,160488 0,010004
согласно 3,064725 0,007549
формат 2,813411 0,003465
реальный 0,013423 0,000017
сотрудничество 3,064725 0,003774
завершение 3,218876 0,015857
тысяча 0,054808 0,000067
запланировать 3,624341 0,004463
подчеркнуть 2,066196 0,002545
официальный 2,238047 0,016537
затопить 0,076161 0,000094
кэролайна 4,317488 0,005317
внимание 1,966113 0,002421
обменивать 0,047791 0,000059
условие 0,033902 0,000167
объявить 2,120264 0,002611
завершиться 3,218876 0,003964
встреча 1,832581 0,002257
правда 0,040822 0,000050
устойчивый 3,912023 0,004818
предотвращение 5,010635 0,006171
информация 1,514128 0,001865
немой 2,371578 0,002921
приостановка 5,010635 0,006171
видеть 0,013423 0,000017
очень 1,347074 0,001659
эскалация 3,912023 0,004818
наука 0,000000 0,000000
какой 1,203973 0,002965
второй 1,643339 0,004048
источник 2,708050 0,003335
