бригада 2,813411 0,009701
буферный 4,317488 0,014888
ру 0,000000 0,000000
банк 0,068993 0,000238
лента 0,000000 0,000000
новый 0,000000 0,000000
день 0,033902 0,000117
перемирие 0,076161 0,000263
спорт 0,000000 0,000000
мочь 0,836248 0,002884
отвести 0,076161 0,000263
добро 0,013423 0,000139
согласие 0,047791 0,000165
путешествие 0,000000 0,000000
четыре 0,040822 0,000141
конфликт 0,061875 0,000213
конфиденциальностиправить 0,000000 0,000000
пол 0,090654 0,000313
помощь 0,027029 0,000093
вода 0,054808 0,000189
предположить 3,218876 0,011100
фото 0,061875 0,000427
пункт 1,966113 0,006780
политика 0,040822 0,000141
й 2,612740 0,009009
применение 0,000000 0,000000
область 1,272966 0,030727
смочь 1,399717 0,004827
наступление 3,218876 0,011100
вс 2,371578 0,032711
признать 1,484275 0,020473
отдел 0,579818 0,001999
ценность 0,000000 0,000000
сила 1,321756 0,009116
мир 0,000000 0,000000
вернуться 0,006689 0,000023
награждение 4,317488 0,014888
индия 0,076161 0,000263
структура 0,000000 0,000000
российский 0,033902 0,000468
обитание 0,000000 0,000000
бывший 0,000000 0,000000
неспособный 4,317488 0,029776
россия 0,000000 0,000000
интернет 0,000000 0,000000
десантный 3,912023 0,013490
маккартень 0,097980 0,000338
ооо 0,000000 0,000000
свой 0,020203 0,000070
ранее 1,003302 0,003460
проблема 0,047791 0,000165
гид 0,076161 0,000263
технологийминь 0,000000 0,000000
украина 0,805943 0,011116
город 0,047791 0,000165
американский 0,054808 0,000189
галерея 0,000000 0,000000
внешность 0,097980 0,000338
сотрудник 0,068993 0,000238
территория 1,609438 0,011100
юнаковка 5,010635 0,017278
начаться 0,033902 0,000117
зеленский 0,054808 0,000567
силовой 0,000000 0,000000
пляжный 0,097980 0,000338
эмоция 0,047791 0,000165
сеть 0,090654 0,000313
направление 2,302585 0,007940
вооружённый 1,678431 0,011575
азия 2,445686 0,008433
всеприбалтикаукраинабелоруссиямолдавиязакавказьесредний 2,525729 0,008709
выражать 0,047791 0,000330
читать 0,040822 0,000141
военнослужащий 0,068993 0,000238
накапливать 0,047791 0,000165
оценивать 0,047791 0,000165
запольский 3,624341 0,012498
байконур 0,097980 0,000338
населить 2,525729 0,008709
редакциярекламаконтактыпресс 0,000000 0,000000
видео 0,000000 0,000000
депутат 0,068993 0,000238
прогресс 0,090654 0,000313
выход 2,120264 0,007311
форма 0,061875 0,000213
нажать 0,000000 0,000000
последний 0,083382 0,000288
дом 0,061875 0,000213
культура 0,000000 0,000000
сума 3,912023 0,013490
обсудить 0,415515 0,001433
архив 0,000000 0,000000
сумский 2,813411 0,048507
статья 0,000000 0,000000
окружение 2,525729 0,017419
заявить 0,061875 0,000427
сша 0,040822 0,000141
бонус 0,047791 0,000330
среда 0,000000 0,000000
раскрытие 0,076161 0,000263
продвижение 2,931194 0,040430
редактор 0,556288 0,001918
остаться 0,047791 0,000165
эксклюзив 0,000000 0,000000
уволить 0,076161 0,000263
преимущество 2,931194 0,010108
скидка 0,047791 0,000165
штурмовой 3,401197 0,011728
батальон 3,912023 0,013490
погружаться 0,047791 0,000165
оккупировать 4,317488 0,014888
отдельный 2,525729 0,008709
увлекательный 0,047791 0,000165
использованияполитик 0,000000 0,000000
павел 2,612740 0,009009
деактивировать 0,013423 0,000046
далее 2,708050 0,009338
рекомендательный 0,000000 0,000000
заместитель 3,064725 0,010568
переговоры 0,047791 0,000165
получать 0,033902 0,000117
хотеть 0,013423 0,000046
обратиться 0,076161 0,000263
зона 2,371578 0,008178
забота 0,000000 0,000000
удержать 2,612740 0,009009
сбер 0,040822 0,000141
пожаловать 0,013423 0,000046
язловецкий 3,912023 0,053959
трамп 0,054808 0,000189
работать 0,027029 0,000093
крупный 0,054808 0,000378
спецпроект 0,000000 0,000000
это 0,020203 0,000070
победа 0,000000 0,000000
украинский 0,047791 0,000330
белоус 0,076161 0,000263
прибыть 0,083382 0,000288
два 0,033902 0,000234
рассказать 0,985284 0,003398
президент 0,851752 0,002937
новость 0,000000 0,000000
туристка 0,076161 0,000263
мотор 0,000000 0,000000
случай 1,484275 0,005118
сми 0,000000 0,000000
акция 0,047791 0,000165
наслать 0,000000 0,000000
справиться 2,708050 0,009338
перевес 3,912023 0,013490
жизнь 0,000000 0,000000
жилец 0,068993 0,000238
предречь 0,076161 0,000525
жать 0,013423 0,000046
войти 0,000000 0,000000
место 0,027029 0,000093
свет 0,054808 0,000189
регион 0,076161 0,000263
мс 0,097980 0,000338
март 0,040822 0,000141
военный 0,020203 0,000279
летний 0,047791 0,000165
рада 0,068993 0,000238
экономика 0,000000 0,000000
уход 0,076161 0,000263
опечатка 0,000000 0,000000
указать 1,966113 0,006780
хороший 0,006689 0,000023
спор 0,097980 0,000338
вызвать 0,090654 0,000313
киев 1,714798 0,011826
обычный 0,013423 0,000046
конфиденциальность 0,047791 0,000165
владимир 1,160488 0,004002
офицер 2,708050 0,037352
изнасиловать 0,076161 0,000263
командир 2,813411 0,009701
продолжать 0,033902 0,000117
реальный 0,013423 0,000046
сдержать 2,813411 0,038806
ссср 0,000000 0,000000
техника 0,000000 0,000000
тысяча 0,054808 0,000189
курский 1,791759 0,012357
всу 1,373049 0,028408
затопить 0,076161 0,000263
игра 0,000000 0,000000
обменивать 0,047791 0,000165
минь 0,000000 0,000000
условие 0,033902 0,000234
ваш 0,047791 0,000165
главное 0,000000 0,000000
медитация 0,076161 0,000263
правда 0,040822 0,000141
неспособность 3,218876 0,022199
алевтина 3,624341 0,012498
видеть 0,013423 0,000046
реакция 0,047791 0,000330
материал 0,000000 0,000000
наука 0,000000 0,000000
