ру 0,000000 0,000000
банк 0,068993 0,000244
лента 0,000000 0,000000
новый 0,000000 0,000000
день 0,033902 0,000120
перемирие 0,076161 0,000269
спорт 0,000000 0,000000
радиостанция 4,317488 0,015256
месяц 1,714798 0,006059
отвести 0,076161 0,000269
добро 0,013423 0,000142
согласие 0,047791 0,000169
путешествие 0,000000 0,000000
четыре 0,040822 0,000144
конфликт 0,061875 0,000219
конфиденциальностиправить 0,000000 0,000000
продать 3,064725 0,010829
пол 0,090654 0,000320
помощь 0,027029 0,000096
вода 0,054808 0,000194
фото 0,061875 0,000437
политика 0,040822 0,000144
связь 1,714798 0,012119
применение 0,000000 0,000000
санкт 3,218876 0,011374
дать 1,272966 0,004498
суд 1,832581 0,006476
коммерсантъ 2,708050 0,019138
область 1,272966 0,004498
гарнизонный 5,010635 0,017705
отдел 0,579818 0,002049
ценность 0,000000 0,000000
мир 0,000000 0,000000
вернуться 0,006689 0,000024
индия 0,076161 0,000269
структура 0,000000 0,000000
попытаться 2,238047 0,007908
судкриминалполиция 2,525729 0,008925
российский 0,033902 0,000240
обитание 0,000000 0,000000
специалист 2,445686 0,008642
бывший 0,000000 0,000000
россия 0,000000 0,000000
интернет 0,000000 0,000000
маккартень 0,097980 0,000346
ооо 0,000000 0,000000
контрразведка 4,317488 0,015256
свой 0,020203 0,000071
ранее 1,003302 0,003545
проблема 0,047791 0,000169
начальник 2,238047 0,023725
ранг 5,010635 0,035411
данные 1,678431 0,005931
флот 3,401197 0,024037
также 0,762140 0,002693
гид 0,076161 0,000269
технологийминь 0,000000 0,000000
город 0,047791 0,000169
американский 0,054808 0,000194
галерея 0,000000 0,000000
корабль 2,931194 0,010358
внешность 0,097980 0,000346
россиянин 1,321756 0,004671
сотрудник 0,068993 0,000488
начаться 0,033902 0,000120
зеленский 0,054808 0,000387
силовой 0,000000 0,000000
пляжный 0,097980 0,000346
эмоция 0,047791 0,000169
сеть 0,090654 0,000320
обеспечивать 2,813411 0,009941
выражать 0,047791 0,000338
система 1,643339 0,005807
читать 0,040822 0,000144
военнослужащий 0,068993 0,000244
накапливать 0,047791 0,000169
полиция 2,238047 0,007908
база 2,931194 0,010358
оценивать 0,047791 0,000169
контрабанда 4,317488 0,015256
байконур 0,097980 0,000346
редакциярекламаконтактыпресс 0,000000 0,000000
видео 0,000000 0,000000
департамент 3,064725 0,010829
депутат 0,068993 0,000244
арестовать 2,931194 0,010358
прогресс 0,090654 0,000320
форма 0,061875 0,000219
нажать 0,000000 0,000000
последний 0,083382 0,000295
дом 0,061875 0,000219
московский 2,014903 0,007120
олег 3,624341 0,012807
культура 0,000000 0,000000
аппаратура 4,317488 0,015256
обсудить 0,415515 0,001468
колония 3,064725 0,010829
архив 0,000000 0,000000
статья 0,000000 0,000000
возглавлять 3,912023 0,013823
заявить 0,061875 0,000219
сша 0,040822 0,000144
бонус 0,047791 0,000338
среда 0,000000 0,000000
раскрытие 0,076161 0,000269
редактор 0,556288 0,001966
остаться 0,047791 0,000169
граница 2,014903 0,007120
эксклюзив 0,000000 0,000000
уволить 0,076161 0,000269
скидка 0,047791 0,000169
подозревать 2,445686 0,008642
погружаться 0,047791 0,000169
увлекательный 0,047791 0,000169
использованияполитик 0,000000 0,000000
служба 2,120264 0,037460
заниматься 2,302585 0,008136
вмф 3,064725 0,032488
деактивировать 0,013423 0,000047
рекомендательный 0,000000 0,000000
переговоры 0,047791 0,000169
эксплуатация 3,624341 0,012807
всеследствие 2,525729 0,008925
лопатий 5,010635 0,017705
получать 0,033902 0,000120
год 0,521999 0,001845
хотеть 0,013423 0,000047
обратиться 0,076161 0,000269
забота 0,000000 0,000000
фсб 2,931194 0,041430
сбер 0,040822 0,000144
радиотехнический 3,624341 0,064034
пожаловать 0,013423 0,000047
трамп 0,054808 0,000194
работать 0,027029 0,000096
который 0,521999 0,001845
крупный 0,054808 0,000387
задержать 1,875141 0,026504
спецпроект 0,000000 0,000000
габай 5,010635 0,017705
это 0,020203 0,000071
победа 0,000000 0,000000
украинский 0,047791 0,000169
белоус 0,076161 0,000269
прибыть 0,083382 0,000295
два 0,033902 0,000240
новость 0,000000 0,000000
туристка 0,076161 0,000269
мотор 0,000000 0,000000
сми 0,000000 0,000000
акция 0,047791 0,000169
наслать 0,000000 0,000000
жизнь 0,000000 0,000000
жилец 0,068993 0,000244
спецслужбыпреступный 2,525729 0,008925
иван 2,931194 0,010358
предречь 0,076161 0,000538
жать 0,013423 0,000047
войти 0,000000 0,000000
место 0,027029 0,000096
свет 0,054808 0,000194
регион 0,076161 0,000269
мс 0,097980 0,000346
преступление 2,238047 0,031633
март 0,040822 0,000144
военный 0,020203 0,000286
летний 0,047791 0,000169
рада 0,068993 0,000244
экономика 0,000000 0,000000
защита 2,371578 0,008380
анна 3,912023 0,013823
уход 0,076161 0,000269
опечатка 0,000000 0,000000
хороший 0,006689 0,000024
спор 0,097980 0,000346
обслуживание 3,912023 0,013823
вызвать 0,090654 0,000320
обычный 0,013423 0,000047
конфиденциальность 0,047791 0,000169
изнасиловать 0,076161 0,000269
продолжать 0,033902 0,000120
первый 0,883501 0,006244
реальный 0,013423 0,000047
спецслужба 2,525729 0,008925
ссср 0,000000 0,000000
техника 0,000000 0,000000
тысяча 0,054808 0,000194
коррупционный 3,624341 0,051227
водопьянов 5,010635 0,017705
затопить 0,076161 0,000269
игра 0,000000 0,000000
петербургский 5,010635 0,017705
капитан 3,912023 0,027647
установка 3,912023 0,013823
обменивать 0,047791 0,000169
минь 0,000000 0,000000
условие 0,033902 0,000240
ваш 0,047791 0,000169
главное 0,000000 0,000000
медитация 0,076161 0,000269
правда 0,040822 0,000144
сообщаться 2,371578 0,008380
издание 2,238047 0,007908
лопатиев 5,010635 0,035411
оборудование 3,912023 0,013823
видеть 0,013423 0,000047
сообщать 1,791759 0,006331
реакция 0,047791 0,000338
материал 0,000000 0,000000
наука 0,000000 0,000000
учреждение 4,317488 0,015256
