поездка 2,931194 0,002991
слух 2,813411 0,002871
финал 5,010635 0,005113
ру 0,000000 0,000000
банк 0,068993 0,000070
новый 0,000000 0,000000
лев 3,624341 0,003698
рассказ 3,401197 0,003471
день 0,033902 0,000069
найти 1,678431 0,001713
перемирие 0,076161 0,000078
дедушка 4,317488 0,004406
любить 2,177422 0,004444
отвести 0,076161 0,000078
добро 0,013423 0,000041
согласие 0,047791 0,000049
центр 1,752539 0,001788
путешествие 0,000000 0,000000
заявление 2,066196 0,002108
изобрести 5,010635 0,010226
народный 2,708050 0,002763
жениться 3,218876 0,003285
уокер 4,317488 0,004406
удивлять 2,931194 0,002991
конфликт 0,061875 0,000126
предложить 2,177422 0,004444
встретить 2,612740 0,002666
спасать 2,612740 0,002666
пол 0,090654 0,000093
помощь 0,027029 0,000028
басков 3,401197 0,003471
задолжать 5,010635 0,005113
жертва 2,371578 0,002420
человек 0,762140 0,001555
вода 0,054808 0,000056
каннский 5,010635 0,005113
фото 0,061875 0,000063
отказаться 1,832581 0,001870
стриптизёрша 5,010635 0,010226
политика 0,040822 0,000042
наркоторговец 3,218876 0,003285
памела 5,010635 0,005113
исследование 2,708050 0,002763
дава 5,010635 0,005113
экс 2,066196 0,006325
ядерный 2,931194 0,002991
х 2,177422 0,002222
создатель 3,912023 0,003992
они 2,302585 0,002350
сотка 3,624341 0,003698
гимназия 5,010635 0,005113
земля 1,919593 0,001959
бросить 3,218876 0,003285
похороны 3,624341 0,011095
мир 0,000000 0,000000
весь 1,078810 0,003302
индия 0,076161 0,000078
пройти 1,427116 0,002912
структура 0,000000 0,000000
пафос 5,010635 0,005113
дело 1,249435 0,001275
пропаганда 4,317488 0,004406
шрека 4,317488 0,004406
драка 3,064725 0,003127
проект 2,813411 0,002871
бывший 0,000000 0,000000
время 0,693147 0,000707
называть 1,791759 0,001828
расистский 4,317488 0,004406
маккартень 0,097980 0,000100
ооо 0,000000 0,000000
убийство 3,401197 0,003471
примадонна 5,010635 0,005113
новгород 3,064725 0,003127
отменить 2,525729 0,002577
баттл 4,317488 0,004406
ленфильм 5,010635 0,005113
сильный 1,678431 0,001713
проблема 0,047791 0,000146
главный 1,272966 0,003897
ричард 3,912023 0,003992
турецкий 2,931194 0,008973
потребовать 2,445686 0,002496
ненавидеть 3,624341 0,003698
технологийминь 0,000000 0,000000
онегин 4,317488 0,004406
чак 3,912023 0,003992
подозрительный 4,317488 0,004406
город 0,047791 0,000049
акопян 5,010635 0,005113
украина 0,805943 0,000822
паника 3,064725 0,003127
юбилей 4,317488 0,004406
комедия 3,624341 0,003698
подробность 2,066196 0,002108
снуп 5,010635 0,005113
фанатка 5,010635 0,005113
вывезти 2,931194 0,002991
отец 1,919593 0,013711
восемь 3,064725 0,003127
галерея 0,000000 0,000000
внешность 0,097980 0,000200
снова 2,813411 0,002871
мерил 5,010635 0,005113
меладзе 5,010635 0,005113
амаяк 5,010635 0,005113
северный 2,371578 0,002420
ефрем 5,010635 0,005113
россиянин 1,321756 0,001349
сначала 2,445686 0,002496
начаться 0,033902 0,000035
начать 1,139434 0,002325
королева 3,912023 0,003992
василий 3,401197 0,003471
выступить 2,238047 0,002284
увидеть 1,752539 0,005365
силовой 0,000000 0,000000
крутой 3,624341 0,003698
пляжный 0,097980 0,000100
тайга 3,912023 0,003992
драма 3,912023 0,003992
атом 5,010635 0,005113
кремль 2,177422 0,002222
заслужить 5,010635 0,005113
закрыть 3,218876 0,003285
юра 3,624341 0,003698
выражать 0,047791 0,000098
серьёзный 2,302585 0,002350
читать 0,040822 0,000042
изменить 2,066196 0,002108
падение 3,064725 0,003127
каста 5,010635 0,005113
напугать 5,010635 0,005113
оценивать 0,047791 0,000049
ресторан 3,912023 0,003992
конченый 4,317488 0,004406
байконур 0,097980 0,000100
один 0,836248 0,000853
метаться 4,317488 0,004406
редакциярекламаконтактыпресс 0,000000 0,000000
обязательно 3,624341 0,003698
родный 2,931194 0,002991
совет 1,714798 0,001750
видео 0,000000 0,000000
опухоль 5,010635 0,010226
госпитализация 5,010635 0,010226
переступать 5,010635 0,005113
долина 4,317488 0,004406
оскар 3,624341 0,014793
выход 2,120264 0,002164
последний 0,083382 0,000170
россиянка 1,875141 0,001913
коммуналка 5,010635 0,005113
мой 2,371578 0,002420
выпустить 2,238047 0,002284
мираж 3,401197 0,006941
архив 0,000000 0,000000
актёрский 3,624341 0,003698
борис 2,445686 0,002496
любимый 2,371578 0,002420
вручение 4,317488 0,004406
заявить 0,061875 0,000126
сша 0,040822 0,000125
лидер 1,347074 0,001375
домогар 5,010635 0,005113
бонус 0,047791 0,000098
среда 0,000000 0,000000
раскрытие 0,076161 0,000078
изменщик 5,010635 0,005113
инстасамка 4,317488 0,004406
хранить 3,401197 0,003471
остаться 0,047791 0,000098
нарушить 3,624341 0,003698
эксклюзив 0,000000 0,000000
уволить 0,076161 0,000078
случиться 2,612740 0,002666
скидка 0,047791 0,000049
москва 1,021651 0,004170
дочь 3,401197 0,010412
уцелеть 4,317488 0,004406
погружаться 0,047791 0,000049
смерть 1,919593 0,003918
деньга 1,875141 0,001913
ноябрь 2,014903 0,002056
охватить 3,218876 0,003285
признаться 3,401197 0,003471
получать 0,033902 0,000035
приезд 4,317488 0,004406
сарик 5,010635 0,010226
хотеть 0,013423 0,000027
крид 3,218876 0,006569
планета 2,931194 0,002991
движуха 5,010635 0,010226
армия 2,014903 0,002056
солистка 3,218876 0,009854
половина 2,177422 0,002222
стать 0,499776 0,002550
устроить 2,014903 0,002056
раскритиковать 2,931194 0,002991
романс 5,010635 0,005113
работать 0,027029 0,000028
экстрасенс 4,317488 0,004406
розыск 3,912023 0,003992
театральный 3,912023 0,003992
десятка 2,302585 0,002350
группа 1,514128 0,001545
операция 1,514128 0,003090
въезд 4,317488 0,004406
спецпроект 0,000000 0,000000
это 0,020203 0,000041
нарковор 3,401197 0,003471
легендарный 2,066196 0,004217
украинский 0,047791 0,000049
слово 0,820981 0,000838
встать 3,064725 0,003127
два 0,033902 0,000069
обнаружить 2,445686 0,002496
донбасс 3,912023 0,003992
курить 3,218876 0,003285
престол 4,317488 0,004406
кинозвезда 5,010635 0,005113
таксист 3,624341 0,003698
новость 0,000000 0,000000
эйдельштейн 3,912023 0,023951
тяга 3,912023 0,003992
туристка 0,076161 0,000078
мотор 0,000000 0,000000
вряд 2,612740 0,002666
гай 5,010635 0,005113
стоить 1,714798 0,005249
наслать 0,000000 0,000000
катастрофа 2,525729 0,002577
ломать 5,010635 0,005113
жизнь 0,000000 0,000000
экспедиция 3,624341 0,003698
брат 2,525729 0,005155
пожаловаться 2,931194 0,002991
продюсер 3,218876 0,009854
жать 0,013423 0,000014
войти 0,000000 0,000000
кристи 4,317488 0,004406
захаров 3,218876 0,003285
сериал 2,445686 0,019965
заступиться 5,010635 0,005113
киркоров 3,218876 0,032846
шоугерл 5,010635 0,005113
судьба 2,708050 0,005527
память 3,064725 0,003127
допустить 2,813411 0,002871
уход 0,076161 0,000078
почему 0,899761 0,003672
директор 2,445686 0,002496
рубль 1,514128 0,001545
хороший 0,006689 0,000007
обида 3,401197 0,003471
муж 2,612740 0,005332
спор 0,097980 0,000100
музей 3,064725 0,006255
краймбррать 5,010635 0,005113
разыскивать 4,317488 0,004406
романтический 5,010635 0,005113
белоруссия 2,931194 0,002991
обычный 0,013423 0,000014
пожениться 4,317488 0,004406
власть 1,609438 0,001642
конфиденциальность 0,047791 0,000049
соль 3,401197 0,003471
оренбург 4,317488 0,004406
путин 0,967584 0,000987
грандиозный 3,912023 0,003992
высмеивать 3,624341 0,003698
назад 1,678431 0,001713
изнасиловать 0,076161 0,000078
поймать 3,401197 0,003471
продолжать 0,033902 0,000035
отмена 3,401197 0,003471
зритель 2,931194 0,002991
разрешить 3,401197 0,003471
первый 0,883501 0,000902
пост 2,612740 0,002666
ссср 0,000000 0,000000
техника 0,000000 0,000000
желание 2,612740 0,002666
состояние 2,238047 0,004567
богема 4,317488 0,004406
виталий 3,912023 0,003992
всекиносериалымузыкакнигиискусствотеатрфотография 3,401197 0,003471
февраль 1,160488 0,015394
жестокий 2,931194 0,002991
покорить 3,401197 0,003471
вопрос 1,021651 0,001043
германик 5,010635 0,005113
игра 0,000000 0,000000
вспомнить 2,813411 0,002871
андерсон 5,010635 0,005113
минь 0,000000 0,000000
брюс 3,218876 0,003285
ваш 0,047791 0,000049
главное 0,000000 0,000000
ответ 1,678431 0,001713
медитация 0,076161 0,000078
ветвь 4,317488 0,004406
военкомат 3,624341 0,011095
мыть 4,317488 0,004406
отель 2,931194 0,002991
высказаться 2,238047 0,002284
моссовет 5,010635 0,005113
культовый 3,624341 0,003698
кто 2,066196 0,002108
растягивать 5,010635 0,005113
концерт 3,401197 0,010412
маньяк 5,010635 0,010226
раскрыть 1,643339 0,008384
реакция 0,047791 0,000098
вновь 3,218876 0,003285
самый 0,883501 0,002705
увольнение 2,612740 0,002666
тумбочка 5,010635 0,005113
материал 0,000000 0,000000
символ 2,445686 0,004991
ученик 4,317488 0,004406
закончиться 2,612740 0,002666
таксовать 5,010635 0,005113
потерпеть 4,317488 0,004406
лента 0,000000 0,000000
терять 2,931194 0,002991
эдриан 5,010635 0,005113
петтинг 5,010635 0,005113
роль 1,714798 0,001750
спорт 0,000000 0,000000
рэпер 3,401197 0,003471
месяц 1,714798 0,001750
заболеть 3,912023 0,003992
сам 1,226446 0,002503
удо 5,010635 0,010226
четыре 0,040822 0,000042
разозлить 3,912023 0,003992
конфиденциальностиправить 0,000000 0,000000
шпионский 5,010635 0,005113
прощение 4,317488 0,004406
гонорар 4,317488 0,004406
юрий 2,525729 0,002577
сэкономить 5,010635 0,005113
удаться 1,678431 0,001713
михалков 4,317488 0,008811
известный 1,714798 0,001750
применение 0,000000 0,000000
догга 5,010635 0,005113
дать 1,272966 0,001299
космос 2,813411 0,002871
призвать 1,791759 0,001828
оружие 2,120264 0,002164
пальмовый 5,010635 0,005113
смочь 1,399717 0,002857
душа 3,401197 0,003471
готовый 1,791759 0,001828
напыщенность 5,010635 0,005113
ценность 0,000000 0,000000
известно 1,297063 0,001324
церемония 3,912023 0,003992
дата 2,612740 0,002666
вернуться 0,006689 0,000014
жалеть 2,813411 0,002871
экспонат 3,912023 0,003992
микки 4,317488 0,004406
российский 0,033902 0,000173
сексуальный 2,813411 0,002871
обладательница 5,010635 0,005113
номинация 3,912023 0,003992
обитание 0,000000 0,000000
певица 3,912023 0,011976
порог 3,401197 0,003471
уехать 2,813411 0,011483
приехать 2,238047 0,002284
снизу 5,010635 0,005113
челюскин 4,317488 0,004406
россия 0,000000 0,000000
интернет 0,000000 0,000000
убыток 5,010635 0,005113
гир 3,912023 0,003992
ефремов 5,010635 0,010226
поражать 3,064725 0,003127
ливанов 5,010635 0,010226
милла 4,317488 0,004406
свой 0,020203 0,000062
бабкин 4,317488 0,008811
стрип 3,624341 0,003698
убийца 3,912023 0,003992
получиться 2,708050 0,008290
назвать 1,021651 0,008340
броудить 5,010635 0,005113
гид 0,076161 0,000078
альбом 3,912023 0,007984
разврат 5,010635 0,005113
потерянный 3,912023 0,003992
виторган 5,010635 0,010226
американский 0,054808 0,000112
записать 2,708050 0,002763
леденящий 5,010635 0,005113
йовович 4,317488 0,004406
дотянуть 3,624341 0,003698
страшный 2,525729 0,002577
представитель 1,678431 0,001713
сотрудник 0,068993 0,000070
зеленский 0,054808 0,000112
кинопремия 5,010635 0,005113
вынудить 3,218876 0,003285
знаменитый 2,525729 0,002577
практиковать 5,010635 0,005113
эмоция 0,047791 0,000049
сеть 0,090654 0,000093
театр 3,064725 0,003127
агат 5,010635 0,005113
кино 3,064725 0,006255
колыбельный 5,010635 0,005113
запретить 2,066196 0,004217
филипп 2,931194 0,020937
голливуд 3,218876 0,006569
военнослужащий 0,068993 0,000070
мещеряк 5,010635 0,005113
режиссёр 3,912023 0,003992
накапливать 0,047791 0,000049
лещенко 5,010635 0,005113
причина 1,484275 0,001515
автор 3,064725 0,003127
сообщение 2,445686 0,007487
бледанс 5,010635 0,005113
понаровский 5,010635 0,010226
мошенник 2,371578 0,002420
нижний 2,612740 0,002666
подтвердить 2,238047 0,002284
боевик 2,931194 0,002991
снять 2,177422 0,006666
депутат 0,068993 0,000070
повезти 3,064725 0,003127
прогресс 0,090654 0,000093
паразит 4,317488 0,004406
война 1,455287 0,001485
канада 3,624341 0,003698
форма 0,061875 0,000063
нажать 0,000000 0,000000
дом 0,061875 0,000126
культура 0,000000 0,000000
сыграть 2,813411 0,005742
пригожин 3,912023 0,003992
андреасян 5,010635 0,010226
безголосый 5,010635 0,005113
одинокий 3,912023 0,003992
валерий 3,218876 0,003285
пдд 5,010635 0,005113
коллега 1,791759 0,003657
скрыть 3,912023 0,003992
статья 0,000000 0,000000
советский 1,752539 0,003577
арбенин 5,010635 0,005113
бортич 5,010635 0,005113
захотеть 2,708050 0,002763
жалоба 3,064725 0,003127
осложнение 3,912023 0,003992
смелый 3,912023 0,003992
отношение 1,226446 0,001251
бомба 3,218876 0,003285
посвятить 2,931194 0,002991
певец 2,813411 0,002871
ответить 1,832581 0,003740
наш 1,347074 0,004124
ридлить 3,401197 0,003471
бриджито 4,317488 0,004406
казаться 2,177422 0,002222
западный 2,014903 0,002056
получить 1,059392 0,002162
сюрприз 3,912023 0,003992
дворник 5,010635 0,005113
бедроса 3,912023 0,003992
уиллис 3,218876 0,003285
егор 3,218876 0,006569
объяснить 1,484275 0,003029
шекспир 5,010635 0,005113
завести 4,317488 0,004406
разборка 3,064725 0,003127
проститутка 4,317488 0,004406
сделать 1,321756 0,002697
увлекательный 0,047791 0,000049
презерватив 5,010635 0,005113
использованияполитик 0,000000 0,000000
тело 2,445686 0,002496
здоровье 2,302585 0,002350
деактивировать 0,013423 0,000014
фадеев 5,010635 0,005113
рекомендательный 0,000000 0,000000
белый 1,609438 0,001642
переговоры 0,047791 0,000049
дневник 3,624341 0,003698
окружить 3,624341 0,003698
год 0,521999 0,003196
максим 2,813411 0,002871
полюс 5,010635 0,005113
эстония 3,912023 0,003992
произведение 3,624341 0,003698
обратиться 0,076161 0,000078
террор 3,624341 0,003698
контракт 3,912023 0,003992
министр 2,302585 0,002350
началов 5,010635 0,005113
забота 0,000000 0,000000
опровергнуть 2,931194 0,008973
сбер 0,040822 0,000042
пожаловать 0,013423 0,000014
трамп 0,054808 0,000112
выжить 2,813411 0,002871
нервозность 4,317488 0,004406
который 0,521999 0,000533
крупный 0,054808 0,000112
награда 3,624341 0,003698
агентство 2,302585 0,002350
смертоносный 5,010635 0,005113
победа 0,000000 0,000000
белоус 0,076161 0,000078
прибыть 0,083382 0,000085
рассказать 0,985284 0,002011
вместо 2,708050 0,002763
жена 2,238047 0,006851
страна 0,747955 0,000763
норрис 3,912023 0,003992
благородный 4,317488 0,004406
роман 2,813411 0,002871
гомофобный 5,010635 0,005113
сми 0,000000 0,000000
триумфатор 5,010635 0,005113
акция 0,047791 0,000049
сбережение 3,912023 0,003992
ровно 3,401197 0,003471
куклачёв 5,010635 0,010226
жилец 0,068993 0,000070
анор 5,010635 0,005113
актёр 2,445686 0,014974
создание 2,120264 0,002164
предречь 0,076161 0,000233
сверху 3,912023 0,003992
заставить 2,612740 0,002666
марь 5,010635 0,005113
герой 2,014903 0,008224
место 0,027029 0,000055
свет 0,054808 0,000056
юлия 3,218876 0,003285
поздравить 2,931194 0,002991
регион 0,076161 0,000078
мс 0,097980 0,000100
эпический 5,010635 0,010226
решение 1,544899 0,001576
март 0,040822 0,002708
военный 0,020203 0,000021
летний 0,047791 0,000146
рада 0,068993 0,000070
экономика 0,000000 0,000000
марк 3,912023 0,015967
джонс 4,317488 0,004406
роскошный 2,931194 0,002991
глаз 2,066196 0,002108
отсрочка 5,010635 0,005113
использовать 1,919593 0,001959
опечатка 0,000000 0,000000
страсть 4,317488 0,004406
госдума 2,302585 0,002350
фабрика 3,624341 0,003698
чудовищный 4,317488 0,008811
золотой 2,931194 0,002991
десять 2,708050 0,002763
премия 3,218876 0,003285
секс 2,177422 0,006666
ужас 3,401197 0,003471
прокомментировать 2,525729 0,002577
вызвать 0,090654 0,000185
история 1,609438 0,001642
бруталиста 5,010635 0,005113
осудить 2,813411 0,002871
скотт 3,401197 0,003471
звезда 1,919593 0,013711
евгений 2,931194 0,002991
начинать 3,064725 0,003127
подписать 2,708050 0,002763
хлеб 3,401197 0,003471
университет 3,218876 0,003285
макаревич 5,010635 0,005113
ходунок 5,010635 0,005113
блокбастер 3,912023 0,007984
реальный 0,013423 0,000014
умереть 2,708050 0,011053
мужчина 1,576648 0,001609
тысяча 0,054808 0,000056
молодой 2,525729 0,002577
артист 2,931194 0,008973
ополченский 5,010635 0,005113
стареть 5,010635 0,005113
кинофестиваль 4,317488 0,004406
вознамериться 5,010635 0,005113
затопить 0,076161 0,000078
господдержка 5,010635 0,005113
участник 2,371578 0,002420
шторм 3,624341 0,003698
наташа 5,010635 0,005113
обменивать 0,047791 0,000049
пугачёв 5,010635 0,046016
условие 0,033902 0,000104
фильм 2,238047 0,011419
встреча 1,832581 0,001870
правда 0,040822 0,000083
занимать 2,813411 0,002871
скрывать 2,931194 0,002991
немой 2,371578 0,002420
видеть 0,013423 0,000014
финансирование 4,317488 0,004406
очень 1,347074 0,001375
мем 3,624341 0,003698
миллион 1,347074 0,004124
наука 0,000000 0,000000
какой 1,203973 0,003686
лолита 4,317488 0,004406
сенсационный 4,317488 0,004406
захватывать 3,064725 0,003127
