состояться 2,014903 0,023339
бонус 0,047791 0,000369
среда 0,000000 0,000000
раскрытие 0,076161 0,000294
говорить 1,160488 0,004481
ру 0,000000 0,000000
банк 0,068993 0,000266
лента 0,000000 0,000000
редактор 0,556288 0,002148
новый 0,000000 0,000000
день 0,033902 0,000131
остаться 0,047791 0,000185
перемирие 0,076161 0,000294
эксклюзив 0,000000 0,000000
контакт 1,919593 0,007412
уволить 0,076161 0,000294
спорт 0,000000 0,000000
скидка 0,047791 0,000185
госдепартамент 4,317488 0,016670
мочь 0,836248 0,003229
отвести 0,076161 0,000294
добро 0,013423 0,000155
согласие 0,047791 0,000185
вероятно 2,813411 0,010863
путешествие 0,000000 0,000000
четыре 0,040822 0,000158
погружаться 0,047791 0,000185
спецпосланник 2,931194 0,067904
стив 3,064725 0,011833
результат 1,347074 0,005201
увлекательный 0,047791 0,000185
использованияполитик 0,000000 0,000000
ближний 2,813411 0,010863
конфликт 0,061875 0,000239
конфиденциальностиправить 0,000000 0,000000
деактивировать 0,013423 0,000052
пол 0,090654 0,000350
помощь 0,027029 0,000104
рекомендательный 0,000000 0,000000
белый 1,609438 0,024856
отметить 1,399717 0,005404
вода 0,054808 0,000212
переговоры 0,047791 0,000185
фото 0,061875 0,000478
получать 0,033902 0,000131
политика 0,040822 0,000315
разговор 1,160488 0,004481
применение 0,000000 0,000000
хотеть 0,013423 0,000052
обратиться 0,076161 0,000294
дать 1,272966 0,004915
забота 0,000000 0,000000
сбер 0,040822 0,000158
пожаловать 0,013423 0,000052
трамп 0,054808 0,001270
работать 0,027029 0,000104
отдел 0,579818 0,002239
ценность 0,000000 0,000000
крупный 0,054808 0,000423
мир 0,000000 0,000000
вернуться 0,006689 0,000026
индия 0,076161 0,000294
структура 0,000000 0,000000
спецпроект 0,000000 0,000000
это 0,020203 0,000156
пентагон 3,912023 0,015104
победа 0,000000 0,000000
российский 0,033902 0,000262
украинский 0,047791 0,000185
уверенный 2,445686 0,009443
белоус 0,076161 0,000294
прибыть 0,083382 0,000322
два 0,033902 0,000262
обитание 0,000000 0,000000
бывший 0,000000 0,000000
нацелить 3,912023 0,015104
президент 0,851752 0,003289
россия 0,000000 0,000000
интернет 0,000000 0,000000
новость 0,000000 0,000000
туристка 0,076161 0,000294
мотор 0,000000 0,000000
активизировать 3,401197 0,013132
сми 0,000000 0,000000
акция 0,047791 0,000185
маккартень 0,097980 0,000378
ооо 0,000000 0,000000
наслать 0,000000 0,000000
свой 0,020203 0,000078
жизнь 0,000000 0,000000
проблема 0,047791 0,000185
жилец 0,068993 0,000266
вероятный 3,624341 0,027987
также 0,762140 0,002943
предречь 0,076161 0,000588
жать 0,013423 0,000052
войти 0,000000 0,000000
гид 0,076161 0,000294
технологийминь 0,000000 0,000000
место 0,027029 0,000104
город 0,047791 0,000185
свет 0,054808 0,000212
регион 0,076161 0,000294
мс 0,097980 0,000378
американский 0,054808 0,000423
телефонный 1,643339 0,006345
ведомство 2,066196 0,007978
март 0,040822 0,000158
военный 0,020203 0,000078
галерея 0,000000 0,000000
аравия 2,612740 0,010088
внешность 0,097980 0,000378
летний 0,047791 0,000185
руководство 2,302585 0,008890
рада 0,068993 0,000266
сотрудник 0,068993 0,000266
экономика 0,000000 0,000000
начаться 0,033902 0,000131
восток 2,177422 0,008407
другой 1,059392 0,004090
зеленский 0,054808 0,000423
уход 0,076161 0,000294
опечатка 0,000000 0,000000
силовой 0,000000 0,000000
хороший 0,006689 0,000026
пляжный 0,097980 0,000378
спор 0,097980 0,000378
эмоция 0,047791 0,000185
скорее 2,708050 0,020912
сеть 0,090654 0,000350
добавить 1,966113 0,007591
вызвать 0,090654 0,000350
обычный 0,013423 0,000052
выражать 0,047791 0,000369
конфиденциальность 0,047791 0,000185
читать 0,040822 0,000158
путин 0,967584 0,014943
владимир 1,160488 0,004481
саудовский 2,612740 0,010088
военнослужащий 0,068993 0,000266
накапливать 0,047791 0,000185
дональд 1,544899 0,005965
изнасиловать 0,076161 0,000294
продолжать 0,033902 0,000131
реальный 0,013423 0,000052
ссср 0,000000 0,000000
техника 0,000000 0,000000
тысяча 0,054808 0,000212
оценивать 0,047791 0,000185
байконур 0,097980 0,000378
поручение 3,401197 0,013132
редакциярекламаконтактыпресс 0,000000 0,000000
затопить 0,076161 0,000294
уиткофф 3,064725 0,035499
видео 0,000000 0,000000
игра 0,000000 0,000000
депутат 0,068993 0,000266
обменивать 0,047791 0,000185
минь 0,000000 0,000000
прогресс 0,090654 0,000350
цру 3,912023 0,015104
условие 0,033902 0,000262
ваш 0,047791 0,000185
главное 0,000000 0,000000
елизавета 3,624341 0,013994
встреча 1,832581 0,028302
медитация 0,076161 0,000294
форма 0,061875 0,000239
правда 0,040822 0,000158
нажать 0,000000 0,000000
дом 0,061875 0,001195
передавать 2,525729 0,009752
последний 0,083382 0,000322
культура 0,000000 0,000000
обсудить 0,415515 0,001604
архив 0,000000 0,000000
видеть 0,013423 0,000052
реакция 0,047791 0,000369
коллега 1,791759 0,006918
статья 0,000000 0,000000
материал 0,000000 0,000000
наука 0,000000 0,000000
заявить 0,061875 0,000956
мытарев 3,912023 0,015104
сообщить 1,297063 0,005008
сша 0,040822 0,000473
лидер 1,347074 0,005201
произойти 1,791759 0,006918
всеполитикаобществопроисшествияконфликтыпреступность 2,014903 0,007780
