ру 0,000000 0,000000
банк 0,068993 0,000199
лента 0,000000 0,000000
новый 0,000000 0,000000
день 0,033902 0,000098
перемирие 0,076161 0,000220
спорт 0,000000 0,000000
услышать 3,218876 0,009303
франция 2,931194 0,008472
местный 2,066196 0,011943
отвести 0,076161 0,000660
гиривал 5,010635 0,014482
добро 0,013423 0,000116
согласие 0,047791 0,000138
индиец 5,010635 0,014482
путешествие 0,000000 0,000000
четыре 0,040822 0,000118
уверить 3,064725 0,008858
конфликт 0,061875 0,000179
предложить 2,177422 0,006293
конфиденциальностиправить 0,000000 0,000000
пол 0,090654 0,000262
помощь 0,027029 0,000078
вода 0,054808 0,000158
ашрам 5,010635 0,014482
фото 0,061875 0,000358
удаться 1,678431 0,004851
политика 0,040822 0,000118
применение 0,000000 0,000000
мотоцикл 4,317488 0,012478
женщина 1,484275 0,012869
француженка 5,010635 0,014482
всколыхнуть 5,010635 0,014482
насилие 2,931194 0,008472
ценность 0,000000 0,000000
мир 0,000000 0,000000
вернуться 0,006689 0,000019
обвинять 2,525729 0,007300
индия 0,076161 0,001101
структура 0,000000 0,000000
изнасилование 3,912023 0,033919
аруначалешвар 5,010635 0,014482
российский 0,033902 0,000196
сексуальный 2,813411 0,008131
цель 1,875141 0,005419
обитание 0,000000 0,000000
бывший 0,000000 0,000000
приехать 2,238047 0,006468
россия 0,000000 0,000000
интернет 0,000000 0,000000
тропа 5,010635 0,014482
смотреть 2,066196 0,005972
маккартень 0,097980 0,000283
ооо 0,000000 0,000000
водить 3,912023 0,011306
свой 0,020203 0,000058
проблема 0,047791 0,000138
данные 1,678431 0,004851
популярный 1,791759 0,005178
январь 1,514128 0,004376
гид 0,076161 0,001101
технологийминь 0,000000 0,000000
город 0,047791 0,000414
подробность 2,066196 0,005972
американский 0,054808 0,000158
обследование 5,010635 0,014482
галерея 0,000000 0,000000
штат 2,708050 0,007827
внешность 0,097980 0,000283
уединённый 5,010635 0,014482
сначала 2,445686 0,007068
сотрудник 0,068993 0,000199
начаться 0,033902 0,000098
зеленский 0,054808 0,000317
паломничество 4,317488 0,024957
силовой 0,000000 0,000000
пляжный 0,097980 0,000283
эмоция 0,047791 0,000138
сеть 0,090654 0,000262
выражать 0,047791 0,000276
читать 0,040822 0,000118
военнослужащий 0,068993 0,000199
накапливать 0,047791 0,000138
полиция 2,238047 0,012937
черненко 5,010635 0,014482
оценивать 0,047791 0,000138
происшествие 2,813411 0,008131
жительница 3,218876 0,009303
байконур 0,097980 0,000283
надругательство 5,010635 0,014482
редакциярекламаконтактыпресс 0,000000 0,000000
видео 0,000000 0,000000
аруначало 5,010635 0,014482
прохожий 4,317488 0,012478
депутат 0,068993 0,000199
арестовать 2,931194 0,016943
громкий 2,708050 0,007827
прогресс 0,090654 0,000262
форма 0,061875 0,000179
нажать 0,000000 0,000000
россиянка 1,875141 0,005419
последний 0,083382 0,000241
дом 0,061875 0,000179
всероссиямирсобытияпроисшествиямнение 3,401197 0,009830
консульство 5,010635 0,014482
культура 0,000000 0,000000
обсудить 0,415515 0,001201
архив 0,000000 0,000000
одинокий 3,912023 0,011306
статья 0,000000 0,000000
больница 2,931194 0,008472
заявить 0,061875 0,000358
сша 0,040822 0,000118
бонус 0,047791 0,000276
среда 0,000000 0,000000
раскрытие 0,076161 0,000220
всемирный 3,912023 0,011306
остаться 0,047791 0,000138
идентифицировать 4,317488 0,012478
эксклюзив 0,000000 0,000000
наследие 4,317488 0,012478
уволить 0,076161 0,000220
скидка 0,047791 0,000138
пострадать 2,813411 0,008131
подозревать 2,445686 0,007068
тема 1,297063 0,003749
возле 3,912023 0,011306
алина 3,401197 0,009830
погружаться 0,047791 0,000138
около 1,678431 0,004851
увлекательный 0,047791 0,000138
различный 2,525729 0,007300
использованияполитик 0,000000 0,000000
деактивировать 0,013423 0,000039
рекомендательный 0,000000 0,000000
право 2,445686 0,007068
юнеско 5,010635 0,014482
опасность 2,371578 0,006854
переговоры 0,047791 0,000138
крик 3,912023 0,011306
получать 0,033902 0,000098
хотеть 0,013423 0,000039
спасти 2,371578 0,006854
обратиться 0,076161 0,000220
забота 0,000000 0,000000
сбер 0,040822 0,000118
пожаловать 0,013423 0,000039
медицинский 3,064725 0,008858
трамп 0,054808 0,000158
работать 0,027029 0,000078
который 0,521999 0,003017
крупный 0,054808 0,000317
задержать 1,875141 0,005419
прицел 4,317488 0,012478
спецпроект 0,000000 0,000000
это 0,020203 0,000175
победа 0,000000 0,000000
украинский 0,047791 0,000138
привести 1,427116 0,004125
карнатака 5,010635 0,014482
белоус 0,076161 0,000220
прибыть 0,083382 0,000241
два 0,033902 0,000196
раскрываться 3,912023 0,011306
рассказать 0,985284 0,002848
туристка 0,076161 0,001761
новость 0,000000 0,000000
мотор 0,000000 0,000000
помедитировать 5,010635 0,014482
случай 1,484275 0,004290
сми 0,000000 0,000000
акция 0,047791 0,000138
наслать 0,000000 0,000000
сентябрь 2,525729 0,007300
жизнь 0,000000 0,000000
спасение 2,177422 0,006293
жилец 0,068993 0,000199
венкатёсаный 5,010635 0,028963
предречь 0,076161 0,000440
заставить 2,612740 0,007551
жать 0,013423 0,000039
войти 0,000000 0,000000
место 0,027029 0,000469
начало 1,399717 0,008091
свет 0,054808 0,000158
регион 0,076161 0,000220
мс 0,097980 0,000283
поджидать 5,010635 0,014482
март 0,040822 0,000472
отвезти 4,317488 0,012478
военный 0,020203 0,000058
летний 0,047791 0,000552
сбросить 3,401197 0,009830
рада 0,068993 0,000199
экономика 0,000000 0,000000
канал 1,791759 0,005178
тот 1,427116 0,004125
надругаться 5,010635 0,014482
уход 0,076161 0,000220
опечатка 0,000000 0,000000
хороший 0,006689 0,000019
муж 2,612740 0,007551
спор 0,097980 0,000283
жестоко 4,317488 0,012478
путешественница 5,010635 0,014482
поздний 1,832581 0,005296
объект 1,832581 0,005296
вызвать 0,090654 0,000262
история 1,609438 0,004652
вскоре 2,302585 0,006655
обычный 0,013423 0,000039
совершить 2,371578 0,006854
звезда 1,919593 0,005548
затем 1,875141 0,005419
конфиденциальность 0,047791 0,000138
спутник 3,624341 0,010475
действие 1,714798 0,004956
согласно 3,064725 0,008858
изнасиловать 0,076161 0,000880
холм 5,010635 0,014482
продолжать 0,033902 0,000098
религиозный 4,317488 0,012478
реальный 0,013423 0,000039
ссср 0,000000 0,000000
техника 0,000000 0,000000
мужчина 1,576648 0,004557
тысяча 0,054808 0,000158
поиск 2,445686 0,007068
поделиться 2,708050 0,007827
напасть 3,218876 0,009303
идти 1,297063 0,007497
тируваннамалай 5,010635 0,028963
затопить 0,076161 0,000220
частное 4,317488 0,012478
игра 0,000000 0,000000
отдыхать 3,401197 0,009830
познакомиться 3,912023 0,011306
обменивать 0,047791 0,000138
минь 0,000000 0,000000
расследование 2,525729 0,007300
индийский 3,401197 0,009830
условие 0,033902 0,000196
ваш 0,047791 0,000138
общество 2,177422 0,006293
имя 1,875141 0,005419
главное 0,000000 0,000000
преступник 3,218876 0,009303
медитация 0,076161 0,000660
правда 0,040822 0,000118
издание 2,238047 0,006468
храм 3,912023 0,011306
видеть 0,013423 0,000039
реакция 0,047791 0,000276
материал 0,000000 0,000000
грабёж 5,010635 0,014482
наука 0,000000 0,000000
израильтянка 5,010635 0,014482
какой 1,203973 0,003480
сообщить 1,297063 0,003749
произойти 1,791759 0,010357
европейский 2,120264 0,006128
израильский 4,317488 0,012478
