ру 0,000000 0,000000
банк 0,068993 0,000209
лента 0,000000 0,000000
новый 0,000000 0,000000
день 0,033902 0,000103
перемирие 0,076161 0,000231
спорт 0,000000 0,000000
защититься 2,931194 0,026647
зеркальный 5,010635 0,015184
страница 3,218876 0,009754
мочь 0,836248 0,002534
отвести 0,076161 0,000231
добро 0,013423 0,000122
согласие 0,047791 0,000145
путешествие 0,000000 0,000000
четыре 0,040822 0,000124
виски 4,317488 0,013083
конфликт 0,061875 0,000188
конфиденциальностиправить 0,000000 0,000000
пол 0,090654 0,000275
помощь 0,027029 0,000082
глава 1,321756 0,004005
вода 0,054808 0,000166
правило 2,445686 0,007411
женский 2,238047 0,006782
сохранение 4,317488 0,013083
алюминий 5,010635 0,015184
фото 0,061875 0,000375
политика 0,040822 0,000124
применение 0,000000 0,000000
крылышко 5,010635 0,015184
мотоцикл 4,317488 0,013083
стремление 3,064725 0,009287
китай 2,612740 0,007917
производитель 3,064725 0,009287
пригрозить 4,317488 0,013083
ценность 0,000000 0,000000
сила 1,321756 0,004005
мир 0,000000 0,000000
вернуться 0,006689 0,000020
снижение 2,612740 0,007917
индия 0,076161 0,000462
весь 1,078810 0,003269
структура 0,000000 0,000000
российский 0,033902 0,000205
таможенный 5,010635 0,015184
обитание 0,000000 0,000000
соблюдать 2,931194 0,008882
бывший 0,000000 0,000000
госэкономика 3,624341 0,010983
единственный 2,708050 0,008206
россия 0,000000 0,000000
интернет 0,000000 0,000000
намеренный 3,624341 0,010983
пошлина 3,624341 0,054914
маккартень 0,097980 0,000297
ооо 0,000000 0,000000
нацбезопасность 4,317488 0,013083
свой 0,020203 0,000061
проблема 0,047791 0,000145
данные 1,678431 0,005086
также 0,762140 0,002310
назвать 1,021651 0,003096
гид 0,076161 0,000231
технологийминь 0,000000 0,000000
город 0,047791 0,000145
торговый 3,912023 0,011855
дмитрий 2,238047 0,006782
американский 0,054808 0,000498
воронин 4,317488 0,013083
галерея 0,000000 0,000000
внешность 0,097980 0,000297
пытаться 1,347074 0,004082
сотрудник 0,068993 0,000209
начаться 0,033902 0,000103
другой 1,059392 0,003210
зеленский 0,054808 0,000332
изменение 2,612740 0,007917
всегосэкономикабизнесрынкикапиталсоциальный 1,966113 0,005958
континент 4,317488 0,013083
силовой 0,000000 0,000000
европа 1,791759 0,005430
пляжный 0,097980 0,000297
эмоция 0,047791 0,000145
сеть 0,090654 0,000275
дополнить 5,010635 0,015184
последствие 1,875141 0,017047
ес 2,708050 0,049237
вступить 3,624341 0,010983
выражать 0,047791 0,000290
число 1,226446 0,003717
еврокомиссия 5,010635 0,030367
читать 0,040822 0,000124
военнослужащий 0,068993 0,000209
накапливать 0,047791 0,000145
дональд 1,544899 0,004682
крепкий 3,624341 0,010983
оценивать 0,047791 0,000145
нижний 2,612740 0,007917
байконур 0,097980 0,000297
редакциярекламаконтактыпресс 0,000000 0,000000
снизить 3,064725 0,009287
видео 0,000000 0,000000
мера 2,445686 0,014822
депутат 0,068993 0,000209
прогресс 0,090654 0,000275
стефан 5,010635 0,015184
выясниться 2,371578 0,007187
сежурна 5,010635 0,015184
канада 3,624341 0,010983
форма 0,061875 0,000188
нажать 0,000000 0,000000
последний 0,083382 0,000253
дом 0,061875 0,000188
культура 0,000000 0,000000
обсудить 0,415515 0,001259
архив 0,000000 0,000000
статья 0,000000 0,000000
евросоюз 3,064725 0,009287
заявить 0,061875 0,000188
сша 0,040822 0,000495
сухоруков 4,317488 0,013083
промышленность 3,401197 0,010307
бонус 0,047791 0,000290
среда 0,000000 0,000000
раскрытие 0,076161 0,000231
ответить 1,832581 0,005553
куриный 4,317488 0,013083
остаться 0,047791 0,000145
эксклюзив 0,000000 0,000000
уволить 0,076161 0,000231
скидка 0,047791 0,000145
чиновник 2,931194 0,008882
продавать 2,708050 0,008206
погружаться 0,047791 0,000145
климат 1,875141 0,005682
увлекательный 0,047791 0,000145
использованияполитик 0,000000 0,000000
средаклимат 1,966113 0,005958
риа 1,272966 0,003857
рынок 1,609438 0,004877
деактивировать 0,013423 0,000041
рекомендательный 0,000000 0,000000
алкоголь 2,612740 0,015835
переговоры 0,047791 0,000145
получать 0,033902 0,000103
сферанедвижимостьгородский 1,966113 0,005958
коснуться 3,912023 0,011855
квота 5,010635 0,030367
машина 1,875141 0,005682
хотеть 0,013423 0,000041
обратиться 0,076161 0,000231
взимать 5,010635 0,015184
забота 0,000000 0,000000
процентный 5,010635 0,015184
сбер 0,040822 0,000124
продукция 3,624341 0,010983
пожаловать 0,013423 0,000041
привлекательность 4,317488 0,013083
стать 0,499776 0,007572
трамп 0,054808 0,000830
работать 0,027029 0,000082
который 0,521999 0,001582
крупный 0,054808 0,000332
бельё 3,912023 0,011855
спецпроект 0,000000 0,000000
это 0,020203 0,000061
равный 3,624341 0,010983
победа 0,000000 0,000000
украинский 0,047791 0,000145
злобный 4,317488 0,013083
белоус 0,076161 0,000231
прибыть 0,083382 0,000253
два 0,033902 0,000205
замглавы 3,912023 0,011855
процент 1,678431 0,015258
страна 0,747955 0,002267
новость 0,000000 0,000000
туристка 0,076161 0,000231
мотор 0,000000 0,000000
случай 1,484275 0,004498
сми 0,000000 0,000000
акция 0,047791 0,000145
наслать 0,000000 0,000000
рушиться 4,317488 0,013083
учёт 3,624341 0,010983
жизнь 0,000000 0,000000
жилец 0,068993 0,000209
предречь 0,076161 0,000462
жать 0,013423 0,000041
войти 0,000000 0,000000
место 0,027029 0,000082
свет 0,054808 0,000166
регион 0,076161 0,000231
решение 1,544899 0,004682
мс 0,097980 0,000297
март 0,040822 0,000247
военный 0,020203 0,000061
включать 3,064725 0,009287
летний 0,047791 0,000145
рада 0,068993 0,000209
экономика 0,000000 0,000000
уход 0,076161 0,000231
опечатка 0,000000 0,000000
указать 1,966113 0,005958
снегоуборочный 5,010635 0,015184
хороший 0,006689 0,000020
спор 0,097980 0,000297
прокомментировать 2,525729 0,007654
вызвать 0,090654 0,000275
тариф 4,317488 0,026167
апрель 2,525729 0,022961
обычный 0,013423 0,000041
конфиденциальность 0,047791 0,000145
уровень 1,643339 0,004980
составить 2,813411 0,008525
поставлять 3,912023 0,011855
влияние 1,919593 0,005817
изнасиловать 0,076161 0,000231
продолжать 0,033902 0,000103
список 2,371578 0,007187
реальный 0,013423 0,000041
импорт 4,317488 0,052333
ссср 0,000000 0,000000
техника 0,000000 0,000000
тысяча 0,054808 0,000166
прикрываться 3,912023 0,011855
вопрос 1,021651 0,003096
затопить 0,076161 0,000231
никто 2,014903 0,006106
игра 0,000000 0,000000
размер 2,525729 0,007654
обменивать 0,047791 0,000145
минь 0,000000 0,000000
алексей 1,875141 0,005682
условие 0,033902 0,000205
ваш 0,047791 0,000145
главное 0,000000 0,000000
медитация 0,076161 0,000231
правда 0,040822 0,000124
сократить 3,912023 0,011855
глобальный 2,813411 0,008525
ввести 2,120264 0,012850
видеть 0,013423 0,000041
экологияделовой 1,966113 0,005958
сообщать 1,791759 0,005430
реакция 0,047791 0,000290
способ 1,919593 0,011634
материал 0,000000 0,000000
наука 0,000000 0,000000
товар 3,401197 0,010307
европейский 2,120264 0,006425
вто 5,010635 0,015184
