буханка 4,317488 0,005214
ру 0,000000 0,000000
убежище 3,912023 0,004725
новый 0,000000 0,000000
день 0,033902 0,000123
хватать 2,931194 0,003540
забрать 3,064725 0,003701
найти 1,678431 0,002027
казак 3,218876 0,007775
рот 2,708050 0,003271
выйти 1,752539 0,002117
река 3,218876 0,003888
бабушка 3,218876 0,011663
вокруг 2,525729 0,003050
добро 0,013423 0,000049
неуверенный 5,010635 0,006051
центр 1,752539 0,004233
путешествие 0,000000 0,000000
долго 2,612740 0,003155
открытый 2,371578 0,002864
предел 3,401197 0,004108
уговор 3,912023 0,004725
разразиться 4,317488 0,005214
протяжный 5,010635 0,006051
продвигаться 3,912023 0,004725
спасать 2,612740 0,006311
александр 1,373049 0,001658
вокзал 3,912023 0,004725
стекло 3,912023 0,004725
человек 0,762140 0,006443
немного 2,813411 0,003398
фото 0,061875 0,000075
троицко 5,010635 0,006051
выводить 4,317488 0,005214
взрыв 2,302585 0,002781
артиллерия 3,064725 0,007403
внешне 5,010635 0,006051
ловушка 3,218876 0,007775
скомандовать 4,317488 0,005214
лекарство 2,931194 0,003540
область 1,272966 0,003075
здание 3,624341 0,008754
они 2,302585 0,002781
знакомый 2,612740 0,003155
перемешать 5,010635 0,006051
сила 1,321756 0,004789
мир 0,000000 0,000000
раскурочить 5,010635 0,006051
искать 2,302585 0,002781
структура 0,000000 0,000000
успеть 2,525729 0,006101
мольба 5,010635 0,006051
репортаж 3,912023 0,009449
русский 1,919593 0,004637
житель 1,678431 0,022298
дело 1,249435 0,001509
бояться 2,120264 0,005121
выживать 4,317488 0,005214
бывший 0,000000 0,000000
боец 1,875141 0,011323
небольшой 2,177422 0,005259
время 0,693147 0,001674
единственный 2,708050 0,006541
забыть 2,708050 0,003271
разрушать 5,010635 0,006051
командование 3,218876 0,003888
торецк 5,010635 0,006051
ооо 0,000000 0,000000
выходить 2,612740 0,006311
сознание 3,218876 0,003888
спускаться 3,912023 0,004725
главный 1,272966 0,001537
начальник 2,238047 0,002703
технологийминь 0,000000 0,000000
украина 0,805943 0,003893
город 0,047791 0,000577
следовать 1,966113 0,002375
замолкать 5,010635 0,006051
погибнуть 2,612740 0,009466
час 1,455287 0,001758
суджанский 3,912023 0,004725
сектор 3,218876 0,003888
штатный 3,401197 0,004108
ранить 3,624341 0,004377
хоронить 4,317488 0,005214
галерея 0,000000 0,000000
шанс 2,931194 0,003540
пытаться 1,347074 0,001627
северный 2,371578 0,002864
стрелять 4,317488 0,005214
сосед 4,317488 0,005214
вытаскивать 5,010635 0,006051
давить 5,010635 0,006051
прибиться 5,010635 0,006051
увидеть 1,752539 0,002117
силовой 0,000000 0,000000
рисковать 2,813411 0,006796
подвергаться 3,912023 0,009449
вооружённый 1,678431 0,004054
хотя 2,445686 0,002954
мирный 1,966113 0,018996
читать 0,040822 0,000049
полчаса 3,912023 0,004725
сколько 2,525729 0,003050
вглубь 5,010635 0,006051
отказ 2,120264 0,002561
один 0,836248 0,004040
пережить 2,302585 0,005562
оценка 2,931194 0,003540
нитка 5,010635 0,006051
редакциярекламаконтактыпресс 0,000000 0,000000
обязательно 3,624341 0,004377
дежурить 4,317488 0,005214
полностью 2,525729 0,003050
видео 0,000000 0,000000
решётка 3,401197 0,004108
вэсэушник 5,010635 0,012103
пример 2,371578 0,002864
сыпаться 5,010635 0,006051
плита 5,010635 0,006051
замечать 3,912023 0,004725
солдат 2,371578 0,005728
часть 1,484275 0,007170
едва 2,177422 0,002630
сторона 1,321756 0,001596
вовсе 3,401197 0,004108
немец 3,401197 0,012323
усмешка 5,010635 0,006051
некоторый 1,576648 0,001904
обсудить 0,415515 0,000502
архив 0,000000 0,000000
авангард 4,317488 0,005214
добраться 3,064725 0,003701
эвакуация 3,624341 0,004377
арсенал 5,010635 0,006051
южный 3,218876 0,003888
среда 0,000000 0,000000
освобождение 3,912023 0,009449
боеприпас 3,218876 0,003888
среди 1,714798 0,002071
остаться 0,047791 0,000115
уйти 2,014903 0,002433
эксклюзив 0,000000 0,000000
остов 5,010635 0,006051
атака 1,966113 0,002375
серый 3,912023 0,004725
надежда 3,912023 0,004725
штурмовой 3,401197 0,008215
обустроить 5,010635 0,006051
осколок 4,317488 0,005214
батальон 3,912023 0,004725
нарисовать 5,010635 0,006051
уцелеть 4,317488 0,015643
официально 2,931194 0,003540
смерть 1,919593 0,002318
добавлять 3,624341 0,008754
мёртвый 3,912023 0,004725
пешком 5,010635 0,006051
большой 1,714798 0,002071
контузить 5,010635 0,006051
зато 2,931194 0,003540
кирпичный 5,010635 0,006051
секунда 2,931194 0,003540
благо 5,010635 0,006051
хотеть 0,013423 0,000032
освободить 2,708050 0,013082
армия 2,014903 0,002433
нужно 1,791759 0,002164
стать 0,499776 0,000604
бпнуть 2,931194 0,003540
навести 4,317488 0,005214
вчера 5,010635 0,012103
рота 3,401197 0,004108
доска 3,912023 0,004725
картина 3,064725 0,003701
прицел 4,317488 0,005214
группа 1,514128 0,007315
подразделение 2,813411 0,006796
позывной 5,010635 0,012103
въезд 4,317488 0,005214
огонь 1,609438 0,003888
спецпроект 0,000000 0,000000
это 0,020203 0,000073
украинский 0,047791 0,000404
авиаудар 5,010635 0,006051
еда 2,931194 0,007080
два 0,033902 0,000041
донбасс 3,912023 0,009449
прямой 2,302585 0,002781
разница 3,218876 0,003888
новость 0,000000 0,000000
рядом 2,813411 0,003398
синий 4,317488 0,005214
мотор 0,000000 0,000000
горожанин 3,624341 0,004377
начинаться 2,931194 0,003540
наслать 0,000000 0,000000
остальной 2,612740 0,003155
цикл 2,708050 0,003271
михаил 2,445686 0,017722
жизнь 0,000000 0,000000
окраина 4,317488 0,005214
уничтожить 2,120264 0,002561
оглядываться 5,010635 0,006051
жать 0,013423 0,000016
покров 4,317488 0,005214
войти 0,000000 0,000000
улица 2,302585 0,002781
дорога 2,525729 0,009151
спецоперация 3,218876 0,003888
простреливаться 5,010635 0,006051
всплыть 3,912023 0,004725
точно 3,064725 0,007403
восток 2,177422 0,002630
исписать 4,317488 0,005214
буква 4,317488 0,005214
почему 0,899761 0,001087
хороший 0,006689 0,000016
спокойный 4,317488 0,005214
музей 3,064725 0,003701
банкомат 5,010635 0,006051
выбить 5,010635 0,012103
объятие 4,317488 0,005214
относительно 3,064725 0,003701
прятаться 3,624341 0,004377
значит 3,218876 0,003888
обычный 0,013423 0,000016
затем 1,875141 0,002265
десантник 5,010635 0,006051
медик 3,912023 0,004725
назад 1,678431 0,002027
сынок 5,010635 0,006051
продолжать 0,033902 0,000041
шептать 5,010635 0,006051
первый 0,883501 0,001067
кадр 1,544899 0,009329
выбраться 4,317488 0,005214
ссср 0,000000 0,000000
техника 0,000000 0,000000
взломать 4,317488 0,005214
корпус 3,912023 0,004725
пять 1,484275 0,003585
раздаваться 4,317488 0,005214
разведывательный 4,317488 0,010429
птица 3,624341 0,008754
развалины 5,010635 0,006051
подвал 3,064725 0,011104
появляться 2,612740 0,003155
невский 4,317488 0,015643
никто 2,014903 0,004867
игра 0,000000 0,000000
иконостас 5,010635 0,006051
обрушить 5,010635 0,006051
минь 0,000000 0,000000
отстать 5,010635 0,006051
бахмут 5,010635 0,006051
отойти 3,401197 0,004108
имя 1,875141 0,002265
главное 0,000000 0,000000
кассета 5,010635 0,006051
многоквартирный 5,010635 0,006051
разорвать 4,317488 0,005214
больший 1,373049 0,001658
концерт 3,401197 0,004108
отчаянно 5,010635 0,006051
столкнуться 2,177422 0,002630
пора 2,177422 0,005259
август 2,445686 0,002954
самый 0,883501 0,003201
беспилотник 2,177422 0,002630
материал 0,000000 0,000000
быть 1,399717 0,001690
точка 2,445686 0,002954
курск 4,317488 0,005214
автомобиль 2,177422 0,002630
слышный 5,010635 0,006051
бригада 2,813411 0,006796
отсюда 4,317488 0,010429
продолжение 2,813411 0,003398
распогодиться 5,010635 0,012103
вырваться 4,317488 0,005214
лента 0,000000 0,000000
отряд 2,931194 0,003540
надпись 3,401197 0,004108
методично 5,010635 0,006051
летать 3,624341 0,004377
вести 2,014903 0,002433
снаряд 4,317488 0,005214
линия 2,445686 0,002954
отделение 3,912023 0,004725
спорт 0,000000 0,000000
район 2,120264 0,010243
разрушить 3,401197 0,012323
подчинённый 5,010635 0,006051
национальный 2,371578 0,002864
мочь 0,836248 0,002020
добровольческий 5,010635 0,012103
церковь 4,317488 0,005214
недоступный 5,010635 0,006051
натыкаться 5,010635 0,006051
четыре 0,040822 0,000099
открытка 5,010635 0,006051
погода 3,624341 0,004377
глубокий 2,931194 0,003540
воспитанный 3,912023 0,004725
проверять 5,010635 0,006051
далёкий 2,525729 0,006101
молча 3,912023 0,004725
конфиденциальностиправить 0,000000 0,000000
превратить 3,912023 0,004725
отметить 1,399717 0,001690
вообще 2,813411 0,003398
выпрыгнуть 5,010635 0,006051
донецк 4,317488 0,005214
тяжёлый 1,791759 0,004328
небо 2,525729 0,003050
занятой 3,912023 0,004725
применение 0,000000 0,000000
набросать 5,010635 0,006051
станислав 3,218876 0,003888
переглянуться 3,912023 0,004725
снег 2,931194 0,003540
смочь 1,399717 0,003381
наступать 4,317488 0,005214
оказываться 3,624341 0,004377
готовый 1,791759 0,002164
отдел 0,579818 0,000700
ценность 0,000000 0,000000
пейзаж 5,010635 0,006051
вернуться 0,006689 0,000008
поворот 3,912023 0,004725
беда 5,010635 0,006051
кирилл 2,708050 0,019624
российский 0,033902 0,000082
исчезнуть 3,064725 0,003701
выставить 4,317488 0,005214
обитание 0,000000 0,000000
спасатель 3,624341 0,004377
просто 1,678431 0,002027
россия 0,000000 0,000000
интернет 0,000000 0,000000
спустя 1,832581 0,002213
эвакуировать 2,931194 0,003540
сутки 2,445686 0,002954
шесть 1,966113 0,002375
бондаревка 5,010635 0,006051
срываться 4,317488 0,005214
плен 2,813411 0,003398
истощённый 5,010635 0,006051
ехать 2,931194 0,003540
необходимость 2,525729 0,003050
погреб 5,010635 0,006051
страшный 2,525729 0,006101
ежедневный 3,624341 0,004377
краеведческий 5,010635 0,006051
другой 1,059392 0,006397
сюда 3,401197 0,008215
баллончик 5,010635 0,006051
слеза 4,317488 0,010429
оставаться 1,875141 0,013588
давать 1,875141 0,002265
сеть 0,090654 0,000109
связывать 3,401197 0,004108
пока 1,678431 0,010135
пленный 2,612740 0,003155
дрон 1,832581 0,006640
сей 2,177422 0,005259
знать 1,576648 0,003808
помечать 5,010635 0,006051
центральный 3,064725 0,011104
задерживаться 5,010635 0,006051
решето 4,317488 0,005214
сбербанк 4,317488 0,005214
поспешно 5,010635 0,006051
ребёнок 1,919593 0,002318
местность 5,010635 0,006051
затруднить 4,317488 0,005214
доброволец 4,317488 0,010429
попасть 1,678431 0,004054
двигаться 2,931194 0,003540
мота 5,010635 0,030257
везде 3,912023 0,004725
оба 2,445686 0,002954
путь 2,066196 0,002495
похитить 3,064725 0,003701
снять 2,177422 0,002630
командовать 3,912023 0,004725
сотрудница 4,317488 0,005214
повезти 3,064725 0,011104
круглосуточно 5,010635 0,012103
предмет 3,401197 0,004108
жёстко 4,317488 0,005214
указывать 3,218876 0,003888
война 1,455287 0,001758
мрачно 5,010635 0,006051
мост 3,912023 0,014174
нажать 0,000000 0,000000
дом 0,061875 0,000374
уставный 5,010635 0,006051
культура 0,000000 0,000000
маркетплейс 3,624341 0,004377
красильников 3,624341 0,004377
дверь 2,612740 0,003155
статья 0,000000 0,000000
обстрел 3,218876 0,019438
окружение 2,525729 0,003050
позиция 1,832581 0,002213
нехотя 5,010635 0,006051
любой 2,120264 0,002561
гражданский 3,064725 0,007403
ходить 2,120264 0,002561
наш 1,347074 0,001627
околица 5,010635 0,006051
раис 5,010635 0,012103
многий 2,708050 0,003271
руина 5,010635 0,018154
внутри 2,445686 0,002954
близкий 1,875141 0,002265
многие 1,714798 0,002071
восточный 4,317488 0,005214
одетый 3,401197 0,004108
пострадать 2,813411 0,003398
оказаться 1,249435 0,001509
устраивать 3,064725 0,003701
тщательно 4,317488 0,005214
оккупация 2,525729 0,006101
использованияполитик 0,000000 0,000000
служба 2,120264 0,002561
риа 1,272966 0,001537
заметить 2,120264 0,002561
приказ 2,238047 0,002703
деактивировать 0,013423 0,000016
вроде 3,064725 0,003701
вознесенский 5,010635 0,006051
рекомендательный 0,000000 0,000000
противник 2,525729 0,003050
белый 1,609438 0,001944
стоять 3,064725 0,003701
обгореть 5,010635 0,006051
год 0,521999 0,001261
двор 4,317488 0,005214
входящий 5,010635 0,006051
машина 1,875141 0,004529
забота 0,000000 0,000000
пожаловать 0,013423 0,000016
передвигаться 4,317488 0,005214
кассетный 4,317488 0,005214
квартал 4,317488 0,005214
укрыться 4,317488 0,005214
безопасность 2,014903 0,002433
мариуполь 4,317488 0,005214
двое 3,401197 0,004108
который 0,521999 0,001261
поэтому 1,966113 0,002375
разграбить 5,010635 0,012103
штурмовать 4,317488 0,005214
военкор 3,064725 0,003701
крупный 0,054808 0,000066
вывозить 5,010635 0,006051
победа 0,000000 0,000000
икона 3,912023 0,004725
немногий 5,010635 0,006051
бетонный 3,912023 0,004725
футболка 3,912023 0,004725
частный 3,218876 0,007775
страх 2,238047 0,002703
забор 5,010635 0,018154
сегодня 1,643339 0,001985
попасться 3,218876 0,003888
сми 0,000000 0,000000
находить 3,218876 0,003888
пехота 3,624341 0,008754
вместе 1,514128 0,001829
жить 1,643339 0,005954
рассказывать 2,302585 0,002781
спасение 2,177422 0,002630
прожить 2,931194 0,003540
нужный 2,302585 0,002781
несколько 1,226446 0,004444
идентичность 3,912023 0,004725
суджа 2,612740 0,031555
герой 2,014903 0,002433
место 0,027029 0,000033
март 0,040822 0,000099
военный 0,020203 0,000171
лежать 3,401197 0,004108
корреспондент 2,445686 0,005907
летний 0,047791 0,000115
участие 2,014903 0,002433
экономика 0,000000 0,000000
состав 2,445686 0,002954
совершенно 2,813411 0,003398
церковный 4,317488 0,005214
глаз 2,066196 0,007486
тот 1,427116 0,003447
проезжать 5,010635 0,006051
опечатка 0,000000 0,000000
самостоятельно 3,218876 0,003888
каждый 1,576648 0,003808
маленький 1,791759 0,004328
писать 1,752539 0,002117
закрепиться 5,010635 0,006051
история 1,609438 0,001944
воин 3,912023 0,004725
алтарь 5,010635 0,006051
михаилович 5,010635 0,012103
вдоль 4,317488 0,005214
холодный 4,317488 0,005214
командир 2,813411 0,006796
бой 2,066196 0,007486
дождь 3,624341 0,008754
реальный 0,013423 0,000016
редко 3,624341 0,004377
разруха 3,912023 0,004725
семья 2,120264 0,002561
курский 1,791759 0,004328
поиск 2,445686 0,005907
всу 1,373049 0,003317
сотня 2,014903 0,009734
попробовать 3,064725 0,003701
серафим 5,010635 0,012103
зачищать 5,010635 0,006051
лесопосадка 5,010635 0,006051
объявить 2,120264 0,002561
продажа 2,708050 0,003271
возможность 1,714798 0,002071
отвечать 2,302585 0,002781
проникнуть 2,371578 0,002864
плохой 2,177422 0,002630
безопасный 2,813411 0,003398
опустошить 5,010635 0,006051
пробиться 4,317488 0,005214
невозможный 3,401197 0,004108
круг 3,401197 0,004108
принять 1,678431 0,002027
опасный 2,238047 0,002703
рок 4,317488 0,005214
асфальт 5,010635 0,006051
треск 5,010635 0,006051
видеть 0,013423 0,000016
наука 0,000000 0,000000
заранее 3,624341 0,004377
встречать 3,218876 0,003888
