красноармейский 3,401197 0,009774
ру 0,000000 0,000000
отмечать 1,966113 0,005650
лента 0,000000 0,000000
посольство 3,624341 0,010415
новый 0,000000 0,000000
день 0,033902 0,000097
лишиться 2,445686 0,007028
спорт 0,000000 0,000000
любить 2,177422 0,006257
отечественный 2,445686 0,007028
нацист 3,912023 0,011241
добро 0,013423 0,000116
согласие 0,047791 0,000137
путешествие 0,000000 0,000000
посмеяться 3,401197 0,009774
наряд 3,624341 0,010415
полный 1,875141 0,005388
далёкий 2,525729 0,007258
конфиденциальностиправить 0,000000 0,000000
помощь 0,027029 0,000078
реклама 2,525729 0,007258
политика 0,040822 0,000235
известный 1,714798 0,004928
взрыв 2,302585 0,006617
применение 0,000000 0,000000
оружие 2,120264 0,006093
возможный 2,066196 0,005937
век 1,919593 0,005516
область 1,272966 0,003658
наступление 3,218876 0,009250
лунный 3,912023 0,011241
латексный 4,317488 0,012407
третий 2,120264 0,006093
вс 2,371578 0,006815
признать 1,484275 0,004265
ценность 0,000000 0,000000
известно 1,297063 0,003727
мир 0,000000 0,000000
вернуться 0,006689 0,000019
впервые 1,919593 0,005516
весь 1,078810 0,003100
запад 1,919593 0,011032
пройти 1,427116 0,004101
структура 0,000000 0,000000
жалеть 2,813411 0,008085
смертельный 3,912023 0,011241
сво 2,445686 0,014056
га 3,912023 0,011241
российский 0,033902 0,000097
цель 1,875141 0,005388
обитание 0,000000 0,000000
бывший 0,000000 0,000000
боец 1,875141 0,005388
россия 0,000000 0,000000
интернет 0,000000 0,000000
оон 3,218876 0,009250
ооо 0,000000 0,000000
свой 0,020203 0,000058
требование 2,014903 0,005790
данные 1,678431 0,004823
назвать 1,021651 0,002936
технологийминь 0,000000 0,000000
украина 0,805943 0,013896
отец 1,919593 0,005516
великий 2,238047 0,006431
галерея 0,000000 0,000000
увеличить 4,317488 0,012407
россиянин 1,321756 0,003798
зеленский 0,054808 0,000630
уничтожение 3,401197 0,009774
силовой 0,000000 0,000000
европа 1,791759 0,005149
передача 2,708050 0,007782
эмоция 0,047791 0,000137
пленный 2,612740 0,007508
посол 3,624341 0,010415
выражать 0,047791 0,000275
мирный 1,966113 0,005650
праздник 2,813411 0,008085
дрон 1,832581 0,005266
миропорядок 5,010635 0,014398
читать 0,040822 0,000117
накапливать 0,047791 0,000137
контроль 1,714798 0,004928
изменить 2,066196 0,005937
ядовитый 3,912023 0,011241
база 2,931194 0,008423
дженнер 4,317488 0,012407
оценивать 0,047791 0,000137
один 0,836248 0,002403
редакциярекламаконтактыпресс 0,000000 0,000000
председатель 2,302585 0,006617
боевик 2,931194 0,008423
видео 0,000000 0,000000
зуб 2,525729 0,007258
футболист 2,931194 0,008423
арестовать 2,931194 0,008423
прогресс 0,090654 0,000261
война 1,455287 0,004182
нажать 0,000000 0,000000
сторона 1,321756 0,003798
культура 0,000000 0,000000
поставка 3,218876 0,009250
загрузка 2,931194 0,016846
архив 0,000000 0,000000
статья 0,000000 0,000000
любимый 2,371578 0,006815
босс 2,525729 0,007258
евросоюз 3,064725 0,008807
заявить 0,061875 0,000178
сша 0,040822 0,000469
подвести 3,624341 0,010415
захотеть 2,708050 0,007782
медведев 3,218876 0,009250
отношение 1,226446 0,003524
вещий 3,912023 0,011241
бонус 0,047791 0,000275
среда 0,000000 0,000000
ходить 2,120264 0,006093
внучка 4,317488 0,012407
эксклюзив 0,000000 0,000000
территориальный 3,912023 0,011241
фон 2,371578 0,006815
скидка 0,047791 0,000137
домой 2,612740 0,007508
москва 1,021651 0,002936
сломать 4,317488 0,012407
меню 2,931194 0,016846
план 1,875141 0,005388
уиллис 3,218876 0,009250
объяснить 1,484275 0,004265
врач 2,066196 0,005937
передать 1,966113 0,005650
погружаться 0,047791 0,000137
спасть 2,931194 0,008423
увлекательный 0,047791 0,000137
использованияполитик 0,000000 0,000000
пожалеть 3,912023 0,011241
назначить 2,708050 0,007782
деактивировать 0,013423 0,000039
предупредить 2,302585 0,006617
рекомендательный 0,000000 0,000000
переговоры 0,047791 0,000137
получать 0,033902 0,000097
год 0,521999 0,003000
обманывать 3,624341 0,010415
машина 1,875141 0,005388
хотеть 0,013423 0,000039
зона 2,371578 0,006815
забота 0,000000 0,000000
сбер 0,040822 0,000117
пожаловать 0,013423 0,000039
стать 0,499776 0,004308
потеря 2,014903 0,005790
трамп 0,054808 0,000157
работать 0,027029 0,000078
который 0,521999 0,001500
рота 3,401197 0,009774
спецпроект 0,000000 0,000000
это 0,020203 0,000116
легендарный 2,066196 0,005937
победа 0,000000 0,000000
украинский 0,047791 0,000137
выплата 3,624341 0,010415
слово 0,820981 0,004718
рассказать 0,985284 0,008494
цех 3,064725 0,008807
страна 0,747955 0,002149
новость 0,000000 0,000000
прозвучать 4,317488 0,012407
уголовник 4,317488 0,012407
мотор 0,000000 0,000000
сми 0,000000 0,000000
акция 0,047791 0,000137
наслать 0,000000 0,000000
нарастить 4,317488 0,012407
кайлить 4,317488 0,012407
жизнь 0,000000 0,000000
актёр 2,445686 0,007028
орешник 3,624341 0,010415
жать 0,013423 0,000039
войти 0,000000 0,000000
герой 2,014903 0,005790
захаров 3,218876 0,027749
место 0,027029 0,000078
удивиться 3,912023 0,011241
мутант 4,317488 0,012407
март 0,040822 0,000352
преступный 2,445686 0,007028
военный 0,020203 0,000058
допустить 2,813411 0,008085
летний 0,047791 0,000137
экономика 0,000000 0,000000
попытка 1,609438 0,004625
скафандр 3,401197 0,009774
опечатка 0,000000 0,000000
хороший 0,006689 0,000019
секс 2,177422 0,012514
сицилийский 2,708050 0,007782
змея 4,317488 0,012407
киев 1,714798 0,004928
инсталляция 5,010635 0,014398
белоруссия 2,931194 0,008423
обычный 0,013423 0,000039
конфиденциальность 0,047791 0,000137
предательство 5,010635 0,014398
путин 0,967584 0,008341
влияние 1,919593 0,005516
сняться 4,317488 0,012407
высмеять 3,912023 0,011241
назад 1,678431 0,004823
продолжать 0,033902 0,000097
реальный 0,013423 0,000039
импорт 4,317488 0,012407
название 2,813411 0,008085
ссср 0,000000 0,000000
техника 0,000000 0,000000
курский 1,791759 0,005149
мафия 2,708050 0,007782
итог 1,678431 0,004823
всу 1,373049 0,003946
спг 5,010635 0,014398
ошибка 2,525729 0,007258
учительница 3,912023 0,011241
дер 5,010635 0,014398
игра 0,000000 0,000000
сон 3,064725 0,008807
вернуть 2,371578 0,006815
рэб 4,317488 0,012407
обменивать 0,047791 0,000137
минь 0,000000 0,000000
переход 3,064725 0,008807
заэс 3,624341 0,010415
условие 0,033902 0,000195
брюс 3,218876 0,009250
ваш 0,047791 0,000137
главное 0,000000 0,000000
ответ 1,678431 0,004823
ляйена 5,010635 0,014398
невозможный 3,401197 0,009774
раскрыть 1,643339 0,004722
видеть 0,013423 0,000039
реакция 0,047791 0,000275
скорый 2,525729 0,014516
миллион 1,347074 0,003871
материал 0,000000 0,000000
наука 0,000000 0,000000
символ 2,445686 0,007028
сообщить 1,297063 0,003727
сообщество 2,445686 0,007028
физкультура 3,912023 0,011241
рубрика 4,317488 0,024813
