вредный 2,612740 0,004884
ру 0,000000 0,000000
лента 0,000000 0,000000
ранение 2,813411 0,005259
новый 0,000000 0,000000
разведка 2,612740 0,004884
диалог 2,813411 0,005259
угон 2,931194 0,010958
тур 3,401197 0,006357
сквозь 2,931194 0,005479
спорт 0,000000 0,000000
санкция 2,014903 0,003766
кредит 3,624341 0,006774
голливудский 2,813411 0,005259
включение 3,401197 0,006357
население 2,525729 0,004721
финский 3,401197 0,006357
добро 0,013423 0,000075
сам 1,226446 0,002292
согласие 0,047791 0,000089
борьба 2,014903 0,003766
путешествие 0,000000 0,000000
четыре 0,040822 0,000076
удар 1,455287 0,002720
заявление 2,066196 0,003862
нострый 2,931194 0,005479
конфликт 0,061875 0,000116
конфиденциальностиправить 0,000000 0,000000
александр 1,373049 0,002566
помощь 0,027029 0,000051
дракон 2,931194 0,005479
человек 0,762140 0,001425
украинец 2,525729 0,004721
тяжёлый 1,791759 0,003349
схема 2,612740 0,004884
десятилетие 2,931194 0,005479
политика 0,040822 0,000076
разговор 1,160488 0,006507
применение 0,000000 0,000000
макрон 3,401197 0,006357
кривой 4,317488 0,008070
суд 1,832581 0,006851
лекарство 2,931194 0,005479
отрастить 3,064725 0,005728
область 1,272966 0,004759
прорваться 2,813411 0,005259
век 1,919593 0,007176
суп 2,708050 0,005062
женщина 1,484275 0,002774
оно 2,445686 0,004571
признать 1,484275 0,002774
ценность 0,000000 0,000000
известно 1,297063 0,007273
мужской 2,708050 0,005062
мир 0,000000 0,000000
вернуться 0,006689 0,000013
обвинять 2,525729 0,004721
бросать 2,708050 0,005062
запад 1,919593 0,003588
структура 0,000000 0,000000
миф 2,813411 0,005259
стрелка 3,912023 0,007312
рак 2,708050 0,005062
российский 0,033902 0,000127
волна 2,302585 0,004304
ус 2,931194 0,005479
весенний 3,401197 0,006357
скот 2,931194 0,005479
обитание 0,000000 0,000000
бывший 0,000000 0,000000
конец 1,643339 0,003072
россия 0,000000 0,000000
интернет 0,000000 0,000000
сицилия 3,401197 0,006357
ооо 0,000000 0,000000
прислать 2,302585 0,004304
красноярский 2,931194 0,005479
свой 0,020203 0,000076
пробовать 2,931194 0,005479
проблема 0,047791 0,000089
ситуация 1,484275 0,002774
главный 1,272966 0,002379
требование 2,014903 0,003766
провокация 2,302585 0,004304
популярный 1,791759 0,010047
потребовать 2,445686 0,004571
резко 2,371578 0,004433
назвать 1,021651 0,009548
технологийминь 0,000000 0,000000
контрразведывательный 2,931194 0,010958
украина 0,805943 0,009039
лукашенко 2,813411 0,005259
предупреждать 2,612740 0,004884
час 1,455287 0,002720
телефонный 1,643339 0,003072
выполнение 2,525729 0,004721
утратить 3,064725 0,005728
джидда 3,624341 0,006774
бесполезный 2,931194 0,005479
галерея 0,000000 0,000000
ударить 2,525729 0,014163
пытаться 1,347074 0,002518
особенность 2,813411 0,010517
россиянин 1,321756 0,009882
вызывающий 2,931194 0,005479
начаться 0,033902 0,000063
зеленский 0,054808 0,000102
добрый 2,525729 0,004721
силовой 0,000000 0,000000
заняться 2,813411 0,005259
обожать 2,813411 0,005259
эмоция 0,047791 0,000089
ожидание 2,931194 0,005479
массировать 2,931194 0,010958
редкий 2,371578 0,004433
нелепый 2,931194 0,005479
последствие 1,875141 0,007010
подруга 2,708050 0,005062
порядок 2,066196 0,003862
лондон 2,445686 0,004571
выражать 0,047791 0,000179
период 2,014903 0,003766
полвека 2,931194 0,005479
мирный 1,966113 0,007350
дрон 1,832581 0,006851
читать 0,040822 0,000076
минобороны 1,966113 0,007350
кубань 3,064725 0,005728
накапливать 0,047791 0,000089
контроль 1,714798 0,003205
причина 1,484275 0,002774
перевалить 4,317488 0,008070
мошенник 2,371578 0,008866
приостановить 2,708050 0,005062
севастополь 3,064725 0,005728
хищник 2,931194 0,005479
вид 1,514128 0,002830
оценивать 0,047791 0,000089
один 0,836248 0,001563
неприемлемость 3,218876 0,006017
редакциярекламаконтактыпресс 0,000000 0,000000
доставить 2,177422 0,004070
патовый 3,064725 0,005728
видео 0,000000 0,000000
интересный 2,525729 0,004721
польша 3,401197 0,006357
пришелец 3,064725 0,005728
зуб 2,525729 0,004721
назло 3,064725 0,005728
тип 3,401197 0,006357
оценить 2,066196 0,003862
жест 2,371578 0,004433
война 1,455287 0,002720
мэр 2,525729 0,004721
взбудоражить 3,064725 0,005728
коза 2,931194 0,005479
нажать 0,000000 0,000000
россиянка 1,875141 0,007010
ожидать 2,445686 0,004571
полковник 3,218876 0,006017
культура 0,000000 0,000000
пропасть 1,966113 0,007350
лето 2,612740 0,004884
энергообъект 3,218876 0,006017
вооружаться 3,912023 0,007312
архив 0,000000 0,000000
британия 3,401197 0,006357
неразлучный 3,064725 0,005728
статья 0,000000 0,000000
советский 1,752539 0,003276
босс 2,525729 0,004721
евросоюз 3,064725 0,005728
сша 0,040822 0,000458
разъяснить 3,624341 0,006774
жалоба 3,064725 0,005728
подвести 3,624341 0,006774
отношение 1,226446 0,004585
школьница 3,064725 0,011457
бонус 0,047791 0,000179
прыщ 3,064725 0,005728
среда 0,000000 0,000000
прощаться 3,064725 0,005728
ответить 1,832581 0,006851
комплимент 2,931194 0,005479
обман 2,525729 0,004721
граница 2,014903 0,003766
начальство 3,064725 0,005728
внутри 2,445686 0,004571
прежний 2,371578 0,004433
эксклюзив 0,000000 0,000000
контакт 1,919593 0,003588
скидка 0,047791 0,000089
москва 1,021651 0,003819
атака 1,966113 0,007350
приём 2,445686 0,004571
план 1,875141 0,003505
объяснить 1,484275 0,008323
зоопарк 2,931194 0,005479
погружаться 0,047791 0,000089
оформление 3,218876 0,006017
выгодный 3,218876 0,006017
нефтебаза 2,813411 0,005259
результат 1,347074 0,002518
увлекательный 0,047791 0,000089
призыв 3,218876 0,006017
соблюдение 2,813411 0,005259
использованияполитик 0,000000 0,000000
съесть 2,525729 0,004721
выглядеть 1,752539 0,003276
приказ 2,238047 0,004183
большой 1,714798 0,003205
деактивировать 0,013423 0,000025
предупредить 2,302585 0,004304
энергетика 2,371578 0,004433
договорённость 2,302585 0,004304
рекомендательный 0,000000 0,000000
опасность 2,371578 0,004433
переговоры 0,047791 0,000268
получать 0,033902 0,000063
воля 2,120264 0,003963
исповедь 2,931194 0,005479
год 0,521999 0,000976
пакет 3,401197 0,006357
хотеть 0,013423 0,000025
разочарование 3,912023 0,007312
подготовка 2,302585 0,004304
перейти 2,445686 0,004571
забота 0,000000 0,000000
сын 2,120264 0,003963
удержать 2,612740 0,004884
сбер 0,040822 0,000076
пожаловать 0,013423 0,000025
деталь 2,708050 0,005062
раскритиковать 2,931194 0,005479
устроить 2,014903 0,003766
стать 0,499776 0,003737
сексуальность 2,931194 0,005479
бить 2,445686 0,004571
потеря 2,014903 0,003766
трамп 0,054808 0,000307
работать 0,027029 0,000051
крымский 2,813411 0,005259
квадрат 4,317488 0,008070
присоединить 3,912023 0,007312
совместный 3,401197 0,006357
задержать 1,875141 0,003505
десятка 2,302585 0,004304
операция 1,514128 0,005660
спецпроект 0,000000 0,000000
это 0,020203 0,000076
легендарный 2,066196 0,003862
победа 0,000000 0,000000
украинский 0,047791 0,000179
привести 1,427116 0,002668
стамбул 2,931194 0,005479
два 0,033902 0,000063
противопехотный 3,624341 0,006774
рассказать 0,985284 0,005525
бронирование 3,624341 0,006774
президент 0,851752 0,001592
новость 0,000000 0,000000
мотор 0,000000 0,000000
случай 1,484275 0,002774
сми 0,000000 0,000000
акция 0,047791 0,000089
покушение 3,064725 0,011457
советско 3,624341 0,006774
остановка 2,525729 0,004721
наслать 0,000000 0,000000
эрекция 2,931194 0,005479
разбирать 2,931194 0,005479
жизнь 0,000000 0,000000
спасение 2,177422 0,008140
брат 2,525729 0,004721
несколько 1,226446 0,004585
жать 0,013423 0,000025
суджа 2,612740 0,004884
войти 0,000000 0,000000
свет 0,054808 0,000102
финляндия 2,931194 0,005479
историк 2,931194 0,005479
обещать 2,525729 0,004721
накануне 2,238047 0,004183
март 0,040822 0,000382
преступление 2,238047 0,004183
преступный 2,445686 0,004571
безутешный 3,064725 0,005728
военный 0,020203 0,000076
летний 0,047791 0,000089
крем 3,064725 0,005728
аккаунт 2,813411 0,005259
экономика 0,000000 0,000000
попытка 1,609438 0,009025
предсказание 3,064725 0,005728
стриптизер 2,931194 0,005479
считать 1,373049 0,002566
месть 2,931194 0,005479
сбить 2,813411 0,005259
опечатка 0,000000 0,000000
почему 0,899761 0,003364
наиболее 3,218876 0,006017
рубль 1,514128 0,002830
возненавидеть 2,708050 0,005062
хороший 0,006689 0,000038
отчитаться 2,813411 0,005259
германия 2,066196 0,003862
поздний 1,832581 0,003425
объект 1,832581 0,003425
сицилийский 2,708050 0,015185
белгородский 2,445686 0,009143
готовиться 2,371578 0,004433
отреагировать 1,966113 0,011025
три 1,919593 0,003588
обычный 0,013423 0,000025
разместить 3,064725 0,005728
жильё 3,218876 0,006017
ванг 3,064725 0,005728
затем 1,875141 0,003505
звезда 1,919593 0,003588
грядущий 3,401197 0,006357
конфиденциальность 0,047791 0,000089
совфедя 3,912023 0,007312
искандер 3,624341 0,006774
уровень 1,643339 0,003072
путин 0,967584 0,010851
действие 1,714798 0,003205
влияние 1,919593 0,010764
назад 1,678431 0,003137
продолжать 0,033902 0,000063
реальный 0,013423 0,000025
полмиллиона 2,708050 0,005062
вещество 2,612740 0,004884
ссср 0,000000 0,000000
техника 0,000000 0,000000
влюбить 2,931194 0,005479
мафия 2,708050 0,020247
всу 1,373049 0,017965
итог 1,678431 0,003137
пять 1,484275 0,002774
работник 2,612740 0,004884
февраль 1,160488 0,002169
кладбище 3,064725 0,005728
игра 0,000000 0,000000
обменивать 0,047791 0,000089
минь 0,000000 0,000000
калибр 3,624341 0,006774
условие 0,033902 0,000190
родитель 2,931194 0,005479
против 1,791759 0,003349
ваш 0,047791 0,000089
главное 0,000000 0,000000
губернатор 2,708050 0,005062
кеннеди 3,218876 0,012033
французский 3,064725 0,005728
исчезать 3,064725 0,005728
правда 0,040822 0,000076
проникнуть 2,371578 0,004433
высказаться 2,238047 0,012550
рог 4,317488 0,008070
стоимость 2,238047 0,004183
аптечный 3,064725 0,005728
массово 2,371578 0,004433
раскрыть 1,643339 0,009215
видеть 0,013423 0,000025
реакция 0,047791 0,000179
неделя 1,919593 0,003588
мина 2,708050 0,005062
самый 0,883501 0,001651
беспилотник 2,177422 0,004070
увольнение 2,612740 0,004884
миллион 1,347074 0,002518
вторгнуться 2,813411 0,005259
материал 0,000000 0,000000
наука 0,000000 0,000000
высокий 1,455287 0,002720
обострение 3,624341 0,006774
ачинск 3,624341 0,006774
сообщество 2,445686 0,004571
продукт 2,120264 0,003963
признак 2,612740 0,004884
слониха 3,064725 0,005728
