ру 0,000000 0,000000
рф 1,514128 0,004717
банк 0,068993 0,000215
лента 0,000000 0,000000
новый 0,000000 0,000000
день 0,033902 0,000106
хутор 4,317488 0,026900
перемирие 0,076161 0,000237
линия 2,445686 0,007619
штурм 3,401197 0,010596
спорт 0,000000 0,000000
отвести 0,076161 0,000237
этот 1,427116 0,004446
добро 0,013423 0,000125
согласие 0,047791 0,000149
путешествие 0,000000 0,000000
четыре 0,040822 0,000127
подкрепление 5,010635 0,015609
полный 1,875141 0,005842
конфликт 0,061875 0,000193
конфиденциальностиправить 0,000000 0,000000
пол 0,090654 0,000282
помощь 0,027029 0,000084
вода 0,054808 0,000171
подробный 3,064725 0,009547
фото 0,061875 0,000193
пункт 1,966113 0,006125
политика 0,040822 0,000127
кислород 4,317488 0,013450
применение 0,000000 0,000000
окрестный 5,010635 0,015609
дать 1,272966 0,003966
действовать 2,238047 0,006972
минимальный 3,624341 0,011291
область 1,272966 0,011897
земля 1,919593 0,005980
кубаткина 5,010635 0,015609
вс 2,371578 0,007388
ценность 0,000000 0,000000
мир 0,000000 0,000000
вернуться 0,006689 0,000021
впервые 1,919593 0,011960
индия 0,076161 0,000237
штурмовик 2,931194 0,018263
зазулёвка 5,010635 0,015609
структура 0,000000 0,000000
русский 1,919593 0,005980
сво 2,445686 0,015238
российский 0,033902 0,000528
цель 1,875141 0,005842
обитание 0,000000 0,000000
бывший 0,000000 0,000000
боец 1,875141 0,011683
россия 0,000000 0,000000
интернет 0,000000 0,000000
телеканал 3,218876 0,010028
маккартень 0,097980 0,000305
ооо 0,000000 0,000000
свой 0,020203 0,000063
проблема 0,047791 0,000149
плен 2,813411 0,008765
появиться 1,373049 0,004277
гид 0,076161 0,000237
технологийминь 0,000000 0,000000
паника 3,064725 0,009547
город 0,047791 0,000149
опорник 5,010635 0,015609
административный 5,010635 0,015609
американский 0,054808 0,000171
галерея 0,000000 0,000000
внешность 0,097980 0,000305
сотрудник 0,068993 0,000215
десант 3,064725 0,028642
начаться 0,033902 0,000211
представить 2,525729 0,007868
зеленский 0,054808 0,000341
силовой 0,000000 0,000000
пляжный 0,097980 0,000305
эмоция 0,047791 0,000149
сеть 0,090654 0,000282
однако 1,249435 0,003892
ход 1,678431 0,005229
выражать 0,047791 0,000298
преждевременно 4,317488 0,013450
читать 0,040822 0,000127
военнослужащий 0,068993 0,000430
накапливать 0,047791 0,000149
контроль 1,714798 0,005342
темнота 5,010635 0,015609
войско 2,371578 0,007388
полотно 5,010635 0,015609
оценивать 0,047791 0,000149
байконур 0,097980 0,000305
один 0,836248 0,002605
населить 2,525729 0,007868
редакциярекламаконтактыпресс 0,000000 0,000000
видео 0,000000 0,000000
километр 3,064725 0,019095
депутат 0,068993 0,000215
прогресс 0,090654 0,000282
солдат 2,371578 0,007388
часть 1,484275 0,004624
мост 3,912023 0,012187
неожиданность 3,912023 0,012187
выход 2,120264 0,026421
дерзкий 4,317488 0,013450
форма 0,061875 0,000193
нажать 0,000000 0,000000
последний 0,083382 0,000520
дом 0,061875 0,000193
сторона 1,321756 0,004118
культура 0,000000 0,000000
преодолеть 3,064725 0,009547
поток 3,064725 0,009547
архив 0,000000 0,000000
статья 0,000000 0,000000
разойтись 4,317488 0,013450
позиция 1,832581 0,022836
заявить 0,061875 0,000193
сша 0,040822 0,000127
карта 2,014903 0,025108
бонус 0,047791 0,000298
среда 0,000000 0,000000
раскрытие 0,076161 0,000237
говорить 1,160488 0,003615
остаться 0,047791 0,000149
граница 2,014903 0,006277
эксклюзив 0,000000 0,000000
уволить 0,076161 0,000237
скидка 0,047791 0,000149
комментарий 1,427116 0,004446
атака 1,966113 0,024500
погружаться 0,047791 0,000149
увлекательный 0,047791 0,000149
оккупация 2,525729 0,007868
использованияполитик 0,000000 0,000000
деактивировать 0,013423 0,000042
свыше 3,401197 0,010596
далее 2,708050 0,008436
рекомендательный 0,000000 0,000000
переговоры 0,047791 0,000149
получать 0,033902 0,000106
хотеть 0,013423 0,000042
обратиться 0,076161 0,000237
освободить 2,708050 0,008436
забота 0,000000 0,000000
сбер 0,040822 0,000127
пожаловать 0,013423 0,000042
стать 0,499776 0,003114
трамп 0,054808 0,000171
работать 0,027029 0,000084
военкор 3,064725 0,009547
крупный 0,054808 0,000341
операция 1,514128 0,014151
спецпроект 0,000000 0,000000
рамка 2,371578 0,007388
массовый 2,066196 0,006437
это 0,020203 0,000063
труба 3,064725 0,038190
победа 0,000000 0,000000
украинский 0,047791 0,000298
привести 1,427116 0,004446
белоус 0,076161 0,000237
два 0,033902 0,000317
прибыть 0,083382 0,000260
страна 0,747955 0,002330
новость 0,000000 0,000000
туристка 0,076161 0,000237
мотор 0,000000 0,000000
случай 1,484275 0,004624
сми 0,000000 0,000000
взять 2,371578 0,007388
акция 0,047791 0,000149
оттуда 3,401197 0,010596
наслать 0,000000 0,000000
сюжетатака 3,912023 0,012187
жизнь 0,000000 0,000000
жилец 0,068993 0,000215
предречь 0,076161 0,000475
жать 0,013423 0,000042
суджа 2,612740 0,032558
войти 0,000000 0,000000
начало 1,399717 0,004360
место 0,027029 0,000084
свет 0,054808 0,000171
окоп 5,010635 0,015609
регион 0,076161 0,000237
мс 0,097980 0,000305
март 0,040822 0,000254
военный 0,020203 0,000063
летний 0,047791 0,000149
утверждать 2,525729 0,007868
рада 0,068993 0,000215
экономика 0,000000 0,000000
канал 1,791759 0,005582
уход 0,076161 0,000237
опечатка 0,000000 0,000000
хороший 0,006689 0,000021
спор 0,097980 0,000305
поздний 1,832581 0,005709
перекрыть 5,010635 0,015609
отключить 1,514128 0,004717
вызвать 0,090654 0,000282
обычный 0,013423 0,000042
затем 1,875141 0,005842
конфиденциальность 0,047791 0,000149
количество 1,576648 0,004912
параллельмыть 2,177422 0,006783
вдоль 4,317488 0,013450
изнасиловать 0,076161 0,000237
продолжать 0,033902 0,000106
реальный 0,013423 0,000042
кадр 1,544899 0,004813
ссср 0,000000 0,000000
техника 0,000000 0,000000
тысяча 0,054808 0,000171
курский 1,791759 0,016745
всу 1,373049 0,025664
опубликовать 1,875141 0,011683
сотня 2,014903 0,006277
агломерация 5,010635 0,015609
затопить 0,076161 0,000237
игра 0,000000 0,000000
обменивать 0,047791 0,000149
минь 0,000000 0,000000
условие 0,033902 0,000211
ваш 0,047791 0,000149
общество 2,177422 0,006783
железнодорожный 3,401197 0,010596
главное 0,000000 0,000000
медитация 0,076161 0,000237
правда 0,040822 0,000127
проникнуть 2,371578 0,007388
занять 2,813411 0,017529
пробиться 4,317488 0,013450
добираться 4,317488 0,013450
гарнизон 5,010635 0,015609
сдача 4,317488 0,013450
видеть 0,013423 0,000042
реакция 0,047791 0,000298
самый 0,883501 0,002752
материал 0,000000 0,000000
наука 0,000000 0,000000
