полагать 2,445686 0,007479
слух 2,813411 0,008604
ру 0,000000 0,000000
отмечать 1,966113 0,006013
банк 0,068993 0,000211
лента 0,000000 0,000000
новый 0,000000 0,000000
день 0,033902 0,000104
ухо 3,624341 0,011084
перемирие 0,076161 0,000233
роль 1,714798 0,005244
спорт 0,000000 0,000000
навязчивый 5,010635 0,015323
население 2,525729 0,007724
отвести 0,076161 0,000233
этот 1,427116 0,004364
добро 0,013423 0,000123
согласие 0,047791 0,000146
путешествие 0,000000 0,000000
четыре 0,040822 0,000125
звон 4,317488 0,013203
важный 1,875141 0,005734
всенаукать 3,064725 0,009372
конфликт 0,061875 0,000189
конфиденциальностиправить 0,000000 0,000000
пол 0,090654 0,000277
помощь 0,027029 0,000083
человек 0,762140 0,002331
вода 0,054808 0,000168
отмечаться 2,177422 0,006659
фото 0,061875 0,000378
проанализировать 5,010635 0,015323
тяжёлый 1,791759 0,005479
политика 0,040822 0,000125
связь 1,714798 0,005244
осторожность 4,317488 0,013203
применение 0,000000 0,000000
дать 1,272966 0,003893
ухудшение 3,064725 0,009372
вероятность 3,912023 0,035890
исследование 2,708050 0,024844
положительный 3,401197 0,010401
лекарство 2,931194 0,008964
определить 2,612740 0,007990
отдел 0,579818 0,001773
ценность 0,000000 0,000000
мир 0,000000 0,000000
вернуться 0,006689 0,000020
снижение 2,612740 0,007990
индия 0,076161 0,000233
структура 0,000000 0,000000
кофеин 4,317488 0,026407
российский 0,033902 0,000207
обитание 0,000000 0,000000
бывший 0,000000 0,000000
употребление 4,317488 0,039610
регулярный 2,931194 0,008964
россиикосмосоружиеисторияздоровьебудущеетехникагаджетыигрысофт 3,064725 0,009372
россия 0,000000 0,000000
интернет 0,000000 0,000000
маккартень 0,097980 0,000300
ооо 0,000000 0,000000
прислать 2,302585 0,007042
поражать 3,064725 0,009372
свой 0,020203 0,000062
данный 2,445686 0,007479
проблема 0,047791 0,000292
также 0,762140 0,002331
рацион 3,624341 0,011084
гид 0,076161 0,000233
технологийминь 0,000000 0,000000
город 0,047791 0,000146
предупреждать 2,612740 0,007990
следовать 1,966113 0,006013
американский 0,054808 0,000168
молочный 5,010635 0,030646
галерея 0,000000 0,000000
внешность 0,097980 0,000300
зависимость 2,525729 0,007724
вызывающий 2,931194 0,008964
поведенческий 5,010635 0,015323
сотрудник 0,068993 0,000211
начаться 0,033902 0,000104
зеленский 0,054808 0,000335
клетка 4,317488 0,013203
силовой 0,000000 0,000000
пляжный 0,097980 0,000300
эмоция 0,047791 0,000146
причинный 5,010635 0,015323
сеть 0,090654 0,000277
терапия 4,317488 0,013203
однако 1,249435 0,003821
питание 2,708050 0,008281
выражать 0,047791 0,000292
серьёзный 2,302585 0,007042
шум 3,912023 0,011963
система 1,643339 0,005026
читать 0,040822 0,000125
военнослужащий 0,068993 0,000211
накапливать 0,047791 0,000146
причина 1,484275 0,004539
автор 3,064725 0,009372
учёный 2,525729 0,015448
выраженный 5,010635 0,015323
польза 2,612740 0,015980
оценивать 0,047791 0,000146
байконур 0,097980 0,000300
редакциярекламаконтактыпресс 0,000000 0,000000
снизить 3,064725 0,018744
свойство 3,912023 0,011963
видео 0,000000 0,000000
выявить 2,813411 0,025811
фрукт 3,064725 0,046861
депутат 0,068993 0,000211
слуховой 4,317488 0,013203
прогресс 0,090654 0,000277
форма 0,061875 0,000189
нажать 0,000000 0,000000
уменьшать 5,010635 0,015323
последний 0,083382 0,000255
дом 0,061875 0,000189
медикамент 4,317488 0,013203
культура 0,000000 0,000000
часто 2,525729 0,007724
момент 1,399717 0,004280
обсудить 0,415515 0,001271
архив 0,000000 0,000000
помочь 1,714798 0,005244
тревожность 4,317488 0,013203
статья 0,000000 0,000000
существовать 2,445686 0,007479
заявить 0,061875 0,000189
сша 0,040822 0,000125
аппарат 3,401197 0,010401
бонус 0,047791 0,000292
среда 0,000000 0,000000
сводиться 4,317488 0,013203
раскрытие 0,076161 0,000233
тиннитус 5,010635 0,076615
редактор 0,556288 0,001701
антиоксидантный 5,010635 0,015323
противовоспалительный 3,912023 0,011963
остаться 0,047791 0,000146
клетчатка 4,317488 0,026407
сопровождаться 5,010635 0,015323
эксклюзив 0,000000 0,000000
уволить 0,076161 0,000233
крыться 3,624341 0,011084
качество 1,832581 0,005604
скидка 0,047791 0,000146
специфический 3,912023 0,011963
взрослый 2,931194 0,008964
погружаться 0,047791 0,000146
около 1,678431 0,005133
результат 1,347074 0,004119
увлекательный 0,047791 0,000146
использованияполитик 0,000000 0,000000
екатерина 2,612740 0,007990
здоровье 2,302585 0,007042
сосудистый 3,912023 0,011963
деактивировать 0,013423 0,000041
рекомендательный 0,000000 0,000000
переговоры 0,047791 0,000146
получать 0,033902 0,000104
хотеть 0,013423 0,000041
обратиться 0,076161 0,000233
планета 2,931194 0,008964
лечение 2,931194 0,008964
забота 0,000000 0,000000
сбер 0,040822 0,000125
пожаловать 0,013423 0,000041
трамп 0,054808 0,000168
работать 0,027029 0,000083
вывод 2,708050 0,008281
крупный 0,054808 0,000335
спецпроект 0,000000 0,000000
это 0,020203 0,000062
победа 0,000000 0,000000
украинский 0,047791 0,000146
привести 1,427116 0,004364
депрессия 3,624341 0,011084
белоус 0,076161 0,000233
прибыть 0,083382 0,000255
два 0,033902 0,000207
прямой 2,302585 0,007042
процент 1,678431 0,025664
новость 0,000000 0,000000
туристка 0,076161 0,000233
мотор 0,000000 0,000000
случай 1,484275 0,004539
сми 0,000000 0,000000
акция 0,047791 0,000146
наслать 0,000000 0,000000
такой 1,003302 0,003068
жизнь 0,000000 0,000000
жилец 0,068993 0,000211
предречь 0,076161 0,000466
неожиданный 2,813411 0,017207
жать 0,013423 0,000041
войти 0,000000 0,000000
место 0,027029 0,000083
свет 0,054808 0,000168
регион 0,076161 0,000233
мс 0,097980 0,000300
март 0,040822 0,000125
относиться 2,302585 0,007042
военный 0,020203 0,000062
летний 0,047791 0,000146
рада 0,068993 0,000211
экономика 0,000000 0,000000
уход 0,076161 0,000233
опечатка 0,000000 0,000000
наиболее 3,218876 0,009844
хороший 0,006689 0,000020
спор 0,097980 0,000300
любитель 3,624341 0,011084
следственный 3,912023 0,011963
вызвать 0,090654 0,000277
играть 2,708050 0,008281
обычный 0,013423 0,000041
конфиденциальность 0,047791 0,000146
механизм 2,371578 0,007253
влияние 1,919593 0,011741
изнасиловать 0,076161 0,000233
продолжать 0,033902 0,000104
реальный 0,013423 0,000041
доказывать 4,317488 0,013203
развитие 2,120264 0,025936
техника 0,000000 0,000000
ссср 0,000000 0,000000
тысяча 0,054808 0,000335
состояние 2,238047 0,013688
опубликовать 1,875141 0,005734
затопить 0,076161 0,000233
игра 0,000000 0,000000
сон 3,064725 0,009372
обменивать 0,047791 0,000146
минь 0,000000 0,000000
условие 0,033902 0,000207
ваш 0,047791 0,000146
гул 5,010635 0,015323
главное 0,000000 0,000000
медитация 0,076161 0,000233
правда 0,040822 0,000125
графский 5,010635 0,015323
дальнейший 2,813411 0,008604
риск 2,120264 0,006484
видеть 0,013423 0,000041
использование 2,813411 0,008604
реакция 0,047791 0,000292
материал 0,000000 0,000000
наука 0,000000 0,000000
нервный 3,912023 0,011963
продукт 2,120264 0,019452
точнее 5,010635 0,015323
