ру 0,000000 0,000000
банк 0,068993 0,000246
лента 0,000000 0,000000
новый 0,000000 0,000000
день 0,033902 0,000121
диалог 2,813411 0,010012
перемирие 0,076161 0,000271
советник 2,931194 0,041725
спорт 0,000000 0,000000
национальный 2,371578 0,008440
отвести 0,076161 0,000271
добро 0,013423 0,000143
согласие 0,047791 0,000170
путешествие 0,000000 0,000000
четыре 0,040822 0,000145
урегулирование 2,238047 0,007965
конфликт 0,061875 0,000440
ближний 2,813411 0,010012
конфиденциальностиправить 0,000000 0,000000
пол 0,090654 0,000323
помощь 0,027029 0,000096
вода 0,054808 0,000195
трудный 3,624341 0,012898
фото 0,061875 0,000440
политика 0,040822 0,000291
устьянцев 3,912023 0,013922
разговор 1,160488 0,016519
созвониться 3,624341 0,012898
применение 0,000000 0,000000
дать 1,272966 0,004530
отдел 0,579818 0,002063
ценность 0,000000 0,000000
мир 0,000000 0,000000
вернуться 0,006689 0,000024
индия 0,076161 0,000271
структура 0,000000 0,000000
шаг 2,371578 0,008440
пентагон 3,912023 0,013922
российский 0,033902 0,000724
обитание 0,000000 0,000000
бывший 0,000000 0,000000
планировать 2,612740 0,009298
время 0,693147 0,004933
майк 3,218876 0,011455
россия 0,000000 0,000000
интернет 0,000000 0,000000
добиваться 3,218876 0,011455
активизировать 3,401197 0,012104
маккартень 0,097980 0,000349
ооо 0,000000 0,000000
свой 0,020203 0,000072
ранее 1,003302 0,003570
проблема 0,047791 0,000170
также 0,762140 0,002712
гид 0,076161 0,000271
технологийминь 0,000000 0,000000
украина 0,805943 0,002868
город 0,047791 0,000170
телефонный 1,643339 0,005848
американский 0,054808 0,000195
сложный 2,302585 0,008194
галерея 0,000000 0,000000
прекращение 1,714798 0,006102
внешность 0,097980 0,000349
представитель 1,678431 0,005973
руководство 2,302585 0,008194
сотрудник 0,068993 0,000246
начаться 0,033902 0,000121
другой 1,059392 0,003770
зеленский 0,054808 0,000390
окончание 3,064725 0,010906
силовой 0,000000 0,000000
пляжный 0,097980 0,000349
эмоция 0,047791 0,000170
сеть 0,090654 0,000323
телефон 2,120264 0,007545
однако 1,249435 0,004446
выражать 0,047791 0,000340
читать 0,040822 0,000145
военнослужащий 0,068993 0,000246
накапливать 0,047791 0,000170
дональд 1,544899 0,005498
оценивать 0,047791 0,000170
байконур 0,097980 0,000349
двигаться 2,931194 0,010431
редакциярекламаконтактыпресс 0,000000 0,000000
оба 2,445686 0,008704
уиткофф 3,064725 0,010906
видео 0,000000 0,000000
депутат 0,068993 0,000246
прогресс 0,090654 0,000323
цру 3,912023 0,013922
война 1,455287 0,005179
форма 0,061875 0,000220
нажать 0,000000 0,000000
дом 0,061875 0,000440
последний 0,083382 0,000297
сторона 1,321756 0,004704
культура 0,000000 0,000000
обсудить 0,415515 0,001479
архив 0,000000 0,000000
коллега 1,791759 0,031882
статья 0,000000 0,000000
дарья 3,624341 0,012898
заявить 0,061875 0,000220
сша 0,040822 0,000436
всеполитикаобществопроисшествияконфликтыпреступность 2,014903 0,007170
бонус 0,047791 0,000340
среда 0,000000 0,000000
раскрытие 0,076161 0,000271
редактор 0,556288 0,001980
остаться 0,047791 0,000170
близкий 1,875141 0,013346
эксклюзив 0,000000 0,000000
контакт 1,919593 0,006831
уволить 0,076161 0,000271
скидка 0,047791 0,000170
госдепартамент 4,317488 0,015365
москва 1,021651 0,003636
ожидаться 3,401197 0,012104
погружаться 0,047791 0,000170
спецпосланник 2,931194 0,010431
стив 3,064725 0,010906
результат 1,347074 0,004794
увлекательный 0,047791 0,000170
использованияполитик 0,000000 0,000000
лицо 1,966113 0,006997
деактивировать 0,013423 0,000048
рекомендательный 0,000000 0,000000
белый 1,609438 0,005728
переговоры 0,047791 0,000170
получать 0,033902 0,000121
хотеть 0,013423 0,000048
обратиться 0,076161 0,000271
вперёд 2,931194 0,010431
забота 0,000000 0,000000
сбер 0,040822 0,000145
пожаловать 0,013423 0,000048
безопасность 2,014903 0,007170
трамп 0,054808 0,001170
работать 0,027029 0,000096
крупный 0,054808 0,000390
провести 1,514128 0,021553
огонь 1,609438 0,005728
спецпроект 0,000000 0,000000
это 0,020203 0,000072
победа 0,000000 0,000000
украинский 0,047791 0,000170
слово 0,820981 0,002922
белоус 0,076161 0,000271
прибыть 0,083382 0,000297
два 0,033902 0,000241
рассказать 0,985284 0,003506
президент 0,851752 0,006062
новость 0,000000 0,000000
вашингтон 2,066196 0,007353
туристка 0,076161 0,000271
мотор 0,000000 0,000000
сми 0,000000 0,000000
акция 0,047791 0,000170
наслать 0,000000 0,000000
жизнь 0,000000 0,000000
жилец 0,068993 0,000246
челночный 5,010635 0,017831
предречь 0,076161 0,000542
жать 0,013423 0,000048
войти 0,000000 0,000000
место 0,027029 0,000096
свет 0,054808 0,000195
регион 0,076161 0,000271
мс 0,097980 0,000349
уолтц 3,624341 0,038694
ведомство 2,066196 0,007353
март 0,040822 0,000145
военный 0,020203 0,000072
летний 0,047791 0,000170
рада 0,068993 0,000246
экономика 0,000000 0,000000
восток 2,177422 0,007749
обсуждение 2,931194 0,010431
дипломатия 2,931194 0,010431
уход 0,076161 0,000271
опечатка 0,000000 0,000000
должностной 5,010635 0,017831
хороший 0,006689 0,000024
спор 0,097980 0,000349
добавить 1,966113 0,006997
вызвать 0,090654 0,000323
обычный 0,013423 0,000048
конфиденциальность 0,047791 0,000170
уровень 1,643339 0,005848
изнасиловать 0,076161 0,000271
продолжать 0,033902 0,000121
реальный 0,013423 0,000048
ссср 0,000000 0,000000
техника 0,000000 0,000000
тысяча 0,054808 0,000195
поручение 3,401197 0,012104
затопить 0,076161 0,000271
игра 0,000000 0,000000
обменивать 0,047791 0,000170
минь 0,000000 0,000000
условие 0,033902 0,000241
ваш 0,047791 0,000170
главное 0,000000 0,000000
медитация 0,076161 0,000271
правда 0,040822 0,000145
передавать 2,525729 0,008988
видеть 0,013423 0,000048
реакция 0,047791 0,000340
материал 0,000000 0,000000
наука 0,000000 0,000000
сообщить 1,297063 0,013848
беседа 1,752539 0,006237
позитивный 3,401197 0,012104
