состояться 2,014903 0,003084
леонид 3,064725 0,003519
ру 0,000000 0,000000
личный 1,791759 0,001371
банк 0,068993 0,000026
комар 4,317488 0,004957
бензин 3,401197 0,001302
аварийный 4,317488 0,001652
день 0,033902 0,000026
своеобразие 5,010635 0,001918
повлиять 3,218876 0,002464
гибнуть 5,010635 0,001918
физический 2,813411 0,001077
совещание 3,912023 0,004491
прощальный 5,010635 0,001918
попросить 2,445686 0,000936
включение 3,401197 0,001302
отвести 0,076161 0,000029
согласие 0,047791 0,000018
центр 1,752539 0,000671
путешествие 0,000000 0,000000
апо 5,010635 0,003835
корпорация 3,624341 0,001387
задание 3,624341 0,004161
разразиться 4,317488 0,001652
ухватиться 3,912023 0,001497
назваться 5,010635 0,001918
килограмм 3,401197 0,003905
пол 0,090654 0,000035
человек 0,762140 0,002917
производство 2,612740 0,001000
вскипеть 5,010635 0,001918
вода 0,054808 0,000021
трудный 3,624341 0,002774
фото 0,061875 0,000284
пункт 1,966113 0,000752
полгода 2,525729 0,000967
разговор 1,160488 0,001332
нога 2,302585 0,000881
снаружи 5,010635 0,001918
замыкать 5,010635 0,001918
скомандовать 4,317488 0,001652
автоматика 5,010635 0,003835
лихорадочно 5,010635 0,001918
телекамера 5,010635 0,001918
запас 3,064725 0,001173
подниматься 3,912023 0,001497
радиосвязь 5,010635 0,001918
лидерство 4,317488 0,001652
хелмс 5,010635 0,001918
весь 1,078810 0,001651
эксперимент 3,912023 0,005989
индия 0,076161 0,000029
пройти 1,427116 0,001638
успеть 2,525729 0,000967
сложность 3,401197 0,001302
необходимый 2,708050 0,001036
дело 1,249435 0,000478
майор 3,912023 0,002994
парашют 5,010635 0,001918
создавать 2,371578 0,000908
добиваться 3,218876 0,001232
посмотреть 2,525729 0,000967
миллиметр 3,912023 0,001497
командование 3,218876 0,001232
удовлетворительный 5,010635 0,001918
готовить 2,445686 0,005616
сильный 1,678431 0,000642
главный 1,272966 0,002923
проблема 0,047791 0,000055
констатировать 3,624341 0,002774
режим 1,966113 0,000752
потребовать 2,445686 0,000936
также 0,762140 0,000583
обучать 4,317488 0,001652
туда 2,813411 0,001077
технологийминь 0,000000 0,000000
внуково 5,010635 0,001918
дмитрий 2,238047 0,001713
пообщаться 3,401197 0,001302
легко 2,813411 0,001077
допускать 4,317488 0,001652
корабль 2,931194 0,047114
неважный 5,010635 0,001918
пытаться 1,347074 0,001031
россиянин 1,321756 0,000506
отработка 5,010635 0,001918
степень 3,401197 0,001302
зал 3,218876 0,001232
находиться 1,399717 0,002143
конструктор 5,010635 0,009588
начать 1,139434 0,001744
сидеть 2,612740 0,001000
королева 3,912023 0,020960
силовой 0,000000 0,000000
лётчик 2,931194 0,003365
мороз 3,624341 0,001387
детище 5,010635 0,001918
пожелать 5,010635 0,001918
слой 5,010635 0,001918
однако 1,249435 0,002391
закрыть 3,218876 0,003696
мышца 4,317488 0,001652
себя 2,014903 0,000771
серьёзный 2,302585 0,000881
терешков 4,317488 0,001652
завод 3,218876 0,002464
система 1,643339 0,003773
цк 3,912023 0,002994
производственный 3,912023 0,001497
уверенно 4,317488 0,001652
дрожать 2,931194 0,001122
крепкий 3,624341 0,001387
помахать 5,010635 0,001918
падение 3,064725 0,001173
июнь 2,371578 0,001815
оборонный 3,401197 0,002603
волноваться 3,624341 0,002774
гонка 5,010635 0,001918
байконур 0,097980 0,000262
один 0,836248 0,001920
иметь 1,832581 0,001403
председатель 2,302585 0,003525
совет 1,714798 0,001969
полностью 2,525729 0,001933
ракетный 3,218876 0,003696
посетить 3,064725 0,001173
чп 4,317488 0,004957
военпред 5,010635 0,001918
выход 2,120264 0,012983
практический 3,912023 0,001497
последний 0,083382 0,000032
едва 2,177422 0,001667
минута 2,177422 0,005000
ликование 5,010635 0,001918
курировать 3,912023 0,001497
надеть 3,624341 0,001387
космодром 4,317488 0,003305
архив 0,000000 0,000000
триумф 3,624341 0,001387
добраться 3,064725 0,001173
специально 3,401197 0,001302
заявить 0,061875 0,000047
сша 0,040822 0,000031
июль 2,708050 0,001036
способность 3,401197 0,001302
недостаток 3,064725 0,002346
раскрытие 0,076161 0,000058
одновременно 3,218876 0,001232
береговой 4,317488 0,014871
самочувствие 3,624341 0,001387
нарушить 3,624341 0,001387
кольцо 3,624341 0,001387
ракета 2,813411 0,001077
всесторонний 5,010635 0,001918
термобарокамера 5,010635 0,001918
сформироваться 3,624341 0,001387
авиация 2,612740 0,003000
виноватый 3,912023 0,001497
трудно 3,401197 0,002603
замена 3,218876 0,001232
столько 2,525729 0,000967
врач 2,066196 0,001581
безопорный 5,010635 0,001918
погружаться 0,047791 0,000018
официально 2,931194 0,002244
поступить 2,708050 0,001036
ноябрь 2,014903 0,000771
команда 1,919593 0,004408
необдуманный 4,317488 0,001652
назначить 2,708050 0,001036
претензия 3,218876 0,002464
поставить 2,238047 0,000857
довольный 3,401197 0,001302
опасность 2,371578 0,000908
текст 3,912023 0,001497
конференция 3,218876 0,006159
безвыходный 5,010635 0,001918
зенит 3,912023 0,001497
получать 0,033902 0,000013
секунда 2,931194 0,007852
продовольствие 5,010635 0,001918
зона 2,371578 0,000908
подготовка 2,302585 0,007931
удержать 2,612740 0,001000
взорваться 5,010635 0,001918
нужно 1,791759 0,002057
счёт 2,708050 0,001036
станция 3,401197 0,005207
траектория 3,912023 0,001497
заикина 5,010635 0,005753
желать 3,064725 0,001173
группа 1,514128 0,000579
спецпроект 0,000000 0,000000
восход 5,010635 0,046022
украинский 0,047791 0,000018
слово 0,820981 0,000314
фал 5,010635 0,005753
рост 1,791759 0,002057
противный 4,317488 0,001652
разница 3,218876 0,001232
комиссия 3,064725 0,002346
туристка 0,076161 0,000029
мотор 0,000000 0,000000
привлекать 2,813411 0,001077
взять 2,371578 0,001815
стоить 1,714798 0,000656
тайконавт 5,010635 0,001918
наслать 0,000000 0,000000
беляев 5,010635 0,065198
разматывать 5,010635 0,001918
катастрофа 2,525729 0,000967
жизнь 0,000000 0,000000
звание 2,813411 0,001077
экспедиция 3,624341 0,001387
уничтожить 2,120264 0,000811
средний 2,813411 0,001077
сориентировать 5,010635 0,001918
жать 0,013423 0,000005
целый 2,525729 0,000967
мелочь 5,010635 0,001918
шабаров 5,010635 0,001918
относиться 2,302585 0,000881
обмундирование 5,010635 0,001918
испытать 3,912023 0,001497
утвердить 3,624341 0,001387
подрыв 5,010635 0,001918
почему 0,899761 0,001377
трагедия 3,912023 0,001497
хороший 0,006689 0,000008
спор 0,097980 0,000075
объятие 4,317488 0,001652
тренировка 3,912023 0,007486
невысокий 4,317488 0,001652
красный 2,120264 0,000811
воевать 2,931194 0,001122
довод 5,010635 0,001918
почувствовать 3,064725 0,002346
вверх 4,317488 0,001652
разумно 4,317488 0,001652
учесть 5,010635 0,001918
конфиденциальность 0,047791 0,000018
ориентация 5,010635 0,003835
общий 1,714798 0,001313
назад 1,678431 0,002569
продолжать 0,033902 0,000013
двигатель 3,912023 0,001497
остановиться 4,317488 0,001652
ссср 0,000000 0,000000
состояние 2,238047 0,002570
идти 1,297063 0,000496
открыть 2,371578 0,001815
строй 3,401197 0,003905
выполнить 2,931194 0,001122
никто 2,014903 0,000771
сборка 3,401197 0,002603
пермский 5,010635 0,001918
минь 0,000000 0,000000
высота 3,624341 0,001387
сохранять 5,010635 0,001918
традиция 3,218876 0,001232
именно 1,875141 0,000718
против 1,791759 0,000686
главное 0,000000 0,000000
голова 3,401197 0,003905
возникнуть 2,525729 0,002900
наверное 2,931194 0,001122
основание 3,912023 0,001497
перевести 3,218876 0,001232
срочно 3,401197 0,001302
четвёрка 4,317488 0,001652
размышлять 5,010635 0,001918
подождать 4,317488 0,001652
пермь 4,317488 0,008262
конструктивный 5,010635 0,001918
сообщить 1,297063 0,000496
многоместный 5,010635 0,001918
тбк 5,010635 0,003835
быть 1,399717 0,000536
беседа 1,752539 0,000671
азот 5,010635 0,001918
учение 3,912023 0,001497
точка 2,445686 0,000936
радостно 5,010635 0,001918
волосок 5,010635 0,001918
глухой 3,624341 0,002774
камера 2,612740 0,006999
отмечать 1,966113 0,000752
отряд 2,931194 0,001122
космонавт 3,912023 0,047908
надпись 3,401197 0,001302
вести 2,014903 0,000771
феоктистов 5,010635 0,001918
вылет 3,624341 0,001387
циолковский 5,010635 0,001918
собеседник 3,218876 0,001232
установить 2,931194 0,001122
спорт 0,000000 0,000000
иванович 5,010635 0,001918
пятиметровый 4,317488 0,001652
атмосфера 3,401197 0,005207
выполнять 2,708050 0,002073
этот 1,427116 0,000546
четыре 0,040822 0,000016
сказать 1,919593 0,003673
горячо 5,010635 0,001918
погода 3,624341 0,001387
глубокий 2,931194 0,001122
безвоздушный 5,010635 0,001918
конфиденциальностиправить 0,000000 0,000000
глава 1,321756 0,000506
отметить 1,399717 0,000536
весть 5,010635 0,001918
народ 2,708050 0,002073
сбой 3,912023 0,001497
подопытный 5,010635 0,001918
тяжёлый 1,791759 0,002057
кислород 4,317488 0,011566
ныне 4,317488 0,003305
царить 3,624341 0,001387
воздух 2,813411 0,002153
опасение 3,401197 0,001302
трудность 3,912023 0,002994
сложиться 2,931194 0,001122
тду 5,010635 0,003835
женщина 1,484275 0,001136
отдел 0,579818 0,000222
вчерашний 4,317488 0,001652
впервые 1,919593 0,000735
штурмовик 2,931194 0,001122
попытаться 2,238047 0,001713
суточный 4,317488 0,001652
кирилл 2,708050 0,002073
сесть 3,401197 0,001302
доказать 3,912023 0,001497
дойти 4,317488 0,001652
российский 0,033902 0,000026
виток 5,010635 0,013423
необходимо 2,120264 0,000811
обитание 0,000000 0,000000
заявлять 3,064725 0,001173
ошибаться 4,317488 0,001652
чувствовать 2,445686 0,000936
морской 3,218876 0,001232
интернет 0,000000 0,000000
сутки 2,445686 0,001872
космонавтика 3,912023 0,002994
смотреть 2,066196 0,000791
толпа 3,912023 0,001497
шесть 1,966113 0,000752
холодок 5,010635 0,001918
волнение 3,912023 0,001497
парить 5,010635 0,001918
обморожение 5,010635 0,001918
убедиться 3,912023 0,001497
титов 5,010635 0,001918
спокойствие 5,010635 0,001918
пребывание 3,624341 0,001387
гид 0,076161 0,000029
энергия 3,624341 0,001387
убедить 2,302585 0,000881
плавно 3,624341 0,001387
записать 2,708050 0,004146
выполнение 2,525729 0,001933
сложный 2,302585 0,000881
излишний 4,317488 0,001652
правый 3,624341 0,005548
госкомиссия 5,010635 0,005753
наблюдать 3,064725 0,002346
положить 3,401197 0,002603
руководство 2,302585 0,001762
сотрудник 0,068993 0,000026
мелкий 4,317488 0,003305
работа 0,899761 0,001033
уважение 3,912023 0,001497
руденко 5,010635 0,005753
попович 5,010635 0,001918
оставаться 1,875141 0,001435
вынудить 3,218876 0,001232
вручить 3,912023 0,001497
приземлиться 4,317488 0,003305
эмоция 0,047791 0,000018
завтра 3,401197 0,001302
сеть 0,090654 0,000035
кандидат 3,401197 0,002603
телефон 2,120264 0,001623
иначе 3,401197 0,001302
запретить 2,066196 0,000791
пока 1,678431 0,000642
защищать 3,624341 0,001387
цпк 5,010635 0,003835
гагарин 3,064725 0,005864
должный 1,714798 0,003281
заседание 3,912023 0,001497
вылезать 5,010635 0,001918
военнослужащий 0,068993 0,000026
знать 1,576648 0,001810
накапливать 0,047791 0,000018
невесомость 5,010635 0,001918
сообщение 2,445686 0,000936
возвращаться 3,064725 0,001173
кроме 1,427116 0,002185
выяснить 3,401197 0,001302
малообщительный 5,010635 0,001918
происшествие 2,813411 0,001077
спокойно 5,010635 0,001918
мстислав 5,010635 0,003835
доставить 2,177422 0,000833
оба 2,445686 0,002808
километр 3,064725 0,004692
правительственный 3,624341 0,001387
ярко 3,624341 0,001387
снять 2,177422 0,000833
положение 2,612740 0,002000
длительный 3,218876 0,001232
депутат 0,068993 0,000026
ракетница 5,010635 0,001918
будущий 2,931194 0,001122
война 1,455287 0,001114
инцидент 3,912023 0,002994
неожиданность 3,912023 0,001497
согласиться 2,066196 0,000791
наушник 5,010635 0,001918
поверхность 5,010635 0,001918
культура 0,000000 0,000000
поначалу 3,912023 0,002994
свободный 3,912023 0,002994
пространство 3,218876 0,011087
аппаратура 4,317488 0,003305
виновный 3,912023 0,001497
статья 0,000000 0,000000
докладывать 4,317488 0,003305
радиосистема 5,010635 0,001918
небывалый 5,010635 0,001918
верить 3,218876 0,001232
повод 2,708050 0,001036
честь 2,813411 0,002153
посвятить 2,931194 0,002244
широко 3,401197 0,001302
позвонить 3,912023 0,001497
ответить 1,832581 0,000701
групповой 3,624341 0,001387
ответственный 3,218876 0,001232
редактор 0,556288 0,000213
полтора 3,218876 0,001232
внутри 2,445686 0,001872
фон 2,371578 0,000908
доверить 5,010635 0,001918
пилот 2,708050 0,003109
государственный 2,525729 0,001933
тестирование 4,317488 0,001652
передать 1,966113 0,001505
купаться 5,010635 0,001918
лёша 3,912023 0,001497
сделать 1,321756 0,002529
увлекательный 0,047791 0,000018
риа 1,272966 0,004384
заместитель 3,064725 0,004692
переговоры 0,047791 0,000018
сгорать 4,317488 0,001652
люк 4,317488 0,009914
год 0,521999 0,005993
пилотировать 3,912023 0,005989
министр 2,302585 0,002644
куратор 5,010635 0,003835
международный 1,875141 0,000718
комитет 2,813411 0,001077
незапланированный 4,317488 0,001652
стрессоустойчивость 5,010635 0,001918
сбер 0,040822 0,000016
одиссей 5,010635 0,001918
деталь 2,708050 0,002073
болтаться 5,010635 0,001918
трамп 0,054808 0,000021
вывод 2,708050 0,002073
надёжность 4,317488 0,003305
крупный 0,054808 0,000063
май 2,813411 0,001077
леонов 3,401197 0,059876
рукопожатие 5,010635 0,001918
белоус 0,076161 0,000029
валентина 3,912023 0,001497
предстоящий 2,931194 0,002244
сегодня 1,643339 0,001258
вместо 2,708050 0,001036
разгерметизировать 5,010635 0,001918
просить 2,708050 0,002073
акция 0,047791 0,000018
справа 5,010635 0,001918
такой 1,003302 0,001920
разбирать 2,931194 0,001122
руководитель 2,445686 0,000936
вместе 1,514128 0,000579
распорядиться 3,624341 0,001387
грань 3,064725 0,003519
топор 5,010635 0,001918
лестница 3,624341 0,002774
предречь 0,076161 0,000058
заставить 2,612740 0,001000
черноморский 3,912023 0,001497
телевидение 3,218876 0,001232
отвлекаться 5,010635 0,001918
отправить 2,066196 0,000791
поздравить 2,931194 0,001122
регион 0,076161 0,000029
решение 1,544899 0,002365
рука 2,066196 0,006326
беспилотный 4,317488 0,001652
проходить 2,445686 0,000936
генеральный 2,708050 0,002073
март 0,040822 0,000406
благодаря 2,238047 0,000857
военный 0,020203 0,000008
летний 0,047791 0,000073
келдыш 5,010635 0,011505
фронтовик 5,010635 0,001918
рада 0,068993 0,000026
экономика 0,000000 0,000000
состав 2,445686 0,002808
тот 1,427116 0,003277
вестись 3,624341 0,001387
уверенность 2,813411 0,001077
надёжный 3,401197 0,002603
кровь 2,612740 0,001000
валентин 4,317488 0,003305
керим 5,010635 0,001918
поздний 1,832581 0,000701
астронавт 4,317488 0,001652
история 1,609438 0,001848
замкнутый 5,010635 0,001918
обломок 3,624341 0,001387
три 1,919593 0,000735
звезда 1,919593 0,000735
евгений 2,931194 0,005609
люковый 5,010635 0,001918
гагаринский 5,010635 0,001918
закурить 3,912023 0,001497
принести 2,525729 0,000967
либо 1,919593 0,000735
командир 2,813411 0,005383
бой 2,066196 0,000791
мгу 5,010635 0,001918
реальный 0,013423 0,000005
название 2,813411 0,001077
тысяча 0,054808 0,000063
поиск 2,445686 0,001872
тревога 3,218876 0,001232
площадка 3,064725 0,001173
сформулировать 4,317488 0,001652
аналогичный 3,401197 0,001302
исторический 3,064725 0,002346
черединец 5,010635 0,003835
затопить 0,076161 0,000029
медленно 5,010635 0,001918
слышать 2,931194 0,001122
посадка 4,317488 0,003305
участник 2,371578 0,000908
обменивать 0,047791 0,000018
алексей 1,875141 0,011482
голос 3,218876 0,001232
условие 0,033902 0,000065
кпсс 3,912023 0,002994
герман 4,317488 0,001652
недовольный 4,317488 0,001652
лихой 3,912023 0,001497
отвечать 2,302585 0,001762
шлюз 5,010635 0,013423
встреча 1,832581 0,000701
серьёзно 3,624341 0,002774
окб 5,010635 0,003835
внизу 5,010635 0,001918
подготовить 3,401197 0,005207
угловой 5,010635 0,001918
скрывать 2,931194 0,001122
опасный 2,238047 0,002570
принять 1,678431 0,002569
замечание 3,912023 0,001497
риск 2,120264 0,000811
видеть 0,013423 0,000021
упасть 3,064725 0,001173
числиться 5,010635 0,001918
высокий 1,455287 0,000557
смирнов 5,010635 0,005753
кролик 4,317488 0,001652
яркий 2,612740 0,001000
второй 1,643339 0,003773
подача 4,317488 0,001652
новый 0,000000 0,000000
главнокомандующий 5,010635 0,001918
перемирие 0,076161 0,000029
академия 3,912023 0,001497
выйти 1,752539 0,007378
болеть 3,624341 0,001387
авиаотряд 4,317488 0,001652
добро 0,013423 0,000015
менее 2,014903 0,001542
пойти 2,120264 0,001623
закипание 5,010635 0,001918
основоположник 5,010635 0,001918
тренироваться 3,912023 0,004491
открытый 2,371578 0,010891
полный 1,875141 0,002153
задать 4,317488 0,001652
конфликт 0,061875 0,000024
предложить 2,177422 0,001667
помощь 0,027029 0,000041
александр 1,373049 0,003153
секретарь 2,708050 0,002073
отбираться 5,010635 0,001918
г 3,064725 0,001173
георгий 5,010635 0,005753
политика 0,040822 0,000016
й 2,612740 0,002000
живой 2,525729 0,000967
шлюзовый 5,010635 0,015341
выпилить 5,010635 0,001918
м 2,066196 0,005535
подходить 2,612740 0,001000
о 3,912023 0,002994
засекретить 5,010635 0,001918
виновник 4,317488 0,001652
авария 4,317488 0,001652
герметичность 5,010635 0,001918
дворец 3,912023 0,001497
земля 1,919593 0,011754
самолёт 2,302585 0,001762
э 5,010635 0,001918
я 2,931194 0,001122
вертолёт 3,401197 0,006508
пригрозить 4,317488 0,001652
сочи 3,624341 0,001387
вариант 3,064725 0,001173
мир 0,000000 0,000000
напряжённо 5,010635 0,001918
искать 2,302585 0,001762
качать 3,401197 0,001302
структура 0,000000 0,000000
земной 4,317488 0,001652
срыв 3,624341 0,001387
орбита 4,317488 0,006609
блестящий 5,010635 0,003835
этап 2,931194 0,001122
слежение 5,010635 0,001918
организатор 5,010635 0,005753
бывший 0,000000 0,000000
небольшой 2,177422 0,002500
планировать 2,612740 0,001000
время 0,693147 0,001326
россиикосмосоружиеисторияздоровьебудущеетехникагаджетыигрысофт 3,064725 0,001173
единственный 2,708050 0,001036
поручень 5,010635 0,001918
егоров 5,010635 0,001918
забыть 2,708050 0,001036
собраться 3,624341 0,001387
маккартень 0,097980 0,000037
ооо 0,000000 0,000000
хруновое 5,010635 0,001918
выходить 2,612740 0,002000
биография 3,064725 0,001173
конкретно 3,912023 0,001497
отменить 2,525729 0,000967
переживание 5,010635 0,001918
автоматический 5,010635 0,003835
начальник 2,238047 0,000857
составлять 2,302585 0,000881
вручную 4,317488 0,003305
вблизи 5,010635 0,001918
сергей 2,525729 0,004833
пообещать 2,931194 0,001122
пятьсот 5,010635 0,001918
город 0,047791 0,000018
аргумент 3,912023 0,001497
вращаться 4,317488 0,001652
понравиться 3,064725 0,001173
следовать 1,966113 0,000752
погибнуть 2,612740 0,001000
час 1,455287 0,001671
приземление 5,010635 0,009588
метр 2,931194 0,002244
вывезти 2,931194 0,002244
написать 1,966113 0,000752
штатный 3,401197 0,001302
галерея 0,000000 0,000000
сиять 4,317488 0,001652
прийтись 2,120264 0,001623
внешность 0,097980 0,000037
внимательный 4,317488 0,001652
северный 2,371578 0,000908
начаться 0,033902 0,000013
наддув 5,010635 0,003835
зарубежный 2,371578 0,000908
чреватый 3,912023 0,001497
выступить 2,238047 0,001713
увидеть 1,752539 0,000671
закрытие 2,813411 0,001077
инструктаж 5,010635 0,001918
показать 1,484275 0,001136
окончательный 3,912023 0,001497
тайга 3,912023 0,005989
пляжный 0,097980 0,000037
настойчиво 3,912023 0,001497
основный 2,525729 0,000967
требоваться 3,064725 0,001173
задача 2,066196 0,000791
продолжиться 4,317488 0,001652
реабилитировать 5,010635 0,001918
подняться 3,912023 0,002994
выражать 0,047791 0,000037
настаивать 3,064725 0,001173
выбросить 3,912023 0,001497
читать 0,040822 0,000016
вспоминать 3,064725 0,007037
подстраховаться 5,010635 0,001918
генерал 3,218876 0,008623
северин 5,010635 0,003835
оценивать 0,047791 0,000018
художник 3,401197 0,001302
ненадёжность 5,010635 0,001918
командный 3,401197 0,001302
андриян 5,010635 0,001918
падать 3,624341 0,001387
сопротивляться 3,624341 0,001387
редакциярекламаконтактыпресс 0,000000 0,000000
мужество 3,912023 0,001497
снизить 3,064725 0,002346
видео 0,000000 0,000000
пожелание 5,010635 0,001918
плавание 4,317488 0,001652
перенести 3,218876 0,001232
эфир 3,912023 0,001497
лишь 2,238047 0,000857
сумка 3,064725 0,001173
япония 3,624341 0,001387
московский 2,014903 0,000771
кстати 3,401197 0,001302
инструкция 3,624341 0,002774
момент 1,399717 0,000536
обсудить 0,415515 0,000159
помочь 1,714798 0,000656
выключение 5,010635 0,001918
эпоха 3,401197 0,001302
борис 2,445686 0,000936
пересадить 5,010635 0,001918
константин 2,813411 0,002153
проявить 3,912023 0,001497
грозить 2,708050 0,001036
желательно 5,010635 0,001918
суметь 3,912023 0,001497
выше 3,064725 0,001173
сьюзан 5,010635 0,001918
бонус 0,047791 0,000037
среда 0,000000 0,000000
делать 1,752539 0,002012
технология 2,525729 0,001933
испытание 3,218876 0,004927
остаться 0,047791 0,000055
среди 1,714798 0,000656
удача 4,317488 0,001652
эксклюзив 0,000000 0,000000
уволить 0,076161 0,000029
скидка 0,047791 0,000018
приём 2,445686 0,000936
шагнуть 4,317488 0,001652
главком 3,401197 0,002603
девятый 3,912023 0,001497
вяловатый 5,010635 0,001918
задыхаться 5,010635 0,001918
анатолий 3,218876 0,002464
результат 1,347074 0,000516
скандал 3,218876 0,001232
обнаружиться 4,317488 0,001652
павел 2,612740 0,008999
большой 1,714798 0,001969
пробирать 5,010635 0,001918
вползти 5,010635 0,001918
тасс 2,371578 0,001815
утром 2,612740 0,003000
возвращение 2,014903 0,000771
провожать 5,010635 0,003835
последующий 3,401197 0,001302
гигантский 3,912023 0,001497
мешать 3,624341 0,001387
хотеть 0,013423 0,000021
нормально 4,317488 0,001652
фокус 4,317488 0,001652
миллиардный 4,317488 0,001652
половина 2,177422 0,000833
стать 0,499776 0,001339
работать 0,027029 0,000052
отличный 2,708050 0,001036
отсчёт 5,010635 0,001918
десятка 2,302585 0,000881
провести 1,514128 0,002318
операция 1,514128 0,001159
это 0,020203 0,000147
большинство 2,371578 0,000908
рапортовать 5,010635 0,001918
пульт 5,010635 0,001918
два 0,033902 0,000078
обнаружить 2,445686 0,001872
научно 4,317488 0,001652
новость 0,000000 0,000000
вполне 2,813411 0,002153
справиться 2,708050 0,001036
косыгин 4,317488 0,003305
сантиметр 3,912023 0,004491
соловьёв 5,010635 0,001918
войти 0,000000 0,000000
стартовый 5,010635 0,001918
старт 5,010635 0,007670
управлять 2,612740 0,001000
держать 3,624341 0,002774
возраст 2,708050 0,001036
учить 5,010635 0,001918
объяснимый 4,317488 0,001652
полететь 4,317488 0,001652
неподготовленность 5,010635 0,001918
николаев 5,010635 0,001918
считать 1,373049 0,001051
восток 2,177422 0,002500
регистрация 4,317488 0,001652
включить 3,218876 0,001232
переслать 3,401197 0,001302
уход 0,076161 0,000029
кремлёвский 4,317488 0,001652
смекалка 5,010635 0,001918
принадлежать 2,931194 0,001122
вино 3,624341 0,001387
направо 4,317488 0,001652
коротко 5,010635 0,001918
предполагать 3,912023 0,001497
объект 1,832581 0,000701
недаром 5,010635 0,001918
отсек 4,317488 0,001652
литр 3,912023 0,002994
учитывать 4,317488 0,001652
обычный 0,013423 0,000005
затем 1,875141 0,002153
программа 2,371578 0,000908
хмуро 5,010635 0,001918
правдивый 5,010635 0,001918
сматывать 5,010635 0,001918
изнасиловать 0,076161 0,000029
первый 0,883501 0,006762
неудачно 3,912023 0,002994
техника 0,000000 0,000000
пять 1,484275 0,002272
итог 1,678431 0,001285
февраль 1,160488 0,004441
практически 2,525729 0,000967
ошибка 2,525729 0,000967
включиться 3,912023 0,002994
планироваться 3,912023 0,001497
вопрос 1,021651 0,001173
отметка 3,912023 0,001497
игра 0,000000 0,000000
поскольку 2,238047 0,002570
песня 3,401197 0,001302
кавказ 3,912023 0,001497
произвести 4,317488 0,001652
отдыхать 3,401197 0,001302
установка 3,912023 0,002994
размер 2,525729 0,000967
переворачиваться 4,317488 0,001652
наблюдение 3,624341 0,001387
центрифуга 5,010635 0,003835
ваш 0,047791 0,000037
имя 1,875141 0,001435
лётный 4,317488 0,001652
купол 3,912023 0,001497
ответ 1,678431 0,000642
старший 2,445686 0,001872
вращение 5,010635 0,003835
королёв 5,010635 0,001918
мнение 1,643339 0,000629
ставить 3,401197 0,001302
медитация 0,076161 0,000029
впечатление 3,624341 0,002774
больший 1,373049 0,001051
вентиляция 4,317488 0,001652
личность 3,401197 0,001302
кто 2,066196 0,000791
куртка 5,010635 0,001918
дальнейший 2,813411 0,001077
событие 1,919593 0,002204
реакция 0,047791 0,000037
пора 2,177422 0,003333
самый 0,883501 0,001014
вечером 3,064725 0,001173
материал 0,000000 0,000000
хруновый 5,010635 0,011505
технологический 3,218876 0,001232
минус 3,401197 0,001302
кинокамера 5,010635 0,003835
успешно 2,813411 0,002153
закончиться 2,612740 0,001000
лента 0,000000 0,000000
экипаж 3,218876 0,018478
нагрузка 3,624341 0,001387
аэропорт 2,813411 0,003230
ан 5,010635 0,001918
зимний 4,317488 0,001652
роль 1,714798 0,000656
ввс 4,317488 0,006609
район 2,120264 0,001623
ряд 2,525729 0,000967
отечественный 2,445686 0,000936
вега 5,010635 0,001918
мочь 0,836248 0,001600
месяц 1,714798 0,001969
буквально 3,218876 0,001232
сам 1,226446 0,001408
проверяться 5,010635 0,001918
всенаукать 3,064725 0,001173
разбивать 4,317488 0,001652
увеличиться 3,064725 0,001173
юрий 2,525729 0,003866
наземный 5,010635 0,001918
удаться 1,678431 0,001285
применение 0,000000 0,000000
давление 2,302585 0,005287
дать 1,272966 0,001949
космос 2,813411 0,030148
пресс 2,708050 0,005182
оружие 2,120264 0,000811
баллон 5,010635 0,003835
развести 5,010635 0,001918
снег 2,931194 0,001122
смысл 3,218876 0,001232
неправда 5,010635 0,001918
смочь 1,399717 0,000536
бензонасос 5,010635 0,001918
третий 2,120264 0,000811
оказываться 3,624341 0,001387
двигательный 5,010635 0,003835
вес 3,218876 0,003696
брежнев 4,317488 0,008262
ценность 0,000000 0,000000
известно 1,297063 0,000496
вернуться 0,006689 0,000005
снижение 2,612740 0,001000
закрутка 5,010635 0,001918
сажать 4,317488 0,004957
терешшков 5,010635 0,001918
погибший 3,912023 0,001497
солнечный 3,218876 0,001232
проводить 2,708050 0,002073
откуда 3,064725 0,001173
специалист 2,445686 0,000936
приказать 3,912023 0,004491
спасатель 3,624341 0,001387
просто 1,678431 0,001285
узнать 2,014903 0,000771
ведомость 3,912023 0,001497
дыхание 5,010635 0,001918
россия 0,000000 0,000000
подполковник 5,010635 0,001918
го 2,302585 0,001762
полигон 3,912023 0,001497
сдать 3,218876 0,001232
эвакуировать 2,931194 0,001122
межзвёздный 5,010635 0,001918
скорость 2,708050 0,002073
рекорд 2,931194 0,003365
свой 0,020203 0,000077
испытатель 5,010635 0,005753
заканчивать 3,912023 0,001497
поговорить 3,912023 0,002994
встретиться 3,218876 0,001232
январь 1,514128 0,004056
получиться 2,708050 0,001036
космический 3,624341 0,033289
договариваться 3,912023 0,001497
пара 2,813411 0,001077
необходимость 2,525729 0,000967
тормозной 5,010635 0,001918
американский 0,054808 0,000021
великий 2,238047 0,000857
предполётный 5,010635 0,003835
барокамера 5,010635 0,007670
выступать 2,525729 0,000967
другой 1,059392 0,000405
категорически 4,317488 0,003305
зеленский 0,054808 0,000042
осуществить 3,624341 0,004161
прийти 2,014903 0,001542
каманин 5,010635 0,053692
тяжело 2,931194 0,001122
утро 3,064725 0,001173
давать 1,875141 0,000718
полёт 2,931194 0,043749
лидировать 5,010635 0,001918
рабочий 2,708050 0,002073
ослабить 3,064725 0,001173
вспомниться 5,010635 0,001918
скорее 2,708050 0,001036
ход 1,678431 0,002569
держаться 3,624341 0,001387
отстрелять 5,010635 0,001918
выдать 2,612740 0,001000
объяснять 2,525729 0,000967
отрасль 2,931194 0,001122
сей 2,177422 0,001667
контроль 1,714798 0,000656
путём 4,317488 0,001652
верёвочный 5,010635 0,001918
неисправность 4,317488 0,004957
затруднить 4,317488 0,001652
плотный 5,010635 0,001918
попасть 1,678431 0,000642
поднять 2,931194 0,001122
отходить 4,317488 0,001652
двухчасовой 5,010635 0,001918
импровизированный 3,912023 0,002994
разгерметизация 4,317488 0,003305
прогресс 0,090654 0,000035
упражнение 4,317488 0,001652
приступить 4,317488 0,001652
геройство 5,010635 0,001918
насос 5,010635 0,001918
форма 0,061875 0,000024
отрицательный 5,010635 0,001918
медаль 3,912023 0,001497
нажать 0,000000 0,000000
ожидать 2,445686 0,000936
дом 0,061875 0,000024
полковник 3,218876 0,003696
американка 5,010635 0,001918
поток 3,064725 0,001173
дублёр 5,010635 0,007670
несмотря 2,120264 0,000811
дверь 2,612740 0,001000
левый 4,317488 0,004957
советский 1,752539 0,006707
исчерпать 5,010635 0,001918
поддержать 2,177422 0,001667
принцип 2,931194 0,001122
вершинин 5,010635 0,003835
варшавчик 5,010635 0,001918
промышленность 3,401197 0,001302
пуск 3,912023 0,002994
оборот 4,317488 0,003305
наш 1,347074 0,001031
красота 3,624341 0,001387
распахнуть 5,010635 0,001918
море 2,612740 0,001000
кость 3,624341 0,001387
актовый 5,010635 0,001918
одетый 3,401197 0,001302
костёр 5,010635 0,001918
борт 3,218876 0,002464
тема 1,297063 0,001489
объяснить 1,484275 0,001136
товарищ 3,624341 0,006935
автобус 3,401197 0,001302
оказаться 1,249435 0,000956
эпизод 3,064725 0,001173
восторг 4,317488 0,003305
около 1,678431 0,000642
подъём 5,010635 0,003835
использованияполитик 0,000000 0,000000
служба 2,120264 0,000811
здоровье 2,302585 0,001762
деактивировать 0,013423 0,000005
сработать 5,010635 0,001918
предупредить 2,302585 0,000881
рекомендательный 0,000000 0,000000
серия 3,064725 0,001173
берег 3,624341 0,001387
назначать 4,317488 0,001652
выдержка 5,010635 0,001918
здоровый 3,624341 0,002774
дневник 3,624341 0,008322
ка 5,010635 0,001918
слева 3,912023 0,002994
шить 5,010635 0,001918
унт 5,010635 0,001918
поздно 3,218876 0,001232
ручной 4,317488 0,004957
обратиться 0,076161 0,000029
вперёд 2,931194 0,002244
маршал 3,912023 0,004491
спасительный 5,010635 0,001918
забота 0,000000 0,000000
максимум 3,912023 0,001497
заметно 3,912023 0,001497
пожаловать 0,013423 0,000005
лейтенант 3,912023 0,001497
неплохой 3,624341 0,001387
некурящий 5,010635 0,001918
управление 2,525729 0,002900
безопасность 2,014903 0,000771
решить 1,791759 0,002057
двое 3,401197 0,002603
который 0,521999 0,004395
николай 3,624341 0,002774
спуск 5,010635 0,005753
лететь 2,931194 0,001122
выведение 4,317488 0,001652
керимов 5,010635 0,001918
тюлина 5,010635 0,001918
задержать 1,875141 0,000718
следующий 2,612740 0,002000
сперва 4,317488 0,001652
вне 3,912023 0,001497
победа 0,000000 0,000000
чрезвычайный 3,912023 0,001497
привести 1,427116 0,002185
уверенный 2,445686 0,000936
прибыть 0,083382 0,000032
прекратиться 4,317488 0,001652
хозяйственный 4,317488 0,001652
рассказать 0,985284 0,001131
президент 0,851752 0,000652
содействие 3,912023 0,001497
отделять 5,010635 0,001918
случай 1,484275 0,002272
сми 0,000000 0,000000
дальний 3,218876 0,001232
понять 2,177422 0,004167
развернуться 3,218876 0,001232
строгий 4,317488 0,001652
бокал 5,010635 0,001918
жить 1,643339 0,000629
спасение 2,177422 0,000833
жилец 0,068993 0,000026
нужный 2,302585 0,001762
союз 1,966113 0,004515
создание 2,120264 0,000811
непоступление 5,010635 0,001918
несколько 1,226446 0,002816
папироса 3,912023 0,001497
ми 5,010635 0,003835
герой 2,014903 0,003084
место 0,027029 0,000052
начало 1,399717 0,000536
свет 0,054808 0,000021
миссия 3,218876 0,002464
успешный 3,218876 0,001232
мс 0,097980 0,000037
никакой 2,302585 0,001762
доложить 5,010635 0,011505
просматриваться 5,010635 0,001918
мы 2,238047 0,004283
участие 2,014903 0,000771
сбросить 3,401197 0,002603
скафандр 3,401197 0,011715
попытка 1,609438 0,000616
достигнуть 2,302585 0,000881
втащить 5,010635 0,001918
опечатка 0,000000 0,000000
безусловно 2,708050 0,001036
каждый 1,576648 0,000603
расти 2,708050 0,001036
отправиться 2,445686 0,000936
золотой 2,931194 0,001122
маленький 1,791759 0,001371
спастись 3,624341 0,001387
писать 1,752539 0,001341
побывать 3,064725 0,003519
вызвать 0,090654 0,000104
согреться 5,010635 0,001918
апрель 2,525729 0,002900
совершить 2,371578 0,001815
гибель 4,317488 0,003305
начинать 3,064725 0,002346
извинение 3,624341 0,001387
количество 1,576648 0,000603
контрольный 5,010635 0,001918
кандидатура 5,010635 0,001918
уровень 1,643339 0,000629
владимир 1,160488 0,000888
заключение 3,064725 0,001173
минёр 5,010635 0,003835
холодкова 5,010635 0,001918
моклец 5,010635 0,011505
развитие 2,120264 0,000811
запасный 5,010635 0,003835
соединять 4,317488 0,001652
предельно 5,010635 0,001918
невозможно 2,708050 0,004146
понимать 2,708050 0,001036
недостаточный 4,317488 0,001652
воздушный 3,624341 0,001387
побережье 5,010635 0,001918
суворовский 5,010635 0,001918
значительно 3,401197 0,001302
устранить 4,317488 0,004957
правда 0,040822 0,000016
плохой 2,177422 0,000833
огромный 2,525729 0,000967
отпасть 5,010635 0,001918
беспокоить 4,317488 0,001652
травма 3,912023 0,001497
посадить 4,317488 0,001652
автомашина 5,010635 0,001918
обрез 5,010635 0,001918
очень 1,347074 0,002578
обречь 3,912023 0,001497
мелькнуть 5,010635 0,001918
предприятие 3,064725 0,001173
наука 0,000000 0,000000
какой 1,203973 0,000461
оборваться 5,010635 0,003835
занятие 3,401197 0,001302
произойти 1,791759 0,001371
проверить 3,064725 0,002346
цепляться 5,010635 0,001918
книга 2,708050 0,001036
общественность 5,010635 0,001918
