ру 0,000000 0,000000
рф 1,514128 0,002207
банк 0,068993 0,000101
парламент 3,401197 0,004958
новый 0,000000 0,000000
день 0,033902 0,000049
перемирие 0,076161 0,000111
удаваться 2,931194 0,004273
энергоснабжение 5,010635 0,007304
санкция 2,014903 0,002937
ротация 5,010635 0,007304
вокруг 2,525729 0,007364
отвести 0,076161 0,000111
добро 0,013423 0,000059
согласие 0,047791 0,000070
путешествие 0,000000 0,000000
важный 1,875141 0,002733
полный 1,875141 0,002733
мид 3,064725 0,004468
конфликт 0,061875 0,000271
стабильный 3,218876 0,004692
пол 0,090654 0,000132
помощь 0,027029 0,000039
вода 0,054808 0,000080
фото 0,061875 0,000451
политика 0,040822 0,000060
неоднозначно 4,317488 0,006294
разговор 1,160488 0,003383
неясно 3,912023 0,005703
ядерный 2,931194 0,012819
область 1,272966 0,003711
земля 1,919593 0,002798
мир 0,000000 0,000000
запад 1,919593 0,002798
индия 0,076161 0,000111
структура 0,000000 0,000000
террористический 3,064725 0,004468
бывший 0,000000 0,000000
время 0,693147 0,002021
маккартень 0,097980 0,000143
ооо 0,000000 0,000000
республика 2,371578 0,003457
ранее 1,003302 0,001463
ситуация 1,484275 0,010818
главный 1,272966 0,001856
проблема 0,047791 0,000070
провокация 2,302585 0,003357
потребовать 2,445686 0,007130
также 0,762140 0,007777
технологийминь 0,000000 0,000000
украина 0,805943 0,014098
город 0,047791 0,000279
обсуждать 2,177422 0,012696
поддержание 3,624341 0,005283
трамппрезидент 4,317488 0,006294
галерея 0,000000 0,000000
внешность 0,097980 0,000143
территория 1,609438 0,011731
находиться 1,399717 0,002040
начаться 0,033902 0,000049
силовой 0,000000 0,000000
пляжный 0,097980 0,000143
обеспечивать 2,813411 0,004101
однако 1,249435 0,001821
выражать 0,047791 0,000139
система 1,643339 0,002396
читать 0,040822 0,000060
дональд 1,544899 0,004504
оценивать 0,047791 0,000070
байконур 0,097980 0,000143
один 0,836248 0,001219
редакциярекламаконтактыпресс 0,000000 0,000000
председатель 2,302585 0,003357
совет 1,714798 0,002500
видео 0,000000 0,000000
контролировать 3,401197 0,004958
оценить 2,066196 0,003012
персонал 3,401197 0,004958
последний 0,083382 0,000122
сторона 1,321756 0,003854
активность 3,401197 0,004958
возобновить 3,624341 0,005283
обсудить 0,415515 0,001211
архив 0,000000 0,000000
константин 2,813411 0,004101
заявить 0,061875 0,000631
сша 0,040822 0,000357
лидер 1,347074 0,003927
потерять 2,238047 0,003262
бонус 0,047791 0,000139
среда 0,000000 0,000000
раскрытие 0,076161 0,000111
говорить 1,160488 0,005075
делать 1,752539 0,002555
производить 3,912023 0,005703
остаться 0,047791 0,000070
эксклюзив 0,000000 0,000000
уволить 0,076161 0,000111
качество 1,832581 0,002671
скидка 0,047791 0,000070
атака 1,966113 0,005732
зеленскийпрезидент 4,317488 0,006294
запорожский 3,064725 0,062545
погружаться 0,047791 0,000070
результат 1,347074 0,001964
влиять 2,525729 0,003682
большой 1,714798 0,002500
госкорпорация 3,912023 0,005703
энергетика 2,371578 0,003457
удивить 3,064725 0,004468
виктория 4,317488 0,006294
получать 0,033902 0,000049
накалить 5,010635 0,007304
хотеть 0,013423 0,000117
угроза 2,302585 0,006713
станция 3,401197 0,034706
работать 0,027029 0,000118
вызывать 2,708050 0,003948
провести 1,514128 0,004414
группа 1,514128 0,002207
спецпроект 0,000000 0,000000
это 0,020203 0,000177
украинский 0,047791 0,000488
слово 0,820981 0,004787
рост 1,791759 0,002612
два 0,033902 0,000099
разница 3,218876 0,004692
комиссия 3,064725 0,004468
новость 0,000000 0,000000
вашингтон 2,066196 0,006024
туристка 0,076161 0,000111
мотор 0,000000 0,000000
наслать 0,000000 0,000000
жизнь 0,000000 0,000000
жать 0,013423 0,000020
войти 0,000000 0,000000
захаров 3,218876 0,004692
дипломат 3,624341 0,005283
всплыть 3,912023 0,005703
энергетический 2,371578 0,006914
сопредседатель 3,624341 0,005283
считать 1,373049 0,004003
обеспокоенность 5,010635 0,007304
уход 0,076161 0,000111
энергодар 5,010635 0,014608
почему 0,899761 0,001312
директор 2,445686 0,003565
восстановление 3,218876 0,004692
хороший 0,006689 0,000010
спор 0,097980 0,000143
заключить 2,177422 0,003174
добавить 1,966113 0,002866
относительно 3,064725 0,004468
отключить 1,514128 0,002207
играть 2,708050 0,003948
обычный 0,013423 0,000020
затем 1,875141 0,002733
власть 1,609438 0,002346
конфиденциальность 0,047791 0,000070
спутник 3,624341 0,010567
путин 0,967584 0,002821
действие 1,714798 0,002500
изнасиловать 0,076161 0,000111
продолжать 0,033902 0,000148
желание 2,612740 0,007617
ссср 0,000000 0,000000
техника 0,000000 0,000000
означать 3,624341 0,010567
состояние 2,238047 0,003262
итог 1,678431 0,004893
захватить 2,931194 0,008546
значение 3,912023 0,005703
вопрос 1,021651 0,008936
игра 0,000000 0,000000
суверенитет 3,624341 0,005283
аэс 3,912023 0,068432
волновать 4,317488 0,006294
ослабление 3,912023 0,005703
минь 0,000000 0,000000
ваш 0,047791 0,000070
главное 0,000000 0,000000
медитация 0,076161 0,000111
больший 1,373049 0,002002
издание 2,238047 0,006525
потребоваться 3,624341 0,005283
сдача 4,317488 0,006294
лихачёв 5,010635 0,007304
реакция 0,047791 0,000139
сюжетситуация 5,010635 0,007304
материал 0,000000 0,000000
быть 1,399717 0,006121
общественный 3,624341 0,005283
беседа 1,752539 0,002555
отмечать 1,966113 0,002866
боевой 2,371578 0,003457
лента 0,000000 0,000000
роль 1,714798 0,002500
спорт 0,000000 0,000000
мочь 0,836248 0,001219
этот 1,427116 0,004161
магатэ 5,010635 0,021912
сам 1,226446 0,001788
четыре 0,040822 0,000060
урегулирование 2,238047 0,006525
увеличиться 3,064725 0,004468
конфиденциальностиправить 0,000000 0,000000
глава 1,321756 0,005780
отметить 1,399717 0,008162
занятой 3,912023 0,005703
применение 0,000000 0,000000
неопределённость 4,317488 0,006294
давление 2,302585 0,003357
дать 1,272966 0,001856
возможный 2,066196 0,003012
анастасия 3,401197 0,004958
росатом 5,010635 0,007304
гарантия 2,708050 0,003948
координационный 4,317488 0,006294
отдел 0,579818 0,000845
ценность 0,000000 0,000000
стремиться 2,708050 0,003948
вернуться 0,006689 0,000010
очередь 2,014903 0,005874
попытаться 2,238047 0,003262
подкомитет 5,010635 0,007304
российский 0,033902 0,000346
цель 1,875141 0,002733
обитание 0,000000 0,000000
специалист 2,445686 0,003565
просто 1,678431 0,002447
россия 0,000000 0,000000
интернет 0,000000 0,000000
шантаж 3,912023 0,005703
выделить 3,912023 0,005703
свой 0,020203 0,000059
электроэнергия 5,010635 0,007304
палата 2,931194 0,004273
требование 2,014903 0,002937
гид 0,076161 0,000111
энергия 3,624341 0,005283
объём 3,218876 0,004692
цена 2,302585 0,003357
хрупкий 5,010635 0,007304
американский 0,054808 0,000160
нуждаться 3,912023 0,005703
представитель 1,678431 0,002447
сотрудник 0,068993 0,000101
зеленский 0,054808 0,000559
днепр 5,010635 0,007304
другой 1,059392 0,001544
работа 0,899761 0,002623
европа 1,791759 0,002612
авантюра 3,912023 0,005703
эмоция 0,047791 0,000070
сеть 0,090654 0,000132
отдать 2,813411 0,004101
азия 2,445686 0,003565
всеприбалтикаукраинабелоруссиямолдавиязакавказьесредний 2,525729 0,003682
обменять 4,317488 0,012587
число 1,226446 0,003576
военнослужащий 0,068993 0,000101
накапливать 0,047791 0,000070
контроль 1,714798 0,017498
кроме 1,427116 0,006241
войско 2,371578 0,006914
мария 2,525729 0,003682
подход 3,218876 0,004692
эксперт 1,966113 0,008598
положение 2,612740 0,003809
депутат 0,068993 0,000101
прогресс 0,090654 0,000132
форма 0,061875 0,000090
нажать 0,000000 0,000000
оперативный 2,014903 0,002937
дом 0,061875 0,000090
культура 0,000000 0,000000
обмен 2,371578 0,003457
интеграция 3,912023 0,005703
коллега 1,791759 0,002612
статья 0,000000 0,000000
обстрел 3,218876 0,004692
окружение 2,525729 0,003682
принцип 2,931194 0,004273
любой 2,120264 0,003091
отношение 1,226446 0,003576
чиновница 5,010635 0,007304
наш 1,347074 0,001964
редактор 0,556288 0,000811
потребитель 5,010635 0,007304
западный 2,014903 0,002937
нарушать 3,401197 0,004958
комментарий 1,427116 0,002080
план 1,875141 0,002733
тема 1,297063 0,001891
продавать 2,708050 0,003948
поступать 3,218876 0,004692
инвестиция 2,931194 0,004273
атомный 3,064725 0,044675
увлекательный 0,047791 0,000070
использованияполитик 0,000000 0,000000
риа 1,272966 0,001856
деактивировать 0,013423 0,000020
рекомендательный 0,000000 0,000000
электростанция 3,401197 0,044622
исключать 4,317488 0,006294
переговоры 0,047791 0,000070
заверить 3,218876 0,004692
будущее 2,066196 0,003012
год 0,521999 0,000761
защитить 3,064725 0,004468
обратиться 0,076161 0,000111
волово 4,317488 0,006294
международный 1,875141 0,002733
забота 0,000000 0,000000
сбер 0,040822 0,000060
пожаловать 0,013423 0,000020
михальчевский 5,010635 0,007304
безопасность 2,014903 0,023497
потеря 2,014903 0,002937
решить 1,791759 0,002612
трамп 0,054808 0,000320
который 0,521999 0,003044
крупный 0,054808 0,000160
например 1,791759 0,002612
агентство 2,302585 0,010070
гросся 5,010635 0,021912
рамка 2,371578 0,006914
прим 2,813411 0,004101
победа 0,000000 0,000000
белоус 0,076161 0,000111
прибыть 0,083382 0,000122
сегодня 1,643339 0,004791
страна 0,747955 0,001090
президент 0,851752 0,002483
терроризировать 5,010635 0,007304
минченко 4,317488 0,006294
сми 0,000000 0,000000
акция 0,047791 0,000070
вместе 1,514128 0,004414
жилец 0,068993 0,000101
рафаэль 5,010635 0,007304
предречь 0,076161 0,000222
место 0,027029 0,000039
свет 0,054808 0,000080
регион 0,076161 0,000222
мс 0,097980 0,000143
рогов 4,317488 0,012587
генеральный 2,708050 0,003948
март 0,040822 0,000119
благодаря 2,238047 0,003262
военный 0,020203 0,000088
летний 0,047791 0,000070
рада 0,068993 0,000101
экономика 0,000000 0,000000
опечатка 0,000000 0,000000
указать 1,966113 0,008598
писать 1,752539 0,002555
вызвать 0,090654 0,000132
киев 1,714798 0,007499
три 1,919593 0,002798
евгений 2,931194 0,004273
повестка 4,317488 0,006294
владимир 1,160488 0,006767
согласно 3,064725 0,004468
реальный 0,013423 0,000020
секретариат 5,010635 0,007304
тысяча 0,054808 0,000080
курский 1,791759 0,007836
политолог 2,708050 0,003948
официальный 2,238047 0,003262
поменять 5,010635 0,007304
затопить 0,076161 0,000111
невозможно 2,708050 0,003948
вернуть 2,371578 0,020743
обменивать 0,047791 0,000070
заэс 3,624341 0,063400
ссылаться 5,010635 0,007304
алексей 1,875141 0,002733
условие 0,033902 0,000148
провалиться 4,317488 0,006294
возможность 1,714798 0,002500
гриб 4,317488 0,012587
встреча 1,832581 0,002671
правда 0,040822 0,000060
плохой 2,177422 0,003174
думать 1,791759 0,002612
безопасный 2,813411 0,004101
информация 1,514128 0,004414
риск 2,120264 0,003091
присутствие 3,624341 0,005283
видеть 0,013423 0,000020
сообщать 1,791759 0,002612
наука 0,000000 0,000000
активно 2,708050 0,003948
плацдарм 5,010635 0,007304
источник 2,708050 0,003948
