ру 0,000000 0,000000
банк 0,068993 0,000245
лента 0,000000 0,000000
урожай 3,912023 0,013872
новый 0,000000 0,000000
день 0,033902 0,000120
садовод 3,624341 0,038557
перемирие 0,076161 0,000270
пластика 3,912023 0,013872
спорт 0,000000 0,000000
мочь 0,836248 0,005931
отвести 0,076161 0,000270
добро 0,013423 0,000143
согласие 0,047791 0,000169
путешествие 0,000000 0,000000
четыре 0,040822 0,000145
конфликт 0,061875 0,000219
конфиденциальностиправить 0,000000 0,000000
александр 1,373049 0,004869
пол 0,090654 0,000321
помощь 0,027029 0,000096
вода 0,054808 0,000194
фото 0,061875 0,000439
политика 0,040822 0,000145
колготки 3,624341 0,089966
воздух 2,813411 0,009977
применение 0,000000 0,000000
дать 1,272966 0,009028
призвать 1,791759 0,012708
ценность 0,000000 0,000000
мир 0,000000 0,000000
вернуться 0,006689 0,000024
обеспечить 3,218876 0,011414
качать 3,401197 0,012061
индия 0,076161 0,000270
барьер 3,912023 0,013872
структура 0,000000 0,000000
очередь 2,014903 0,014290
одноразовый 5,010635 0,017768
сложность 3,401197 0,012061
необходимый 2,708050 0,009603
российский 0,033902 0,000240
необходимо 2,120264 0,007519
обитание 0,000000 0,000000
дерево 3,912023 0,027745
специалист 2,445686 0,008673
бывший 0,000000 0,000000
пропускать 5,010635 0,017768
время 0,693147 0,002458
растение 5,010635 0,053305
россия 0,000000 0,000000
интернет 0,000000 0,000000
создавать 2,371578 0,008410
томат 5,010635 0,017768
маккартень 0,097980 0,000347
ооо 0,000000 0,000000
свой 0,020203 0,000072
ранее 1,003302 0,003558
проблема 0,047791 0,000169
гид 0,076161 0,000270
технологийминь 0,000000 0,000000
город 0,047791 0,000169
американский 0,054808 0,000194
стяжка 5,010635 0,035536
галерея 0,000000 0,000000
внешность 0,097980 0,000347
россиянин 1,321756 0,004687
сотрудник 0,068993 0,000245
перец 5,010635 0,017768
начаться 0,033902 0,000120
зеленский 0,054808 0,000389
всегосэкономикабизнесрынкикапиталсоциальный 1,966113 0,006972
силовой 0,000000 0,000000
пляжный 0,097980 0,000347
эмоция 0,047791 0,000169
сеть 0,090654 0,000321
подмосковье 2,813411 0,009977
выражать 0,047791 0,000339
читать 0,040822 0,000145
военнослужащий 0,068993 0,000245
накапливать 0,047791 0,000169
кроме 1,427116 0,005061
посоветовать 2,612740 0,009265
оценивать 0,047791 0,000169
лёгкий 2,612740 0,009265
поддержка 2,371578 0,025230
пластиковый 5,010635 0,017768
байконур 0,097980 0,000347
редакциярекламаконтактыпресс 0,000000 0,000000
председатель 2,302585 0,008165
совет 1,714798 0,012162
видео 0,000000 0,000000
эксперт 1,966113 0,006972
фрукт 3,064725 0,010868
депутат 0,068993 0,000489
куст 5,010635 0,017768
прогресс 0,090654 0,000321
форма 0,061875 0,000219
нажать 0,000000 0,000000
последний 0,083382 0,000296
дом 0,061875 0,000219
баклажан 5,010635 0,017768
культура 0,000000 0,000000
обсудить 0,415515 0,001473
архив 0,000000 0,000000
никита 2,931194 0,010394
статья 0,000000 0,000000
удаление 3,912023 0,013872
помимо 2,813411 0,009977
добраться 3,064725 0,010868
заявить 0,061875 0,000219
сша 0,040822 0,000145
бонус 0,047791 0,000339
способный 2,612740 0,009265
среда 0,000000 0,000000
раскрытие 0,076161 0,000270
редактор 0,556288 0,001973
остаться 0,047791 0,000169
эксклюзив 0,000000 0,000000
уволить 0,076161 0,000270
скидка 0,047791 0,000169
гибкий 3,912023 0,013872
погружаться 0,047791 0,000169
климат 1,875141 0,013299
сделать 1,321756 0,004687
рассада 4,317488 0,015310
увлекательный 0,047791 0,000169
использованияполитик 0,000000 0,000000
средаклимат 1,966113 0,006972
деактивировать 0,013423 0,000048
рекомендательный 0,000000 0,000000
переговоры 0,047791 0,000169
получать 0,033902 0,000120
сферанедвижимостьгородский 1,966113 0,006972
кабельный 5,010635 0,035536
хотеть 0,013423 0,000048
обратиться 0,076161 0,000270
подготовка 2,302585 0,008165
забота 0,000000 0,000000
сбер 0,040822 0,000145
пожаловать 0,013423 0,000048
стать 0,499776 0,001772
трамп 0,054808 0,000194
работать 0,027029 0,000096
крупный 0,054808 0,000389
спецпроект 0,000000 0,000000
это 0,020203 0,000072
победа 0,000000 0,000000
разрезать 5,010635 0,017768
украинский 0,047791 0,000169
слово 0,820981 0,002911
рост 1,791759 0,006354
белоус 0,076161 0,000270
прибыть 0,083382 0,000296
два 0,033902 0,000240
вместо 2,708050 0,009603
новость 0,000000 0,000000
туристка 0,076161 0,000270
мотор 0,000000 0,000000
сми 0,000000 0,000000
акция 0,047791 0,000169
наслать 0,000000 0,000000
жизнь 0,000000 0,000000
жилец 0,068993 0,000245
нужный 2,302585 0,008165
союз 1,966113 0,006972
предречь 0,076161 0,000540
жать 0,013423 0,000048
войти 0,000000 0,000000
место 0,027029 0,000192
свет 0,054808 0,000194
овощ 3,624341 0,012852
регион 0,076161 0,000270
мс 0,097980 0,000347
сдерживать 5,010635 0,017768
март 0,040822 0,000290
военный 0,020203 0,000072
вредитель 5,010635 0,017768
летний 0,047791 0,000169
рада 0,068993 0,000245
экономика 0,000000 0,000000
использовать 1,919593 0,027228
уход 0,076161 0,000270
опечатка 0,000000 0,000000
надёжный 3,401197 0,012061
госдума 2,302585 0,008165
хороший 0,006689 0,000024
спор 0,097980 0,000347
чаплин 5,010635 0,017768
вызвать 0,090654 0,000321
обычный 0,013423 0,000048
затем 1,875141 0,006649
конфиденциальность 0,047791 0,000169
полоса 3,912023 0,013872
изнасиловать 0,076161 0,000270
продолжать 0,033902 0,000120
первый 0,883501 0,003133
реальный 0,013423 0,000048
ссср 0,000000 0,000000
техника 0,000000 0,000000
тысяча 0,054808 0,000194
затопить 0,076161 0,000270
игра 0,000000 0,000000
подвязать 5,010635 0,017768
обменивать 0,047791 0,000169
минь 0,000000 0,000000
экология 4,317488 0,015310
условие 0,033902 0,000240
ваш 0,047791 0,000169
главное 0,000000 0,000000
капроновый 5,010635 0,035536
медитация 0,076161 0,000270
правда 0,040822 0,000145
ветвь 4,317488 0,015310
защитный 4,317488 0,015310
посадить 4,317488 0,015310
позволять 2,177422 0,007721
видеть 0,013423 0,000048
экологияделовой 1,966113 0,006972
использование 2,813411 0,009977
реакция 0,047791 0,000339
материал 0,000000 0,000000
наука 0,000000 0,000000
дачник 5,010635 0,017768
