ру 0,000000 0,000000
рф 1,514128 0,002713
банк 0,068993 0,000031
день 0,033902 0,000046
милиция 5,010635 0,002245
оборона 2,302585 0,002063
разведка 2,612740 0,002341
найти 1,678431 0,002256
газета 2,302585 0,001032
приморский 3,624341 0,001624
совещание 3,912023 0,001753
вокруг 2,525729 0,002263
отвести 0,076161 0,000034
согласие 0,047791 0,000021
центр 1,752539 0,005496
путешествие 0,000000 0,000000
су 3,912023 0,001753
заявление 2,066196 0,000926
множество 2,813411 0,001260
мало 3,064725 0,001373
радикал 4,317488 0,001934
связаться 3,218876 0,001442
пол 0,090654 0,000081
декабрь 1,966113 0,000881
контртеррористический 5,010635 0,002245
сср 5,010635 0,002245
человек 0,762140 0,003415
вода 0,054808 0,000049
шабалкин 5,010635 0,006735
помещение 2,612740 0,001171
фото 0,061875 0,000360
пункт 1,966113 0,001762
связь 1,714798 0,002305
взрыв 2,302585 0,005158
ситтель 5,010635 0,002245
артиллерия 3,064725 0,001373
смятение 5,010635 0,002245
продолжаться 2,708050 0,001213
ловушка 3,218876 0,001442
ездить 3,401197 0,003048
суд 1,832581 0,001642
запас 3,064725 0,001373
многодетный 3,912023 0,001753
родина 2,813411 0,001260
училище 3,624341 0,001624
фёдоров 5,010635 0,002245
обосноваться 5,010635 0,002245
запад 1,919593 0,000860
индия 0,076161 0,000034
пройти 1,427116 0,000639
тесный 5,010635 0,002245
подлегаев 5,010635 0,002245
житель 1,678431 0,002256
дело 1,249435 0,000560
окончательно 3,912023 0,001753
опытный 2,813411 0,001260
расположить 3,064725 0,001373
майор 3,912023 0,005258
беспрецедентный 5,010635 0,002245
быстро 2,813411 0,001260
называть 1,791759 0,003211
грозненский 5,010635 0,002245
создавать 2,371578 0,001063
посмотреть 2,525729 0,001132
миллиметр 3,912023 0,001753
социальный 2,371578 0,001063
командование 3,218876 0,004326
бандподполье 5,010635 0,004490
недавно 3,218876 0,001442
республика 2,371578 0,007438
подписание 4,317488 0,003869
проблема 0,047791 0,000064
главный 1,272966 0,001711
ситуация 1,484275 0,000665
режим 1,966113 0,000881
данные 1,678431 0,000752
спецназначение 5,010635 0,004490
иной 2,708050 0,001213
также 0,762140 0,000341
бандит 3,624341 0,003248
технологийминь 0,000000 0,000000
совесть 4,317488 0,001934
грозный 5,010635 0,026939
подробность 2,066196 0,000926
канализационный 5,010635 0,002245
руслан 3,912023 0,005258
ранить 3,624341 0,001624
толстой 5,010635 0,013469
пытаться 1,347074 0,003621
россиянин 1,321756 0,000592
степень 3,401197 0,001524
сначала 2,445686 0,001096
территория 1,609438 0,004326
претендент 5,010635 0,002245
находиться 1,399717 0,003136
кадровый 3,401197 0,001524
разгром 3,401197 0,001524
окончание 3,064725 0,001373
начать 1,139434 0,002042
сидеть 2,612740 0,001171
незаконный 3,218876 0,001442
уничтожение 3,401197 0,001524
однажды 3,624341 0,001624
силовой 0,000000 0,000000
теракт 3,624341 0,012990
нищета 3,912023 0,001753
скрываться 2,525729 0,004526
водораздел 5,010635 0,002245
однако 1,249435 0,002799
себя 2,014903 0,000903
мирный 1,966113 0,001762
сколько 2,525729 0,001132
случайно 3,912023 0,001753
рассеяться 5,010635 0,002245
посылать 5,010635 0,002245
нападение 3,218876 0,001442
тишина 4,317488 0,001934
шаврина 5,010635 0,002245
поддержка 2,371578 0,003188
байконур 0,097980 0,000044
один 0,836248 0,002997
охранник 3,912023 0,001753
телецентр 5,010635 0,006735
вначале 5,010635 0,002245
совет 1,714798 0,000768
ракетный 3,218876 0,001442
централизовать 5,010635 0,002245
контролировать 3,401197 0,003048
собачка 5,010635 0,002245
чу 5,010635 0,002245
часть 1,484275 0,001330
должность 2,813411 0,001260
выход 2,120264 0,002850
последний 0,083382 0,000037
торговля 3,624341 0,003248
повсеместный 5,010635 0,002245
сторона 1,321756 0,001184
некоторый 1,576648 0,001413
формирование 3,624341 0,004871
архив 0,000000 0,000000
заявить 0,061875 0,000083
сша 0,040822 0,000018
лидер 1,347074 0,007242
июль 2,708050 0,002427
южный 3,218876 0,001442
способный 2,612740 0,001171
раскрытие 0,076161 0,000034
говорить 1,160488 0,000520
следствие 2,612740 0,001171
нарушить 3,624341 0,001624
патрушев 5,010635 0,002245
кольцо 3,624341 0,006495
номер 2,931194 0,001313
качество 1,832581 0,000821
авиация 2,612740 0,001171
вели 3,401197 0,001524
резерв 3,624341 0,001624
прибалтика 5,010635 0,002245
столько 2,525729 0,001132
погружаться 0,047791 0,000021
реорганизовать 5,010635 0,002245
администрация 2,931194 0,001313
официально 2,931194 0,001313
усугубить 4,317488 0,001934
поступить 2,708050 0,003640
соблюдение 2,813411 0,001260
выглядеть 1,752539 0,000785
урал 5,010635 0,002245
общероссийский 4,317488 0,001934
назначить 2,708050 0,002427
обстрелять 5,010635 0,002245
поставить 2,238047 0,001003
ликвидировать 3,401197 0,012191
окружать 5,010635 0,002245
брезент 5,010635 0,002245
сигнал 3,912023 0,003505
получать 0,033902 0,000030
открыто 3,912023 0,001753
нтв 5,010635 0,002245
закалённый 4,317488 0,001934
зона 2,371578 0,002125
армия 2,014903 0,001805
подготовка 2,302585 0,001032
волгодонск 5,010635 0,004490
кадыровглав 5,010635 0,002245
нужно 1,791759 0,000803
устроить 2,014903 0,001805
циркуляция 5,010635 0,002245
масхадов 3,624341 0,115290
совместный 3,401197 0,003048
группа 1,514128 0,002713
озеро 5,010635 0,002245
огонь 1,609438 0,000721
спецпроект 0,000000 0,000000
затянуться 5,010635 0,002245
труба 3,064725 0,002746
украинский 0,047791 0,000021
слово 0,820981 0,001471
вильнюс 5,010635 0,004490
окрестность 3,624341 0,001624
процент 1,678431 0,000752
комиссия 3,064725 0,001373
вашингтон 2,066196 0,000926
туристка 0,076161 0,000034
мотор 0,000000 0,000000
реабилитация 3,912023 0,001753
взять 2,371578 0,004250
наслать 0,000000 0,000000
лояльный 5,010635 0,004490
жизнь 0,000000 0,000000
конкурент 3,064725 0,001373
уничтожить 2,120264 0,003800
менять 2,813411 0,001260
жать 0,013423 0,000006
улица 2,302585 0,002063
далеко 3,064725 0,001373
спецоперация 3,218876 0,001442
целый 2,525729 0,001132
наркотик 2,708050 0,002427
тщетно 5,010635 0,002245
басаев 5,010635 0,006735
трое 2,931194 0,002627
допустить 2,813411 0,001260
воспринимать 5,010635 0,002245
хороший 0,006689 0,000003
спор 0,097980 0,000088
тайный 3,624341 0,001624
воевать 2,931194 0,001313
комендатура 5,010635 0,002245
отключить 1,514128 0,000678
готовиться 2,371578 0,001063
насаждать 5,010635 0,002245
панкисский 5,010635 0,002245
власть 1,609438 0,002163
конфиденциальность 0,047791 0,000021
общий 1,714798 0,000768
назад 1,678431 0,003760
предыдущий 3,401197 0,001524
продолжать 0,033902 0,000015
надтеречный 5,010635 0,002245
двигатель 3,912023 0,001753
кадр 1,544899 0,002769
обвинить 2,931194 0,001313
ссср 0,000000 0,000000
спецслужба 2,525729 0,005658
каска 5,010635 0,002245
напасть 3,218876 0,001442
идти 1,297063 0,001743
никто 2,014903 0,000903
заряд 4,317488 0,001934
артиллерийский 3,912023 0,005258
минь 0,000000 0,000000
именно 1,875141 0,005881
против 1,791759 0,003211
похоже 2,931194 0,001313
главное 0,000000 0,000000
французский 3,064725 0,001373
федерация 3,401197 0,001524
интервью 2,525729 0,001132
перевести 3,218876 0,001442
повысить 3,401197 0,001524
активный 2,120264 0,000950
ханка 5,010635 0,002245
ухудшиться 3,912023 0,001753
наградить 4,317488 0,001934
вторгнуться 2,813411 0,001260
участвовать 3,064725 0,004119
сообщить 1,297063 0,000581
заложник 4,317488 0,005803
быть 1,399717 0,001254
беседа 1,752539 0,001570
учение 3,912023 0,001753
точка 2,445686 0,002191
прославиться 3,624341 0,001624
районный 5,010635 0,002245
отмечать 1,966113 0,002643
отряд 2,931194 0,002627
ранение 2,813411 0,001260
исходить 3,401197 0,001524
назначение 3,401197 0,003048
вести 2,014903 0,002708
отделение 3,912023 0,001753
электронный 4,317488 0,001934
штурм 3,401197 0,003048
установить 2,931194 0,002627
спорт 0,000000 0,000000
грузия 3,912023 0,001753
лишний 4,317488 0,001934
помешать 3,064725 0,001373
перерыв 3,401197 0,001524
набрать 3,912023 0,001753
этот 1,427116 0,001918
четыре 0,040822 0,000037
глубокий 2,931194 0,001313
джихад 5,010635 0,002245
урегулирование 2,238047 0,001003
залечь 4,317488 0,001934
конфиденциальностиправить 0,000000 0,000000
глава 1,321756 0,010659
народ 2,708050 0,001213
основной 2,813411 0,001260
край 2,612740 0,001171
гех 5,010635 0,002245
схема 2,612740 0,001171
известный 1,714798 0,001537
ныне 4,317488 0,001934
воздух 2,813411 0,001260
илья 3,064725 0,004119
рубеж 3,064725 0,001373
транслировать 3,912023 0,001753
отдел 0,579818 0,000520
многое 3,064725 0,001373
саддам 5,010635 0,002245
попытаться 2,238047 0,001003
фронтовой 3,912023 0,001753
оставить 2,238047 0,001003
судкриминалполиция 2,525729 0,001132
российский 0,033902 0,000273
ран 3,218876 0,001442
цель 1,875141 0,000840
ободрять 5,010635 0,002245
обитание 0,000000 0,000000
агентурный 5,010635 0,002245
давно 2,445686 0,002191
экономический 2,525729 0,001132
версия 2,708050 0,004853
колонна 4,317488 0,005803
интернет 0,000000 0,000000
спустя 1,832581 0,002463
шесть 1,966113 0,000881
райцентр 5,010635 0,002245
штаб 5,010635 0,017959
назвать 1,021651 0,000458
гид 0,076161 0,000034
раздетый 5,010635 0,002245
игорь 3,064725 0,002746
убедить 2,302585 0,001032
знак 3,218876 0,001442
прекращение 1,714798 0,000768
представитель 1,678431 0,000752
страшный 2,525729 0,003395
сотрудник 0,068993 0,000124
руководство 2,302585 0,002063
сварщик 5,010635 0,002245
адрес 3,218876 0,001442
представить 2,525729 0,001132
морковкин 5,010635 0,002245
тактика 3,624341 0,001624
широкомасштабный 5,010635 0,002245
вынудить 3,218876 0,002884
эмоция 0,047791 0,000021
сеть 0,090654 0,000081
нефтепродукт 5,010635 0,002245
чеченский 3,401197 0,024381
запретить 2,066196 0,001851
пока 1,678431 0,000752
период 2,014903 0,000903
гелаева 5,010635 0,002245
должный 1,714798 0,001537
шум 3,912023 0,001753
неожиданно 4,317488 0,001934
военнослужащий 0,068993 0,000062
знать 1,576648 0,002826
доказательство 3,912023 0,001753
забросать 5,010635 0,002245
накапливать 0,047791 0,000021
маршрут 3,912023 0,001753
ассоциация 3,624341 0,001624
кроме 1,427116 0,000639
мария 2,525729 0,001132
войско 2,371578 0,005313
позорный 4,317488 0,001934
спецназ 2,931194 0,017072
внести 2,931194 0,003940
подтвердить 2,238047 0,001003
сепаратист 3,624341 0,001624
километр 3,064725 0,001373
служебный 3,912023 0,001753
похитить 3,064725 0,001373
командовать 3,912023 0,003505
положение 2,612740 0,001171
депутат 0,068993 0,000031
будущий 2,931194 0,001313
предмет 3,401197 0,001524
численность 3,912023 0,001753
война 1,455287 0,004564
оказать 3,624341 0,001624
согласиться 2,066196 0,001851
снятой 3,218876 0,001442
культура 0,000000 0,000000
ингушский 5,010635 0,006735
ирак 4,317488 0,001934
телеэкран 5,010635 0,002245
скрыть 3,912023 0,001753
цсн 5,010635 0,002245
статья 0,000000 0,000000
существовать 2,445686 0,001096
гантемировой 5,010635 0,002245
докладывать 4,317488 0,003869
дагестан 4,317488 0,005803
повод 2,708050 0,001213
честь 2,813411 0,001260
отношение 1,226446 0,000549
явный 4,317488 0,001934
редактор 0,556288 0,000249
многие 1,714798 0,001537
получить 1,059392 0,000475
овд 5,010635 0,002245
развёртывание 5,010635 0,002245
исключительно 3,624341 0,001624
зимой 3,912023 0,001753
государственный 2,525729 0,002263
сформировать 3,064725 0,001373
орден 3,912023 0,001753
следить 2,813411 0,001260
устраивать 3,064725 0,001373
ваххабит 5,010635 0,008980
фактически 3,401197 0,001524
сделать 1,321756 0,001184
увлекательный 0,047791 0,000021
кадыров 5,010635 0,008980
риа 1,272966 0,002852
березовский 5,010635 0,002245
буйнакск 5,010635 0,004490
накладный 5,010635 0,002245
нанести 2,813411 0,001260
зелёный 3,218876 0,001442
танковый 4,317488 0,001934
прочёсывать 5,010635 0,002245
заместитель 3,064725 0,001373
переговоры 0,047791 0,000128
люк 4,317488 0,001934
будущее 2,066196 0,000926
год 0,521999 0,010524
защитить 3,064725 0,001373
лагер 5,010635 0,002245
баротравма 4,317488 0,001934
собака 3,624341 0,001624
характерный 5,010635 0,002245
международный 1,875141 0,002520
комитет 2,813411 0,001260
фсб 2,931194 0,011819
сбер 0,040822 0,000018
лебедь 5,010635 0,004490
стараться 2,813411 0,001260
ведущий 2,371578 0,002125
трамп 0,054808 0,000025
хитрость 5,010635 0,002245
делегация 3,401197 0,001524
вывод 2,708050 0,001213
крупный 0,054808 0,000049
тире 5,010635 0,002245
май 2,813411 0,003781
динамо 3,218876 0,002884
литься 5,010635 0,002245
ингушетия 3,912023 0,001753
пистолет 4,317488 0,001934
выстрел 3,912023 0,001753
умывальник 5,010635 0,002245
телохранитель 5,010635 0,006735
белоус 0,076161 0,000034
бетонный 3,912023 0,001753
заморозить 4,317488 0,001934
последовать 3,064725 0,002746
страна 0,747955 0,000335
дубровка 5,010635 0,004490
пропустить 5,010635 0,002245
акция 0,047791 0,000043
оттуда 3,401197 0,001524
мвд 3,912023 0,001753
создать 2,120264 0,000950
такой 1,003302 0,000899
вместе 1,514128 0,001357
предречь 0,076161 0,000068
собранный 5,010635 0,002245
заставить 2,612740 0,001171
телевидение 3,218876 0,001442
отправить 2,066196 0,000926
регион 0,076161 0,000068
изготовление 5,010635 0,002245
решение 1,544899 0,000692
рука 2,066196 0,000926
собираться 2,931194 0,001313
село 2,708050 0,014559
накануне 2,238047 0,001003
ради 2,371578 0,002125
преступный 2,445686 0,001096
март 0,040822 0,000110
военный 0,020203 0,000127
летний 0,047791 0,000043
дядя 4,317488 0,001934
машатин 5,010635 0,002245
рада 0,068993 0,000031
экономика 0,000000 0,000000
тот 1,427116 0,003197
лабазанов 5,010635 0,002245
свидетель 3,064725 0,001373
организация 2,238047 0,002005
соглашение 2,612740 0,001171
кровь 2,612740 0,001171
охотиться 3,064725 0,001373
десять 2,708050 0,001213
поздний 1,832581 0,002463
история 1,609438 0,002884
осудить 2,813411 0,001260
гостайный 5,010635 0,002245
вскоре 2,302585 0,004126
противостоять 3,624341 0,001624
совершенный 3,624341 0,003248
процветать 4,317488 0,003869
запеленговать 5,010635 0,004490
школа 2,525729 0,004526
довольно 3,064725 0,001373
подвоз 4,317488 0,001934
вскрытие 5,010635 0,002245
командир 2,813411 0,007563
бой 2,066196 0,000926
реальный 0,013423 0,000006
накрыть 3,064725 0,001373
седов 4,317488 0,001934
макаров 5,010635 0,004490
семья 2,120264 0,000950
тысяча 0,054808 0,000098
руководить 3,912023 0,003505
заказчик 4,317488 0,001934
соединение 3,624341 0,001624
повесить 5,010635 0,002245
радикальный 3,912023 0,001753
затопить 0,076161 0,000034
причастность 5,010635 0,002245
участник 2,371578 0,002125
войсковой 5,010635 0,002245
объявление 3,912023 0,001753
обменивать 0,047791 0,000021
алексей 1,875141 0,000840
алхан 5,010635 0,002245
голос 3,218876 0,001442
условие 0,033902 0,000046
продажа 2,708050 0,001213
встреча 1,832581 0,001642
амир 4,317488 0,001934
выпускать 3,218876 0,001442
неспособность 3,218876 0,001442
занять 2,813411 0,001260
постоянно 2,525729 0,001132
айваз 5,010635 0,002245
видеть 0,013423 0,000006
слива 5,010635 0,002245
скорый 2,525729 0,001132
шокать 5,010635 0,002245
высокий 1,455287 0,000652
активно 2,708050 0,002427
второй 1,643339 0,002209
кампания 3,624341 0,001624
специальный 2,525729 0,002263
определённый 4,317488 0,001934
терроризм 3,401197 0,003048
асср 5,010635 0,002245
загадочный 2,931194 0,001313
кгб 3,401197 0,001524
новый 0,000000 0,000000
ахмад 5,010635 0,002245
образ 1,514128 0,000678
фигура 3,064725 0,001373
стюардесса 4,317488 0,001934
перемирие 0,076161 0,000034
служить 3,401197 0,001524
академия 3,912023 0,001753
ввод 5,010635 0,002245
частично 4,317488 0,001934
свести 4,317488 0,001934
умышленно 5,010635 0,002245
местный 2,066196 0,003703
население 2,525729 0,003395
литва 3,624341 0,003248
добро 0,013423 0,000018
удар 1,455287 0,000652
важный 1,875141 0,000840
пойти 2,120264 0,000950
полный 1,875141 0,001680
гвардейский 3,912023 0,001753
наблюдательный 4,317488 0,001934
конфликт 0,061875 0,000111
предложить 2,177422 0,002927
александр 1,373049 0,003076
помощь 0,027029 0,000048
секретарь 2,708050 0,001213
чечь 5,010635 0,002245
политика 0,040822 0,000055
й 2,612740 0,001171
каида 5,010635 0,002245
формироваться 5,010635 0,002245
живой 2,525729 0,001132
м 2,066196 0,000926
выторговать 5,010635 0,002245
коммерсантъ 2,708050 0,001213
определить 2,612740 0,002341
самолёт 2,302585 0,001032
земля 1,919593 0,000860
местонахождение 5,010635 0,002245
оно 2,445686 0,001096
взорвать 3,064725 0,001373
местоположение 4,317488 0,001934
гончаровглав 5,010635 0,002245
сила 1,321756 0,011252
мир 0,000000 0,000000
выслать 5,010635 0,002245
унести 3,401197 0,007619
искать 2,302585 0,002063
структура 0,000000 0,000000
русский 1,919593 0,000860
бояться 2,120264 0,000950
входить 2,931194 0,001313
этап 2,931194 0,001313
видеосюжет 5,010635 0,002245
террористический 3,064725 0,002746
диверсионный 5,010635 0,002245
бывший 0,000000 0,000000
боец 1,875141 0,005041
небольшой 2,177422 0,000976
планировать 2,612740 0,001171
бронетехника 3,912023 0,003505
время 0,693147 0,001242
единственный 2,708050 0,002427
оппозиция 3,912023 0,001753
маккартень 0,097980 0,000044
ооо 0,000000 0,000000
валид 5,010635 0,002245
вымпел 5,010635 0,006735
проникновение 3,912023 0,001753
ибн 4,317488 0,001934
взрывной 4,317488 0,001934
начальник 2,238047 0,003008
вторжение 3,401197 0,001524
резко 2,371578 0,001063
сергей 2,525729 0,003395
город 0,047791 0,000064
публикация 3,064725 0,001373
реестр 4,317488 0,005803
внезапный 5,010635 0,002245
погибнуть 2,612740 0,002341
гранат 5,010635 0,002245
неприкосновенность 4,317488 0,001934
неоценимый 5,010635 0,002245
написать 1,966113 0,000881
галерея 0,000000 0,000000
прийтись 2,120264 0,000950
внешность 0,097980 0,000044
ленинградский 4,317488 0,001934
северный 2,371578 0,006375
грузовик 4,317488 0,001934
начаться 0,033902 0,000030
джапариджз 5,010635 0,002245
зарубежный 2,371578 0,001063
упадок 5,010635 0,002245
трошевва 5,010635 0,002245
выступить 2,238047 0,001003
победить 2,525729 0,001132
пляжный 0,097980 0,000044
парламентёр 5,010635 0,002245
отсутствие 2,612740 0,002341
ключевой 2,445686 0,003287
мовсар 5,010635 0,002245
основный 2,525729 0,001132
вооружённый 1,678431 0,004512
истинный 3,624341 0,001624
диверсия 3,401197 0,001524
последствие 1,875141 0,000840
осетиный 5,010635 0,002245
ничуть 4,317488 0,001934
выражать 0,047791 0,000043
вход 4,317488 0,003869
читать 0,040822 0,000018
минобороны 1,966113 0,000881
вспоминать 3,064725 0,002746
замначальник 5,010635 0,002245
генерал 3,218876 0,005769
оценивать 0,047791 0,000021
родиться 3,064725 0,001373
беседовать 3,912023 0,001753
командный 3,401197 0,001524
самоходный 4,317488 0,001934
падать 3,624341 0,001624
чеченец 5,010635 0,002245
редакциярекламаконтактыпресс 0,000000 0,000000
видео 0,000000 0,000000
хронология 3,912023 0,001753
мера 2,445686 0,002191
геннадий 3,912023 0,001753
подрывной 5,010635 0,002245
подтверждать 3,401197 0,001524
лишь 2,238047 0,003008
захватчик 5,010635 0,002245
распоряжение 4,317488 0,001934
телекомпания 5,010635 0,002245
выпустить 2,238047 0,001003
джохар 5,010635 0,006735
момент 1,399717 0,001254
незамеченный 5,010635 0,002245
чечня 4,317488 0,030950
помочь 1,714798 0,001537
борис 2,445686 0,004383
племянник 5,010635 0,002245
сторонник 3,401197 0,001524
хусейн 5,010635 0,002245
неподконтрольный 5,010635 0,002245
бонус 0,047791 0,000043
информатор 3,912023 0,001753
среда 0,000000 0,000000
тыл 3,064725 0,001373
делать 1,752539 0,000785
обернуться 3,624341 0,001624
остаться 0,047791 0,000086
боеприпас 3,218876 0,001442
среди 1,714798 0,001537
тбилисский 5,010635 0,002245
прежний 2,371578 0,001063
полевой 4,317488 0,007737
эксклюзив 0,000000 0,000000
уволить 0,076161 0,000034
вычислить 3,912023 0,001753
скидка 0,047791 0,000021
москва 1,021651 0,004120
атака 1,966113 0,000881
обнародовать 5,010635 0,002245
результат 1,347074 0,001207
спрыгнуть 4,317488 0,001934
лицо 1,966113 0,000881
бараев 5,010635 0,002245
тасс 2,371578 0,005313
бункер 3,912023 0,010516
кровавый 3,912023 0,001753
всеследствие 2,525729 0,001132
приезд 4,317488 0,005803
чистить 5,010635 0,002245
прикрывать 5,010635 0,002245
хотеть 0,013423 0,000018
половина 2,177422 0,001951
стать 0,499776 0,004254
независимость 3,912023 0,003505
террорист 3,064725 0,013731
работать 0,027029 0,000012
розыск 3,912023 0,003505
театральный 3,912023 0,001753
провести 1,514128 0,001357
операция 1,514128 0,012211
подразделение 2,813411 0,003781
это 0,020203 0,000036
поддерживать 2,612740 0,001171
минный 5,010635 0,002245
догадаться 5,010635 0,002245
миротворец 3,401197 0,001524
два 0,033902 0,000046
обнаружить 2,445686 0,002191
ветеран 3,401197 0,003048
кой 3,912023 0,001753
танкист 5,010635 0,002245
новость 0,000000 0,000000
вполне 2,813411 0,002521
сентябрь 2,525729 0,004526
казахский 5,010635 0,002245
шабалкингенерал 5,010635 0,002245
остальной 2,612740 0,001171
радикализация 5,010635 0,004490
сдаться 3,624341 0,003248
спецслужбыпреступный 2,525729 0,001132
обезвредить 4,317488 0,001934
войти 0,000000 0,000000
превосходить 5,010635 0,002245
наёмник 3,624341 0,001624
отличие 3,624341 0,001624
шавринветеран 5,010635 0,002245
пресечение 3,912023 0,001753
стадион 4,317488 0,003869
восток 2,177422 0,000976
сопредседатель 3,624341 0,001624
считать 1,373049 0,001230
уход 0,076161 0,000034
ущелие 5,010635 0,002245
принадлежать 2,931194 0,002627
полка 3,401197 0,001524
заручиться 4,317488 0,001934
бомбардировщик 4,317488 0,001934
прятаться 3,624341 0,003248
обычный 0,013423 0,000018
программа 2,371578 0,001063
затем 1,875141 0,003360
ждать 1,714798 0,000768
повторно 5,010635 0,002245
танк 2,708050 0,001213
путин 0,967584 0,000434
действие 1,714798 0,003073
офицер 2,708050 0,003640
изнасиловать 0,076161 0,000034
первый 0,883501 0,001583
техника 0,000000 0,000000
воспоминание 3,912023 0,001753
носов 5,010635 0,002245
итог 1,678431 0,000752
захватить 2,931194 0,001313
практически 2,525729 0,001132
птица 3,624341 0,003248
следователь 2,931194 0,001313
деятельность 2,931194 0,002627
игра 0,000000 0,000000
ичкерия 3,624341 0,003248
антитеррор 5,010635 0,002245
кавказ 3,912023 0,007011
вспомнить 2,813411 0,001260
уютный 5,010635 0,002245
вылететь 4,317488 0,001934
калибр 3,624341 0,001624
ваш 0,047791 0,000021
ответ 1,678431 0,000752
пята 5,010635 0,002245
медитация 0,076161 0,000034
мишень 5,010635 0,002245
больший 1,373049 0,001230
похищение 3,401197 0,001524
смыкаться 5,010635 0,002245
зайти 2,813411 0,001260
событие 1,919593 0,003440
группировка 2,445686 0,002191
накопить 3,624341 0,001624
погребок 4,317488 0,001934
реакция 0,047791 0,000043
пора 2,177422 0,000976
август 2,445686 0,002191
самый 0,883501 0,000792
материал 0,000000 0,000000
рассвет 4,317488 0,001934
устать 3,912023 0,001753
росфинмониторинг 4,317488 0,005803
бригада 2,813411 0,001260
мимо 4,317488 0,001934
боевой 2,371578 0,006375
лента 0,000000 0,000000
командующий 5,010635 0,004490
терять 2,931194 0,002627
незадолго 3,912023 0,003505
гофрированный 5,010635 0,004490
роль 1,714798 0,001537
район 2,120264 0,002850
месяц 1,714798 0,001537
мочь 0,836248 0,002248
публично 5,010635 0,002245
оборудовать 5,010635 0,002245
сам 1,226446 0,000549
борьба 2,014903 0,002708
экстремист 3,912023 0,005258
сюжетвзрыв 3,624341 0,001624
женский 2,238047 0,004011
правило 2,445686 0,001096
смыкать 5,010635 0,002245
удаться 1,678431 0,003760
дивизия 5,010635 0,008980
летальный 3,912023 0,001753
применение 0,000000 0,000000
дать 1,272966 0,001141
оружие 2,120264 0,003800
действовать 2,238047 0,001003
организовать 2,612740 0,003512
выходной 3,624341 0,001624
минимальный 3,624341 0,001624
прорваться 2,813411 0,001260
смочь 1,399717 0,000627
гарантия 2,708050 0,001213
готовый 1,791759 0,000803
признать 1,484275 0,000665
висхан 5,010635 0,002245
рёв 4,317488 0,001934
ценность 0,000000 0,000000
вернуться 0,006689 0,000006
моздок 5,010635 0,002245
откуда 3,064725 0,001373
специалист 2,445686 0,001096
жилой 3,401197 0,003048
узнать 2,014903 0,000903
россия 0,000000 0,000000
хаджимурат 5,010635 0,002245
чри 5,010635 0,040408
дислокация 5,010635 0,002245
абу 5,010635 0,004490
замкомандир 4,317488 0,001934
свой 0,020203 0,000063
щуп 5,010635 0,002245
связываться 5,010635 0,002245
заканчивать 3,912023 0,001753
плен 2,813411 0,001260
январь 1,514128 0,002035
шахвелаз 5,010635 0,002245
выстрелить 3,912023 0,003505
отклонить 4,317488 0,001934
услуга 2,813411 0,001260
американский 0,054808 0,000025
округ 4,317488 0,001934
другой 1,059392 0,000949
зеленский 0,054808 0,000049
популярность 2,813411 0,001260
указ 4,317488 0,001934
знаменитый 2,525729 0,001132
ход 1,678431 0,002256
дальневосточный 5,010635 0,002245
лондон 2,445686 0,001096
сдаваться 4,317488 0,003869
праздник 2,813411 0,001260
число 1,226446 0,001648
выдать 2,612740 0,001171
факт 2,813411 0,002521
сей 2,177422 0,000976
дослужиться 5,010635 0,002245
преемник 5,010635 0,002245
причина 1,484275 0,000665
самопровозглашённый 5,010635 0,004490
контроль 1,714798 0,000768
вид 1,514128 0,000678
ребёнок 1,919593 0,001720
дно 3,624341 0,001624
горный 4,317488 0,003869
населить 2,525729 0,002263
двигаться 2,931194 0,001313
попасть 1,678431 0,000752
поднять 2,931194 0,001313
боевик 2,931194 0,017072
ельцин 3,624341 0,004871
поляк 5,010635 0,002245
договор 3,218876 0,001442
аслан 3,624341 0,032476
мобилизация 2,813411 0,001260
прогресс 0,090654 0,000041
форма 0,061875 0,000028
нажать 0,000000 0,000000
дом 0,061875 0,000249
михалёв 5,010635 0,002245
полковник 3,218876 0,002884
лавка 5,010635 0,002245
заканчиваться 2,931194 0,001313
окончить 3,912023 0,001753
приняться 4,317488 0,001934
советский 1,752539 0,001570
венгрия 3,912023 0,001753
босс 2,525729 0,001132
родственник 3,064725 0,001373
гражданский 3,064725 0,002746
недвижимость 3,064725 0,001373
прекратить 2,708050 0,001213
наш 1,347074 0,000604
обстановка 3,401197 0,001524
скрытый 5,010635 0,002245
западный 2,014903 0,000903
дудаев 5,010635 0,011225
объединить 3,624341 0,003248
пострадать 2,813411 0,003781
комментарий 1,427116 0,000639
ликвидация 5,010635 0,008980
тема 1,297063 0,000581
доллар 2,708050 0,001213
объяснить 1,484275 0,001330
засада 5,010635 0,002245
оказаться 1,249435 0,002239
коридор 3,218876 0,001442
предложение 1,919593 0,000860
рамзан 5,010635 0,006735
около 1,678431 0,000752
очевидец 3,624341 0,001624
распределение 4,317488 0,001934
использованияполитик 0,000000 0,000000
служба 2,120264 0,002850
тело 2,445686 0,002191
приказ 2,238047 0,001003
деактивировать 0,013423 0,000006
точный 2,813411 0,001260
юсупов 5,010635 0,004490
рекомендательный 0,000000 0,000000
серия 3,064725 0,001373
берег 3,624341 0,001624
альфа 5,010635 0,011225
устрашение 5,010635 0,002245
слева 3,912023 0,001753
запоздалый 5,010635 0,002245
стоять 3,064725 0,001373
окружить 3,624341 0,001624
машина 1,875141 0,000840
спасти 2,371578 0,001063
обратиться 0,076161 0,000034
забота 0,000000 0,000000
октябрь 2,612740 0,002341
пожаловать 0,013423 0,000006
лейтенант 3,912023 0,001753
верховный 2,708050 0,001213
безопасность 2,014903 0,002708
решить 1,791759 0,001606
масхадовский 5,010635 0,002245
который 0,521999 0,006315
николай 3,624341 0,001624
теневой 4,317488 0,001934
идея 1,714798 0,000768
штурмовать 4,317488 0,001934
госизмена 3,624341 0,003248
награда 3,624341 0,001624
тайник 4,317488 0,003869
задержать 1,875141 0,001680
криминал 3,401197 0,003048
победа 0,000000 0,000000
прибыть 0,083382 0,000075
юрта 5,010635 0,013469
рассказать 0,985284 0,000441
фальшивый 5,010635 0,002245
президент 0,851752 0,002290
тайна 3,064725 0,002746
сми 0,000000 0,000000
дальний 3,218876 0,001442
хаттаб 5,010635 0,004490
понять 2,177422 0,001951
жить 1,643339 0,000736
жилец 0,068993 0,000031
нужный 2,302585 0,002063
несколько 1,226446 0,004396
предоставить 3,218876 0,002884
дзасохов 5,010635 0,002245
начало 1,399717 0,000627
место 0,027029 0,000036
свет 0,054808 0,000025
беслан 5,010635 0,011225
успешный 3,218876 0,002884
мс 0,097980 0,000044
никакой 2,302585 0,001032
закончить 3,912023 0,001753
участь 5,010635 0,002245
ведомство 2,066196 0,000926
преступление 2,238047 0,001003
логичный 3,912023 0,001753
мы 2,238047 0,001003
генпрокуратура 2,931194 0,001313
действительно 2,612740 0,001171
попытка 1,609438 0,000721
нечего 3,218876 0,002884
олигарх 5,010635 0,002245
использовать 1,919593 0,000860
опечатка 0,000000 0,000000
каждый 1,576648 0,001413
отправиться 2,445686 0,002191
маленький 1,791759 0,000803
причастный 4,317488 0,001934
отвернуться 5,010635 0,002245
правоохранительный 3,624341 0,001624
пуля 5,010635 0,002245
вызвать 0,090654 0,000041
арабский 5,010635 0,002245
апрель 2,525729 0,001132
внешний 2,525729 0,001132
количество 1,576648 0,000706
омар 5,010635 0,002245
подписать 2,708050 0,001213
аль 3,624341 0,004871
совместительство 5,010635 0,002245
владимир 1,160488 0,001560
федеральный 3,912023 0,015774
орган 2,177422 0,000976
наладиться 5,010635 0,002245
разруха 3,912023 0,001753
завершение 3,218876 0,001442
сотня 2,014903 0,001805
радиоэлектронный 5,010635 0,002245
официальный 2,238047 0,001003
дудаевский 5,010635 0,002245
способствовать 3,624341 0,001624
брон 5,010635 0,002245
видно 2,708050 0,001213
совладать 5,010635 0,002245
объявить 2,120264 0,001900
возможность 1,714798 0,000768
осетия 4,317488 0,005803
завершиться 3,218876 0,001442
снимок 3,624341 0,001624
правда 0,040822 0,000018
подконтрольный 5,010635 0,002245
занимать 2,813411 0,001260
учуять 5,010635 0,002245
огромный 2,525729 0,001132
информация 1,514128 0,000678
шамиль 5,010635 0,004490
ввести 2,120264 0,000950
сообщать 1,791759 0,001606
интерфакс 5,010635 0,002245
наука 0,000000 0,000000
захват 3,624341 0,008119
какой 1,203973 0,001079
обратный 2,813411 0,001260
хасавюртовский 5,010635 0,002245
выборы 2,813411 0,001260
быстроудаться 5,010635 0,002245
утренний 5,010635 0,002245
якобы 2,813411 0,001260
выдвигать 4,317488 0,001934
