временной 2,612740 0,010578
бонус 0,047791 0,000387
среда 0,000000 0,000000
раскрытие 0,076161 0,000308
ру 0,000000 0,000000
рф 1,514128 0,006130
одновременно 3,218876 0,013032
банк 0,068993 0,000279
лента 0,000000 0,000000
новый 0,000000 0,000000
день 0,033902 0,000137
остаться 0,047791 0,000193
перемирие 0,076161 0,000308
эксклюзив 0,000000 0,000000
уволить 0,076161 0,000308
санкция 2,014903 0,048945
спорт 0,000000 0,000000
скидка 0,047791 0,000193
отвести 0,076161 0,000308
этот 1,427116 0,011556
добро 0,013423 0,000163
согласие 0,047791 0,000193
путешествие 0,000000 0,000000
четыре 0,040822 0,000165
погружаться 0,047791 0,000193
климат 1,875141 0,007592
увлекательный 0,047791 0,000193
использованияполитик 0,000000 0,000000
средаклимат 1,966113 0,007960
конфликт 0,061875 0,000251
конфиденциальностиправить 0,000000 0,000000
деактивировать 0,013423 0,000054
точный 2,813411 0,022781
пол 0,090654 0,000367
помощь 0,027029 0,000109
рекомендательный 0,000000 0,000000
глава 1,321756 0,010702
вода 0,054808 0,000222
переговоры 0,047791 0,000193
фото 0,061875 0,000251
получать 0,033902 0,000137
сферанедвижимостьгородский 1,966113 0,007960
политика 0,040822 0,000165
применение 0,000000 0,000000
хотеть 0,013423 0,000054
давление 2,302585 0,009322
обратиться 0,076161 0,000308
забота 0,000000 0,000000
сбер 0,040822 0,000165
пожаловать 0,013423 0,000054
стремление 3,064725 0,012408
бить 2,445686 0,019803
трамп 0,054808 0,000222
работать 0,027029 0,000109
ценность 0,000000 0,000000
крупный 0,054808 0,000444
мир 0,000000 0,000000
вернуться 0,006689 0,000027
индия 0,076161 0,000308
структура 0,000000 0,000000
спецпроект 0,000000 0,000000
это 0,020203 0,000164
победа 0,000000 0,000000
российский 0,033902 0,000275
украинский 0,047791 0,000193
слово 0,820981 0,003324
белоус 0,076161 0,000308
прибыть 0,083382 0,000338
два 0,033902 0,000275
обитание 0,000000 0,000000
бывший 0,000000 0,000000
госэкономика 3,624341 0,014673
страна 0,747955 0,006056
президент 0,851752 0,003448
россия 0,000000 0,000000
интернет 0,000000 0,000000
новость 0,000000 0,000000
туристка 0,076161 0,000308
мотор 0,000000 0,000000
сми 0,000000 0,000000
акция 0,047791 0,000193
маккартень 0,097980 0,000397
ооо 0,000000 0,000000
наслать 0,000000 0,000000
рекорд 2,931194 0,023734
цифра 2,813411 0,022781
свой 0,020203 0,000082
жизнь 0,000000 0,000000
конкурент 3,064725 0,012408
проблема 0,047791 0,000193
жилец 0,068993 0,000279
предречь 0,076161 0,000617
назвать 1,021651 0,008272
жать 0,013423 0,000054
войти 0,000000 0,000000
гид 0,076161 0,000308
технологийминь 0,000000 0,000000
место 0,027029 0,000109
город 0,047791 0,000193
свет 0,054808 0,000222
государство 1,919593 0,015543
регион 0,076161 0,000308
мс 0,097980 0,000397
американский 0,054808 0,000222
март 0,040822 0,000165
военный 0,020203 0,000082
галерея 0,000000 0,000000
внешность 0,097980 0,000397
летний 0,047791 0,000193
рада 0,068993 0,000279
сотрудник 0,068993 0,000279
экономика 0,000000 0,000000
начаться 0,033902 0,000137
другой 1,059392 0,008578
зеленский 0,054808 0,000444
уход 0,076161 0,000308
опечатка 0,000000 0,000000
всегосэкономикабизнесрынкикапиталсоциальный 1,966113 0,007960
силовой 0,000000 0,000000
хороший 0,006689 0,000027
пляжный 0,097980 0,000397
спор 0,097980 0,000397
эмоция 0,047791 0,000193
сеть 0,090654 0,000367
вызвать 0,090654 0,000367
обычный 0,013423 0,000054
выражать 0,047791 0,000387
конфиденциальность 0,047791 0,000193
количество 1,576648 0,006383
число 1,226446 0,009931
читать 0,040822 0,000165
путин 0,967584 0,015669
владимир 1,160488 0,004698
военнослужащий 0,068993 0,000279
механизм 2,371578 0,009602
накапливать 0,047791 0,000193
общий 1,714798 0,006943
изнасиловать 0,076161 0,000308
продолжать 0,033902 0,000137
реальный 0,013423 0,000054
развитие 2,120264 0,008584
ссср 0,000000 0,000000
техника 0,000000 0,000000
озвучить 3,064725 0,012408
тысяча 0,054808 0,000444
сдержать 2,813411 0,011390
оценивать 0,047791 0,000193
байконур 0,097980 0,000397
редакциярекламаконтактыпресс 0,000000 0,000000
подчеркнуть 2,066196 0,008365
затопить 0,076161 0,000308
видео 0,000000 0,000000
игра 0,000000 0,000000
мера 2,445686 0,009902
депутат 0,068993 0,000279
обменивать 0,047791 0,000193
минь 0,000000 0,000000
прогресс 0,090654 0,000367
условие 0,033902 0,000275
против 1,791759 0,043525
ваш 0,047791 0,000193
главное 0,000000 0,000000
медитация 0,076161 0,000308
форма 0,061875 0,000251
правда 0,040822 0,000165
нажать 0,000000 0,000000
последний 0,083382 0,000338
дом 0,061875 0,000251
сторона 1,321756 0,005351
культура 0,000000 0,000000
сюжетсанкция 4,317488 0,017480
обсудить 0,415515 0,001682
архив 0,000000 0,000000
ввести 2,120264 0,042920
видеть 0,013423 0,000054
экологияделовой 1,966113 0,007960
реакция 0,047791 0,000387
статья 0,000000 0,000000
материал 0,000000 0,000000
наука 0,000000 0,000000
заявить 0,061875 0,000251
сша 0,040822 0,000165
