париж 3,624341 0,007442
поездка 2,931194 0,012038
долгий 2,371578 0,002435
олень 5,010635 0,005144
ру 0,000000 0,000000
банк 0,068993 0,000071
загадочный 2,931194 0,006019
новый 0,000000 0,000000
день 0,033902 0,000035
поведение 2,813411 0,002889
ягодица 3,218876 0,003305
перемирие 0,076161 0,000078
стюардесса 4,317488 0,008865
найти 1,678431 0,001723
тур 3,401197 0,006984
происходить 1,752539 0,001799
выйти 1,752539 0,001799
угрожать 3,064725 0,003147
река 3,218876 0,003305
круизный 5,010635 0,005144
местный 2,066196 0,008485
отвести 0,076161 0,000156
ставка 3,064725 0,003147
добро 0,013423 0,000041
согласие 0,047791 0,000049
путешествие 0,000000 0,000000
доступ 3,064725 0,003147
рейс 3,064725 0,018879
эпидемия 3,064725 0,003147
упавший 4,317488 0,004433
полный 1,875141 0,001925
разгневать 3,912023 0,004016
конфликт 0,061875 0,000064
проиграть 2,445686 0,002511
пол 0,090654 0,000093
помощь 0,027029 0,000028
таможенник 4,317488 0,004433
вода 0,054808 0,000056
человек 0,762140 0,001565
фото 0,061875 0,000127
отказаться 1,832581 0,001882
политика 0,040822 0,000042
пакистан 5,010635 0,005144
ловушка 3,218876 0,003305
бали 5,010635 0,010289
безвизовый 5,010635 0,005144
они 2,302585 0,004728
клещ 3,912023 0,004016
родина 2,813411 0,002889
наплыв 3,624341 0,007442
самолёт 2,302585 0,028369
вертолёт 3,401197 0,003492
сочи 3,624341 0,007442
мир 0,000000 0,000000
индия 0,076161 0,000156
весь 1,078810 0,001108
структура 0,000000 0,000000
изнасилование 3,912023 0,004016
водитель 4,317488 0,008865
русский 1,919593 0,001971
манить 4,317488 0,004433
житель 1,678431 0,003446
бояться 2,120264 0,002177
полуразрушить 5,010635 0,005144
драка 3,064725 0,003147
бывший 0,000000 0,000000
тюрьма 3,064725 0,006293
время 0,693147 0,002847
сыпь 5,010635 0,005144
забыть 2,708050 0,002780
маккартень 0,097980 0,000101
ооо 0,000000 0,000000
вечеринка 3,912023 0,008033
нло 5,010635 0,010289
сознание 3,218876 0,003305
байкал 5,010635 0,005144
ситуация 1,484275 0,001524
проблема 0,047791 0,000049
обморозить 5,010635 0,005144
потребовать 2,445686 0,002511
резко 2,371578 0,002435
туда 2,813411 0,002889
игривый 5,010635 0,005144
появиться 1,373049 0,001410
пьяный 3,218876 0,003305
технологийминь 0,000000 0,000000
паника 3,064725 0,003147
город 0,047791 0,000147
подробность 2,066196 0,002121
италия 3,064725 0,003147
погибнуть 2,612740 0,002682
час 1,455287 0,002988
турпоезд 5,010635 0,005144
вывезти 2,931194 0,003009
восемь 3,064725 0,003147
галерея 0,000000 0,000000
багажник 5,010635 0,005144
внешность 0,097980 0,000101
пытаться 1,347074 0,001383
россиянин 1,321756 0,029855
северный 2,371578 0,004870
находиться 1,399717 0,001437
начаться 0,033902 0,000035
увидеть 1,752539 0,001799
силовой 0,000000 0,000000
показать 1,484275 0,001524
обожать 2,813411 0,002889
пляжный 0,097980 0,000101
шприц 5,010635 0,005144
лайнер 3,912023 0,004016
блондинка 4,317488 0,004433
дебош 5,010635 0,005144
выражать 0,047791 0,000098
офис 3,064725 0,003147
читать 0,040822 0,000042
описать 3,401197 0,020952
корея 3,912023 0,008033
полиция 2,238047 0,002298
приостановить 2,708050 0,005561
древний 4,317488 0,004433
оценивать 0,047791 0,000049
байконур 0,097980 0,000101
один 0,836248 0,004293
редакциярекламаконтактыпресс 0,000000 0,000000
британский 2,708050 0,002780
видео 0,000000 0,000000
че 5,010635 0,005144
ракетный 3,218876 0,003305
перенести 3,218876 0,003305
часть 1,484275 0,001524
ретрита 5,010635 0,005144
заживо 5,010635 0,005144
россиянка 1,875141 0,017327
последний 0,083382 0,000086
московский 2,014903 0,002069
дорогой 2,813411 0,002889
лето 2,612740 0,005365
архив 0,000000 0,000000
труд 3,401197 0,003492
круиз 5,010635 0,005144
частый 2,525729 0,002593
заинтересоваться 3,912023 0,004016
инфекция 4,317488 0,004433
заявить 0,061875 0,000064
сша 0,040822 0,000168
идиллический 5,010635 0,005144
сгореть 5,010635 0,005144
избежать 2,813411 0,002889
потерять 2,238047 0,002298
запустить 2,302585 0,004728
бонус 0,047791 0,000098
украсть 2,813411 0,002889
среда 0,000000 0,000000
раскрытие 0,076161 0,000078
парализовать 5,010635 0,005144
минтранс 5,010635 0,005144
остаться 0,047791 0,000049
градус 3,401197 0,003492
латвия 4,317488 0,008865
девушка 2,238047 0,004596
курортный 5,010635 0,005144
эксклюзив 0,000000 0,000000
уволить 0,076161 0,000078
скидка 0,047791 0,000049
католик 5,010635 0,005144
сломать 4,317488 0,004433
масштабный 2,612740 0,002682
москва 1,021651 0,001049
атака 1,966113 0,002019
бесконечно 5,010635 0,005144
погружаться 0,047791 0,000049
выгодный 3,218876 0,003305
скала 3,912023 0,004016
смерть 1,919593 0,003942
скандал 3,218876 0,003305
экскурсия 4,317488 0,004433
ноябрь 2,014903 0,006206
деньга 1,875141 0,001925
удивить 3,064725 0,003147
опасность 2,371578 0,002435
танец 3,064725 0,003147
получать 0,033902 0,000035
страшно 3,401197 0,003492
хотеть 0,013423 0,000041
разочарование 3,912023 0,004016
прямо 2,525729 0,002593
половина 2,177422 0,002236
устроить 2,014903 0,004137
нужно 1,791759 0,001840
стать 0,499776 0,000513
никуда 5,010635 0,005144
работать 0,027029 0,000028
выдворять 5,010635 0,005144
заселять 5,010635 0,005144
пожар 3,624341 0,003721
нокаутировать 5,010635 0,005144
десятка 2,302585 0,004728
провести 1,514128 0,001555
спецпроект 0,000000 0,000000
это 0,020203 0,000104
массовый 2,066196 0,004243
украинский 0,047791 0,000049
еда 2,931194 0,003009
два 0,033902 0,000209
осложниться 5,010635 0,005144
египет 3,401197 0,010476
новость 0,000000 0,000000
туристка 0,076161 0,000626
мотор 0,000000 0,000000
наслать 0,000000 0,000000
катастрофа 2,525729 0,002593
таиланд 3,912023 0,032132
перевес 3,912023 0,004016
жизнь 0,000000 0,000000
краска 3,912023 0,004016
жать 0,013423 0,000014
войти 0,000000 0,000000
ночью 3,218876 0,003305
улица 2,302585 0,002364
киллер 4,317488 0,004433
финляндия 2,931194 0,003009
отличие 3,624341 0,003721
остров 3,064725 0,006293
включить 3,218876 0,009914
уход 0,076161 0,000078
почему 0,899761 0,002771
рубль 1,514128 0,003109
понтующийся 5,010635 0,005144
хороший 0,006689 0,000007
шикарный 4,317488 0,004433
спор 0,097980 0,000101
гонконг 5,010635 0,005144
объект 1,832581 0,001882
грудь 2,813411 0,002889
отсек 4,317488 0,004433
пассажирский 3,401197 0,013968
употребить 3,401197 0,003492
белоруссия 2,931194 0,003009
билет 4,317488 0,013298
обычный 0,013423 0,000028
жильё 3,218876 0,003305
ротавирус 5,010635 0,010289
конфиденциальность 0,047791 0,000049
побить 4,317488 0,004433
твориться 3,401197 0,003492
залететь 5,010635 0,005144
высмеять 3,912023 0,004016
вонючий 5,010635 0,005144
изнасиловать 0,076161 0,000391
продолжать 0,033902 0,000035
отмена 3,401197 0,003492
лодка 4,317488 0,004433
разрешить 3,401197 0,003492
ссср 0,000000 0,000000
техника 0,000000 0,000000
заразиться 5,010635 0,005144
норма 3,064725 0,003147
пять 1,484275 0,001524
напасть 3,218876 0,003305
февраль 1,160488 0,009532
ошибка 2,525729 0,005186
открыть 2,371578 0,004870
строй 3,401197 0,003492
драгоценность 3,401197 0,003492
игра 0,000000 0,000000
поломка 5,010635 0,005144
минь 0,000000 0,000000
переход 3,064725 0,003147
ваш 0,047791 0,000049
расправиться 2,931194 0,003009
похоже 2,931194 0,003009
главное 0,000000 0,000000
преступник 3,218876 0,003305
медитация 0,076161 0,000156
кокаин 3,401197 0,003492
уволиться 3,912023 0,004016
блюдо 2,813411 0,002889
прокуратура 3,401197 0,003492
заманивать 5,010635 0,005144
срок 1,966113 0,002019
отель 2,931194 0,009028
похищение 3,401197 0,003492
кто 2,066196 0,002121
итальянец 4,317488 0,004433
массово 2,371578 0,004870
картель 5,010635 0,005144
раскрыть 1,643339 0,008436
столкнуться 2,177422 0,002236
реакция 0,047791 0,000098
неделя 1,919593 0,001971
самый 0,883501 0,000907
материал 0,000000 0,000000
минус 3,401197 0,006984
монах 5,010635 0,005144
полуголый 4,317488 0,004433
скорчить 5,010635 0,005144
лента 0,000000 0,000000
аэропорт 2,813411 0,034662
вести 2,014903 0,006206
свингер 4,317488 0,004433
спорт 0,000000 0,000000
расщелина 5,010635 0,005144
оштрафовать 3,912023 0,004016
проверка 5,010635 0,005144
помешать 3,064725 0,006293
мочь 0,836248 0,000859
попадать 2,708050 0,002780
этот 1,427116 0,002930
юбка 3,912023 0,004016
сам 1,226446 0,001259
четыре 0,040822 0,000042
разозлить 3,912023 0,004016
колесо 4,317488 0,004433
тунис 5,010635 0,005144
захотеться 5,010635 0,005144
застрять 4,317488 0,008865
исчезновение 3,401197 0,003492
конфиденциальностиправить 0,000000 0,000000
двигать 4,317488 0,004433
женский 2,238047 0,002298
попутчик 5,010635 0,005144
отправляться 5,010635 0,005144
небо 2,525729 0,005186
применение 0,000000 0,000000
призвать 1,791759 0,001840
заманить 5,010635 0,005144
сходство 4,317488 0,004433
смочь 1,399717 0,001437
зарплата 2,708050 0,002780
женщина 1,484275 0,003048
готовый 1,791759 0,003679
оргия 3,401197 0,003492
инвалид 2,813411 0,002889
винить 3,624341 0,003721
ценность 0,000000 0,000000
вернуться 0,006689 0,000034
впервые 1,919593 0,003942
бросать 2,708050 0,002780
попытаться 2,238047 0,002298
оставить 2,238047 0,002298
адский 5,010635 0,005144
российский 0,033902 0,000487
фестиваль 3,624341 0,003721
сексуальный 2,813411 0,002889
китайский 2,813411 0,002889
обитание 0,000000 0,000000
приехать 2,238047 0,002298
крыло 4,317488 0,004433
бортпроводник 5,010635 0,005144
россия 0,000000 0,000000
интернет 0,000000 0,000000
полигон 3,912023 0,004016
го 2,302585 0,002364
смотреть 2,066196 0,002121
рекорд 2,931194 0,003009
поражать 3,064725 0,003147
свой 0,020203 0,000062
пройтись 5,010635 0,005144
январь 1,514128 0,004664
платить 2,813411 0,002889
назвать 1,021651 0,003147
пребывание 3,624341 0,003721
разгромить 3,624341 0,003721
гид 0,076161 0,000235
колесить 5,010635 0,005144
дикий 3,064725 0,003147
цена 2,302585 0,004728
ехать 2,931194 0,003009
авиабилет 4,317488 0,004433
американский 0,054808 0,000113
связать 2,066196 0,002121
великий 2,238047 0,002298
увеличить 4,317488 0,004433
ударить 2,525729 0,002593
туризм 3,912023 0,004016
заводить 5,010635 0,005144
сотрудник 0,068993 0,000283
зеленский 0,054808 0,000113
другой 1,059392 0,001088
работа 0,899761 0,001848
европа 1,791759 0,005519
оставаться 1,875141 0,001925
полёт 2,931194 0,009028
турфирма 5,010635 0,005144
приземлиться 4,317488 0,004433
громить 5,010635 0,005144
эмоция 0,047791 0,000049
сеть 0,090654 0,000093
усмирить 5,010635 0,005144
налёт 3,624341 0,003721
азия 2,445686 0,002511
мексика 4,317488 0,017731
наказание 3,218876 0,003305
период 2,014903 0,002069
голливуд 3,218876 0,003305
военнослужащий 0,068993 0,000142
накапливать 0,047791 0,000049
саморазвитие 3,912023 0,004016
вид 1,514128 0,001555
возвращаться 3,064725 0,003147
позорный 4,317488 0,004433
ребёнок 1,919593 0,001971
сложить 4,317488 0,004433
неисправность 4,317488 0,004433
попасть 1,678431 0,005170
оаэ 5,010635 0,005144
провезти 5,010635 0,005144
блогер 2,813411 0,002889
снять 2,177422 0,004471
куба 4,317488 0,004433
депутат 0,068993 0,000071
прогресс 0,090654 0,000093
электрошокер 5,010635 0,005144
задеть 5,010635 0,005144
форма 0,061875 0,000064
трагический 3,912023 0,004016
нажать 0,000000 0,000000
дом 0,061875 0,000064
всероссиямирсобытияпроисшествиямнение 3,401197 0,003492
культура 0,000000 0,000000
пропасть 1,966113 0,006056
заканчиваться 2,931194 0,003009
несмотря 2,120264 0,002177
статья 0,000000 0,000000
абхазия 3,624341 0,011163
укусить 4,317488 0,004433
захотеть 2,708050 0,008341
ограничение 2,813411 0,008666
странный 3,064725 0,003147
временной 2,612740 0,005365
вонь 4,317488 0,004433
строить 4,317488 0,004433
морг 3,912023 0,004016
кость 3,624341 0,003721
граница 2,014903 0,004137
пропуск 4,317488 0,004433
неприятно 5,010635 0,005144
такси 5,010635 0,010289
нидерланды 3,912023 0,008033
фраза 2,931194 0,018057
пилот 2,708050 0,011121
борт 3,218876 0,006610
продавать 2,708050 0,002780
оказаться 1,249435 0,001283
авиакомпания 3,912023 0,012049
курорт 3,401197 0,006984
салон 3,912023 0,004016
сделать 1,321756 0,001357
увлекательный 0,047791 0,000049
использованияполитик 0,000000 0,000000
съесть 2,525729 0,002593
заметить 2,120264 0,002177
тело 2,445686 0,007533
здоровье 2,302585 0,002364
деактивировать 0,013423 0,000014
предупредить 2,302585 0,002364
самоцвет 5,010635 0,005144
рекомендательный 0,000000 0,000000
алкоголь 2,612740 0,002682
вспышка 5,010635 0,005144
переговоры 0,047791 0,000049
стена 3,401197 0,003492
тормоз 5,010635 0,005144
год 0,521999 0,002144
обратиться 0,076161 0,000078
международный 1,875141 0,001925
распродажа 3,401197 0,006984
забота 0,000000 0,000000
опровергнуть 2,931194 0,003009
сбер 0,040822 0,000042
поехать 3,624341 0,003721
пожаловать 0,013423 0,000014
укрепление 5,010635 0,005144
мальчишник 5,010635 0,005144
деталь 2,708050 0,002780
трамп 0,054808 0,000056
решить 1,791759 0,001840
выжить 2,813411 0,002889
лететь 2,931194 0,003009
турция 3,401197 0,003492
крупный 0,054808 0,000169
задержать 1,875141 0,001925
багажный 4,317488 0,004433
тайно 4,317488 0,004433
победа 0,000000 0,000000
чрезвычайный 3,912023 0,004016
пляж 3,912023 0,004016
опоздать 4,317488 0,004433
белоус 0,076161 0,000078
прибыть 0,083382 0,000086
вьетнам 5,010635 0,005144
рассказать 0,985284 0,002023
загадка 3,624341 0,003721
аплодисменты 5,010635 0,005144
бронирование 3,624341 0,003721
страна 0,747955 0,000768
роман 2,813411 0,002889
попасться 3,218876 0,003305
сми 0,000000 0,000000
кошмар 3,912023 0,004016
акция 0,047791 0,000049
атлантика 3,624341 0,007442
развернуться 3,218876 0,003305
погранпереход 5,010635 0,005144
жить 1,643339 0,001687
прилёт 4,317488 0,004433
жилец 0,068993 0,000071
спасение 2,177422 0,002236
предречь 0,076161 0,000156
несколько 1,226446 0,001259
отличать 3,624341 0,003721
место 0,027029 0,000056
каюта 5,010635 0,005144
свет 0,054808 0,000056
перевозчик 3,912023 0,004016
прозрачный 3,401197 0,003492
регион 0,076161 0,000078
мс 0,097980 0,000101
рука 2,066196 0,002121
ради 2,371578 0,002435
март 0,040822 0,002263
отдых 3,064725 0,009440
военный 0,020203 0,000021
летний 0,047791 0,000098
вырвать 5,010635 0,005144
рада 0,068993 0,000071
экономика 0,000000 0,000000
тот 1,427116 0,001465
роскошный 2,931194 0,003009
комната 3,218876 0,003305
опечатка 0,000000 0,000000
мексиканский 3,912023 0,004016
насиловать 5,010635 0,005144
наиболее 3,218876 0,003305
владивосток 4,317488 0,004433
отправиться 2,445686 0,005022
секс 2,177422 0,004471
скотч 5,010635 0,005144
побывать 3,064725 0,009440
вызвать 0,090654 0,000186
уральский 4,317488 0,004433
три 1,919593 0,001971
нарваться 5,010635 0,005144
звезда 1,919593 0,001971
шокировать 5,010635 0,005144
туалет 3,401197 0,003492
школа 2,525729 0,002593
полоса 3,912023 0,004016
соотечественница 5,010635 0,005144
армения 3,912023 0,004016
реальный 0,013423 0,000014
перепрыгнуть 5,010635 0,005144
усложнить 5,010635 0,005144
тысяча 0,054808 0,000113
мужчина 1,576648 0,003237
спа 5,010635 0,005144
сотня 2,014903 0,002069
затопить 0,076161 0,000078
оголить 5,010635 0,005144
посадка 4,317488 0,004433
пассажир 4,317488 0,044327
турист 2,931194 0,039123
обменивать 0,047791 0,000049
низкий 2,813411 0,002889
условие 0,033902 0,000070
отрубить 5,010635 0,005144
объявить 2,120264 0,002177
значительно 3,401197 0,003492
продажа 2,708050 0,002780
правда 0,040822 0,000042
думать 1,791759 0,001840
сократить 3,912023 0,004016
стоимость 2,238047 0,002298
скрывать 2,931194 0,003009
отпуск 4,317488 0,008865
опасный 2,238047 0,002298
ввести 2,120264 0,004354
видеть 0,013423 0,000014
багаж 5,010635 0,005144
упасть 3,064725 0,003147
наука 0,000000 0,000000
какой 1,203973 0,001236
санаторий 3,912023 0,004016
автобусный 5,010635 0,005144
признак 2,612740 0,002682
встречать 3,218876 0,003305
