ру 0,000000 0,000000
иванко 4,317488 0,002507
личный 1,791759 0,003122
рф 1,514128 0,000879
банк 0,068993 0,000040
день 0,033902 0,000079
неплохо 5,010635 0,002910
найти 1,678431 0,000975
оносов 5,010635 0,002910
лишиться 2,445686 0,001420
целое 2,813411 0,003268
выигрывать 5,010635 0,002910
расширить 3,624341 0,002105
наращивание 5,010635 0,002910
эффективный 3,064725 0,001780
отвести 0,076161 0,000044
йорт 5,010635 0,005820
согласие 0,047791 0,000028
вероятно 2,813411 0,003268
путешествие 0,000000 0,000000
заявление 2,066196 0,001200
юридический 3,912023 0,002272
мало 3,064725 0,001780
задок 5,010635 0,002910
пол 0,090654 0,000053
декабрь 1,966113 0,001142
человек 0,762140 0,002656
производство 2,612740 0,001517
вода 0,054808 0,000032
предположить 3,218876 0,001869
дистанционный 5,010635 0,002910
реклама 2,525729 0,001467
фото 0,061875 0,000395
менеджмент 3,912023 0,006815
полгода 2,525729 0,001467
связь 1,714798 0,001992
культурный 3,401197 0,001975
разговор 1,160488 0,001348
воротничок 5,010635 0,002910
куинна 5,010635 0,002910
нехватка 4,317488 0,007522
график 3,624341 0,004209
очевидный 3,218876 0,001869
цениться 4,317488 0,002507
разделять 4,317488 0,002507
владелец 3,064725 0,003559
лидерство 4,317488 0,002507
весь 1,078810 0,003759
индия 0,076161 0,000044
сложность 3,401197 0,003950
оптимизация 4,317488 0,002507
проект 2,813411 0,006535
слишком 2,371578 0,002754
оплачивать 3,401197 0,001975
называть 1,791759 0,001041
создавать 2,371578 0,001377
социальный 2,371578 0,002754
сильный 1,678431 0,000975
проблема 0,047791 0,000083
ситуация 1,484275 0,000862
режим 1,966113 0,001142
также 0,762140 0,001770
индивидуальный 3,064725 0,001780
технологийминь 0,000000 0,000000
маркетинг 5,010635 0,002910
снизиться 3,912023 0,002272
прошлый 3,064725 0,005339
дмитрий 2,238047 0,001300
легко 2,813411 0,001634
лилиана 5,010635 0,002910
самоорганизация 5,010635 0,002910
пытаться 1,347074 0,002347
кадровый 3,401197 0,001975
начать 1,139434 0,000662
изменение 2,612740 0,003035
силовой 0,000000 0,000000
рисковать 2,813411 0,001634
рилс 5,010635 0,002910
здравоохранение 4,317488 0,007522
вдобавок 3,912023 0,002272
повышать 2,708050 0,001573
однако 1,249435 0,001451
закрыть 3,218876 0,001869
сырьё 5,010635 0,002910
бунт 5,010635 0,002910
система 1,643339 0,000954
совместимость 5,010635 0,002910
производственный 3,912023 0,002272
сколько 2,525729 0,002933
отказ 2,120264 0,001231
выгореть 5,010635 0,002910
специальность 4,317488 0,002507
трудоустройство 5,010635 0,005820
байконур 0,097980 0,000057
один 0,836248 0,001943
иметь 1,832581 0,001064
председатель 2,302585 0,002674
ечин 5,010635 0,008729
полностью 2,525729 0,001467
значительный 2,931194 0,001702
денис 3,624341 0,002105
пример 2,371578 0,002754
назло 3,064725 0,003559
самостоятельный 3,624341 0,004209
громкий 2,708050 0,001573
часть 1,484275 0,002586
персонал 3,401197 0,009876
последний 0,083382 0,000242
торговля 3,624341 0,008419
сторона 1,321756 0,002303
задействовать 3,064725 0,001780
некоторый 1,576648 0,000916
часто 2,525729 0,005867
архив 0,000000 0,000000
труд 3,401197 0,023702
внедрение 4,317488 0,002507
частый 2,525729 0,008800
заявить 0,061875 0,000072
ресурс 3,064725 0,005339
сша 0,040822 0,000024
процесс 2,302585 0,004011
прислушиваться 3,912023 0,002272
отток 5,010635 0,005820
способность 3,401197 0,001975
восприятие 5,010635 0,002910
заменить 2,931194 0,001702
опасаться 3,064725 0,001780
раскрытие 0,076161 0,000044
говорить 1,160488 0,001348
продвижение 2,931194 0,003404
негативный 3,218876 0,001869
следствие 2,612740 0,001517
уйти 2,014903 0,003510
разобрать 5,010635 0,002910
качество 1,832581 0,002128
универ 4,317488 0,002507
замена 3,218876 0,001869
столько 2,525729 0,001467
удалёнка 5,010635 0,011639
врач 2,066196 0,005999
становиться 2,525729 0,008800
погружаться 0,047791 0,000028
климат 1,875141 0,001089
значимый 3,912023 0,002272
влиять 2,525729 0,004400
выглядеть 1,752539 0,001018
общероссийский 4,317488 0,007522
команда 1,919593 0,006688
заказывать 5,010635 0,002910
удалённый 4,317488 0,012536
признание 3,912023 0,002272
новичок 3,624341 0,002105
параллельно 3,912023 0,002272
получать 0,033902 0,000079
сферанедвижимостьгородский 1,966113 0,001142
проявиться 5,010635 0,002910
увеличивать 3,912023 0,004544
навык 4,317488 0,002507
зона 2,371578 0,001377
удержать 2,612740 0,004552
счёт 2,708050 0,001573
огорошить 5,010635 0,002910
программист 5,010635 0,002910
огонь 1,609438 0,000935
спецпроект 0,000000 0,000000
обойти 2,813411 0,001634
зумера 3,912023 0,006815
ситдиков 5,010635 0,002910
украинский 0,047791 0,000028
слово 0,820981 0,002384
ответственность 2,931194 0,001702
рост 1,791759 0,002081
удовлетворить 3,912023 0,002272
замглавы 3,912023 0,002272
концентрироваться 5,010635 0,002910
процент 1,678431 0,005848
туристка 0,076161 0,000044
мотор 0,000000 0,000000
фёдор 3,912023 0,004544
стоить 1,714798 0,001992
наслать 0,000000 0,000000
жизнь 0,000000 0,000000
понятно 3,401197 0,001975
менять 2,813411 0,004901
проблемный 3,401197 0,001975
жать 0,013423 0,000008
отслеживать 3,624341 0,002105
далеко 3,064725 0,001780
целый 2,525729 0,001467
охлаждение 3,624341 0,002105
почему 0,899761 0,002613
директор 2,445686 0,001420
хороший 0,006689 0,000016
спор 0,097980 0,000114
чувство 3,624341 0,002105
высказать 3,912023 0,002272
сегмент 3,912023 0,002272
добавить 1,966113 0,003425
обслуживание 3,912023 0,002272
каллиник 5,010635 0,002910
отключить 1,514128 0,000879
готовиться 2,371578 0,001377
конфиденциальность 0,047791 0,000028
сокращение 3,624341 0,014733
общий 1,714798 0,000996
продолжать 0,033902 0,000020
кадр 1,544899 0,007177
остановиться 4,317488 0,002507
ссср 0,000000 0,000000
желание 2,612740 0,003035
состояние 2,238047 0,001300
выстроить 4,317488 0,002507
виталий 3,912023 0,002272
идти 1,297063 0,003013
понятие 3,218876 0,001869
появляться 2,612740 0,001517
минь 0,000000 0,000000
стратегия 3,624341 0,002105
предъявлять 5,010635 0,002910
против 1,791759 0,003122
общество 2,177422 0,001264
главное 0,000000 0,000000
угодный 3,624341 0,002105
профессиональный 2,931194 0,001702
интервью 2,525729 0,001467
активный 2,120264 0,001231
эдель 5,010635 0,002910
столкнуться 2,177422 0,005058
напрямую 3,401197 0,001975
зарплатный 5,010635 0,002910
утечка 4,317488 0,002507
ценный 3,624341 0,004209
отмечать 1,966113 0,001142
исключение 3,912023 0,004544
вести 2,014903 0,001170
собеседник 3,218876 0,007477
спорт 0,000000 0,000000
разрушить 3,401197 0,001975
атмосфера 3,401197 0,001975
этот 1,427116 0,002486
четыре 0,040822 0,000024
сказать 1,919593 0,001115
интеллект 3,218876 0,003739
воспитанный 3,912023 0,002272
уверить 3,064725 0,001780
друг 1,791759 0,002081
приход 3,912023 0,002272
протяжение 3,912023 0,002272
плохо 3,401197 0,001975
текучка 4,317488 0,007522
конфиденциальностиправить 0,000000 0,000000
тайм 3,912023 0,002272
отметить 1,399717 0,002439
глава 1,321756 0,000768
проявлять 4,317488 0,002507
менеджер 4,317488 0,017551
тяжёлый 1,791759 0,001041
обязанность 3,912023 0,002272
основное 3,912023 0,006815
альтернативный 3,218876 0,001869
сложиться 2,931194 0,001702
рамиль 5,010635 0,002910
отместка 5,010635 0,002910
важно 2,302585 0,002674
отдел 0,579818 0,000673
выдвигаться 5,010635 0,002910
стремиться 2,708050 0,001573
бросать 2,708050 0,003145
базовый 4,317488 0,002507
катастрофически 5,010635 0,002910
сходиться 5,010635 0,002910
кирилл 2,708050 0,001573
недооценить 5,010635 0,002910
образование 3,912023 0,004544
российский 0,033902 0,000039
волна 2,302585 0,002674
недооценивать 4,317488 0,002507
цель 1,875141 0,001089
необходимо 2,120264 0,001231
обитание 0,000000 0,000000
сознавать 5,010635 0,002910
протест 3,912023 0,004544
соблюдать 2,931194 0,001702
экономический 2,525729 0,001467
чувствовать 2,445686 0,007101
ниже 3,624341 0,002105
регулярный 2,931194 0,005107
комментировать 3,401197 0,005925
снижать 4,317488 0,007522
интернет 0,000000 0,000000
спустя 1,832581 0,001064
смотреть 2,066196 0,002400
рано 3,401197 0,001975
требование 2,014903 0,003510
популярный 1,791759 0,001041
наесть 5,010635 0,002910
гид 0,076161 0,000044
энергия 3,624341 0,002105
цена 2,302585 0,002674
игорь 3,064725 0,001780
жданов 5,010635 0,002910
айгюн 5,010635 0,002910
выполнение 2,525729 0,001467
связать 2,066196 0,002400
сложный 2,302585 0,001337
штат 2,708050 0,004718
наблюдать 3,064725 0,007119
представитель 1,678431 0,006823
страшный 2,525729 0,001467
сотрудник 0,068993 0,000962
руководство 2,302585 0,006686
финансово 5,010635 0,002910
коллективный 5,010635 0,002910
работа 0,899761 0,008883
спринт 5,010635 0,002910
выгорание 4,317488 0,002507
вынудить 3,218876 0,001869
оставаться 1,875141 0,002178
эмоция 0,047791 0,000028
сеть 0,090654 0,000105
связывать 3,401197 0,001975
мириться 5,010635 0,002910
направление 2,302585 0,001337
иначе 3,401197 0,001975
пока 1,678431 0,000975
разрез 5,010635 0,002910
период 2,014903 0,001170
должный 1,714798 0,002987
звучать 3,064725 0,001780
кризис 2,813411 0,001634
военнослужащий 0,068993 0,000040
знать 1,576648 0,000916
накапливать 0,047791 0,000028
ассоциация 3,624341 0,002105
короткий 2,931194 0,001702
бороться 2,525729 0,001467
пандемия 4,317488 0,002507
подход 3,218876 0,001869
эксперт 1,966113 0,006851
начеку 5,010635 0,002910
спрос 3,624341 0,002105
депутат 0,068993 0,000040
мышление 4,317488 0,002507
бизнес 2,371578 0,004132
война 1,455287 0,000845
попрощаться 3,912023 0,002272
аньковы 5,010635 0,002910
зарелизить 5,010635 0,002910
культура 0,000000 0,000000
включая 3,064725 0,001780
свободный 3,912023 0,002272
набор 2,708050 0,001573
статья 0,000000 0,000000
гизатуллин 5,010635 0,011639
повод 2,708050 0,001573
разочаровать 5,010635 0,002910
пятый 3,218876 0,001869
сбивать 3,401197 0,001975
отношение 1,226446 0,002849
редактор 0,556288 0,000323
ранний 2,120264 0,001231
начальство 3,064725 0,003559
многий 2,708050 0,001573
пропуск 4,317488 0,002507
близкий 1,875141 0,002178
многие 1,714798 0,002987
получить 1,059392 0,000615
оборачиваться 5,010635 0,002910
зачастую 3,912023 0,002272
коллектив 3,401197 0,001975
государственный 2,525729 0,001467
фактор 2,931194 0,003404
мотиватор 5,010635 0,002910
беспокоиться 4,317488 0,002507
тестирование 4,317488 0,002507
увлекательный 0,047791 0,000028
связанный 3,064725 0,001780
риа 1,272966 0,002957
повышаться 4,317488 0,002507
испытывать 3,624341 0,004209
право 2,445686 0,001420
разный 2,238047 0,005199
совмещать 3,912023 0,002272
переговоры 0,047791 0,000028
творчество 4,317488 0,002507
дедлайн 5,010635 0,002910
год 0,521999 0,006972
увеличение 3,912023 0,002272
андрей 3,064725 0,003559
сбер 0,040822 0,000024
тикток 5,010635 0,002910
ведущий 2,371578 0,001377
трамп 0,054808 0,000032
поэтому 1,966113 0,001142
расход 3,912023 0,002272
рассуждать 3,912023 0,002272
крупный 0,054808 0,000159
антон 3,912023 0,002272
агентство 2,302585 0,004011
рамка 2,371578 0,001377
прим 2,813411 0,003268
корпоративный 3,624341 0,002105
минтруд 5,010635 0,002910
критический 3,401197 0,001975
белоус 0,076161 0,000044
текущий 2,525729 0,001467
сегодня 1,643339 0,000954
акция 0,047791 0,000028
создать 2,120264 0,001231
такой 1,003302 0,004078
руководитель 2,445686 0,004261
плюс 3,218876 0,001869
проработать 3,064725 0,001780
учёт 3,624341 0,002105
предречь 0,076161 0,000088
заставить 2,612740 0,001517
юлия 3,218876 0,001869
регион 0,076161 0,000044
решение 1,544899 0,000897
собираться 2,931194 0,001702
недовольство 5,010635 0,005820
ради 2,371578 0,002754
март 0,040822 0,000024
военный 0,020203 0,000012
летний 0,047791 0,000028
лишить 2,708050 0,001573
опросить 4,317488 0,002507
рада 0,068993 0,000040
экономика 0,000000 0,000000
топ 3,064725 0,007119
обсуждение 2,931194 0,003404
организация 2,238047 0,002599
прокомментировать 2,525729 0,001467
строительство 3,912023 0,002272
три 1,919593 0,002229
конечный 3,912023 0,002272
школа 2,525729 0,002933
довольно 3,064725 0,001780
обратить 2,931194 0,003404
владислав 3,912023 0,002272
реальный 0,013423 0,000008
редко 3,624341 0,002105
тысяча 0,054808 0,000127
карьерный 3,624341 0,004209
поиск 2,445686 0,001420
завидовать 5,010635 0,002910
перегруз 5,010635 0,002910
придерживаться 3,624341 0,002105
затопить 0,076161 0,000044
длинный 3,624341 0,002105
предпосылка 4,317488 0,002507
добыча 4,317488 0,002507
участник 2,371578 0,004132
сталкиваться 3,401197 0,001975
обменивать 0,047791 0,000028
низкий 2,813411 0,004901
дистанция 5,010635 0,002910
алексей 1,875141 0,001089
условие 0,033902 0,000118
недовольный 4,317488 0,002507
помогать 2,120264 0,001231
тяготеть 5,010635 0,002910
негосударственный 5,010635 0,002910
отвечать 2,302585 0,001337
дистанта 5,010635 0,002910
встреча 1,832581 0,001064
достижение 2,302585 0,001337
скрывать 2,931194 0,001702
постоянно 2,525729 0,001467
немой 2,371578 0,001377
риск 2,120264 0,001231
присутствие 3,624341 0,004209
видеть 0,013423 0,000008
упасть 3,064725 0,001780
жёсткий 2,931194 0,001702
способ 1,919593 0,001115
высокий 1,455287 0,005916
продукт 2,120264 0,002463
активно 2,708050 0,003145
второй 1,643339 0,000954
компромисс 5,010635 0,002910
увольняться 5,010635 0,008729
новый 0,000000 0,000000
поведение 2,813411 0,001634
перемирие 0,076161 0,000044
совокупность 3,624341 0,002105
происходить 1,752539 0,001018
перегрузить 5,010635 0,002910
население 2,525729 0,001467
успех 2,238047 0,001300
добро 0,013423 0,000023
петербург 3,218876 0,003739
безработный 5,010635 0,002910
менее 2,014903 0,002340
умение 2,813411 0,001634
важный 1,875141 0,001089
конфликт 0,061875 0,000072
очный 4,317488 0,002507
предложить 2,177422 0,001264
мысль 3,064725 0,001780
александр 1,373049 0,000797
помощь 0,027029 0,000016
качественный 3,912023 0,002272
политика 0,040822 0,000024
новодерёжкин 5,010635 0,002910
м 2,066196 0,001200
подходить 2,612740 0,001517
о 3,912023 0,002272
санкт 3,218876 0,003739
творческий 4,317488 0,002507
коммерсантъ 2,708050 0,006290
течение 1,966113 0,001142
внедрять 4,317488 0,002507
дополнительный 2,931194 0,001702
оно 2,445686 0,002841
резюмировать 3,218876 0,003739
тратить 3,912023 0,002272
абрам 4,317488 0,002507
платыгин 5,010635 0,002910
обращаться 3,401197 0,001975
мир 0,000000 0,000000
искать 2,302585 0,001337
структура 0,000000 0,000000
миф 2,813411 0,001634
сценарий 3,064725 0,003559
исключительность 5,010635 0,002910
практика 3,401197 0,001975
бывший 0,000000 0,000000
небольшой 2,177422 0,001264
планировать 2,612740 0,001517
время 0,693147 0,002415
негатив 4,317488 0,002507
маккартень 0,097980 0,000057
ооо 0,000000 0,000000
соцсеть 2,708050 0,003145
тренд 3,064725 0,001780
ранее 1,003302 0,000583
составлять 2,302585 0,001337
сергей 2,525729 0,002933
отвлекать 3,912023 0,002272
довгаль 5,010635 0,002910
тестировщик 5,010635 0,002910
город 0,047791 0,000028
аргумент 3,912023 0,002272
следовать 1,966113 0,001142
профсоюз 5,010635 0,011639
сектор 3,218876 0,003739
повторяться 5,010635 0,002910
галерея 0,000000 0,000000
прийтись 2,120264 0,001231
внешность 0,097980 0,000057
зависимость 2,525729 0,001467
заблуждение 5,010635 0,002910
начаться 0,033902 0,000020
всегосэкономикабизнесрынкикапиталсоциальный 1,966113 0,001142
требовать 2,813411 0,001634
закрытие 2,813411 0,001634
поляков 3,912023 0,002272
встряхнуть 5,010635 0,002910
показать 1,484275 0,000862
розничный 4,317488 0,002507
пляжный 0,097980 0,000057
понимание 3,401197 0,001975
отсутствие 2,612740 0,004552
ключевой 2,445686 0,001420
судить 2,813411 0,001634
подливать 5,010635 0,002910
задача 2,066196 0,003600
бета 4,317488 0,002507
платформа 2,931194 0,003404
выражать 0,047791 0,000083
офис 3,064725 0,014238
читать 0,040822 0,000024
пересмотр 5,010635 0,002910
вспоминать 3,064725 0,003559
потребность 4,317488 0,007522
жаловаться 3,218876 0,001869
оценивать 0,047791 0,000028
оценка 2,931194 0,003404
редакциярекламаконтактыпресс 0,000000 0,000000
роботизация 5,010635 0,002910
видео 0,000000 0,000000
интересный 2,525729 0,001467
департамент 3,064725 0,003559
сильно 2,445686 0,002841
приоритет 3,912023 0,002272
коммуникация 3,624341 0,002105
мой 2,371578 0,001377
момент 1,399717 0,001626
графика 4,317488 0,002507
помочь 1,714798 0,000996
помимо 2,813411 0,001634
тунеядец 5,010635 0,002910
потерять 2,238047 0,001300
выше 3,064725 0,001780
бонус 0,047791 0,000056
привилегия 5,010635 0,002910
среда 0,000000 0,000000
сойти 3,624341 0,002105
ископаемое 5,010635 0,002910
технология 2,525729 0,002933
остаться 0,047791 0,000083
возмущение 5,010635 0,002910
среди 1,714798 0,001992
комфортный 3,624341 0,002105
профессия 3,064725 0,007119
эксклюзив 0,000000 0,000000
уволить 0,076161 0,000044
развивать 3,624341 0,002105
преимущество 2,931194 0,003404
похожий 2,371578 0,001377
скидка 0,047791 0,000028
демонстрировать 5,010635 0,002910
воспользоваться 3,912023 0,002272
гибкий 3,912023 0,004544
отдельный 2,525729 0,001467
анатолий 3,218876 0,001869
результат 1,347074 0,000782
инновация 4,317488 0,002507
средаклимат 1,966113 0,001142
особенно 2,302585 0,002674
деньга 1,875141 0,002178
рынок 1,609438 0,014019
большой 1,714798 0,001992
тасс 2,371578 0,001377
возвращение 2,014903 0,001170
бывать 3,064725 0,001780
недооценённость 5,010635 0,005820
сравнение 3,912023 0,002272
чей 3,624341 0,002105
хотеть 0,013423 0,000016
эффективность 3,401197 0,007901
фрустрация 5,010635 0,002910
угроза 2,302585 0,001337
стать 0,499776 0,002322
достаточно 2,813411 0,001634
работать 0,027029 0,000063
обучение 3,401197 0,001975
удержание 5,010635 0,005820
холлидея 5,010635 0,002910
копирайтер 5,010635 0,002910
это 0,020203 0,000129
равный 3,624341 0,002105
поддерживать 2,612740 0,001517
два 0,033902 0,000079
смена 2,708050 0,001573
опрос 4,317488 0,002507
новость 0,000000 0,000000
вряд 2,612740 0,001517
войти 0,000000 0,000000
ночью 3,218876 0,001869
измениться 2,177422 0,001264
особенный 3,912023 0,002272
защита 2,371578 0,002754
успевать 3,912023 0,002272
считать 1,373049 0,000797
переслать 3,401197 0,001975
тезис 5,010635 0,002910
уход 0,076161 0,000221
индивидуально 5,010635 0,002910
заключить 2,177422 0,001264
пользовательница 4,317488 0,002507
играть 2,708050 0,001573
худо 5,010635 0,002910
страдать 2,813411 0,004901
обычный 0,013423 0,000008
ждать 1,714798 0,000996
раздутый 5,010635 0,005820
изнасиловать 0,076161 0,000044
первый 0,883501 0,001026
техника 0,000000 0,000000
работник 2,612740 0,018207
итог 1,678431 0,000975
пять 1,484275 0,001724
практически 2,525729 0,001467
вопрос 1,021651 0,000593
искусственный 2,931194 0,003404
игра 0,000000 0,000000
наблюдаться 3,624341 0,008419
поскольку 2,238047 0,001300
нейросеть 3,912023 0,004544
компания 1,714798 0,027883
вспомнить 2,813411 0,001634
наблюдение 3,624341 0,002105
ваш 0,047791 0,000028
медстраховка 5,010635 0,002910
ответ 1,678431 0,000975
мнение 1,643339 0,002863
медитация 0,076161 0,000044
присутствовать 3,624341 0,002105
молодёжь 3,218876 0,001869
больший 1,373049 0,001595
кто 2,066196 0,002400
дальнейший 2,813411 0,001634
пользователь 2,371578 0,001377
соискатель 5,010635 0,008729
предпочтение 3,624341 0,004209
откровенно 3,624341 0,002105
экологияделовой 1,966113 0,001142
реакция 0,047791 0,000056
неделя 1,919593 0,001115
пора 2,177422 0,001264
самый 0,883501 0,001539
увольнение 2,612740 0,007586
мотивация 4,317488 0,002507
материал 0,000000 0,000000
технологический 3,218876 0,001869
гибкость 5,010635 0,005820
закончиться 2,612740 0,001517
снижаться 3,064725 0,003559
полагать 2,445686 0,002841
курбановый 5,010635 0,002910
лента 0,000000 0,000000
терять 2,931194 0,005107
нагрузка 3,624341 0,004209
внимательно 3,401197 0,001975
конкуренция 3,912023 0,004544
проектный 4,317488 0,002507
разработка 3,401197 0,001975
сфера 2,612740 0,007586
роль 1,714798 0,000996
учитель 3,624341 0,008419
задуматься 4,317488 0,002507
мочь 0,836248 0,002428
месяц 1,714798 0,000996
сам 1,226446 0,001424
остановить 2,525729 0,001467
перевозка 4,317488 0,002507
правило 2,445686 0,001420
юрий 2,525729 0,001467
прирост 5,010635 0,002910
характер 3,624341 0,002105
стресс 3,401197 0,001975
подпитывать 5,010635 0,002910
высказываться 4,317488 0,002507
применение 0,000000 0,000000
давление 2,302585 0,001337
дать 1,272966 0,000739
призвать 1,791759 0,001041
возможный 2,066196 0,001200
смысл 3,218876 0,001869
счастие 3,912023 0,002272
стремление 3,064725 0,001780
смочь 1,399717 0,000813
прогнозировать 4,317488 0,005015
адаптация 4,317488 0,002507
зарплата 2,708050 0,009436
миридон 4,317488 0,002507
оказываться 3,624341 0,004209
готовый 1,791759 0,002081
признать 1,484275 0,000862
ценность 0,000000 0,000000
копинг 5,010635 0,002910
вернуться 0,006689 0,000004
специализация 4,317488 0,002507
важность 3,912023 0,002272
очередь 2,014903 0,001170
расставлять 5,010635 0,002910
проводить 2,708050 0,001573
производительность 4,317488 0,002507
речь 2,445686 0,002841
специалист 2,445686 0,012782
просто 1,678431 0,001949
россия 0,000000 0,000000
простой 2,238047 0,003899
скорость 2,708050 0,003145
свой 0,020203 0,000117
январь 1,514128 0,000879
чёткий 3,912023 0,002272
консультант 4,317488 0,005015
принудительный 3,218876 0,001869
оплата 3,401197 0,003950
необходимость 2,525729 0,002933
предупреждать 2,612740 0,001517
услуга 2,813411 0,008169
правильно 2,813411 0,001634
американский 0,054808 0,000032
полезный 3,624341 0,002105
экологичный 4,317488 0,002507
взаимоотношение 4,317488 0,002507
нуждаться 3,912023 0,002272
помнить 3,624341 0,002105
выступать 2,525729 0,001467
намерение 3,401197 0,003950
другой 1,059392 0,003076
зеленский 0,054808 0,000064
интересно 2,813411 0,001634
рабочий 2,708050 0,004718
независимый 5,010635 0,002910
набиуллин 5,010635 0,002910
ослабить 3,064725 0,001780
регулярно 3,218876 0,001869
ход 1,678431 0,000975
гибридный 5,010635 0,011639
число 1,226446 0,000712
отрасль 2,931194 0,008511
скромный 4,317488 0,002507
причина 1,484275 0,003448
психолог 3,064725 0,003559
контроль 1,714798 0,001992
скворцовый 5,010635 0,008729
юнисофт 5,010635 0,002910
вид 1,514128 0,001759
трудоустроить 5,010635 0,005820
ребёнок 1,919593 0,001115
ечинпредседатель 5,010635 0,002910
доход 2,445686 0,001420
бобылев 5,010635 0,002910
масло 3,218876 0,001869
прогресс 0,090654 0,000053
касаемо 5,010635 0,002910
раздор 5,010635 0,002910
форма 0,061875 0,000036
нажать 0,000000 0,000000
ожидать 2,445686 0,002841
дом 0,061875 0,000108
работодатель 3,912023 0,018174
внедрить 4,317488 0,002507
заканчиваться 2,931194 0,001702
импульс 3,912023 0,002272
обмен 2,371578 0,001377
зависеть 2,813411 0,001634
несмотря 2,120264 0,001231
убедительный 4,317488 0,002507
коллега 1,791759 0,003122
справляться 3,064725 0,003559
босс 2,525729 0,001467
поддержать 2,177422 0,002529
любой 2,120264 0,003694
жалоба 3,064725 0,001780
развитой 4,317488 0,002507
банальный 4,317488 0,002507
наш 1,347074 0,001565
ходить 2,120264 0,001231
токсичить 5,010635 0,002910
темп 3,912023 0,004544
ит 5,010635 0,002910
заскучать 4,317488 0,002507
компонент 3,401197 0,001975
напоминать 3,401197 0,005925
комментарий 1,427116 0,000829
план 1,875141 0,001089
ия 3,624341 0,006314
тема 1,297063 0,000753
объяснить 1,484275 0,000862
сервис 2,445686 0,004261
оказаться 1,249435 0,000726
холдинг 4,317488 0,002507
достигнутый 4,317488 0,002507
около 1,678431 0,000975
надолго 3,401197 0,001975
использованияполитик 0,000000 0,000000
сбрасывать 5,010635 0,002910
деактивировать 0,013423 0,000008
рекомендательный 0,000000 0,000000
белый 1,609438 0,000935
здоровый 3,624341 0,002105
движение 2,708050 0,001573
обратиться 0,076161 0,000044
маркетолог 5,010635 0,005820
забота 0,000000 0,000000
пожаловать 0,013423 0,000008
авторитарный 5,010635 0,002910
администратор 4,317488 0,002507
управление 2,525729 0,001467
безопасность 2,014903 0,001170
оптимизировать 5,010635 0,002910
решить 1,791759 0,002081
постоянный 2,371578 0,005509
идея 1,714798 0,001992
который 0,521999 0,001213
панацея 5,010635 0,002910
вне 3,912023 0,002272
потребительский 3,912023 0,002272
победа 0,000000 0,000000
учиться 2,708050 0,003145
промежуток 3,912023 0,002272
прибыть 0,083382 0,000048
выбрать 2,612740 0,001517
рассказать 0,985284 0,001144
президент 0,851752 0,000495
роман 2,813411 0,001634
масштаб 3,218876 0,001869
сми 0,000000 0,000000
радость 3,401197 0,003950
находить 3,218876 0,001869
досчитаться 5,010635 0,002910
поколение 2,813411 0,001634
понять 2,177422 0,002529
правильный 2,931194 0,001702
жилец 0,068993 0,000040
пояснить 2,931194 0,001702
несколько 1,226446 0,001424
пересмотреть 5,010635 0,002910
место 0,027029 0,000031
начало 1,399717 0,000813
свет 0,054808 0,000032
транспортный 4,317488 0,002507
мс 0,097980 0,000057
никакой 2,302585 0,001337
тенденция 3,624341 0,006314
отдых 3,064725 0,001780
действительно 2,612740 0,003035
попытка 1,609438 0,000935
нечего 3,218876 0,001869
наименее 5,010635 0,002910
месть 2,931194 0,005107
использовать 1,919593 0,002229
задкова 5,010635 0,002910
опечатка 0,000000 0,000000
каждый 1,576648 0,000916
негодование 5,010635 0,002910
расти 2,708050 0,001573
маленький 1,791759 0,003122
айтишник 5,010635 0,020368
писать 1,752539 0,002035
служащий 3,624341 0,002105
советовать 3,218876 0,001869
вызвать 0,090654 0,000105
идеальный 3,912023 0,002272
внешний 2,525729 0,001467
убеждённый 3,218876 0,003739
основатель 3,624341 0,014733
начинать 3,064725 0,001780
модель 3,064725 0,001780
уровень 1,643339 0,001909
составить 2,813411 0,003268
финансовый 2,813411 0,003268
механизм 2,371578 0,001377
заменять 5,010635 0,002910
формат 2,813411 0,004901
нестабильность 5,010635 0,002910
развитие 2,120264 0,002463
поделиться 2,708050 0,003145
расширять 5,010635 0,002910
вернуть 2,371578 0,002754
внимание 1,966113 0,002284
возможность 1,714798 0,003983
правда 0,040822 0,000024
плохой 2,177422 0,001264
сообщать 1,791759 0,001041
очень 1,347074 0,000782
наука 0,000000 0,000000
какой 1,203973 0,001398
забывать 3,912023 0,002272
обратный 2,813411 0,004901
наличие 3,401197 0,001975
восприниматься 4,317488 0,002507
произойти 1,791759 0,001041
проверить 3,064725 0,001780
никак 2,931194 0,001702
