состоять 2,931194 0,002224
ру 0,000000 0,000000
банк 0,068993 0,000052
день 0,033902 0,000026
робототехника 5,010635 0,003802
найти 1,678431 0,001273
стас 5,010635 0,003802
повлиять 3,218876 0,002442
отвести 0,076161 0,000058
согласие 0,047791 0,000036
центр 1,752539 0,011967
путешествие 0,000000 0,000000
арт 4,317488 0,016379
шёлк 4,317488 0,003276
старинный 4,317488 0,003276
пол 0,090654 0,000069
человек 0,762140 0,001735
производство 2,612740 0,005947
вода 0,054808 0,000042
реклама 2,525729 0,001916
фото 0,061875 0,000329
пункт 1,966113 0,001492
притяжение 5,010635 0,003802
культурный 3,401197 0,002581
галеев 5,010635 0,003802
область 1,272966 0,004829
здание 3,624341 0,005500
ася 5,010635 0,045620
природа 3,218876 0,002442
кинопроизводство 5,010635 0,003802
бутусов 4,317488 0,003276
весь 1,078810 0,001637
индия 0,076161 0,000058
информационный 4,317488 0,003276
дело 1,249435 0,000948
житель 1,678431 0,003820
скейтпарк 5,010635 0,003802
расположить 3,064725 0,002325
проект 2,813411 0,012808
создавать 2,371578 0,005398
вечеринка 3,912023 0,002968
недавно 3,218876 0,002442
баттл 4,317488 0,003276
республика 2,371578 0,001799
подкаст 4,317488 0,003276
проблема 0,047791 0,000036
турецкий 2,931194 0,002224
также 0,762140 0,001157
туда 2,813411 0,004269
член 2,612740 0,001982
появиться 1,373049 0,004167
технологийминь 0,000000 0,000000
россиянин 1,321756 0,002006
зал 3,218876 0,002442
находиться 1,399717 0,003186
территория 1,609438 0,004884
изменение 2,612740 0,001982
вечерний 4,317488 0,003276
начать 1,139434 0,001729
силовой 0,000000 0,000000
малое 5,010635 0,007603
вписать 4,317488 0,003276
приходить 2,708050 0,002055
креативный 3,912023 0,053427
однако 1,249435 0,000948
себя 2,014903 0,001529
завод 3,218876 0,017096
производственный 3,912023 0,002968
изменить 2,066196 0,001568
распылять 5,010635 0,003802
база 2,931194 0,002224
поддержка 2,371578 0,008997
байконур 0,097980 0,000074
один 0,836248 0,000634
посетить 3,064725 0,002325
богатый 3,624341 0,002750
часть 1,484275 0,002252
последний 0,083382 0,000063
класс 3,401197 0,007742
лекция 5,010635 0,007603
часто 2,525729 0,001916
лето 2,612740 0,001982
формирование 3,624341 0,005500
архив 0,000000 0,000000
специально 3,401197 0,002581
заявить 0,061875 0,000047
ресурс 3,064725 0,002325
сша 0,040822 0,000031
избежать 2,813411 0,002135
способный 2,612740 0,003965
раскрытие 0,076161 0,000058
продвижение 2,931194 0,004448
одновременно 3,218876 0,002442
производить 3,912023 0,005936
подстёгивать 5,010635 0,003802
булат 5,010635 0,003802
качество 1,832581 0,002781
взрослый 2,931194 0,002224
становиться 2,525729 0,001916
погружаться 0,047791 0,000036
снос 5,010635 0,003802
климат 1,875141 0,001423
саха 5,010635 0,003802
экскурсия 4,317488 0,006552
комикс 5,010635 0,003802
склад 3,401197 0,002581
екатерина 2,612740 0,001982
фотостудия 5,010635 0,003802
модернизировать 5,010635 0,003802
конференция 3,218876 0,002442
являться 1,714798 0,003903
получать 0,033902 0,000051
публичный 3,401197 0,002581
проводиться 3,624341 0,002750
сферанедвижимостьгородский 1,966113 0,001492
усилие 2,813411 0,004269
зона 2,371578 0,001799
слияние 5,010635 0,003802
нужно 1,791759 0,002719
счёт 2,708050 0,002055
интерес 2,525729 0,003833
желать 3,064725 0,002325
популяризация 5,010635 0,003802
тула 3,912023 0,008904
группа 1,514128 0,001149
спецпроект 0,000000 0,000000
ткань 3,624341 0,002750
украинский 0,047791 0,000036
борзов 5,010635 0,003802
рост 1,791759 0,001359
туляк 5,010635 0,003802
процент 1,678431 0,001273
цех 3,064725 0,004651
крытый 4,317488 0,003276
туристка 0,076161 0,000058
мотор 0,000000 0,000000
привлекать 2,813411 0,004269
стоить 1,714798 0,001301
наслать 0,000000 0,000000
улучшать 5,010635 0,003802
жизнь 0,000000 0,000000
создаваться 3,064725 0,002325
дизайнерский 5,010635 0,003802
менять 2,813411 0,004269
жать 0,013423 0,000010
талантливый 3,401197 0,005161
канал 1,791759 0,001359
почему 0,899761 0,001365
хороший 0,006689 0,000010
спор 0,097980 0,000074
объединение 3,401197 0,005161
власть 1,609438 0,002442
конфиденциальность 0,047791 0,000036
самобытный 5,010635 0,003802
назад 1,678431 0,001273
продолжать 0,033902 0,000026
ссср 0,000000 0,000000
микрофон 5,010635 0,011405
лаборатория 4,317488 0,009827
идти 1,297063 0,000984
скважина 5,010635 0,003802
бериашвили 5,010635 0,003802
дизайн 3,912023 0,014841
ян 5,010635 0,011405
фарфоровый 5,010635 0,003802
минь 0,000000 0,000000
сверхглубокий 5,010635 0,003802
стратегия 3,624341 0,002750
традиция 3,218876 0,002442
именно 1,875141 0,002845
общество 2,177422 0,001652
главное 0,000000 0,000000
сетевой 4,317488 0,003276
активный 2,120264 0,001609
деятель 4,317488 0,003276
концерт 3,401197 0,010322
инклюзивный 4,317488 0,003276
столичный 4,317488 0,003276
позволять 2,177422 0,001652
нынешний 3,064725 0,002325
пластинка 3,912023 0,002968
точка 2,445686 0,001856
вика 5,010635 0,003802
безграничный 5,010635 0,003802
драматург 5,010635 0,003802
объединиться 4,317488 0,003276
установить 2,931194 0,002224
спорт 0,000000 0,000000
разработать 2,612740 0,001982
экспозиция 5,010635 0,003802
путешественник 5,010635 0,003802
национальный 2,371578 0,001799
прошлое 2,813411 0,002135
сказ 5,010635 0,003802
четыре 0,040822 0,000031
сказать 1,919593 0,001456
глубокий 2,931194 0,002224
друг 1,791759 0,002719
дюмин 5,010635 0,003802
специализировать 5,010635 0,003802
далёкий 2,525729 0,001916
конфиденциальностиправить 0,000000 0,000000
пьеса 5,010635 0,003802
изготовить 5,010635 0,003802
кластер 5,010635 0,087439
облагородить 5,010635 0,003802
индустриальный 5,010635 0,011405
известный 1,714798 0,002602
читальный 5,010635 0,003802
облик 3,624341 0,005500
перформанс 5,010635 0,007603
раз 2,371578 0,001799
сомневаться 3,912023 0,002968
магазин 2,813411 0,006404
российский 0,033902 0,000103
фестиваль 3,624341 0,008250
стол 2,931194 0,002224
обитание 0,000000 0,000000
ярмарка 5,010635 0,003802
экономический 2,525729 0,001916
чувствовать 2,445686 0,001856
ниже 3,624341 0,002750
интернет 0,000000 0,000000
мурманский 5,010635 0,003802
шесть 1,966113 0,002983
основать 3,912023 0,002968
финансы 3,912023 0,002968
натура 5,010635 0,003802
поэтический 5,010635 0,003802
вячеслав 3,401197 0,002581
кинопоказ 5,010635 0,007603
гид 0,076161 0,000058
связать 2,066196 0,001568
записать 2,708050 0,002055
библиотека 4,317488 0,003276
знак 3,218876 0,002442
кофейня 4,317488 0,003276
простаивать 5,010635 0,003802
реализоваться 5,010635 0,003802
туризм 3,912023 0,002968
сотрудник 0,068993 0,000052
представить 2,525729 0,001916
работа 0,899761 0,001365
эмоция 0,047791 0,000036
сеть 0,090654 0,000069
театр 3,064725 0,002325
связывать 3,401197 0,002581
направление 2,302585 0,003494
переформатировать 5,010635 0,003802
смежный 5,010635 0,003802
гагарин 3,064725 0,002325
должный 1,714798 0,001301
военнослужащий 0,068993 0,000052
накапливать 0,047791 0,000036
выдающийся 5,010635 0,003802
маршрут 3,912023 0,002968
ассоциация 3,624341 0,002750
старый 2,371578 0,003599
записываться 5,010635 0,003802
кроме 1,427116 0,002166
нижний 2,612740 0,001982
видеоигра 4,317488 0,003276
депутат 0,068993 0,000052
бизнес 2,371578 0,012596
стильный 3,624341 0,005500
лофт 5,010635 0,003802
свердловский 5,010635 0,003802
целиком 3,912023 0,002968
бажов 5,010635 0,003802
культура 0,000000 0,000000
сооснователь 4,317488 0,003276
пространство 3,218876 0,009769
нижегородский 5,010635 0,007603
интеграция 3,912023 0,002968
привлечение 3,624341 0,002750
рассматриваться 4,317488 0,003276
статья 0,000000 0,000000
существовать 2,445686 0,003711
современный 2,066196 0,012541
музыкант 3,624341 0,002750
музыка 3,401197 0,002581
посвятить 2,931194 0,002224
мировой 1,752539 0,001330
многий 2,708050 0,002055
близкий 1,875141 0,001423
многие 1,714798 0,003903
наследие 4,317488 0,003276
язык 2,813411 0,002135
направить 2,612740 0,003965
копировать 4,317488 0,003276
исключительно 3,624341 0,002750
кожаный 3,401197 0,005161
государственный 2,525729 0,001916
инвестиция 2,931194 0,006672
решновый 5,010635 0,003802
посещать 3,912023 0,005936
оказывать 3,218876 0,002442
сделать 1,321756 0,002006
увлекательный 0,047791 0,000036
казань 4,317488 0,003276
гость 3,218876 0,007327
разный 2,238047 0,003396
переговоры 0,047791 0,000036
творчество 4,317488 0,009827
будущее 2,066196 0,003135
год 0,521999 0,004357
максим 2,813411 0,002135
акцент 5,010635 0,003802
международный 1,875141 0,001423
сбер 0,040822 0,000031
трамп 0,054808 0,000042
крупный 0,054808 0,000125
агентство 2,302585 0,003494
май 2,813411 0,002135
рамка 2,371578 0,003599
спешелтить 5,010635 0,003802
перспектива 2,371578 0,001799
петь 3,912023 0,002968
белоус 0,076161 0,000058
сегодня 1,643339 0,002494
страна 0,747955 0,001135
помощник 3,401197 0,002581
акция 0,047791 0,000036
создать 2,120264 0,008043
такой 1,003302 0,002284
сенаторов 5,010635 0,003802
цифра 2,813411 0,004269
преобразовать 3,912023 0,002968
малый 3,218876 0,009769
концепция 4,317488 0,003276
грань 3,064725 0,002325
туристический 3,624341 0,002750
идентичность 3,912023 0,002968
предречь 0,076161 0,000116
коллаборация 5,010635 0,003802
регион 0,076161 0,000520
рука 2,066196 0,001568
проходить 2,445686 0,005567
расширение 2,931194 0,002224
март 0,040822 0,000031
благодаря 2,238047 0,001698
военный 0,020203 0,000015
включать 3,064725 0,006976
летний 0,047791 0,000036
фонд 3,064725 0,004651
генерировать 5,010635 0,003802
рада 0,068993 0,000052
экономика 0,000000 0,000000
виниловый 5,010635 0,003802
организация 2,238047 0,001698
прометей 5,010635 0,003802
этери 5,010635 0,003802
солома 4,317488 0,003276
история 1,609438 0,004884
звезда 1,919593 0,001456
реальный 0,013423 0,000010
тысяча 0,054808 0,000250
тульский 5,010635 0,007603
поиск 2,445686 0,001856
площадка 3,064725 0,006976
знаковый 5,010635 0,003802
парка 3,912023 0,014841
исторический 3,064725 0,006976
затопить 0,076161 0,000058
инициатива 2,525729 0,007665
турист 2,931194 0,006672
познакомиться 3,912023 0,002968
обменивать 0,047791 0,000036
алексей 1,875141 0,001423
условие 0,033902 0,000103
помогать 2,120264 0,006435
кафе 4,317488 0,003276
сопровождать 5,010635 0,003802
разноформатный 5,010635 0,003802
встреча 1,832581 0,002781
фильм 2,238047 0,001698
думать 1,791759 0,001359
стоимость 2,238047 0,001698
достижение 2,302585 0,001747
цыганов 5,010635 0,003802
постоянно 2,525729 0,001916
немой 2,371578 0,001799
оборудование 3,912023 0,005936
видеть 0,013423 0,000010
способ 1,919593 0,001456
высокий 1,455287 0,001104
взаимодействовать 3,401197 0,002581
признак 2,612740 0,001982
продукт 2,120264 0,001609
компьютерный 5,010635 0,003802
активно 2,708050 0,004109
придумать 2,525729 0,001916
специальный 2,525729 0,003833
новый 0,000000 0,000000
найк 5,010635 0,003802
образ 1,514128 0,002298
промышленный 3,912023 0,008904
перемирие 0,076161 0,000058
теннис 3,624341 0,002750
аспект 5,010635 0,003802
всероссийский 4,317488 0,003276
гончаровоснователь 5,010635 0,003802
местный 2,066196 0,004703
ставка 3,064725 0,002325
добро 0,013423 0,000031
анонсировать 2,371578 0,001799
менее 2,014903 0,001529
открытый 2,371578 0,001799
конфликт 0,061875 0,000047
помощь 0,027029 0,000062
александр 1,373049 0,001042
заглянуть 5,010635 0,003802
политика 0,040822 0,000031
исследование 2,708050 0,004109
творческий 4,317488 0,039309
резидент 5,010635 0,007603
экс 2,066196 0,001568
определить 2,612740 0,001982
х 2,177422 0,001652
течение 1,966113 0,001492
внедрять 4,317488 0,003276
потрясать 5,010635 0,003802
земля 1,919593 0,001456
мир 0,000000 0,000000
конкретный 3,064725 0,004651
структура 0,000000 0,000000
абсолютно 3,064725 0,002325
практика 3,401197 0,007742
бывший 0,000000 0,000000
небольшой 2,177422 0,001652
конец 1,643339 0,001247
мегаполис 5,010635 0,003802
маккартень 0,097980 0,000074
ооо 0,000000 0,000000
новгород 3,064725 0,002325
причём 2,708050 0,002055
чистый 3,218876 0,002442
город 0,047791 0,000471
мода 3,218876 0,007327
эмпатия 5,010635 0,003802
сектор 3,218876 0,009769
региональный 3,401197 0,007742
галерея 0,000000 0,000000
внешность 0,097980 0,000074
вырасти 2,371578 0,003599
построить 2,931194 0,004448
возрождение 3,912023 0,002968
начаться 0,033902 0,000026
сбыт 4,317488 0,003276
всегосэкономикабизнесрынкикапиталсоциальный 1,966113 0,001492
закрытие 2,813411 0,002135
пляжный 0,097980 0,000074
выставка 3,401197 0,007742
калуга 5,010635 0,003802
ключевой 2,445686 0,003711
миллиард 2,612740 0,003965
редкий 2,371578 0,001799
благотворительный 5,010635 0,003802
выражать 0,047791 0,000073
офис 3,064725 0,004651
читать 0,040822 0,000031
удел 5,010635 0,003802
потребность 4,317488 0,003276
городской 3,401197 0,012903
оценивать 0,047791 0,000036
художник 3,401197 0,005161
редакциярекламаконтактыпресс 0,000000 0,000000
видео 0,000000 0,000000
высоцкий 5,010635 0,003802
подтверждать 3,401197 0,002581
катализатор 5,010635 0,003802
пользоваться 3,624341 0,002750
графика 4,317488 0,003276
обсудить 0,415515 0,000315
помочь 1,714798 0,001301
бренд 2,445686 0,001856
помимо 2,813411 0,002135
осознать 3,624341 0,002750
основа 3,064725 0,002325
запустить 2,302585 0,001747
бонус 0,047791 0,000073
среда 0,000000 0,000000
технология 2,525729 0,001916
ежемесячно 4,317488 0,003276
остаться 0,047791 0,000036
кольский 5,010635 0,003802
прежний 2,371578 0,001799
профессия 3,064725 0,002325
эксклюзив 0,000000 0,000000
арендовать 5,010635 0,003802
уволить 0,076161 0,000058
развивать 3,624341 0,005500
послать 3,064725 0,002325
похожий 2,371578 0,005398
преимущество 2,931194 0,002224
случиться 2,612740 0,001982
скидка 0,047791 0,000036
москва 1,021651 0,001550
масштабный 2,612740 0,003965
гибкий 3,912023 0,002968
средаклимат 1,966113 0,001492
рынок 1,609438 0,003663
павел 2,612740 0,003965
большой 1,714798 0,001301
госкорпорация 3,912023 0,002968
свыше 3,401197 0,005161
уличный 3,912023 0,002968
керамистовый 5,010635 0,003802
контекст 3,218876 0,004884
хрустальный 5,010635 0,003802
партнёрство 5,010635 0,007603
хотеть 0,013423 0,000010
михайлов 5,010635 0,003802
эффективность 3,401197 0,002581
флакон 5,010635 0,003802
саунд 5,010635 0,003802
миллиардный 4,317488 0,003276
стать 0,499776 0,001896
работать 0,027029 0,000082
октав 5,010635 0,007603
потенциал 3,401197 0,002581
театральный 3,912023 0,008904
сысертский 5,010635 0,003802
это 0,020203 0,000184
массовый 2,066196 0,001568
поддерживать 2,612740 0,001982
легендарный 2,066196 0,003135
резиденция 4,317488 0,003276
фарфор 4,317488 0,003276
смена 2,708050 0,004109
два 0,033902 0,000051
новость 0,000000 0,000000
мануфактура 4,317488 0,003276
интеллектуальный 5,010635 0,003802
михаил 2,445686 0,001856
продвигать 3,912023 0,002968
продюсер 3,218876 0,004884
звукозапись 5,010635 0,003802
войти 0,000000 0,000000
управлять 2,612740 0,001982
чтение 4,317488 0,003276
звук 4,317488 0,003276
особенный 3,912023 0,002968
диван 3,624341 0,002750
считать 1,373049 0,001042
уход 0,076161 0,000058
особый 2,708050 0,002055
рубль 1,514128 0,002298
музей 3,064725 0,006976
учитывать 4,317488 0,003276
обычный 0,013423 0,000010
программа 2,371578 0,001799
стимул 5,010635 0,003802
модно 5,010635 0,003802
изнасиловать 0,076161 0,000058
религиозный 4,317488 0,003276
техника 0,000000 0,000000
локальный 3,624341 0,002750
означать 3,624341 0,002750
итог 1,678431 0,001273
пять 1,484275 0,001126
объединять 4,317488 0,003276
планироваться 3,912023 0,005936
деятельность 2,931194 0,002224
игра 0,000000 0,000000
компания 1,714798 0,003903
песня 3,401197 0,002581
купеческий 5,010635 0,003802
мультивселенная 5,010635 0,003802
ваш 0,047791 0,000036
имя 1,875141 0,004268
губернатор 2,708050 0,002055
мультимедийный 5,010635 0,007603
медитация 0,076161 0,000058
молодёжь 3,218876 0,004884
больший 1,373049 0,001042
благоприятный 5,010635 0,003802
экологияделовой 1,966113 0,001492
реакция 0,047791 0,000073
пора 2,177422 0,001652
самый 0,883501 0,001341
пианино 5,010635 0,003802
калинин 4,317488 0,003276
материал 0,000000 0,000000
технологический 3,218876 0,002442
публика 3,218876 0,002442
антихрупкость 5,010635 0,003802
спектакль 3,912023 0,002968
ростёха 3,912023 0,002968
лента 0,000000 0,000000
отраслевой 4,317488 0,003276
конкуренция 3,912023 0,002968
проектный 4,317488 0,003276
сфера 2,612740 0,001982
район 2,120264 0,001609
мочь 0,836248 0,003807
кожангородской 5,010635 0,003802
павильон 5,010635 0,003802
сам 1,226446 0,001861
сияние 4,317488 0,003276
увеличиться 3,064725 0,002325
акустический 5,010635 0,003802
сувенир 5,010635 0,003802
издавать 5,010635 0,003802
юрий 2,525729 0,003833
визуальный 5,010635 0,007603
применение 0,000000 0,000000
бруштейн 5,010635 0,003802
действовать 2,238047 0,001698
зарабатывать 3,064725 0,002325
организовать 2,612740 0,003965
век 1,919593 0,001456
ценить 3,218876 0,002442
эксклюзивный 5,010635 0,003802
производитель 3,064725 0,002325
стандарт 4,317488 0,003276
показ 3,912023 0,005936
ценность 0,000000 0,000000
вернуться 0,006689 0,000005
специализация 4,317488 0,003276
экспонат 3,912023 0,002968
стратегический 2,612740 0,001982
партнёр 2,612740 0,003965
проводить 2,708050 0,004109
просто 1,678431 0,001273
узнать 2,014903 0,001529
россия 0,000000 0,000000
станок 4,317488 0,006552
свой 0,020203 0,000107
парк 4,317488 0,003276
образовательный 5,010635 0,007603
настольный 5,010635 0,003802
проведение 3,064725 0,004651
ехать 2,931194 0,004448
формировать 3,624341 0,002750
студия 3,912023 0,002968
мультикультурный 5,010635 0,003802
американский 0,054808 0,000042
предприниматель 2,931194 0,004448
другой 1,059392 0,001608
зеленский 0,054808 0,000083
прийти 2,014903 0,001529
популярность 2,813411 0,002135
презентация 4,317488 0,003276
рабочий 2,708050 0,004109
знаменитый 2,525729 0,001916
сысерть 5,010635 0,011405
кино 3,064725 0,004651
собственный 2,525729 0,001916
регулярно 3,218876 0,004884
индустрия 3,624341 0,008250
ярославль 5,010635 0,011405
музыченко 5,010635 0,003802
число 1,226446 0,000931
отрасль 2,931194 0,006672
сей 2,177422 0,001652
ребёнок 1,919593 0,002913
мастер 3,624341 0,008250
населить 2,525729 0,001916
путь 2,066196 0,001568
чудом 3,912023 0,002968
подчёркивать 3,064725 0,002325
реализация 3,064725 0,002325
хор 4,317488 0,003276
прогресс 0,090654 0,000069
форма 0,061875 0,000047
нажать 0,000000 0,000000
среднее 3,401197 0,005161
дом 0,061875 0,000094
мероприятие 3,401197 0,010322
зависеть 2,813411 0,002135
бесплатно 3,912023 0,002968
советский 1,752539 0,001330
промзона 4,317488 0,006552
поддержать 2,177422 0,001652
любой 2,120264 0,001609
промышленность 3,401197 0,002581
художественный 4,317488 0,019655
изделие 5,010635 0,003802
наш 1,347074 0,001022
ольга 3,624341 0,002750
казаться 2,177422 0,001652
ярославский 4,317488 0,003276
предложение 1,919593 0,001456
около 1,678431 0,001273
использованияполитик 0,000000 0,000000
президентский 3,624341 0,002750
изображение 3,912023 0,011873
заниматься 2,302585 0,001747
технический 2,931194 0,002224
деактивировать 0,013423 0,000010
рекомендательный 0,000000 0,000000
актуальный 3,401197 0,007742
ежедневно 3,624341 0,002750
произведение 3,624341 0,002750
обратиться 0,076161 0,000058
собирать 3,401197 0,002581
забота 0,000000 0,000000
поехать 3,624341 0,002750
заметно 3,912023 0,002968
пожаловать 0,013423 0,000010
который 0,521999 0,002772
идея 1,714798 0,001301
искусство 3,624341 0,021999
например 1,791759 0,004078
гастробар 5,010635 0,003802
победа 0,000000 0,000000
сопутствовать 5,010635 0,003802
прибыть 0,083382 0,000063
президент 0,851752 0,000646
сми 0,000000 0,000000
соколов 5,010635 0,003802
жить 1,643339 0,001247
жилец 0,068993 0,000052
арена 3,912023 0,002968
текстильный 5,010635 0,003802
создание 2,120264 0,001609
инфраструктура 2,014903 0,003058
место 0,027029 0,000103
начало 1,399717 0,002124
свет 0,054808 0,000042
государство 1,919593 0,001456
миссия 3,218876 0,002442
успешный 3,218876 0,002442
мс 0,097980 0,000074
отдых 3,064725 0,002325
участие 2,014903 0,003058
аудиовизуальный 5,010635 0,003802
достигнуть 2,302585 0,001747
опечатка 0,000000 0,000000
каждый 1,576648 0,002392
расти 2,708050 0,002055
фабрика 3,624341 0,008250
модный 3,624341 0,002750
любитель 3,624341 0,002750
маленький 1,791759 0,001359
побывать 3,064725 0,002325
уральский 4,317488 0,003276
вызвать 0,090654 0,000069
появление 2,813411 0,004269
столица 2,813411 0,002135
основатель 3,624341 0,002750
достопримечательность 4,317488 0,003276
модель 3,064725 0,006976
владимир 1,160488 0,000880
орган 2,177422 0,001652
формат 2,813411 0,004269
прибыль 5,010635 0,003802
поиграть 4,317488 0,003276
доказывать 4,317488 0,003276
развитие 2,120264 0,022522
модельный 5,010635 0,003802
якутия 5,010635 0,003802
помножить 5,010635 0,003802
корд 5,010635 0,007603
открыться 3,912023 0,002968
кинофестиваль 4,317488 0,003276
способствовать 3,624341 0,002750
минэкономразвития 3,912023 0,002968
октавский 5,010635 0,003802
принимать 2,445686 0,001856
возможность 1,714798 0,005204
правда 0,040822 0,000031
огромный 2,525729 0,001916
уникальный 2,525729 0,001916
приоритетный 5,010635 0,003802
одежда 2,445686 0,001856
очень 1,347074 0,002044
предприятие 3,064725 0,006976
наука 0,000000 0,000000
сообщество 2,445686 0,003711
учреждение 4,317488 0,003276
произойти 1,791759 0,001359
восприниматься 4,317488 0,003276
книга 2,708050 0,002055
