бригада 2,813411 0,009602
буферный 4,317488 0,014735
ру 0,000000 0,000000
рф 1,514128 0,005168
банк 0,068993 0,000235
лента 0,000000 0,000000
новый 0,000000 0,000000
день 0,033902 0,000116
перемирие 0,076161 0,000260
роль 1,714798 0,005853
спорт 0,000000 0,000000
мочь 0,836248 0,002854
отвести 0,076161 0,000260
добро 0,013423 0,000137
согласие 0,047791 0,000163
путешествие 0,000000 0,000000
четыре 0,040822 0,000139
конфликт 0,061875 0,000211
конфиденциальностиправить 0,000000 0,000000
пол 0,090654 0,000309
помощь 0,027029 0,000092
отметить 1,399717 0,004777
вода 0,054808 0,000187
фото 0,061875 0,000422
политика 0,040822 0,000139
й 2,612740 0,008917
применение 0,000000 0,000000
применять 4,317488 0,014735
область 1,272966 0,021723
смочь 1,399717 0,004777
рубеж 3,064725 0,010460
вс 2,371578 0,008094
отдел 0,579818 0,001979
ценность 0,000000 0,000000
сила 1,321756 0,009022
мир 0,000000 0,000000
вернуться 0,006689 0,000023
индия 0,076161 0,000260
структура 0,000000 0,000000
российский 0,033902 0,000347
препятствовать 4,317488 0,014735
обитание 0,000000 0,000000
бывший 0,000000 0,000000
неспособный 4,317488 0,014735
россия 0,000000 0,000000
интернет 0,000000 0,000000
десантный 3,912023 0,013352
маккартень 0,097980 0,000334
ооо 0,000000 0,000000
свой 0,020203 0,000069
сильный 1,678431 0,011457
ранее 1,003302 0,003424
проблема 0,047791 0,000652
также 0,762140 0,002601
назвать 1,021651 0,010461
гид 0,076161 0,000260
технологийминь 0,000000 0,000000
украина 0,805943 0,005501
город 0,047791 0,000163
американский 0,054808 0,000187
галерея 0,000000 0,000000
внешность 0,097980 0,000334
сотрудник 0,068993 0,000235
начаться 0,033902 0,000116
зеленский 0,054808 0,000374
силовой 0,000000 0,000000
пляжный 0,097980 0,000334
эмоция 0,047791 0,000163
сеть 0,090654 0,000309
ключевой 2,445686 0,008347
направление 2,302585 0,007859
вооружённый 1,678431 0,011457
азия 2,445686 0,008347
всеприбалтикаукраинабелоруссиямолдавиязакавказьесредний 2,525729 0,008620
выражать 0,047791 0,000326
дрон 1,832581 0,025018
читать 0,040822 0,000139
военнослужащий 0,068993 0,000235
накапливать 0,047791 0,000163
оптоволокно 5,010635 0,034202
оценивать 0,047791 0,000163
запольский 3,624341 0,012370
байконур 0,097980 0,000334
редакциярекламаконтактыпресс 0,000000 0,000000
поражение 3,624341 0,012370
видео 0,000000 0,000000
депутат 0,068993 0,000235
прогресс 0,090654 0,000309
форма 0,061875 0,000211
нажать 0,000000 0,000000
последний 0,083382 0,000285
дом 0,061875 0,000211
культура 0,000000 0,000000
сыграть 2,813411 0,009602
часто 2,525729 0,008620
обсудить 0,415515 0,001418
архив 0,000000 0,000000
сумский 2,813411 0,009602
статья 0,000000 0,000000
заявить 0,061875 0,001056
сша 0,040822 0,000139
бонус 0,047791 0,000326
среда 0,000000 0,000000
раскрытие 0,076161 0,000260
продвижение 2,931194 0,010004
редактор 0,556288 0,001899
боеприпас 3,218876 0,010986
остаться 0,047791 0,000163
сосредоточить 5,010635 0,017101
эксклюзив 0,000000 0,000000
уволить 0,076161 0,000260
скидка 0,047791 0,000163
штурмовой 3,401197 0,011608
батальон 3,912023 0,013352
погружаться 0,047791 0,000163
отдельный 2,525729 0,008620
увлекательный 0,047791 0,000163
использованияполитик 0,000000 0,000000
павел 2,612740 0,017834
большой 1,714798 0,005853
деактивировать 0,013423 0,000046
рекомендательный 0,000000 0,000000
заместитель 3,064725 0,010460
переговоры 0,047791 0,000163
получать 0,033902 0,000116
хотеть 0,013423 0,000046
обратиться 0,076161 0,000260
зона 2,371578 0,008094
армия 2,014903 0,013754
забота 0,000000 0,000000
удержать 2,612740 0,008917
сбер 0,040822 0,000139
пожаловать 0,013423 0,000046
язловецкий 3,912023 0,040055
трамп 0,054808 0,000187
работать 0,027029 0,000092
крупный 0,054808 0,000374
группа 1,514128 0,010335
спецпроект 0,000000 0,000000
это 0,020203 0,000069
победа 0,000000 0,000000
украинский 0,047791 0,000163
слово 0,820981 0,005604
белоус 0,076161 0,000260
прибыть 0,083382 0,000285
два 0,033902 0,000231
новость 0,000000 0,000000
туристка 0,076161 0,000260
мотор 0,000000 0,000000
сми 0,000000 0,000000
акция 0,047791 0,000163
наслать 0,000000 0,000000
жизнь 0,000000 0,000000
жилец 0,068993 0,000235
предречь 0,076161 0,000520
жать 0,013423 0,000046
войти 0,000000 0,000000
место 0,027029 0,000092
свет 0,054808 0,000187
регион 0,076161 0,000260
мс 0,097980 0,000334
март 0,040822 0,000139
военный 0,020203 0,000069
летний 0,047791 0,000163
рада 0,068993 0,000235
экономика 0,000000 0,000000
использовать 1,919593 0,006552
уход 0,076161 0,000260
опечатка 0,000000 0,000000
хороший 0,006689 0,000023
спор 0,097980 0,000334
вызвать 0,090654 0,000309
обычный 0,013423 0,000092
противостоять 3,624341 0,012370
конфиденциальность 0,047791 0,000163
количество 1,576648 0,005381
подвоз 4,317488 0,014735
офицер 2,708050 0,036970
изнасиловать 0,076161 0,000260
командир 2,813411 0,009602
продолжать 0,033902 0,000116
бой 2,066196 0,007052
реальный 0,013423 0,000046
ссср 0,000000 0,000000
техника 0,000000 0,000000
сдержать 2,813411 0,009602
тысяча 0,054808 0,000187
курский 1,791759 0,030576
всу 1,373049 0,028117
логистика 3,912023 0,013352
затопить 0,076161 0,000260
игра 0,000000 0,000000
обменивать 0,047791 0,000163
минь 0,000000 0,000000
условие 0,033902 0,000231
ваш 0,047791 0,000163
главное 0,000000 0,000000
медитация 0,076161 0,000260
правда 0,040822 0,000139
больший 1,373049 0,014059
неспособность 3,218876 0,010986
алевтина 3,624341 0,012370
группировка 2,445686 0,033388
видеть 0,013423 0,000046
реакция 0,047791 0,000326
самый 0,883501 0,006031
очень 1,347074 0,004598
материал 0,000000 0,000000
наука 0,000000 0,000000
выезд 4,317488 0,014735
