ру 0,000000 0,000000
личный 1,791759 0,005479
банк 0,068993 0,000211
лента 0,000000 0,000000
урожай 3,912023 0,023927
новый 0,000000 0,000000
день 0,033902 0,000518
перемирие 0,076161 0,000233
спорт 0,000000 0,000000
любить 2,177422 0,006659
отечественный 2,445686 0,007479
отвести 0,076161 0,000233
добро 0,013423 0,000123
шоу 2,813411 0,008604
согласие 0,047791 0,000146
путешествие 0,000000 0,000000
четыре 0,040822 0,000125
созревать 5,010635 0,015323
важный 1,875141 0,005734
друг 1,791759 0,005479
конфликт 0,061875 0,000189
конфиденциальностиправить 0,000000 0,000000
пол 0,090654 0,000277
помощь 0,027029 0,000083
стрижка 3,912023 0,011963
вода 0,054808 0,000168
женский 2,238047 0,006844
фото 0,061875 0,000378
политика 0,040822 0,000125
применение 0,000000 0,000000
ягода 5,010635 0,030646
выходной 3,624341 0,022167
православный 5,010635 0,015323
сезон 2,813411 0,008604
ценность 0,000000 0,000000
известно 1,297063 0,003967
дата 2,612740 0,023970
мир 0,000000 0,000000
вернуться 0,006689 0,000020
весь 1,078810 0,003299
индия 0,076161 0,000233
пройти 1,427116 0,004364
структура 0,000000 0,000000
жалеть 2,813411 0,008604
российский 0,033902 0,000311
участница 4,317488 0,013203
обитание 0,000000 0,000000
бывший 0,000000 0,000000
конец 1,643339 0,005026
монастырь 4,317488 0,013203
россия 0,000000 0,000000
интернет 0,000000 0,000000
волос 2,708050 0,008281
маккартень 0,097980 0,000300
ооо 0,000000 0,000000
тренд 3,064725 0,009372
биография 3,064725 0,009372
аналог 3,218876 0,009844
свой 0,020203 0,000124
огород 4,317488 0,026407
подарок 3,218876 0,009844
сильный 1,678431 0,005133
проблема 0,047791 0,000146
появиться 1,373049 0,004199
гид 0,076161 0,000233
технологийминь 0,000000 0,000000
город 0,047791 0,000146
американский 0,054808 0,000168
великий 2,238047 0,006844
отец 1,919593 0,005870
галерея 0,000000 0,000000
внешность 0,097980 0,000300
россиянин 1,321756 0,004042
сотрудник 0,068993 0,000422
начаться 0,033902 0,000104
другой 1,059392 0,003240
зеленский 0,054808 0,000335
работа 0,899761 0,005503
силовой 0,000000 0,000000
показать 1,484275 0,004539
пляжный 0,097980 0,000300
эмоция 0,047791 0,000146
сеть 0,090654 0,000277
скрываться 2,525729 0,007724
выражать 0,047791 0,000292
праздник 2,813411 0,025811
мирный 1,966113 0,006013
читать 0,040822 0,000125
военнослужащий 0,068993 0,000211
накапливать 0,047791 0,000146
изменить 2,066196 0,006319
оценивать 0,047791 0,000146
байконур 0,097980 0,000300
редакциярекламаконтактыпресс 0,000000 0,000000
боевик 2,931194 0,008964
совет 1,714798 0,005244
видео 0,000000 0,000000
интересный 2,525729 0,007724
изосимов 5,010635 0,015323
фрукт 3,064725 0,018744
депутат 0,068993 0,000211
пасха 4,317488 0,013203
прогресс 0,090654 0,000277
война 1,455287 0,004450
часть 1,484275 0,004539
выход 2,120264 0,012968
форма 0,061875 0,000189
нажать 0,000000 0,000000
последний 0,083382 0,000255
дом 0,061875 0,000189
культура 0,000000 0,000000
лето 2,612740 0,007990
загрузка 2,931194 0,008964
архив 0,000000 0,000000
коллега 1,791759 0,005479
статья 0,000000 0,000000
любимый 2,371578 0,007253
заявить 0,061875 0,000189
сша 0,040822 0,000125
оригинальный 3,912023 0,011963
бонус 0,047791 0,000292
среда 0,000000 0,000000
раскрытие 0,076161 0,000233
ходить 2,120264 0,006484
остаться 0,047791 0,000146
эксклюзив 0,000000 0,000000
уволить 0,076161 0,000233
скидка 0,047791 0,000146
секрет 2,302585 0,007042
домой 2,612740 0,007990
уиллис 3,218876 0,009844
погружаться 0,047791 0,000146
спасть 2,931194 0,008964
увлекательный 0,047791 0,000146
использованияполитик 0,000000 0,000000
рынок 1,609438 0,004922
деактивировать 0,013423 0,000041
рекомендательный 0,000000 0,000000
фанат 3,218876 0,009844
переговоры 0,047791 0,000146
получать 0,033902 0,000104
год 0,521999 0,009578
ангелина 5,010635 0,015323
хотеть 0,013423 0,000041
обратиться 0,076161 0,000233
собирать 3,401197 0,020802
приходиться 2,931194 0,008964
забота 0,000000 0,000000
сбер 0,040822 0,000250
пожаловать 0,013423 0,000041
нужно 1,791759 0,005479
трамп 0,054808 0,000168
работать 0,027029 0,000083
который 0,521999 0,003193
идея 1,714798 0,005244
экстрасенс 4,317488 0,013203
крупный 0,054808 0,000335
провести 1,514128 0,004630
спецпроект 0,000000 0,000000
это 0,020203 0,000124
победа 0,000000 0,000000
украинский 0,047791 0,000146
белоус 0,076161 0,000233
прибыть 0,083382 0,000255
два 0,033902 0,000207
цех 3,064725 0,009372
новость 0,000000 0,000000
туристка 0,076161 0,000233
мотор 0,000000 0,000000
сми 0,000000 0,000000
акция 0,047791 0,000146
наслать 0,000000 0,000000
такой 1,003302 0,003068
сентябрь 2,525729 0,015448
посылка 3,064725 0,009372
битва 3,401197 0,010401
жизнь 0,000000 0,000000
хэнкок 5,010635 0,015323
жилец 0,068993 0,000211
актёр 2,445686 0,014958
нужный 2,302585 0,007042
предречь 0,076161 0,000466
средний 2,813411 0,008604
жать 0,013423 0,000041
войти 0,000000 0,000000
герой 2,014903 0,006162
место 0,027029 0,000083
свет 0,054808 0,000168
овощ 3,624341 0,022167
сериал 2,445686 0,007479
поздравить 2,931194 0,008964
регион 0,076161 0,000233
мс 0,097980 0,000300
измениться 2,177422 0,006659
март 0,040822 0,000624
военный 0,020203 0,000062
летний 0,047791 0,000146
рада 0,068993 0,000211
экономика 0,000000 0,000000
церковный 4,317488 0,039610
уход 0,076161 0,000466
опечатка 0,000000 0,000000
календарь 5,010635 0,045969
почему 0,899761 0,002752
смит 3,912023 0,011963
хороший 0,006689 0,000020
модный 3,624341 0,011084
спор 0,097980 0,000300
секс 2,177422 0,006659
вызвать 0,090654 0,000277
обычный 0,013423 0,000041
конфиденциальность 0,047791 0,000146
подарить 2,931194 0,008964
изнасиловать 0,076161 0,000233
продолжать 0,033902 0,000104
реальный 0,013423 0,000041
пост 2,612740 0,007990
ссср 0,000000 0,000000
техника 0,000000 0,000000
семья 2,120264 0,006484
тысяча 0,054808 0,000168
осень 3,912023 0,011963
затопить 0,076161 0,000233
игра 0,000000 0,000000
уиллом 5,010635 0,015323
обменивать 0,047791 0,000146
минь 0,000000 0,000000
клиент 2,813411 0,008604
условие 0,033902 0,000207
брюс 3,218876 0,009844
ваш 0,047791 0,000146
главное 0,000000 0,000000
профессиональный 2,931194 0,017928
медитация 0,076161 0,000233
правда 0,040822 0,000125
сюжет 3,624341 0,011084
уникальный 2,525729 0,007724
гаджет 3,064725 0,009372
раскрыть 1,643339 0,005026
событие 1,919593 0,011741
видеть 0,013423 0,000041
реакция 0,047791 0,000292
август 2,445686 0,022437
самый 0,883501 0,002702
миллион 1,347074 0,008239
материал 0,000000 0,000000
наука 0,000000 0,000000
символ 2,445686 0,007479
какой 1,203973 0,007364
второй 1,643339 0,010051
