ру 0,000000 0,000000
слух 2,813411 0,004567
банк 0,068993 0,000112
лента 0,000000 0,000000
отряд 2,931194 0,004758
ранение 2,813411 0,018269
новый 0,000000 0,000000
день 0,033902 0,000165
хутор 4,317488 0,014018
перемирие 0,076161 0,000124
штурм 3,401197 0,005521
спорт 0,000000 0,000000
район 2,120264 0,006884
разрушить 3,401197 0,011043
мочь 0,836248 0,001358
выполнять 2,708050 0,004396
отвести 0,076161 0,000124
добро 0,013423 0,000065
сумах 3,401197 0,011043
согласие 0,047791 0,000078
путешествие 0,000000 0,000000
четыре 0,040822 0,000066
конфликт 0,061875 0,000100
обратно 3,401197 0,005521
конфиденциальностиправить 0,000000 0,000000
связаться 3,218876 0,010451
помощь 0,027029 0,000132
пол 0,090654 0,000147
человек 0,762140 0,002474
вода 0,054808 0,000178
раздаться 4,317488 0,007009
прооперировать 4,317488 0,014018
тяжёлый 1,791759 0,008726
фото 0,061875 0,000301
пункт 1,966113 0,003192
полгода 2,525729 0,004100
удаться 1,678431 0,002725
политика 0,040822 0,000066
связь 1,714798 0,005568
живой 2,525729 0,012301
применение 0,000000 0,000000
давление 2,302585 0,003738
призвать 1,791759 0,002909
нога 2,302585 0,003738
область 1,272966 0,016532
смочь 1,399717 0,002272
рухнуть 4,317488 0,007009
женщина 1,484275 0,004819
вс 2,371578 0,003850
отдел 0,579818 0,000941
ценность 0,000000 0,000000
известно 1,297063 0,002106
сила 1,321756 0,002146
перевезти 5,010635 0,008134
мир 0,000000 0,000000
вернуться 0,006689 0,000022
наступить 3,624341 0,005884
обеспечить 3,218876 0,005225
индия 0,076161 0,000124
структура 0,000000 0,000000
очередь 2,014903 0,003271
ум 3,064725 0,004975
оставить 2,238047 0,003633
необходимый 2,708050 0,004396
житель 1,678431 0,005449
российский 0,033902 0,000275
обитание 0,000000 0,000000
специалист 2,445686 0,003970
боец 1,875141 0,015220
бывший 0,000000 0,000000
время 0,693147 0,002250
узнать 2,014903 0,003271
россия 0,000000 0,000000
интернет 0,000000 0,000000
спустя 1,832581 0,002975
го 2,302585 0,007476
спать 3,401197 0,005521
маккартень 0,097980 0,000159
ооо 0,000000 0,000000
шесть 1,966113 0,003192
сестра 3,624341 0,023535
свой 0,020203 0,000098
сильный 1,678431 0,002725
проблема 0,047791 0,000078
данные 1,678431 0,002725
колмаков 5,010635 0,008134
вторжение 3,401197 0,011043
встретиться 3,218876 0,005225
плен 2,813411 0,009134
январь 1,514128 0,002458
также 0,762140 0,003712
рана 5,010635 0,008134
сергей 2,525729 0,008200
появиться 1,373049 0,002229
гид 0,076161 0,000124
технологийминь 0,000000 0,000000
украина 0,805943 0,010467
город 0,047791 0,000310
гарантировать 4,317488 0,007009
американский 0,054808 0,000089
вывезти 2,931194 0,019034
суджанский 3,912023 0,012701
ранить 3,624341 0,005884
галерея 0,000000 0,000000
правый 3,624341 0,011767
снова 2,813411 0,018269
внешность 0,097980 0,000159
россиянин 1,321756 0,017166
сначала 2,445686 0,007941
сотрудник 0,068993 0,000112
находиться 1,399717 0,006817
территория 1,609438 0,005225
начаться 0,033902 0,000110
зеленский 0,054808 0,000267
начать 1,139434 0,001850
увидеть 1,752539 0,002845
силовой 0,000000 0,000000
тяжело 2,931194 0,004758
оставаться 1,875141 0,003044
давать 1,875141 0,003044
пляжный 0,097980 0,000159
эмоция 0,047791 0,000078
сеть 0,090654 0,000147
отдать 2,813411 0,004567
телефон 2,120264 0,003442
отправитель 4,317488 0,007009
задача 2,066196 0,003354
вооружённый 1,678431 0,002725
однако 1,249435 0,006085
питание 2,708050 0,004396
выражать 0,047791 0,000155
настаивать 3,064725 0,004975
должный 1,714798 0,002784
число 1,226446 0,001991
читать 0,040822 0,000066
военнослужащий 0,068993 0,000336
знать 1,576648 0,005119
минобороны 1,966113 0,003192
накапливать 0,047791 0,000078
контроль 1,714798 0,002784
повредить 5,010635 0,008134
сообщение 2,445686 0,007941
короткий 2,931194 0,004758
войско 2,371578 0,007700
тишина 4,317488 0,007009
оценивать 0,047791 0,000078
жительница 3,218876 0,005225
байконур 0,097980 0,000159
один 0,836248 0,001358
пережить 2,302585 0,003738
подтвердить 2,238047 0,003633
населить 2,525729 0,004100
беженец 3,624341 0,005884
попасть 1,678431 0,002725
редакциярекламаконтактыпресс 0,000000 0,000000
родный 2,931194 0,004758
везде 3,912023 0,006351
видео 0,000000 0,000000
километр 3,064725 0,004975
длина 4,317488 0,007009
депутат 0,068993 0,000112
контролировать 3,401197 0,005521
прогресс 0,090654 0,000147
тётя 4,317488 0,007009
мост 3,912023 0,006351
форма 0,061875 0,000100
нажать 0,000000 0,000000
оперативный 2,014903 0,003271
бомбардировка 3,912023 0,006351
последний 0,083382 0,000271
дом 0,061875 0,000100
минута 2,177422 0,003535
задействовать 3,064725 0,004975
культура 0,000000 0,000000
пропасть 1,966113 0,003192
сума 3,912023 0,012701
некоторый 1,576648 0,002559
биться 4,317488 0,007009
обсудить 0,415515 0,000675
архив 0,000000 0,000000
помочь 1,714798 0,005568
севастюк 5,010635 0,024402
статья 0,000000 0,000000
обстрел 3,218876 0,005225
больница 2,931194 0,009517
окружение 2,525729 0,012301
родственник 3,064725 0,004975
эвакуация 3,624341 0,011767
заявить 0,061875 0,000100
сша 0,040822 0,000066
лидер 1,347074 0,004374
потерять 2,238047 0,010900
инстанция 4,317488 0,007009
бонус 0,047791 0,000155
среда 0,000000 0,000000
сойти 3,624341 0,005884
раскрытие 0,076161 0,000124
неизвестный 3,064725 0,004975
наш 1,347074 0,002187
редактор 0,556288 0,000903
ольга 3,624341 0,011767
остаться 0,047791 0,000078
получить 1,059392 0,008599
эксклюзив 0,000000 0,000000
номер 2,931194 0,004758
контакт 1,919593 0,003116
уволить 0,076161 0,000124
скидка 0,047791 0,000078
зрение 3,064725 0,004975
нейрохирург 5,010635 0,008134
тема 1,297063 0,002106
погружаться 0,047791 0,000078
около 1,678431 0,005449
оказывать 3,218876 0,005225
увлекательный 0,047791 0,000078
оккупация 2,525729 0,004100
использованияполитик 0,000000 0,000000
горналя 4,317488 0,007009
приказ 2,238047 0,003633
деактивировать 0,013423 0,000022
луценко 5,010635 0,056939
рекомендательный 0,000000 0,000000
испытывать 3,624341 0,005884
утром 2,612740 0,012724
являться 1,714798 0,002784
переговоры 0,047791 0,000078
заверить 3,218876 0,005225
покидать 3,624341 0,005884
получать 0,033902 0,000055
год 0,521999 0,003390
хотеть 0,013423 0,000022
спасти 2,371578 0,015400
обратиться 0,076161 0,000247
освободить 2,708050 0,008792
армия 2,014903 0,003271
перейти 2,445686 0,003970
забота 0,000000 0,000000
мессенджер 3,218876 0,005225
сбер 0,040822 0,000066
пожаловать 0,013423 0,000022
нужно 1,791759 0,002909
медицинский 3,064725 0,004975
работать 0,027029 0,000088
трамп 0,054808 0,000089
который 0,521999 0,001695
крупный 0,054808 0,000178
обращение 3,218876 0,005225
операция 1,514128 0,004916
подразделение 2,813411 0,004567
спецпроект 0,000000 0,000000
это 0,020203 0,000066
победа 0,000000 0,000000
заверять 4,317488 0,007009
украинский 0,047791 0,000543
слово 0,820981 0,003998
белоус 0,076161 0,000124
прибыть 0,083382 0,000135
два 0,033902 0,000110
достойный 3,912023 0,006351
рассказать 0,985284 0,004798
осколочный 5,010635 0,008134
процент 1,678431 0,002725
страна 0,747955 0,001214
повышенный 3,401197 0,005521
президент 0,851752 0,001383
новость 0,000000 0,000000
содействие 3,912023 0,006351
туристка 0,076161 0,000124
мотор 0,000000 0,000000
сми 0,000000 0,000000
акция 0,047791 0,000078
наслать 0,000000 0,000000
такой 1,003302 0,001629
остальной 2,612740 0,008483
вместе 1,514128 0,002458
жизнь 0,000000 0,000000
варвар 3,218876 0,005225
жить 1,643339 0,005336
прилёт 4,317488 0,007009
сдаться 3,624341 0,005884
спасение 2,177422 0,003535
сантиметр 3,912023 0,006351
спасаться 4,317488 0,007009
жилец 0,068993 0,000112
брат 2,525729 0,016401
несколько 1,226446 0,005973
предречь 0,076161 0,000247
жать 0,013423 0,000022
суджа 2,612740 0,029690
войти 0,000000 0,000000
начало 1,399717 0,004545
место 0,027029 0,000044
свет 0,054808 0,000089
регион 0,076161 0,000124
мс 0,097980 0,000159
село 2,708050 0,008792
март 0,040822 0,000530
судьба 2,708050 0,013189
память 3,064725 0,004975
военный 0,020203 0,000066
летний 0,047791 0,000233
корреспондент 2,445686 0,003970
рада 0,068993 0,000112
экономика 0,000000 0,000000
уход 0,076161 0,000124
опечатка 0,000000 0,000000
почему 0,899761 0,001461
хороший 0,006689 0,000011
крест 3,624341 0,005884
спор 0,097980 0,000159
красный 2,120264 0,003442
боль 3,064725 0,004975
вызвать 0,090654 0,000147
история 1,609438 0,005225
страдать 2,813411 0,004567
обычный 0,013423 0,000022
власть 1,609438 0,005225
атаковать 2,931194 0,004758
конфиденциальность 0,047791 0,000078
школа 2,525729 0,004100
параллельмыть 2,177422 0,003535
владимир 1,160488 0,003768
путин 0,967584 0,001571
ребята 2,931194 0,004758
кошечкина 3,624341 0,005884
изнасиловать 0,076161 0,000124
ночь 2,525729 0,004100
продолжать 0,033902 0,000055
эвакуироваться 5,010635 0,008134
бой 2,066196 0,003354
первый 0,883501 0,004303
реальный 0,013423 0,000022
ссср 0,000000 0,000000
техника 0,000000 0,000000
мужчина 1,576648 0,007678
тысяча 0,054808 0,000178
курский 1,791759 0,029087
севастюкжительница 5,010635 0,008134
всу 1,373049 0,026748
опубликовать 1,875141 0,003044
февраль 1,160488 0,001884
кисть 4,317488 0,007009
практически 2,525729 0,004100
идти 1,297063 0,002106
подвал 3,064725 0,009950
затопить 0,076161 0,000124
интернат 3,912023 0,019052
игра 0,000000 0,000000
десяток 3,912023 0,006351
обменивать 0,047791 0,000078
минь 0,000000 0,000000
условие 0,033902 0,000110
помогать 2,120264 0,003442
ваш 0,047791 0,000078
общество 2,177422 0,003535
главное 0,000000 0,000000
медитация 0,076161 0,000124
правда 0,040822 0,000066
спустить 2,931194 0,009517
видеозвонок 5,010635 0,008134
информация 1,514128 0,007374
видеть 0,013423 0,000022
сообщать 1,791759 0,002909
реакция 0,047791 0,000155
август 2,445686 0,019851
материал 0,000000 0,000000
наука 0,000000 0,000000
сообщить 1,297063 0,006317
отписка 5,010635 0,008134
второе 3,624341 0,005884
произойти 1,791759 0,002909
