ру 0,000000 0,000000
банк 0,068993 0,000205
лента 0,000000 0,000000
новый 0,000000 0,000000
день 0,033902 0,000101
перемирие 0,076161 0,000226
спорт 0,000000 0,000000
шок 3,624341 0,010755
рэпер 3,401197 0,050463
мама 4,317488 0,012812
отвести 0,076161 0,000226
добро 0,013423 0,000119
согласие 0,047791 0,000142
путешествие 0,000000 0,000000
хит 5,010635 0,014868
четыре 0,040822 0,000121
казахстанский 5,010635 0,029737
конфликт 0,061875 0,000184
конфиденциальностиправить 0,000000 0,000000
нести 2,525729 0,007495
пол 0,090654 0,000269
помощь 0,027029 0,000080
вода 0,054808 0,000163
фото 0,061875 0,000184
явление 3,218876 0,009552
политика 0,040822 0,000121
высказываться 4,317488 0,012812
применение 0,000000 0,000000
подытожить 5,010635 0,014868
яникс 5,010635 0,014868
женщина 1,484275 0,008809
парень 3,064725 0,009094
отдел 0,579818 0,001721
ценность 0,000000 0,000000
мир 0,000000 0,000000
вернуться 0,006689 0,000020
готовка 5,010635 0,014868
линый 5,010635 0,014868
индия 0,076161 0,000226
структура 0,000000 0,000000
очередь 2,014903 0,005979
российский 0,033902 0,000201
неуправляемый 3,401197 0,010093
обитание 0,000000 0,000000
бывший 0,000000 0,000000
время 0,693147 0,002057
россия 0,000000 0,000000
интернет 0,000000 0,000000
маккартень 0,097980 0,000291
ооо 0,000000 0,000000
свой 0,020203 0,000180
тревожный 3,064725 0,009094
готовить 2,445686 0,007257
главный 1,272966 0,007555
подкаст 4,317488 0,012812
проблема 0,047791 0,000142
популярный 1,791759 0,015950
ахметжан 5,010635 0,014868
также 0,762140 0,002262
назвать 1,021651 0,015158
появиться 1,373049 0,008149
гид 0,076161 0,000226
технологийминь 0,000000 0,000000
город 0,047791 0,000142
альбом 3,912023 0,011608
вкусно 4,317488 0,012812
американский 0,054808 0,000163
знак 3,218876 0,009552
видявленияроскошьличность 2,813411 0,008348
написать 1,966113 0,005834
многочисленный 3,401197 0,010093
галерея 0,000000 0,000000
внешность 0,097980 0,000291
россиянин 1,321756 0,003922
сотрудник 0,068993 0,000205
начаться 0,033902 0,000101
зеленский 0,054808 0,000325
работа 0,899761 0,002670
силовой 0,000000 0,000000
карина 3,912023 0,011608
пляжный 0,097980 0,000291
эмоция 0,047791 0,000142
сеть 0,090654 0,000807
расплывчатый 5,010635 0,014868
чёрный 1,919593 0,005696
выражать 0,047791 0,000284
число 1,226446 0,003639
читать 0,040822 0,000121
военнослужащий 0,068993 0,000205
накапливать 0,047791 0,000142
флаг 3,401197 0,090833
кроме 1,427116 0,004235
оценивать 0,047791 0,000142
байконур 0,097980 0,000291
редакциярекламаконтактыпресс 0,000000 0,000000
видео 0,000000 0,000000
ред 5,010635 0,029737
депутат 0,068993 0,000205
презирать 5,010635 0,014868
прогресс 0,090654 0,000269
форма 0,061875 0,000184
нажать 0,000000 0,000000
последний 0,083382 0,000495
дом 0,061875 0,000184
выпустить 2,238047 0,013282
культура 0,000000 0,000000
мухаметать 5,010635 0,014868
всестильвнешний 2,813411 0,008348
обсудить 0,415515 0,001233
архив 0,000000 0,000000
описывать 3,624341 0,010755
статья 0,000000 0,000000
музыкант 3,624341 0,010755
заявить 0,061875 0,000184
сша 0,040822 0,000121
повод 2,708050 0,008036
национальность 4,317488 0,012812
музыка 3,401197 0,010093
бонус 0,047791 0,000284
среда 0,000000 0,000000
певец 2,813411 0,008348
раскрытие 0,076161 0,000226
говорить 1,160488 0,006887
красота 3,624341 0,010755
редактор 0,556288 0,001651
остаться 0,047791 0,000142
развеселить 4,317488 0,012812
настоящий 2,445686 0,014514
девушка 2,238047 0,046488
эксклюзив 0,000000 0,000000
уволить 0,076161 0,000226
скидка 0,047791 0,000142
комментарий 1,427116 0,008470
тема 1,297063 0,007698
погружаться 0,047791 0,000142
сделать 1,321756 0,003922
увлекательный 0,047791 0,000142
использованияполитик 0,000000 0,000000
деактивировать 0,013423 0,000040
рекомендательный 0,000000 0,000000
являться 1,714798 0,005088
переговоры 0,047791 0,000142
получать 0,033902 0,000101
год 0,521999 0,004647
хотеть 0,013423 0,000040
обратиться 0,076161 0,000226
забота 0,000000 0,000000
мать 2,445686 0,007257
сбер 0,040822 0,000121
пожаловать 0,013423 0,000040
стать 0,499776 0,001483
трамп 0,054808 0,000163
работать 0,027029 0,000080
крупный 0,054808 0,000325
группа 1,514128 0,004493
спецпроект 0,000000 0,000000
это 0,020203 0,000120
победа 0,000000 0,000000
украинский 0,047791 0,000142
слово 0,820981 0,002436
белоус 0,076161 0,000226
прибыть 0,083382 0,000247
два 0,033902 0,000201
новость 0,000000 0,000000
туристка 0,076161 0,000226
мотор 0,000000 0,000000
сми 0,000000 0,000000
акция 0,047791 0,000142
наслать 0,000000 0,000000
сентябрь 2,525729 0,022484
жизнь 0,000000 0,000000
конкурент 3,064725 0,009094
жилец 0,068993 0,000205
пояснить 2,931194 0,008698
меломан 5,010635 0,014868
предречь 0,076161 0,000452
жать 0,013423 0,000040
войти 0,000000 0,000000
место 0,027029 0,000080
свет 0,054808 0,000163
регион 0,076161 0,000226
мс 0,097980 0,000291
икра 3,624341 0,043019
март 0,040822 0,000121
военный 0,020203 0,000060
летний 0,047791 0,000142
перечислить 3,064725 0,009094
аккаунт 2,813411 0,008348
рада 0,068993 0,000205
экономика 0,000000 0,000000
слушать 3,401197 0,010093
уход 0,076161 0,000226
опечатка 0,000000 0,000000
почему 0,899761 0,002670
возненавидеть 2,708050 0,008036
хороший 0,006689 0,000020
спор 0,097980 0,000291
красный 2,120264 0,044041
вызвать 0,090654 0,000269
незнание 4,317488 0,012812
прослыть 3,401197 0,030278
обычный 0,013423 0,000040
конфиденциальность 0,047791 0,000142
макать 5,010635 0,014868
назад 1,678431 0,009961
изнасиловать 0,076161 0,000226
продолжать 0,033902 0,000101
первый 0,883501 0,005243
реальный 0,013423 0,000040
кадр 1,544899 0,004584
ссср 0,000000 0,000000
техника 0,000000 0,000000
смеяться 3,624341 0,010755
тысяча 0,054808 0,000163
меломанка 5,010635 0,014868
понятие 3,218876 0,009552
вопрос 1,021651 0,003032
затопить 0,076161 0,000226
игра 0,000000 0,000000
собеседование 3,401197 0,010093
обменивать 0,047791 0,000142
минь 0,000000 0,000000
условие 0,033902 0,000201
ваш 0,047791 0,000142
имя 1,875141 0,005564
главное 0,000000 0,000000
ответ 1,678431 0,004981
отвечать 2,302585 0,006833
мнение 1,643339 0,004876
медитация 0,076161 0,000226
правда 0,040822 0,000121
блюдо 2,813411 0,008348
больший 1,373049 0,016297
культовый 3,624341 0,010755
пользователь 2,371578 0,007037
видеть 0,013423 0,000040
реакция 0,047791 0,000284
посмешище 3,624341 0,032264
материал 0,000000 0,000000
наука 0,000000 0,000000
какой 1,203973 0,003573
быть 1,399717 0,004153
