метро 2,931194 0,008802
ру 0,000000 0,000000
рф 1,514128 0,004547
банк 0,068993 0,000207
лента 0,000000 0,000000
арест 2,931194 0,035210
стража 3,624341 0,021768
новый 0,000000 0,000000
день 0,033902 0,000102
перемирие 0,076161 0,000229
представлять 3,912023 0,011748
намерить 3,624341 0,010884
спорт 0,000000 0,000000
отвести 0,076161 0,000229
добро 0,013423 0,000121
согласие 0,047791 0,000144
путешествие 0,000000 0,000000
четыре 0,040822 0,000123
конфликт 0,061875 0,000186
конфиденциальностиправить 0,000000 0,000000
пол 0,090654 0,000272
помощь 0,027029 0,000081
человек 0,762140 0,006866
вода 0,054808 0,000165
отказаться 1,832581 0,005503
фото 0,061875 0,000372
распространиться 3,912023 0,011748
политика 0,040822 0,000123
меркачёв 5,010635 0,045141
взрыв 2,302585 0,006915
применение 0,000000 0,000000
суд 1,832581 0,016510
нога 2,302585 0,006915
шутка 2,813411 0,016897
редкость 4,317488 0,012965
культяпковозка 3,401197 0,010214
инвалид 2,813411 0,025346
выступление 2,708050 0,008132
признать 1,484275 0,004457
отдел 0,579818 0,001741
ценность 0,000000 0,000000
недопустимо 5,010635 0,015047
мир 0,000000 0,000000
вернуться 0,006689 0,000020
индия 0,076161 0,000229
ук 3,401197 0,010214
структура 0,000000 0,000000
сажать 4,317488 0,025931
судкриминалполиция 2,525729 0,007585
российский 0,033902 0,000204
обитание 0,000000 0,000000
практика 3,401197 0,010214
бывший 0,000000 0,000000
комментировать 3,401197 0,010214
россия 0,000000 0,000000
интернет 0,000000 0,000000
маккартень 0,097980 0,000294
ооо 0,000000 0,000000
судебный 3,912023 0,011748
шесть 1,966113 0,005904
возмутиться 3,064725 0,018407
свой 0,020203 0,000121
проблема 0,047791 0,000144
член 2,612740 0,015692
гид 0,076161 0,000229
технологийминь 0,000000 0,000000
подать 2,813411 0,008449
город 0,047791 0,000144
американский 0,054808 0,000165
напомнить 2,445686 0,007344
разжигание 4,317488 0,012965
галерея 0,000000 0,000000
кристина 3,064725 0,009203
внешность 0,097980 0,000294
выступать 2,525729 0,007585
сотрудник 0,068993 0,000207
начаться 0,033902 0,000102
зеленский 0,054808 0,000329
силовой 0,000000 0,000000
поляков 3,912023 0,011748
давать 1,875141 0,005631
пляжный 0,097980 0,000294
эмоция 0,047791 0,000144
сеть 0,090654 0,000544
возбуждение 3,912023 0,011748
выражать 0,047791 0,000287
вероника 3,624341 0,010884
читать 0,040822 0,000123
военнослужащий 0,068993 0,000207
накапливать 0,047791 0,000144
равно 2,931194 0,008802
вид 1,514128 0,009094
вражда 3,218876 0,009666
оценивать 0,047791 0,000144
байконур 0,097980 0,000294
редакциярекламаконтактыпресс 0,000000 0,000000
совет 1,714798 0,005150
видео 0,000000 0,000000
унижение 3,624341 0,010884
мера 2,445686 0,014689
депутат 0,068993 0,000207
прогресс 0,090654 0,000272
правозащитница 5,010635 0,015047
форма 0,061875 0,000186
нажать 0,000000 0,000000
последний 0,083382 0,000250
дом 0,061875 0,000186
культура 0,000000 0,000000
обсудить 0,415515 0,001248
колония 3,064725 0,009203
архив 0,000000 0,000000
статья 0,000000 0,000000
заявить 0,061875 0,000372
сша 0,040822 0,000123
грозить 2,708050 0,008132
жалоба 3,064725 0,009203
пошутить 2,931194 0,026407
бонус 0,047791 0,000287
среда 0,000000 0,000000
раскрытие 0,076161 0,000229
говорить 1,160488 0,003485
редактор 0,556288 0,001671
следствие 2,612740 0,007846
остаться 0,047791 0,000287
избрание 5,010635 0,015047
эксклюзив 0,000000 0,000000
уволить 0,076161 0,000229
скидка 0,047791 0,000144
подорваться 3,064725 0,009203
погружаться 0,047791 0,000144
ева 3,912023 0,011748
увлекательный 0,047791 0,000144
использованияполитик 0,000000 0,000000
риа 1,272966 0,003823
деактивировать 0,013423 0,000040
рекомендательный 0,000000 0,000000
право 2,445686 0,007344
адвокат 3,912023 0,011748
являться 1,714798 0,005150
переговоры 0,047791 0,000144
всеследствие 2,525729 0,007585
получать 0,033902 0,000102
год 0,521999 0,001568
хотеть 0,013423 0,000040
обратиться 0,076161 0,000229
забота 0,000000 0,000000
сбер 0,040822 0,000123
угроза 2,302585 0,006915
пожаловать 0,013423 0,000040
человеческий 3,401197 0,010214
трамп 0,054808 0,000165
работать 0,027029 0,000081
который 0,521999 0,001568
крупный 0,054808 0,000329
спецпроект 0,000000 0,000000
это 0,020203 0,000061
победа 0,000000 0,000000
украинский 0,047791 0,000144
слово 0,820981 0,002465
белоус 0,076161 0,000229
прибыть 0,083382 0,000250
два 0,033902 0,000204
президент 0,851752 0,002558
новость 0,000000 0,000000
туристка 0,076161 0,000229
мотор 0,000000 0,000000
сми 0,000000 0,000000
акция 0,047791 0,000144
наслать 0,000000 0,000000
такой 1,003302 0,003013
ненависть 3,624341 0,021768
жизнь 0,000000 0,000000
жилец 0,068993 0,000207
спецслужбыпреступный 2,525729 0,007585
предречь 0,076161 0,000457
жать 0,013423 0,000040
войти 0,000000 0,000000
кормилицын 3,401197 0,010214
начало 1,399717 0,004203
место 0,027029 0,000081
свет 0,054808 0,000165
регион 0,076161 0,000229
решение 1,544899 0,004639
мс 0,097980 0,000294
март 0,040822 0,000245
любовь 2,371578 0,007122
военный 0,020203 0,000061
летний 0,047791 0,000144
пресечение 3,912023 0,023496
рада 0,068993 0,000207
экономика 0,000000 0,000000
канал 1,791759 0,005381
уход 0,076161 0,000229
опечатка 0,000000 0,000000
указать 1,966113 0,005904
ходатайство 4,317488 0,012965
хороший 0,006689 0,000020
ужасный 4,317488 0,025931
спор 0,097980 0,000294
высказать 3,912023 0,011748
вина 3,401197 0,010214
сизый 3,912023 0,023496
вызвать 0,090654 0,000272
обычный 0,013423 0,000040
ширижик 5,010635 0,015047
извинение 3,624341 0,010884
конфиденциальность 0,047791 0,000144
артемий 3,064725 0,009203
заключение 3,064725 0,018407
принести 2,525729 0,007585
либо 1,919593 0,005765
изнасиловать 0,076161 0,000229
продолжать 0,033902 0,000102
реальный 0,013423 0,000040
ссср 0,000000 0,000000
техника 0,000000 0,000000
задаться 5,010635 0,015047
мужчина 1,576648 0,004735
тысяча 0,054808 0,000165
показание 2,931194 0,008802
останин 3,218876 0,057998
вопрос 1,021651 0,003068
следователь 2,931194 0,008802
затопить 0,076161 0,000229
игра 0,000000 0,000000
обменивать 0,047791 0,000144
минь 0,000000 0,000000
условие 0,033902 0,000204
против 1,791759 0,005381
избрать 3,912023 0,011748
ваш 0,047791 0,000144
общество 2,177422 0,006539
главное 0,000000 0,000000
старший 2,445686 0,007344
мнение 1,643339 0,004935
медитация 0,076161 0,000229
правда 0,040822 0,000123
достоинство 3,624341 0,010884
прокурор 3,401197 0,010214
столкнуться 2,177422 0,006539
событие 1,919593 0,005765
видеть 0,013423 0,000040
реакция 0,047791 0,000287
самый 0,883501 0,005306
мина 2,708050 0,016265
материал 0,000000 0,000000
комик 2,813411 0,050692
наука 0,000000 0,000000
какой 1,203973 0,003616
спч 3,401197 0,030641
