леонид 3,064725 0,008272
ру 0,000000 0,000000
личный 1,791759 0,002418
банк 0,068993 0,000093
формула 2,931194 0,007911
бесспорный 4,317488 0,005827
новый 0,000000 0,000000
день 0,033902 0,000183
оборона 2,302585 0,006215
поведение 2,813411 0,003797
образ 1,514128 0,002043
казак 3,218876 0,004344
перемирие 0,076161 0,000514
удаваться 2,931194 0,003956
эффективный 3,064725 0,004136
вокруг 2,525729 0,003409
отвести 0,076161 0,000103
слуцкий 4,317488 0,005827
добро 0,013423 0,000054
согласие 0,047791 0,000064
путешествие 0,000000 0,000000
удар 1,455287 0,005892
умение 2,813411 0,003797
касаться 2,445686 0,003301
пойти 2,120264 0,002861
заявление 2,066196 0,002788
конфликт 0,061875 0,000251
александр 1,373049 0,001853
пол 0,090654 0,000122
помощь 0,027029 0,000036
готовность 2,931194 0,003956
человек 0,762140 0,002057
вода 0,054808 0,000074
фото 0,061875 0,000334
пункт 1,966113 0,002653
политика 0,040822 0,000110
внятный 4,317488 0,005827
буря 3,624341 0,009782
разговор 1,160488 0,015661
артиллерия 3,064725 0,004136
продолжаться 2,708050 0,007309
течение 1,966113 0,002653
область 1,272966 0,001718
мир 0,000000 0,000000
конкретный 3,064725 0,004136
весь 1,078810 0,002912
индия 0,076161 0,000103
структура 0,000000 0,000000
единица 4,317488 0,005827
шаг 2,371578 0,009602
русский 1,919593 0,002591
дело 1,249435 0,001686
входить 2,931194 0,003956
бывший 0,000000 0,000000
планировать 2,612740 0,003526
односторонний 4,317488 0,005827
время 0,693147 0,000935
маккартень 0,097980 0,000132
ооо 0,000000 0,000000
пристрастный 4,317488 0,005827
готовить 2,445686 0,003301
сильный 1,678431 0,002265
проблема 0,047791 0,000064
режим 1,966113 0,005307
констатировать 3,624341 0,004891
провокация 2,302585 0,006215
глядеть 4,317488 0,005827
также 0,762140 0,005143
фронт 2,708050 0,003655
технологийминь 0,000000 0,000000
украина 0,805943 0,003263
город 0,047791 0,000064
отразить 4,317488 0,005827
час 1,455287 0,003928
вица 3,401197 0,004590
написать 1,966113 0,002653
галерея 0,000000 0,000000
внешность 0,097980 0,000132
пытаться 1,347074 0,001818
дескать 4,317488 0,005827
территория 1,609438 0,002172
начаться 0,033902 0,000046
окончание 3,064725 0,004136
добрый 2,525729 0,003409
силовой 0,000000 0,000000
натиск 4,317488 0,011653
пляжный 0,097980 0,000132
кремль 2,177422 0,005877
последствие 1,875141 0,002531
гуманитарный 4,317488 0,005827
выражать 0,047791 0,000129
обменяться 3,401197 0,009180
читать 0,040822 0,000055
минобороны 1,966113 0,005307
дональд 1,544899 0,002085
отказ 2,120264 0,008584
оценивать 0,047791 0,000129
байконур 0,097980 0,000132
редакциярекламаконтактыпресс 0,000000 0,000000
председатель 2,302585 0,003107
совет 1,714798 0,004628
видео 0,000000 0,000000
значительный 2,931194 0,003956
вклиниться 3,912023 0,005279
выработка 4,317488 0,005827
часть 1,484275 0,002003
практический 3,912023 0,005279
последний 0,083382 0,000338
наблюдатель 3,912023 0,005279
сторона 1,321756 0,005351
минута 2,177422 0,002938
журналист 1,966113 0,002653
оптимистично 4,317488 0,005827
задействовать 3,064725 0,004136
момент 1,399717 0,001889
виноградов 4,317488 0,005827
обсудить 0,415515 0,001682
эра 3,064725 0,004136
архив 0,000000 0,000000
геополитический 3,624341 0,004891
константин 2,813411 0,007594
заявить 0,061875 0,000501
сша 0,040822 0,000386
повестись 4,317488 0,005827
лидер 1,347074 0,009090
метод 3,064725 0,004136
немножко 3,624341 0,009782
переговорный 3,912023 0,005279
бонус 0,047791 0,000129
среда 0,000000 0,000000
раскрытие 0,076161 0,000103
говорить 1,160488 0,001566
делать 1,752539 0,002365
негативный 3,218876 0,004344
среди 1,714798 0,002314
остаться 0,047791 0,000064
эксклюзив 0,000000 0,000000
уволить 0,076161 0,000103
качество 1,832581 0,002473
скидка 0,047791 0,000064
москва 1,021651 0,006894
атака 1,966113 0,005307
погружаться 0,047791 0,000064
результат 1,347074 0,005454
соблюдение 2,813411 0,003797
рынок 1,609438 0,002172
команда 1,919593 0,002591
кратко 4,317488 0,005827
энергетика 2,371578 0,003201
возвращение 2,014903 0,008158
контекст 3,218876 0,004344
получать 0,033902 0,000046
длиться 2,931194 0,003956
хотеть 0,013423 0,000018
стать 0,499776 0,002023
интерес 2,525729 0,003409
работать 0,027029 0,000036
наращивать 3,912023 0,005279
рфпить 4,317488 0,011653
провести 1,514128 0,002043
группа 1,514128 0,002043
огонь 1,609438 0,004344
спецпроект 0,000000 0,000000
это 0,020203 0,000082
экспертный 3,624341 0,004891
украинский 0,047791 0,000322
два 0,033902 0,000366
дмитриев 3,624341 0,004891
прямой 2,302585 0,006215
дмитриевглав 4,317488 0,005827
новость 0,000000 0,000000
рядом 2,813411 0,003797
вашингтон 2,066196 0,002788
туристка 0,076161 0,000103
мотор 0,000000 0,000000
стабильность 3,218876 0,004344
остановка 2,525729 0,003409
наслать 0,000000 0,000000
иметься 2,931194 0,003956
михаил 2,445686 0,006601
жизнь 0,000000 0,000000
создаваться 3,064725 0,004136
косачёв 4,317488 0,011653
жать 0,013423 0,000018
войти 0,000000 0,000000
демидовка 3,401197 0,004590
энергетический 2,371578 0,009602
канал 1,791759 0,002418
политик 2,612740 0,003526
считать 1,373049 0,001853
восток 2,177422 0,002938
дипломатия 2,931194 0,023734
общение 2,612740 0,010578
содействовать 4,317488 0,005827
уход 0,076161 0,000103
сенатор 4,317488 0,005827
прилесье 3,624341 0,004891
хороший 0,006689 0,000009
спор 0,097980 0,000132
белгородский 2,445686 0,003301
акватория 4,317488 0,005827
отреагировать 1,966113 0,007960
обычный 0,013423 0,000018
ждать 1,714798 0,002314
конфиденциальность 0,047791 0,000064
результативный 4,317488 0,005827
танк 2,708050 0,003655
путин 0,967584 0,013058
параллельмыть 2,177422 0,002938
общий 1,714798 0,002314
сюжетминобороны 4,317488 0,005827
изнасиловать 0,076161 0,000103
продолжать 0,033902 0,000046
первый 0,883501 0,001192
ссср 0,000000 0,000000
техника 0,000000 0,000000
итог 1,678431 0,015856
пять 1,484275 0,004006
дневный 2,612740 0,007052
вопрос 1,021651 0,002757
никто 2,014903 0,002719
игра 0,000000 0,000000
поскольку 2,238047 0,003020
показаться 2,931194 0,003956
минь 0,000000 0,000000
против 1,791759 0,004836
ваш 0,047791 0,000064
похоже 2,931194 0,003956
главное 0,000000 0,000000
ответ 1,678431 0,002265
мнение 1,643339 0,004435
федерация 3,401197 0,009180
медитация 0,076161 0,000103
впечатление 3,624341 0,004891
подустать 4,317488 0,005827
срок 1,966113 0,002653
распространение 3,401197 0,004590
реакция 0,047791 0,000193
российско 3,218876 0,004344
материал 0,000000 0,000000
сообщить 1,297063 0,003501
быть 1,399717 0,001889
полагать 2,445686 0,003301
лента 0,000000 0,000000
диалог 2,813411 0,003797
линия 2,445686 0,003301
сфера 2,612740 0,007052
спорт 0,000000 0,000000
национальный 2,371578 0,003201
мочь 0,836248 0,001129
обозначить 3,218876 0,008688
борьба 2,014903 0,002719
четыре 0,040822 0,000055
урегулирование 2,238047 0,006041
ближний 2,813411 0,003797
конфиденциальностиправить 0,000000 0,000000
вооружение 3,064725 0,004136
глава 1,321756 0,003567
отметить 1,399717 0,007556
министерство 2,813411 0,007594
тяжелораненый 3,064725 0,004136
применение 0,000000 0,000000
рияд 3,624341 0,004891
возможный 2,066196 0,005577
переключиться 4,317488 0,005827
киевский 3,218876 0,004344
слуцкийдепутат 4,317488 0,005827
отдел 0,579818 0,000782
ценность 0,000000 0,000000
гораздо 3,064725 0,004136
вернуться 0,006689 0,000027
спикер 3,624341 0,004891
кирилл 2,708050 0,007309
стратегический 2,612740 0,003526
российский 0,033902 0,000229
обитание 0,000000 0,000000
монолог 4,317488 0,005827
россия 0,000000 0,000000
интернет 0,000000 0,000000
смотреть 2,066196 0,002788
свой 0,020203 0,000055
палата 2,931194 0,003956
назвать 1,021651 0,001379
гид 0,076161 0,000103
принудительный 3,218876 0,004344
игорь 3,064725 0,004136
необходимость 2,525729 0,006817
телефонный 1,643339 0,015524
американский 0,054808 0,000222
нагнетание 3,912023 0,005279
прекращение 1,714798 0,004628
руководство 2,302585 0,003107
сотрудник 0,068993 0,000093
зеленский 0,054808 0,000148
работа 0,899761 0,001214
европа 1,791759 0,002418
давать 1,875141 0,002531
эмоция 0,047791 0,000064
сеть 0,090654 0,000122
направление 2,302585 0,003107
чёрный 1,919593 0,002591
пока 1,678431 0,004530
пленный 2,612740 0,007052
должный 1,714798 0,002314
выдать 2,612740 0,003526
число 1,226446 0,001655
дрон 1,832581 0,002473
военнослужащий 0,068993 0,000093
накапливать 0,047791 0,000064
контроль 1,714798 0,002314
кроме 1,427116 0,003852
польза 2,612740 0,003526
нижний 2,612740 0,003526
подтвердить 2,238047 0,003020
населить 2,525729 0,003409
навязать 4,317488 0,005827
поднять 2,931194 0,003956
оба 2,445686 0,003301
путь 2,066196 0,002788
взаимный 2,931194 0,007911
ультиматум 4,317488 0,005827
эксперт 1,966113 0,005307
положение 2,612740 0,003526
депутат 0,068993 0,000093
мобилизация 2,813411 0,003797
прогресс 0,090654 0,000122
жест 2,371578 0,003201
согласиться 2,066196 0,002788
форма 0,061875 0,000084
нажать 0,000000 0,000000
дом 0,061875 0,000418
культура 0,000000 0,000000
импульс 3,912023 0,005279
получаться 3,624341 0,004891
статья 0,000000 0,000000
поддержать 2,177422 0,005877
отношение 1,226446 0,003310
наш 1,347074 0,001818
редактор 0,556288 0,000751
море 2,612740 0,003526
мясо 3,401197 0,004590
западный 2,014903 0,002719
получить 1,059392 0,001430
фон 2,371578 0,003201
план 1,875141 0,002531
предпринять 3,912023 0,010559
государственный 2,525729 0,006817
передать 1,966113 0,002653
предложение 1,919593 0,002591
инвестиция 2,931194 0,003956
сделать 1,321756 0,001784
увлекательный 0,047791 0,000064
сорвать 2,371578 0,003201
использованияполитик 0,000000 0,000000
риа 1,272966 0,001718
нанести 2,813411 0,003797
деактивировать 0,013423 0,000018
точный 2,813411 0,003797
рекомендательный 0,000000 0,000000
белый 1,609438 0,008688
противник 2,525729 0,006817
развязка 4,317488 0,005827
переговоры 0,047791 0,000387
уязвимость 4,317488 0,005827
воля 2,120264 0,002861
обратиться 0,076161 0,000103
вперёд 2,931194 0,003956
международный 1,875141 0,002531
забота 0,000000 0,000000
комитет 2,813411 0,003797
заговорить 4,317488 0,005827
сбер 0,040822 0,000055
пожаловать 0,013423 0,000018
стараться 2,813411 0,003797
потеря 2,014903 0,002719
трамп 0,054808 0,000962
который 0,521999 0,002818
идея 1,714798 0,002314
звонок 2,931194 0,003956
крупный 0,054808 0,000148
пролог 4,317488 0,011653
косачевсенатор 4,317488 0,005827
победа 0,000000 0,000000
белоус 0,076161 0,000103
прибыть 0,083382 0,000113
текущий 2,525729 0,003409
рассказать 0,985284 0,001330
нацелить 3,912023 0,005279
сегодня 1,643339 0,004435
страна 0,747955 0,003028
президент 0,851752 0,011495
бессмысленный 3,912023 0,005279
сми 0,000000 0,000000
акция 0,047791 0,000064
создать 2,120264 0,002861
такой 1,003302 0,001354
руководитель 2,445686 0,003301
америка 3,064725 0,004136
жилец 0,068993 0,000093
инфраструктура 2,014903 0,008158
предречь 0,076161 0,000206
динамика 3,912023 0,005279
виноградовполитолог 4,317488 0,005827
место 0,027029 0,000036
свет 0,054808 0,000074
государство 1,919593 0,002591
регион 0,076161 0,000103
мс 0,097980 0,000132
дух 2,612740 0,003526
тональность 4,317488 0,005827
накануне 2,238047 0,003020
ведомство 2,066196 0,002788
март 0,040822 0,000110
военный 0,020203 0,000082
мы 2,238047 0,003020
летний 0,047791 0,000064
фонд 3,064725 0,004136
утверждать 2,525729 0,003409
рада 0,068993 0,000093
экономика 0,000000 0,000000
попытка 1,609438 0,002172
состав 2,445686 0,003301
опечатка 0,000000 0,000000
указать 1,966113 0,005307
госдума 2,302585 0,003107
вызвать 0,090654 0,000122
киев 1,714798 0,006943
уровень 1,643339 0,002218
владимир 1,160488 0,001566
либо 1,919593 0,005181
принести 2,525729 0,003409
дума 3,912023 0,010559
реальный 0,013423 0,000018
сотрудничество 3,064725 0,004136
сдержать 2,813411 0,007594
тысяча 0,054808 0,000074
политолог 2,708050 0,003655
всу 1,373049 0,003706
исторический 3,064725 0,004136
подчеркнуть 2,066196 0,002788
затопить 0,076161 0,000103
перевооружение 3,064725 0,004136
инициатива 2,525729 0,003409
обменивать 0,047791 0,000064
принимать 2,445686 0,003301
дмитр 4,317488 0,005827
условие 0,033902 0,000137
правда 0,040822 0,000055
безопасный 2,813411 0,003797
достижение 2,302585 0,003107
принять 1,678431 0,002265
видеть 0,013423 0,000018
улучшение 3,401197 0,009180
наука 0,000000 0,000000
высокий 1,455287 0,001964
