сместить 5,010635 0,005476
обходиться 4,317488 0,004719
придумать 2,525729 0,002760
долгий 2,371578 0,002592
приводить 2,931194 0,003203
язва 5,010635 0,021904
ру 0,000000 0,000000
витамин 4,317488 0,009437
банк 0,068993 0,000075
формула 2,931194 0,003203
новый 0,000000 0,000000
день 0,033902 0,000111
рыбный 5,010635 0,005476
образ 1,514128 0,001655
убеждение 4,317488 0,004719
фигура 3,064725 0,003349
перемирие 0,076161 0,000083
целое 2,813411 0,003075
непременно 5,010635 0,005476
любить 2,177422 0,002380
сварить 3,912023 0,004275
отвести 0,076161 0,000083
добро 0,013423 0,000044
согласие 0,047791 0,000052
частность 2,525729 0,002760
путешествие 0,000000 0,000000
менее 2,014903 0,002202
важный 1,875141 0,002049
разнообразно 5,010635 0,005476
живот 3,624341 0,003961
полный 1,875141 0,002049
множество 2,813411 0,003075
конфликт 0,061875 0,000068
помощь 0,027029 0,000059
пол 0,090654 0,000099
предположение 4,317488 0,004719
аллергия 3,624341 0,003961
человек 0,762140 0,003332
вода 0,054808 0,000060
предположить 3,218876 0,003518
заболевание 3,624341 0,011883
трудный 3,624341 0,003961
фото 0,061875 0,000338
отказаться 1,832581 0,002003
варить 3,912023 0,004275
политика 0,040822 0,000045
внезапно 3,624341 0,003961
хеликобактёр 5,010635 0,005476
средство 2,371578 0,005184
рассольник 5,010635 0,005476
х 2,177422 0,002380
определить 2,612740 0,002855
суп 2,708050 0,121344
резюмировать 3,218876 0,003518
оно 2,445686 0,002673
диагноз 3,912023 0,004275
вариант 3,064725 0,003349
талия 5,010635 0,005476
мир 0,000000 0,000000
бутусов 4,317488 0,004719
обвинять 2,525729 0,002760
индия 0,076161 0,000083
миф 2,813411 0,012299
структура 0,000000 0,000000
мануил 5,010635 0,005476
необходимый 2,708050 0,002960
дело 1,249435 0,002731
капуста 3,912023 0,008551
калория 5,010635 0,016428
бывший 0,000000 0,000000
употребление 4,317488 0,009437
слишком 2,371578 0,002592
время 0,693147 0,001515
называть 1,791759 0,003916
социальный 2,371578 0,002592
маккартень 0,097980 0,000107
ооо 0,000000 0,000000
обед 3,624341 0,007922
уверять 5,010635 0,005476
юшка 5,010635 0,005476
высчитать 5,010635 0,005476
главный 1,272966 0,002782
проблема 0,047791 0,000104
терапевт 4,317488 0,028311
резко 2,371578 0,002592
ненавидеть 3,624341 0,003961
также 0,762140 0,000833
появиться 1,373049 0,001501
технологийминь 0,000000 0,000000
город 0,047791 0,000052
насыщение 5,010635 0,005476
вкусно 4,317488 0,004719
дмитрий 2,238047 0,002446
галерея 0,000000 0,000000
внешность 0,097980 0,000107
зависимость 2,525729 0,002760
россиянин 1,321756 0,002889
начаться 0,033902 0,000037
вред 3,624341 0,019805
силовой 0,000000 0,000000
обожать 2,813411 0,003075
пляжный 0,097980 0,000107
отсутствие 2,612740 0,008566
редкий 2,371578 0,002592
повышать 2,708050 0,002960
однако 1,249435 0,004097
калорийность 5,010635 0,005476
порядок 2,066196 0,002258
выражать 0,047791 0,000104
серьёзный 2,302585 0,002516
настаивать 3,064725 0,003349
читать 0,040822 0,000045
отказ 2,120264 0,002317
рекомендовать 3,912023 0,008551
посоветовать 2,612740 0,002855
оценивать 0,047791 0,000052
постепенно 3,624341 0,003961
байконур 0,097980 0,000107
один 0,836248 0,001828
выяснять 3,912023 0,004275
гарнир 3,912023 0,004275
редакциярекламаконтактыпресс 0,000000 0,000000
смесь 5,010635 0,005476
противоречие 4,317488 0,004719
иметь 1,832581 0,006008
видео 0,000000 0,000000
пример 2,371578 0,002592
последний 0,083382 0,000091
приносить 3,218876 0,007036
возникать 4,317488 0,004719
архив 0,000000 0,000000
частый 2,525729 0,002760
любимый 2,371578 0,002592
помимо 2,813411 0,006150
инфекция 4,317488 0,004719
жёлчь 5,010635 0,005476
заявить 0,061875 0,000068
сша 0,040822 0,000045
процесс 2,302585 0,002516
избежать 2,813411 0,003075
бонус 0,047791 0,000104
способный 2,612740 0,002855
среда 0,000000 0,000000
раскрытие 0,076161 0,000083
задолго 4,317488 0,004719
куриный 4,317488 0,009437
остаться 0,047791 0,000052
самочувствие 3,624341 0,003961
клетчатка 4,317488 0,009437
нутрициолог 5,010635 0,005476
щи 5,010635 0,005476
эксклюзив 0,000000 0,000000
номер 2,931194 0,003203
уволить 0,076161 0,000083
сонуход 3,401197 0,003717
преимущество 2,931194 0,003203
скидка 0,047791 0,000052
приём 2,445686 0,002673
трудно 3,401197 0,003717
врач 2,066196 0,011291
становиться 2,525729 0,002760
подагра 5,010635 0,005476
погружаться 0,047791 0,000052
меняться 3,064725 0,003349
общепит 5,010635 0,005476
особенно 2,302585 0,002516
екатерина 2,612740 0,002855
бульон 5,010635 0,032857
большой 1,714798 0,003748
претензия 3,218876 0,003518
сосудистый 3,912023 0,004275
астапкович 4,317488 0,004719
поставить 2,238047 0,002446
тасс 2,371578 0,005184
опасность 2,371578 0,002592
являться 1,714798 0,003748
пурин 5,010635 0,005476
получать 0,033902 0,000037
наоборот 2,813411 0,006150
жидкий 4,317488 0,018874
хотеть 0,013423 0,000015
увеличивать 3,912023 0,004275
стать 0,499776 0,002731
медицинский 3,064725 0,003349
гастрит 5,010635 0,032857
работать 0,027029 0,000030
инфекционный 5,010635 0,005476
суперпродукт 5,010635 0,005476
отличный 2,708050 0,002960
питаться 3,912023 0,008551
вызывать 2,708050 0,002960
спецпроект 0,000000 0,000000
это 0,020203 0,000199
поддерживать 2,612740 0,005711
большинство 2,371578 0,005184
украинский 0,047791 0,000052
слово 0,820981 0,004486
еда 2,931194 0,019221
два 0,033902 0,000074
насыщенный 3,624341 0,003961
новость 0,000000 0,000000
вполне 2,813411 0,003075
туристка 0,076161 0,000083
мотор 0,000000 0,000000
варка 5,010635 0,005476
стоить 1,714798 0,001874
наслать 0,000000 0,000000
иметься 2,931194 0,003203
тренер 3,912023 0,004275
остальной 2,612740 0,002855
анемия 5,010635 0,005476
жизнь 0,000000 0,000000
каневскаяврач 5,010635 0,010952
диабет 3,912023 0,004275
жать 0,013423 0,000015
войти 0,000000 0,000000
заражение 3,912023 0,004275
вирус 3,912023 0,004275
обещать 2,525729 0,002760
относиться 2,302585 0,002516
подсчёт 5,010635 0,005476
точно 3,064725 0,006699
защита 2,371578 0,005184
считать 1,373049 0,001501
воздействие 3,401197 0,003717
уход 0,076161 0,000083
почему 0,899761 0,000983
белок 4,317488 0,004719
невероятно 5,010635 0,005476
каневский 3,912023 0,025653
хороший 0,006689 0,000022
спор 0,097980 0,000321
чувство 3,624341 0,003961
собойокружающий 3,401197 0,003717
призывать 3,624341 0,003961
добавить 1,966113 0,002149
объект 1,832581 0,002003
предотвратить 4,317488 0,004719
отключить 1,514128 0,001655
пилори 5,010635 0,005476
профилактика 3,912023 0,004275
обычный 0,013423 0,000029
затем 1,875141 0,002049
ждать 1,714798 0,001874
жир 4,317488 0,009437
певзнер 5,010635 0,032857
конфиденциальность 0,047791 0,000052
общий 1,714798 0,001874
изнасиловать 0,076161 0,000083
болезнь 2,931194 0,012814
продолжать 0,033902 0,000037
рогулина 5,010635 0,005476
здоровьеотношение 3,401197 0,003717
список 2,371578 0,002592
первый 0,883501 0,001931
аутоиммунный 5,010635 0,005476
масса 2,931194 0,003203
ссср 0,000000 0,000000
техника 0,000000 0,000000
лук 5,010635 0,005476
обязательный 3,064725 0,006699
институт 3,912023 0,004275
появляться 2,612740 0,002855
игра 0,000000 0,000000
уточнить 2,708050 0,005919
минь 0,000000 0,000000
клиент 2,813411 0,003075
лечебный 5,010635 0,005476
пюре 5,010635 0,005476
именно 1,875141 0,002049
ваш 0,047791 0,000052
общество 2,177422 0,002380
главное 0,000000 0,000000
ответ 1,678431 0,001834
мнение 1,643339 0,001796
окислительный 5,010635 0,005476
медитация 0,076161 0,000083
рекомендация 3,624341 0,003961
блюдо 2,813411 0,018449
букет 3,401197 0,003717
считаться 2,238047 0,002446
значимость 2,931194 0,003203
реакция 0,047791 0,000157
костный 5,010635 0,005476
самый 0,883501 0,003862
материал 0,000000 0,000000
бедный 3,912023 0,004275
порядковый 5,010635 0,005476
быть 1,399717 0,003059
точка 2,445686 0,002673
вредный 2,612740 0,005711
лента 0,000000 0,000000
приготовить 3,624341 0,007922
завтрак 3,912023 0,004275
есть 3,401197 0,003717
спорт 0,000000 0,000000
оксидативный 5,010635 0,005476
разработать 2,612740 0,002855
бактерия 4,317488 0,004719
лишний 4,317488 0,009437
провоцировать 3,912023 0,004275
мочь 0,836248 0,002742
сам 1,226446 0,002681
прошлое 2,813411 0,003075
четыре 0,040822 0,000045
сердце 2,813411 0,006150
провокатор 5,010635 0,005476
уверить 3,064725 0,003349
конфиденциальностиправить 0,000000 0,000000
твёрдый 4,317488 0,009437
путать 5,010635 0,005476
правило 2,445686 0,008019
вообще 2,813411 0,006150
кабановдиетолог 5,010635 0,005476
нестероидный 4,317488 0,004719
полифеноловый 5,010635 0,005476
стресс 3,401197 0,007434
поклонник 3,401197 0,007434
применение 0,000000 0,000000
зож 4,317488 0,004719
дать 1,272966 0,001391
действовать 2,238047 0,002446
всепитание 3,401197 0,003717
фитнес 3,624341 0,003961
элемент 3,401197 0,003717
минимальный 3,624341 0,003961
век 1,919593 0,004196
вредить 5,010635 0,005476
ассоциироваться 5,010635 0,005476
третий 2,120264 0,002317
насыщать 5,010635 0,005476
пётр 3,401197 0,003717
вес 3,218876 0,003518
брокколи 5,010635 0,010952
отдел 0,579818 0,000634
ценность 0,000000 0,000000
вернуться 0,006689 0,000007
российский 0,033902 0,000074
гастроэнтеролог 3,912023 0,012826
стол 2,931194 0,009610
обитание 0,000000 0,000000
пациент 3,401197 0,007434
давно 2,445686 0,002673
просто 1,678431 0,003669
профессор 3,218876 0,003518
регулярный 2,931194 0,003203
россия 0,000000 0,000000
интернет 0,000000 0,000000
простой 2,238047 0,002446
целебный 5,010635 0,005476
лечить 3,624341 0,003961
диетолог 4,317488 0,018874
свой 0,020203 0,000044
основать 3,912023 0,004275
бедняк 5,010635 0,010952
рацион 3,624341 0,015844
назвать 1,021651 0,001117
гид 0,076161 0,000083
гастрономический 5,010635 0,005476
объём 3,218876 0,003518
убедить 2,302585 0,002516
предупреждать 2,612740 0,002855
правильно 2,813411 0,006150
связать 2,066196 0,002258
американский 0,054808 0,000060
похудение 3,401197 0,003717
полезный 3,624341 0,019805
желудочный 4,317488 0,004719
бесполезный 2,931194 0,009610
коучить 5,010635 0,005476
мясной 3,912023 0,012826
сотрудник 0,068993 0,000075
ежедневный 3,624341 0,007922
рыба 2,931194 0,003203
другой 1,059392 0,003473
зеленский 0,054808 0,000120
характеристика 3,912023 0,004275
оставаться 1,875141 0,002049
знаменитый 2,525729 0,002760
эмоция 0,047791 0,000052
сеть 0,090654 0,000198
регулярно 3,218876 0,003518
пока 1,678431 0,001834
питание 2,708050 0,020717
защищать 3,624341 0,003961
должный 1,714798 0,001874
число 1,226446 0,001340
усиливать 4,317488 0,004719
военнослужащий 0,068993 0,000075
знать 1,576648 0,003446
накапливать 0,047791 0,000052
причина 1,484275 0,006489
специя 4,317488 0,004719
постный 5,010635 0,005476
кроме 1,427116 0,003119
польза 2,612740 0,019988
лёгкий 2,612740 0,002855
подход 3,218876 0,003518
авитаминоз 5,010635 0,005476
подавать 4,317488 0,004719
волшебный 3,624341 0,003961
ингредиент 5,010635 0,010952
свойство 3,912023 0,008551
реализация 3,064725 0,003349
эксперт 1,966113 0,004298
антиоксидант 5,010635 0,005476
депутат 0,068993 0,000075
прогресс 0,090654 0,000099
назначаться 5,010635 0,005476
неправильный 4,317488 0,004719
упоминать 4,317488 0,004719
форма 0,061875 0,000068
нажать 0,000000 0,000000
дом 0,061875 0,000068
максимальный 4,317488 0,004719
культура 0,000000 0,000000
чередовать 3,912023 0,004275
зависеть 2,813411 0,003075
применяться 5,010635 0,005476
статья 0,000000 0,000000
советский 1,752539 0,003831
современный 2,066196 0,002258
овощной 3,912023 0,008551
любой 2,120264 0,002317
повсеместно 5,010635 0,005476
организм 3,064725 0,010048
избыток 5,010635 0,005476
ограничение 2,813411 0,003075
рефлюкс 5,010635 0,005476
наш 1,347074 0,001472
чечевица 3,912023 0,008551
редактор 0,556288 0,000608
противовоспалительный 3,912023 0,004275
кость 3,624341 0,003961
мясо 3,401197 0,007434
настоящий 2,445686 0,008019
получить 1,059392 0,002316
многие 1,714798 0,001874
компонент 3,401197 0,003717
нарушать 3,401197 0,003717
комментарий 1,427116 0,001560
пространствоментальный 3,401197 0,003717
объяснить 1,484275 0,001622
сформировать 3,064725 0,003349
оказаться 1,249435 0,001366
копчёный 5,010635 0,005476
болтушка 5,010635 0,005476
увлекательный 0,047791 0,000052
использованияполитик 0,000000 0,000000
риа 1,272966 0,001391
заметить 2,120264 0,002317
здоровье 2,302585 0,015099
диета 3,912023 0,017102
тело 2,445686 0,002673
деактивировать 0,013423 0,000015
предупредить 2,302585 0,005033
солёный 3,912023 0,004275
рекомендательный 0,000000 0,000000
разный 2,238047 0,004892
назначать 4,317488 0,004719
переговоры 0,047791 0,000052
здоровый 3,624341 0,011883
тяжесть 4,317488 0,004719
жирный 3,912023 0,008551
год 0,521999 0,001141
максим 2,813411 0,003075
избавить 5,010635 0,005476
обратиться 0,076161 0,000083
излечить 5,010635 0,005476
забота 0,000000 0,000000
кишечный 3,912023 0,004275
сбер 0,040822 0,000045
пожаловать 0,013423 0,000015
потеря 2,014903 0,002202
трамп 0,054808 0,000060
который 0,521999 0,003423
идея 1,714798 0,001874
постоянный 2,371578 0,002592
поэтому 1,966113 0,004298
крупный 0,054808 0,000120
диетический 5,010635 0,010952
победа 0,000000 0,000000
универсальный 4,317488 0,004719
привести 1,427116 0,001560
изучать 3,624341 0,003961
белоус 0,076161 0,000083
каша 5,010635 0,010952
прибыть 0,083382 0,000091
сегодня 1,643339 0,003592
случай 1,484275 0,001622
сми 0,000000 0,000000
акция 0,047791 0,000052
морковь 4,317488 0,009437
кулинарный 5,010635 0,005476
такой 1,003302 0,003290
разбирать 2,931194 0,003203
плюс 3,218876 0,003518
чеснок 5,010635 0,005476
доктор 3,064725 0,003349
правильный 2,931194 0,003203
жилец 0,068993 0,000075
союз 1,966113 0,002149
предречь 0,076161 0,000166
место 0,027029 0,000030
свет 0,054808 0,000060
овощ 3,624341 0,003961
регион 0,076161 0,000083
тракт 4,317488 0,004719
мс 0,097980 0,000107
неверный 5,010635 0,005476
март 0,040822 0,000045
благодаря 2,238047 0,002446
военный 0,020203 0,000022
включать 3,064725 0,003349
летний 0,047791 0,000052
утверждать 2,525729 0,002760
действительно 2,612740 0,002855
рада 0,068993 0,000075
экономика 0,000000 0,000000
устаревший 5,010635 0,005476
состав 2,445686 0,005346
водный 4,317488 0,004719
улитина 4,317488 0,004719
опечатка 0,000000 0,000000
разрабатывать 5,010635 0,005476
каждый 1,576648 0,005169
безусловно 2,708050 0,002960
возненавидеть 2,708050 0,002960
содержать 3,912023 0,004275
сердечно 3,912023 0,004275
неочевидный 3,624341 0,003961
маленький 1,791759 0,003916
полезно 5,010635 0,005476
баланс 3,912023 0,004275
вызвать 0,090654 0,000099
убеждённый 3,218876 0,007036
вскоре 2,302585 0,002516
появление 2,813411 0,003075
начинать 3,064725 0,003349
количество 1,576648 0,003446
содержаться 3,912023 0,008551
светлана 3,912023 0,017102
уровень 1,643339 0,001796
владимир 1,160488 0,001268
либо 1,919593 0,004196
навредить 3,624341 0,003961
реальный 0,013423 0,000015
редко 3,624341 0,003961
развитие 2,120264 0,004634
тысяча 0,054808 0,000060
желудок 3,912023 0,004275
возрасти 4,317488 0,004719
подчеркнуть 2,066196 0,004516
радикальный 3,912023 0,004275
голод 3,401197 0,007434
затопить 0,076161 0,000083
мочевой 5,010635 0,005476
сон 3,064725 0,003349
избегать 3,401197 0,007434
кабанов 4,317488 0,009437
обменивать 0,047791 0,000052
алексей 1,875141 0,004099
условие 0,033902 0,000074
наваристый 5,010635 0,005476
гриб 4,317488 0,004719
снабжать 5,010635 0,005476
правда 0,040822 0,000134
плохой 2,177422 0,002380
защитный 4,317488 0,004719
кислота 4,317488 0,004719
огромный 2,525729 0,002760
усилить 3,912023 0,004275
компот 5,010635 0,005476
немой 2,371578 0,002592
ожирение 3,624341 0,003961
риск 2,120264 0,004634
видеть 0,013423 0,000015
способ 1,919593 0,002098
наука 0,000000 0,000000
какой 1,203973 0,002632
похлёбка 4,317488 0,004719
второе 3,624341 0,003961
произойти 1,791759 0,001958
продукт 2,120264 0,009269
никак 2,931194 0,003203
