состояться 2,014903 0,001174
усыновить 5,010635 0,002920
леонид 3,064725 0,001786
ру 0,000000 0,000000
слух 2,813411 0,003279
личный 1,791759 0,001044
рф 1,514128 0,000882
банк 0,068993 0,000040
день 0,033902 0,000020
оборона 2,302585 0,001342
разведка 2,612740 0,001523
газета 2,302585 0,009393
памятник 4,317488 0,002516
любить 2,177422 0,001269
бабушка 3,218876 0,001876
вокруг 2,525729 0,004416
отвести 0,076161 0,000044
согласие 0,047791 0,000028
частность 2,525729 0,004416
центр 1,752539 0,001021
путешествие 0,000000 0,000000
застать 3,401197 0,001982
жениться 3,218876 0,001876
вангаболгарский 5,010635 0,002920
множество 2,813411 0,003279
встретить 2,612740 0,001523
стабильный 3,218876 0,001876
пол 0,090654 0,000053
декабрь 1,966113 0,001146
македония 5,010635 0,002920
человек 0,762140 0,008439
вода 0,054808 0,000096
пусть 3,912023 0,002280
отмечаться 2,177422 0,001269
соответствовать 2,813411 0,001640
подробный 3,064725 0,001786
десятилетие 2,931194 0,001708
фото 0,061875 0,000288
полгода 2,525729 0,001472
явление 3,218876 0,001876
иностранный 1,919593 0,001119
продолжаться 2,708050 0,001578
неясно 3,912023 0,002280
положительный 3,401197 0,001982
нехватка 4,317488 0,002516
знакомый 2,612740 0,001523
непроходимый 5,010635 0,002920
запад 1,919593 0,005593
весь 1,078810 0,000629
индия 0,076161 0,000044
заголовок 3,401197 0,003964
эмпирический 5,010635 0,002920
болгария 3,912023 0,006839
дело 1,249435 0,002184
скептик 5,010635 0,002920
забирать 3,912023 0,002280
слишком 2,371578 0,001382
окутать 5,010635 0,002920
называть 1,791759 0,002088
близость 4,317488 0,002516
сегодняшний 3,624341 0,002112
создавать 2,371578 0,001382
недавно 3,218876 0,001876
телепередача 3,912023 0,002280
сильный 1,678431 0,000978
подарок 3,218876 0,001876
ситуация 1,484275 0,000865
проблема 0,047791 0,000028
данные 1,678431 0,000978
также 0,762140 0,003109
появиться 1,373049 0,002400
технологийминь 0,000000 0,000000
властелин 5,010635 0,002920
украина 0,805943 0,002348
подробность 2,066196 0,001204
дмитрий 2,238047 0,001304
неиссякаемый 5,010635 0,002920
вера 3,624341 0,002112
снова 2,813411 0,001640
петрич 5,010635 0,002920
территория 1,609438 0,000938
начать 1,139434 0,002656
приоля 5,010635 0,002920
уничтожение 3,401197 0,001982
силовой 0,000000 0,000000
биологический 4,317488 0,002516
приходить 2,708050 0,001578
теракт 3,624341 0,006336
отрицать 5,010635 0,002920
однако 1,249435 0,003641
дженни 4,317488 0,002516
серьёзный 2,302585 0,001342
мирный 1,966113 0,001146
система 1,643339 0,000958
приближаться 5,010635 0,002920
корея 3,912023 0,002280
падение 3,064725 0,001786
июнь 2,371578 0,001382
безоговорочно 5,010635 0,002920
надеяться 2,931194 0,003416
байконур 0,097980 0,000057
один 0,836248 0,003411
иметь 1,832581 0,001068
значительный 2,931194 0,001708
дэн 4,317488 0,002516
громкий 2,708050 0,001578
выясниться 2,371578 0,001382
часть 1,484275 0,001730
персонал 3,401197 0,001982
образованный 5,010635 0,002920
последний 0,083382 0,000097
чушь 5,010635 0,002920
майкл 3,624341 0,004224
журналист 1,966113 0,004583
некоторый 1,576648 0,002756
часто 2,525729 0,001472
архив 0,000000 0,000000
чепуха 5,010635 0,005840
триумф 3,624341 0,002112
частый 2,525729 0,001472
заявить 0,061875 0,000072
сша 0,040822 0,000143
природный 3,912023 0,002280
лидер 1,347074 0,002355
метод 3,064725 0,001786
способность 3,401197 0,007928
опасаться 3,064725 0,001786
раскрытие 0,076161 0,000044
говорить 1,160488 0,003381
положительно 5,010635 0,002920
уйти 2,014903 0,001174
качество 1,832581 0,001068
сформироваться 3,624341 0,002112
зрение 3,064725 0,003572
слепой 5,010635 0,011680
кончина 3,912023 0,002280
погружаться 0,047791 0,000028
нравиться 2,931194 0,001708
спойлер 5,010635 0,002920
республиканец 5,010635 0,002920
комсомольский 3,912023 0,002280
гадалка 5,010635 0,002920
опасность 2,371578 0,001382
являться 1,714798 0,001999
получать 0,033902 0,000020
коснуться 3,912023 0,002280
расстрелять 4,317488 0,002516
рупит 5,010635 0,005840
предвзятость 5,010635 0,005840
прямо 2,525729 0,002944
собкор 5,010635 0,002920
привлекательность 4,317488 0,002516
интерес 2,525729 0,001472
прорицательница 5,010635 0,017520
желать 3,064725 0,001786
спецпроект 0,000000 0,000000
украинский 0,047791 0,000028
слово 0,820981 0,003827
пастбище 5,010635 0,002920
рост 1,791759 0,002088
еда 2,931194 0,001708
обрастать 5,010635 0,002920
излюбить 4,317488 0,002516
грэмми 4,317488 0,002516
туристка 0,076161 0,000044
мотор 0,000000 0,000000
стоить 1,714798 0,001999
наслать 0,000000 0,000000
катастрофа 2,525729 0,007359
иметься 2,931194 0,001708
жизнь 0,000000 0,000000
уничтожить 2,120264 0,001236
бизнесмен 4,317488 0,002516
жать 0,013423 0,000008
ведать 5,010635 0,002920
дорога 2,525729 0,001472
сериал 2,445686 0,001425
рассказываться 5,010635 0,002920
баба 5,010635 0,023360
весёлый 4,317488 0,002516
целый 2,525729 0,001472
относиться 2,302585 0,001342
аравия 2,612740 0,001523
энергетический 2,371578 0,001382
обмениваться 5,010635 0,002920
почему 0,899761 0,000524
хороший 0,006689 0,000012
спор 0,097980 0,000228
чувство 3,624341 0,002112
воевать 2,931194 0,001708
грудь 2,813411 0,001640
отключить 1,514128 0,000882
засилье 5,010635 0,002920
прокатиться 5,010635 0,002920
власть 1,609438 0,001876
конфиденциальность 0,047791 0,000028
бехтерев 5,010635 0,002920
утверждаться 4,317488 0,007548
предыдущий 3,401197 0,001982
продолжать 0,033902 0,000020
кадр 1,544899 0,000900
ссср 0,000000 0,000000
спецслужба 2,525729 0,001472
телепатический 5,010635 0,002920
опубликовать 1,875141 0,002185
открыть 2,371578 0,001382
средневековье 5,010635 0,002920
жара 3,912023 0,004559
уточнить 2,708050 0,001578
набирать 3,218876 0,001876
аэс 3,912023 0,002280
кумир 4,317488 0,002516
минь 0,000000 0,000000
клиент 2,813411 0,001640
землетрясение 5,010635 0,002920
похоже 2,931194 0,001708
главное 0,000000 0,000000
ливийский 5,010635 0,002920
возникнуть 2,525729 0,001472
издание 2,238047 0,002608
приводиться 5,010635 0,002920
спросить 3,218876 0,001876
активный 2,120264 0,001236
деятель 4,317488 0,002516
глобальный 2,813411 0,001640
блогерш 3,624341 0,002112
пророчество 5,010635 0,070079
эволюция 4,317488 0,002516
укрепить 3,624341 0,004224
межличностный 5,010635 0,002920
нейросетевой 5,010635 0,002920
выкладывать 5,010635 0,002920
воскресить 5,010635 0,002920
охотно 5,010635 0,005840
европейский 2,120264 0,002471
быть 1,399717 0,001631
нынешний 3,064725 0,001786
курск 4,317488 0,007548
глухой 3,624341 0,002112
александров 4,317488 0,002516
отмечать 1,966113 0,001146
жёлтый 3,912023 0,002280
спорт 0,000000 0,000000
просмотр 3,912023 0,002280
услышать 3,218876 0,001876
сюжетзасуха 5,010635 0,002920
предсказать 4,317488 0,010064
этот 1,427116 0,001663
шоу 2,813411 0,001640
прошлое 2,813411 0,001640
четыре 0,040822 0,000024
интеллект 3,218876 0,001876
сказать 1,919593 0,001119
признанный 3,912023 0,002280
друг 1,791759 0,001044
далёкий 2,525729 0,001472
исчезновение 3,401197 0,003964
конфиденциальностиправить 0,000000 0,000000
отметить 1,399717 0,000816
народ 2,708050 0,003156
шутить 3,624341 0,002112
нейрофизиолог 5,010635 0,002920
известный 1,714798 0,001999
неопределённость 4,317488 0,002516
увлечение 3,912023 0,002280
медиаимперия 5,010635 0,002920
позволить 3,218876 0,001876
шутка 2,813411 0,001640
развязать 4,317488 0,002516
легенда 3,064725 0,003572
спортивный 4,317488 0,002516
женщина 1,484275 0,001730
пётр 3,401197 0,001982
сбыться 5,010635 0,008760
провидица 5,010635 0,014600
впервые 1,919593 0,001119
телевизионный 5,010635 0,002920
рак 2,708050 0,003156
оставить 2,238047 0,001304
российский 0,033902 0,000059
ран 3,218876 0,003752
волна 2,302585 0,001342
всплывать 4,317488 0,002516
ролик 3,218876 0,001876
обитание 0,000000 0,000000
заявлять 3,064725 0,001786
давно 2,445686 0,001425
экономический 2,525729 0,002944
ошибаться 4,317488 0,002516
приехать 2,238047 0,001304
версия 2,708050 0,006312
интернет 0,000000 0,000000
выделить 3,912023 0,002280
обычно 3,218876 0,001876
заверение 4,317488 0,005032
популярный 1,791759 0,001044
назвать 1,021651 0,001191
гид 0,076161 0,000044
инопланетянин 5,010635 0,005840
радиация 5,010635 0,002920
словно 4,317488 0,005032
мудрость 4,317488 0,002516
записать 2,708050 0,001578
связать 2,066196 0,001204
страшный 2,525729 0,002944
представитель 1,678431 0,000978
сотрудник 0,068993 0,000080
принцесса 3,624341 0,004224
потрясение 5,010635 0,002920
паломничество 4,317488 0,002516
работа 0,899761 0,000524
европа 1,791759 0,010441
оставаться 1,875141 0,001093
блок 3,912023 0,002280
эмоция 0,047791 0,000028
сеть 0,090654 0,000264
подписчик 3,912023 0,002280
медицина 3,912023 0,002280
запретить 2,066196 0,001204
должный 1,714798 0,001999
проживать 4,317488 0,002516
звучать 3,064725 0,001786
кризис 2,813411 0,003279
саудовский 2,612740 0,001523
военнослужащий 0,068993 0,000040
знать 1,576648 0,002756
накапливать 0,047791 0,000028
центральный 3,064725 0,001786
говориться 2,931194 0,003416
автор 3,064725 0,001786
старый 2,371578 0,002764
учёный 2,525729 0,002944
бороться 2,525729 0,002944
ураган 4,317488 0,002516
кроме 1,427116 0,000832
превратиться 3,624341 0,002112
предвидеть 5,010635 0,002920
игил 5,010635 0,008760
фонарев 5,010635 0,002920
подтвердить 2,238047 0,001304
навещать 5,010635 0,002920
депутат 0,068993 0,000040
греческий 5,010635 0,002920
война 1,455287 0,004240
брать 2,445686 0,001425
культура 0,000000 0,000000
пропасть 1,966113 0,001146
иран 3,912023 0,004559
привлечение 3,624341 0,002112
статья 0,000000 0,000000
современный 2,066196 0,001204
верить 3,218876 0,011255
мусульманский 5,010635 0,002920
медведев 3,218876 0,001876
посвятить 2,931194 0,003416
широко 3,401197 0,001982
гарднер 5,010635 0,002920
мировой 1,752539 0,005106
ответить 1,832581 0,001068
драматично 5,010635 0,002920
распад 5,010635 0,002920
близкий 1,875141 0,003278
многие 1,714798 0,000999
получить 1,059392 0,001235
укреплять 4,317488 0,002516
контакт 1,919593 0,003356
язык 2,813411 0,001640
приёмный 5,010635 0,002920
фон 2,371578 0,001382
демидов 4,317488 0,002516
посещать 3,912023 0,002280
атомный 3,064725 0,003572
сделать 1,321756 0,001541
увлекательный 0,047791 0,000028
бедствие 4,317488 0,002516
гость 3,218876 0,003752
зелёный 3,218876 0,003752
обращать 3,624341 0,002112
прорыв 3,064725 0,001786
алкоголь 2,612740 0,001523
проявляться 4,317488 0,002516
переговоры 0,047791 0,000028
будущее 2,066196 0,003612
год 0,521999 0,011864
предрекать 5,010635 0,002920
министр 2,302585 0,001342
лечение 2,931194 0,001708
международный 1,875141 0,001093
мать 2,445686 0,002850
куринна 5,010635 0,002920
сбер 0,040822 0,000024
супруг 2,931194 0,001708
трамп 0,054808 0,000096
феномен 4,317488 0,005032
крупный 0,054808 0,000192
расстояние 4,317488 0,002516
рим 5,010635 0,002920
видеохостинг 5,010635 0,002920
леонов 3,401197 0,001982
белоус 0,076161 0,000044
доминировать 5,010635 0,002920
грант 5,010635 0,002920
текущий 2,525729 0,001472
предстоящий 2,931194 0,001708
сегодня 1,643339 0,000958
страна 0,747955 0,002179
повышенный 3,401197 0,001982
акция 0,047791 0,000028
такой 1,003302 0,002339
спровоцировать 5,010635 0,002920
вместе 1,514128 0,000882
прожить 2,931194 0,001708
заработок 3,218876 0,001876
предречь 0,076161 0,000266
телевидение 3,218876 0,001876
неожиданный 2,813411 0,001640
регион 0,076161 0,000044
собираться 2,931194 0,005124
село 2,708050 0,001578
ради 2,371578 0,002764
март 0,040822 0,000024
благодаря 2,238047 0,002608
широкий 2,813411 0,001640
военный 0,020203 0,000035
летний 0,047791 0,000028
рада 0,068993 0,000040
экономика 0,000000 0,000000
заработать 2,813411 0,001640
глаз 2,066196 0,003612
мексиканский 3,912023 0,002280
уверенность 2,813411 0,001640
организация 2,238047 0,001304
наумов 4,317488 0,002516
соглашение 2,612740 0,001523
премия 3,218876 0,001876
поздний 1,832581 0,002136
вскоре 2,302585 0,002684
конечный 3,912023 0,002280
евгений 2,931194 0,005124
обратить 2,931194 0,001708
согласно 3,064725 0,003572
реальный 0,013423 0,000008
тысяча 0,054808 0,000096
семья 2,120264 0,001236
предлагать 2,813411 0,001640
исполняться 4,317488 0,005032
придерживаться 3,624341 0,002112
затопить 0,076161 0,000044
избегать 3,401197 0,001982
турист 2,931194 0,001708
обменивать 0,047791 0,000028
родитель 2,931194 0,001708
условие 0,033902 0,000040
помогать 2,120264 0,001236
кафе 4,317488 0,002516
отвечать 2,302585 0,001342
встреча 1,832581 0,001068
фильм 2,238047 0,001304
произносить 3,624341 0,004224
выпускать 3,218876 0,001876
думать 1,791759 0,002088
достижение 2,302585 0,001342
опасный 2,238047 0,001304
видеть 0,013423 0,000031
скорый 2,525729 0,002944
вангелия 5,010635 0,002920
чернобыльский 5,010635 0,002920
второй 1,643339 0,001915
порошенко 4,317488 0,002516
придумать 2,525729 0,004416
математический 5,010635 0,002920
новый 0,000000 0,000000
кгб 3,401197 0,001982
сомнение 3,401197 0,003964
перемирие 0,076161 0,000044
катастрофический 5,010635 0,002920
жуткий 3,912023 0,004559
происходить 1,752539 0,001021
выйти 1,752539 0,002043
река 3,218876 0,001876
снимать 3,624341 0,002112
местный 2,066196 0,003612
население 2,525729 0,001472
приписать 4,317488 0,002516
успех 2,238047 0,002608
отставать 5,010635 0,002920
потечь 5,010635 0,002920
добро 0,013423 0,000023
гостиница 3,912023 0,002280
менее 2,014903 0,001174
касаться 2,445686 0,001425
пойти 2,120264 0,001236
рейн 5,010635 0,002920
полный 1,875141 0,001093
апокалипсис 5,010635 0,008760
конфликт 0,061875 0,000216
мысль 3,064725 0,001786
помощь 0,027029 0,000047
нести 2,525729 0,001472
секретарь 2,708050 0,001578
истина 3,912023 0,004559
царь 4,317488 0,002516
политика 0,040822 0,000048
живой 2,525729 0,004416
вплоть 3,624341 0,002112
она 5,010635 0,002920
ядерный 2,931194 0,003416
экс 2,066196 0,001204
х 2,177422 0,002538
надвигаться 5,010635 0,002920
китай 2,612740 0,003045
авария 4,317488 0,002516
я 2,931194 0,003416
обращаться 3,401197 0,001982
мир 0,000000 0,000000
мальчик 3,912023 0,002280
тиражировать 5,010635 0,005840
конкретный 3,064725 0,001786
унести 3,401197 0,001982
структура 0,000000 0,000000
миф 2,813411 0,003279
террористический 3,064725 0,001786
бывший 0,000000 0,000000
конец 1,643339 0,003831
время 0,693147 0,002828
замужем 5,010635 0,002920
негатив 4,317488 0,005032
маккартень 0,097980 0,000057
ооо 0,000000 0,000000
биография 3,064725 0,001786
конкретно 3,912023 0,002280
существование 2,813411 0,001640
европеец 4,317488 0,002516
вторжение 3,401197 0,001982
перевод 5,010635 0,002920
фронт 2,708050 0,001578
сергей 2,525729 0,002944
город 0,047791 0,000084
публикация 3,064725 0,001786
обсуждать 2,177422 0,001269
честно 3,401197 0,001982
физико 5,010635 0,002920
следовать 1,966113 0,001146
метр 2,931194 0,001708
отец 1,919593 0,001119
написать 1,966113 0,001146
галерея 0,000000 0,000000
внешность 0,097980 0,000057
научный 3,218876 0,003752
северный 2,371578 0,002764
начаться 0,033902 0,000059
зарубежный 2,371578 0,002764
увидеть 1,752539 0,003064
переживать 2,708050 0,001578
пляжный 0,097980 0,000057
австралия 5,010635 0,002920
возлагать 5,010635 0,002920
подвергаться 3,912023 0,002280
ключевой 2,445686 0,001425
миллиард 2,612740 0,003045
хотя 2,445686 0,004276
последствие 1,875141 0,001093
шэппёс 5,010635 0,002920
выражать 0,047791 0,000056
девочка 2,708050 0,004734
восхититься 3,624341 0,002112
читать 0,040822 0,000024
дональд 1,544899 0,001801
засуха 4,317488 0,002516
оценивать 0,047791 0,000028
ошеломлять 5,010635 0,002920
родиться 3,064725 0,001786
струмица 5,010635 0,002920
пережить 2,302585 0,001342
тролль 5,010635 0,002920
редакциярекламаконтактыпресс 0,000000 0,000000
стихийный 5,010635 0,002920
британский 2,708050 0,003156
ветка 5,010635 0,002920
видео 0,000000 0,000000
социалистический 4,317488 0,002516
геннадий 3,912023 0,002280
англоязычный 5,010635 0,002920
задавать 3,401197 0,003964
пользоваться 3,624341 0,002112
болгарский 3,912023 0,027357
лишь 2,238047 0,001304
япония 3,624341 0,002112
иллюзия 4,317488 0,002516
мой 2,371578 0,001382
момент 1,399717 0,000816
помочь 1,714798 0,000999
эпоха 3,401197 0,001982
середина 3,218876 0,001876
борис 2,445686 0,002850
геополитический 3,624341 0,002112
помимо 2,813411 0,003279
заинтересоваться 3,912023 0,002280
академик 5,010635 0,002920
сторонник 3,401197 0,001982
потерять 2,238047 0,002608
злоупотреблять 4,317488 0,002516
бонус 0,047791 0,000056
среда 0,000000 0,000000
испытание 3,218876 0,001876
подобный 2,120264 0,002471
среди 1,714798 0,002998
остаться 0,047791 0,000056
актриса 3,912023 0,002280
девушка 2,238047 0,001304
совпадать 4,317488 0,002516
эксклюзив 0,000000 0,000000
уволить 0,076161 0,000044
случиться 2,612740 0,001523
крыться 3,624341 0,004224
скидка 0,047791 0,000028
масштабный 2,612740 0,001523
узнавать 3,912023 0,002280
атака 1,966113 0,001146
предупреждение 5,010635 0,002920
смерть 1,919593 0,002237
анатолий 3,218876 0,001876
результат 1,347074 0,003140
деньга 1,875141 0,003278
охватить 3,218876 0,001876
калифорния 3,912023 0,002280
хотеть 0,013423 0,000008
угроза 2,302585 0,001342
стать 0,499776 0,004077
ванга 5,010635 0,002920
работать 0,027029 0,000032
возможно 2,813411 0,001640
придавать 4,317488 0,002516
грузовой 3,624341 0,002112
десятка 2,302585 0,001342
вызывать 2,708050 0,003156
это 0,020203 0,000071
легендарный 2,066196 0,001204
большинство 2,371578 0,001382
искренне 4,317488 0,002516
распространять 3,624341 0,002112
два 0,033902 0,000040
пьянство 5,010635 0,002920
таксист 3,624341 0,002112
новость 0,000000 0,000000
сентябрь 2,525729 0,002944
пустой 5,010635 0,002920
верующий 5,010635 0,002920
ландшафт 5,010635 0,002920
войти 0,000000 0,000000
брак 3,624341 0,002112
мачеха 5,010635 0,002920
лишать 5,010635 0,002920
дипломат 3,624341 0,002112
возраст 2,708050 0,001578
судьба 2,708050 0,001578
сотворить 5,010635 0,002920
считать 1,373049 0,001600
политик 2,612740 0,001523
общение 2,612740 0,001523
уход 0,076161 0,000089
телевизионщик 5,010635 0,002920
югославия 5,010635 0,002920
принадлежать 2,931194 0,003416
радиофактчекинг 3,218876 0,001876
муж 2,612740 0,003045
музей 3,064725 0,001786
германия 2,066196 0,001204
объект 1,832581 0,001068
обычный 0,013423 0,000008
затем 1,875141 0,002185
сталин 3,624341 0,002112
путин 0,967584 0,001692
тайвань 3,912023 0,002280
высмеивать 3,624341 0,002112
изнасиловать 0,076161 0,000044
первый 0,883501 0,001030
техника 0,000000 0,000000
означать 3,624341 0,002112
обрести 3,624341 0,004224
итог 1,678431 0,001956
февраль 1,160488 0,000676
захватить 2,931194 0,001708
вопрос 1,021651 0,001191
искусственный 2,931194 0,001708
игра 0,000000 0,000000
отдыхать 3,401197 0,001982
вспомнить 2,813411 0,003279
приписывать 5,010635 0,005840
сверхъестественный 5,010635 0,008760
хакер 3,912023 0,002280
ваш 0,047791 0,000028
имя 1,875141 0,004371
мнение 1,643339 0,000958
скончаться 5,010635 0,011680
медитация 0,076161 0,000044
больший 1,373049 0,001600
срок 1,966113 0,001146
личность 3,401197 0,001982
сообщаться 2,371578 0,001382
песок 2,931194 0,001708
массово 2,371578 0,001382
считаться 2,238047 0,001304
событие 1,919593 0,006712
пользователь 2,371578 0,002764
реакция 0,047791 0,000056
пора 2,177422 0,001269
самый 0,883501 0,000515
аномальный 5,010635 0,002920
вечером 3,064725 0,001786
материал 0,000000 0,000000
слава 3,218876 0,001876
печень 5,010635 0,002920
полагать 2,445686 0,001425
перемена 3,912023 0,004559
лента 0,000000 0,000000
крестьянин 4,317488 0,002516
запоминать 4,317488 0,002516
ряд 2,525729 0,001472
мочь 0,836248 0,003411
порох 5,010635 0,005840
сам 1,226446 0,005003
экстремист 3,912023 0,002280
реннер 5,010635 0,005840
ослепнуть 5,010635 0,002920
виолетта 5,010635 0,002920
забиться 5,010635 0,002920
бурный 4,317488 0,002516
пожарный 3,912023 0,002280
усиливаться 3,912023 0,002280
удаться 1,678431 0,000978
михалков 4,317488 0,002516
цветок 3,912023 0,002280
господарь 5,010635 0,005840
применение 0,000000 0,000000
умерший 3,912023 0,002280
пресс 2,708050 0,001578
оружие 2,120264 0,001236
возможный 2,066196 0,001204
век 1,919593 0,001119
душа 3,401197 0,001982
прогноз 4,317488 0,007548
ценность 0,000000 0,000000
известно 1,297063 0,000756
вернуться 0,006689 0,000004
публиковать 3,624341 0,002112
больной 2,708050 0,001578
очередь 2,014903 0,001174
откуда 3,064725 0,001786
певица 3,912023 0,002280
порог 3,401197 0,001982
узнать 2,014903 0,002348
россия 0,000000 0,000000
го 2,302585 0,001342
возмутиться 3,064725 0,005358
свой 0,020203 0,000059
озвучивать 5,010635 0,002920
виктор 3,912023 0,002280
январь 1,514128 0,000882
пара 2,813411 0,001640
ногин 5,010635 0,002920
судно 4,317488 0,002516
альбом 3,912023 0,002280
формировать 3,624341 0,002112
предупреждать 2,612740 0,001523
перед 3,401197 0,003964
сайт 2,931194 0,005124
культ 4,317488 0,002516
американский 0,054808 0,000096
великий 2,238047 0,002608
нагнетание 3,912023 0,002280
ясновидящий 5,010635 0,075919
подлодка 4,317488 0,007548
другой 1,059392 0,003087
зеленский 0,054808 0,000096
континент 4,317488 0,005032
прийти 2,014903 0,003523
популярность 2,813411 0,003279
давать 1,875141 0,002185
общемировой 5,010635 0,002920
вождь 4,317488 0,002516
регулярно 3,218876 0,001876
психологический 3,064725 0,001786
объяснять 2,525729 0,001472
число 1,226446 0,000715
суеверный 5,010635 0,002920
сей 2,177422 0,001269
выдумка 5,010635 0,002920
человечество 3,912023 0,004559
психолог 3,064725 0,003572
контроль 1,714798 0,000999
благой 5,010635 0,002920
вид 1,514128 0,000882
недоношенный 4,317488 0,002516
ребёнок 1,919593 0,002237
ельцин 3,624341 0,002112
пришелец 3,064725 0,001786
александровакадемик 5,010635 0,002920
прогресс 0,090654 0,000053
фонтан 5,010635 0,002920
взбудоражить 3,064725 0,001786
форма 0,061875 0,000036
нажать 0,000000 0,000000
ожидать 2,445686 0,001425
покойник 5,010635 0,002920
дом 0,061875 0,000072
роды 4,317488 0,002516
несмотря 2,120264 0,001236
строев 5,010635 0,008760
советский 1,752539 0,001021
великобритания 2,612740 0,001523
родственник 3,064725 0,003572
позиция 1,832581 0,001068
димитра 5,010635 0,005840
прекратить 2,708050 0,001578
естественный 3,624341 0,002112
казаться 2,177422 0,002538
западный 2,014903 0,003523
грош 5,010635 0,002920
восточный 4,317488 0,002516
повышение 3,624341 0,002112
домой 2,612740 0,001523
комментарий 1,427116 0,000832
ия 3,624341 0,008448
систематический 5,010635 0,002920
тема 1,297063 0,001512
доллар 2,708050 0,001578
объяснить 1,484275 0,000865
оказаться 1,249435 0,000728
дискуссия 3,912023 0,002280
использованияполитик 0,000000 0,000000
деактивировать 0,013423 0,000008
цирроз 5,010635 0,002920
рекомендательный 0,000000 0,000000
достояние 5,010635 0,002920
сбываться 5,010635 0,005840
придавить 5,010635 0,002920
иосиф 3,401197 0,001982
стоять 3,064725 0,001786
окрепнуть 5,010635 0,002920
рабство 5,010635 0,002920
возвести 5,010635 0,002920
выдавать 3,218876 0,001876
писатель 3,624341 0,002112
обратиться 0,076161 0,000044
собирать 3,401197 0,001982
забота 0,000000 0,000000
опровергнуть 2,931194 0,001708
пожаловать 0,013423 0,000008
могущественный 4,317488 0,002516
управление 2,525729 0,001472
выжить 2,813411 0,001640
который 0,521999 0,006388
идея 1,714798 0,000999
искусство 3,624341 0,004224
мрачный 5,010635 0,002920
наталья 3,218876 0,001876
блокада 4,317488 0,002516
например 1,791759 0,002088
алла 5,010635 0,002920
следующий 2,612740 0,003045
победа 0,000000 0,000000
привести 1,427116 0,003327
воспитывать 5,010635 0,002920
изучать 3,624341 0,002112
уверенный 2,445686 0,002850
прибыть 0,083382 0,000049
политический 3,401197 0,001982
страх 2,238047 0,001304
рассказать 0,985284 0,001148
загадка 3,624341 0,002112
президент 0,851752 0,002482
случай 1,484275 0,000865
сми 0,000000 0,000000
находить 3,218876 0,001876
жить 1,643339 0,001915
доктор 3,064725 0,001786
предсказывать 5,010635 0,005840
жилец 0,068993 0,000040
арена 3,912023 0,002280
союз 1,966113 0,002292
молиться 5,010635 0,002920
инфраструктура 2,014903 0,001174
пояснить 2,931194 0,001708
несколько 1,226446 0,001429
свет 0,054808 0,000160
место 0,027029 0,000032
предварительный 4,317488 0,002516
мс 0,097980 0,000057
дух 2,612740 0,001523
официант 3,912023 0,002280
диана 4,317488 0,005032
тенденция 3,624341 0,002112
беспорядок 5,010635 0,002920
лежать 3,401197 0,001982
мы 2,238047 0,001304
утверждать 2,525729 0,001472
действительно 2,612740 0,003045
предсказание 3,064725 0,033933
везунчик 5,010635 0,002920
слушать 3,401197 0,001982
использовать 1,919593 0,002237
опечатка 0,000000 0,000000
задний 3,624341 0,002112
писать 1,752539 0,002043
ужас 3,401197 0,001982
побывать 3,064725 0,001786
вызвать 0,090654 0,000158
сирт 5,010635 0,002920
ванг 3,064725 0,105372
гибель 4,317488 0,005032
подписать 2,708050 0,001578
достопримечательность 4,317488 0,002516
уровень 1,643339 0,001915
владимир 1,160488 0,001353
пламя 4,317488 0,002516
влияние 1,919593 0,001119
мужчина 1,576648 0,000919
сотня 2,014903 0,002348
гостелерадио 5,010635 0,002920
внимание 1,966113 0,002292
комментатор 5,010635 0,002920
индийский 3,401197 0,001982
сведение 3,912023 0,004559
возможность 1,714798 0,000999
пресса 3,401197 0,007928
правда 0,040822 0,000048
плохой 2,177422 0,001269
передавать 2,525729 0,004416
информация 1,514128 0,001765
усилить 3,912023 0,002280
гуштер 5,010635 0,002920
сообщать 1,791759 0,001044
миллион 1,347074 0,000785
наука 0,000000 0,000000
произойти 1,791759 0,002088
проверить 3,064725 0,001786
якобы 2,813411 0,004919
книга 2,708050 0,003156
