приводить 2,931194 0,009869
ру 0,000000 0,000000
банк 0,068993 0,000232
лента 0,000000 0,000000
новый 0,000000 0,000000
день 0,033902 0,000228
образ 1,514128 0,005098
перемирие 0,076161 0,000256
газета 2,302585 0,007753
спорт 0,000000 0,000000
мочь 0,836248 0,005631
отвести 0,076161 0,000256
добро 0,013423 0,000136
согласие 0,047791 0,000161
путешествие 0,000000 0,000000
остановить 2,525729 0,008504
четыре 0,040822 0,000137
удар 1,455287 0,004900
мид 3,064725 0,010319
конфликт 0,061875 0,000208
конфиденциальностиправить 0,000000 0,000000
пол 0,090654 0,000305
помощь 0,027029 0,000091
глава 1,321756 0,004450
вода 0,054808 0,000185
соответствовать 2,813411 0,009473
край 2,612740 0,008797
фото 0,061875 0,000417
политика 0,040822 0,000137
разговор 1,160488 0,003907
применение 0,000000 0,000000
дать 1,272966 0,004286
экс 2,066196 0,006957
загореться 3,912023 0,013172
отдел 0,579818 0,001952
ценность 0,000000 0,000000
сила 1,321756 0,004450
мир 0,000000 0,000000
вернуться 0,006689 0,000023
индия 0,076161 0,000256
структура 0,000000 0,000000
попытаться 2,238047 0,015071
российский 0,033902 0,000457
обитание 0,000000 0,000000
краснодарский 3,624341 0,012203
бывший 0,000000 0,000000
россия 0,000000 0,000000
интернет 0,000000 0,000000
эвакуировать 2,931194 0,009869
маккартень 0,097980 0,000330
ооо 0,000000 0,000000
свой 0,020203 0,000068
республика 2,371578 0,007985
проблема 0,047791 0,000161
гид 0,076161 0,000256
технологийминь 0,000000 0,000000
украина 0,805943 0,010854
город 0,047791 0,000322
дмитрий 2,238047 0,007536
американский 0,054808 0,000369
прекращение 1,714798 0,028869
галерея 0,000000 0,000000
внешность 0,097980 0,000330
сотрудник 0,068993 0,000465
начаться 0,033902 0,000114
зеленский 0,054808 0,001292
работа 0,899761 0,003029
силовой 0,000000 0,000000
пляжный 0,097980 0,000330
эмоция 0,047791 0,000161
сеть 0,090654 0,000305
вооружённый 1,678431 0,005651
азия 2,445686 0,008235
однако 1,249435 0,004207
всеприбалтикаукраинабелоруссиямолдавиязакавказьесредний 2,525729 0,008504
выражать 0,047791 0,000322
читать 0,040822 0,000137
военнослужащий 0,068993 0,000232
накапливать 0,047791 0,000161
дональд 1,544899 0,005202
отказ 2,120264 0,007139
падение 3,064725 0,010319
посоветовать 2,612740 0,035188
оценивать 0,047791 0,000161
кропоткин 4,317488 0,014537
запольский 3,624341 0,012203
байконур 0,097980 0,000330
редакциярекламаконтактыпресс 0,000000 0,000000
видео 0,000000 0,000000
взаимный 2,931194 0,009869
депутат 0,068993 0,000232
прогресс 0,090654 0,000305
форма 0,061875 0,000208
нажать 0,000000 0,000000
последний 0,083382 0,000281
дом 0,061875 0,000208
культура 0,000000 0,000000
обсудить 0,415515 0,001399
архив 0,000000 0,000000
статья 0,000000 0,000000
поддержать 2,177422 0,007331
заявить 0,061875 0,000417
сша 0,040822 0,000275
лидер 1,347074 0,009071
отношение 1,226446 0,004129
бонус 0,047791 0,000322
среда 0,000000 0,000000
раскрытие 0,076161 0,000256
редактор 0,556288 0,001873
остаться 0,047791 0,000161
эксклюзив 0,000000 0,000000
уволить 0,076161 0,000256
скидка 0,047791 0,000161
погружаться 0,047791 0,000161
нефтебаза 2,813411 0,009473
результат 1,347074 0,004536
увлекательный 0,047791 0,000161
использованияполитик 0,000000 0,000000
риа 1,272966 0,004286
команда 1,919593 0,006463
деактивировать 0,013423 0,000045
энергетика 2,371578 0,007985
договорённость 2,302585 0,031011
рекомендательный 0,000000 0,000000
переговоры 0,047791 0,000161
получать 0,033902 0,000114
хотеть 0,013423 0,000045
обратиться 0,076161 0,000256
министр 2,302585 0,007753
забота 0,000000 0,000000
сбер 0,040822 0,000137
пожаловать 0,013423 0,000045
трамп 0,054808 0,000369
работать 0,027029 0,000091
идея 1,714798 0,005774
крупный 0,054808 0,000369
огонь 1,609438 0,027095
обойти 2,813411 0,047364
спецпроект 0,000000 0,000000
это 0,020203 0,000136
победа 0,000000 0,000000
отвергнуть 3,912023 0,013172
украинский 0,047791 0,000161
слово 0,820981 0,002764
белоус 0,076161 0,000256
прибыть 0,083382 0,000281
два 0,033902 0,000228
президент 0,851752 0,008604
новость 0,000000 0,000000
туристка 0,076161 0,000256
мотор 0,000000 0,000000
сми 0,000000 0,000000
сразу 2,066196 0,006957
акция 0,047791 0,000161
наслать 0,000000 0,000000
жизнь 0,000000 0,000000
жилец 0,068993 0,000232
инфраструктура 2,014903 0,006784
предречь 0,076161 0,000513
жать 0,013423 0,000045
войти 0,000000 0,000000
место 0,027029 0,000091
свет 0,054808 0,000185
регион 0,076161 0,000256
мс 0,097980 0,000330
март 0,040822 0,000412
военный 0,020203 0,000136
летний 0,047791 0,000161
рада 0,068993 0,000232
экономика 0,000000 0,000000
достигнуть 2,302585 0,007753
энергетический 2,371578 0,007985
уход 0,076161 0,000256
опечатка 0,000000 0,000000
сложно 2,525729 0,008504
хороший 0,006689 0,000023
спор 0,097980 0,000330
кулеб 5,010635 0,033742
объект 1,832581 0,006170
вызвать 0,090654 0,000305
обломок 3,624341 0,012203
обычный 0,013423 0,000045
атаковать 2,931194 0,009869
конфиденциальность 0,047791 0,000161
владимир 1,160488 0,007815
путин 0,967584 0,006516
изнасиловать 0,076161 0,000256
ночь 2,525729 0,008504
продолжать 0,033902 0,000114
реальный 0,013423 0,000045
ссср 0,000000 0,000000
техника 0,000000 0,000000
тысяча 0,054808 0,000185
затопить 0,076161 0,000256
игра 0,000000 0,000000
уточнить 2,708050 0,009118
обменивать 0,047791 0,000161
минь 0,000000 0,000000
условие 0,033902 0,000228
ваш 0,047791 0,000161
главное 0,000000 0,000000
медитация 0,076161 0,000256
правда 0,040822 0,000137
интервью 2,525729 0,008504
алевтина 3,624341 0,012203
видеть 0,013423 0,000045
реакция 0,047791 0,000322
беспилотник 2,177422 0,007331
предприятие 3,064725 0,010319
материал 0,000000 0,000000
наука 0,000000 0,000000
какой 1,203973 0,004054
