ру 0,000000 0,000000
рф 1,514128 0,004506
банк 0,068993 0,000205
лента 0,000000 0,000000
новый 0,000000 0,000000
день 0,033902 0,000404
перемирие 0,076161 0,000227
частичный 3,912023 0,023286
советник 2,931194 0,017448
спорт 0,000000 0,000000
национальный 2,371578 0,007058
отвести 0,076161 0,000227
добро 0,013423 0,000120
согласие 0,047791 0,000142
путешествие 0,000000 0,000000
остановить 2,525729 0,007517
четыре 0,040822 0,000121
анонсировать 2,371578 0,014117
удар 1,455287 0,004331
конфликт 0,061875 0,000184
конфиденциальностиправить 0,000000 0,000000
пол 0,090654 0,000270
помощь 0,027029 0,000080
глава 1,321756 0,003934
отметить 1,399717 0,004166
вода 0,054808 0,000163
отмечаться 2,177422 0,006480
соответствовать 2,813411 0,008373
край 2,612740 0,007776
фото 0,061875 0,000368
юрий 2,525729 0,015034
политика 0,040822 0,000243
устьянцев 3,912023 0,011643
добиться 2,813411 0,008373
разговор 1,160488 0,006908
применение 0,000000 0,000000
дать 1,272966 0,003789
рияд 3,624341 0,021573
х 2,177422 0,006480
договориться 2,525729 0,007517
загореться 3,912023 0,011643
отдел 0,579818 0,001726
ценность 0,000000 0,000000
сила 1,321756 0,003934
мир 0,000000 0,000000
вернуться 0,006689 0,000020
индия 0,076161 0,000227
структура 0,000000 0,000000
российский 0,033902 0,000504
дело 1,249435 0,003719
обитание 0,000000 0,000000
краснодарский 3,624341 0,010787
бывший 0,000000 0,000000
майк 3,218876 0,009580
россия 0,000000 0,000000
интернет 0,000000 0,000000
социальный 2,371578 0,007058
эвакуировать 2,931194 0,008724
маккартень 0,097980 0,000292
ооо 0,000000 0,000000
свой 0,020203 0,000180
ранее 1,003302 0,002986
проблема 0,047791 0,000142
встретиться 3,218876 0,028740
гид 0,076161 0,000227
технологийминь 0,000000 0,000000
украина 0,805943 0,009595
город 0,047791 0,000284
телефонный 1,643339 0,004891
американский 0,054808 0,000163
прекращение 1,714798 0,020414
галерея 0,000000 0,000000
внешность 0,097980 0,000292
представитель 1,678431 0,004995
сотрудник 0,068993 0,000411
начаться 0,033902 0,000101
зеленский 0,054808 0,000326
работа 0,899761 0,002678
силовой 0,000000 0,000000
пляжный 0,097980 0,000292
эмоция 0,047791 0,000142
сеть 0,090654 0,000540
кремль 2,177422 0,006480
вооружённый 1,678431 0,004995
однако 1,249435 0,003719
выражать 0,047791 0,000284
читать 0,040822 0,000121
саудовский 2,612740 0,007776
военнослужащий 0,068993 0,000205
накапливать 0,047791 0,000142
дональд 1,544899 0,004598
отказ 2,120264 0,006310
падение 3,064725 0,009121
оценивать 0,047791 0,000142
кропоткин 4,317488 0,012850
байконур 0,097980 0,000292
редакциярекламаконтактыпресс 0,000000 0,000000
видео 0,000000 0,000000
взаимный 2,931194 0,008724
реализация 3,064725 0,018242
депутат 0,068993 0,000205
прогресс 0,090654 0,000270
форма 0,061875 0,000184
нажать 0,000000 0,000000
дом 0,061875 0,000921
последний 0,083382 0,000248
культура 0,000000 0,000000
обсудить 0,415515 0,002473
эра 3,064725 0,027364
архив 0,000000 0,000000
коллега 1,791759 0,005333
статья 0,000000 0,000000
дарья 3,624341 0,010787
поддержать 2,177422 0,006480
заявить 0,061875 0,000184
сша 0,040822 0,000729
лидер 1,347074 0,004009
всеполитикаобществопроисшествияконфликтыпреступность 2,014903 0,005997
бонус 0,047791 0,000284
среда 0,000000 0,000000
раскрытие 0,076161 0,000227
наш 1,347074 0,004009
редактор 0,556288 0,001656
остаться 0,047791 0,000142
близкий 1,875141 0,011162
эксклюзив 0,000000 0,000000
уволить 0,076161 0,000227
скидка 0,047791 0,000142
пострадать 2,813411 0,008373
погружаться 0,047791 0,000142
ушаков 4,317488 0,025699
нефтебаза 2,813411 0,008373
результат 1,347074 0,004009
увлекательный 0,047791 0,000142
использованияполитик 0,000000 0,000000
команда 1,919593 0,005713
технический 2,931194 0,026171
деактивировать 0,013423 0,000040
рекомендательный 0,000000 0,000000
белый 1,609438 0,019160
переговоры 0,047791 0,000569
получать 0,033902 0,000101
хотеть 0,013423 0,000040
обратиться 0,076161 0,000227
международный 1,875141 0,005581
забота 0,000000 0,000000
сбер 0,040822 0,000121
пожаловать 0,013423 0,000040
безопасность 2,014903 0,005997
трамп 0,054808 0,000816
работать 0,027029 0,000080
который 0,521999 0,001554
идея 1,714798 0,005104
крупный 0,054808 0,000326
группа 1,514128 0,013519
провести 1,514128 0,004506
огонь 1,609438 0,019160
спецпроект 0,000000 0,000000
это 0,020203 0,000060
победа 0,000000 0,000000
украинский 0,047791 0,000142
белоус 0,076161 0,000227
прибыть 0,083382 0,000248
два 0,033902 0,000202
сегодня 1,643339 0,004891
президент 0,851752 0,005070
новость 0,000000 0,000000
туристка 0,076161 0,000227
мотор 0,000000 0,000000
помощник 3,401197 0,010123
сми 0,000000 0,000000
сразу 2,066196 0,006149
акция 0,047791 0,000142
наслать 0,000000 0,000000
жизнь 0,000000 0,000000
жилец 0,068993 0,000205
инфраструктура 2,014903 0,005997
предречь 0,076161 0,000453
жать 0,013423 0,000040
войти 0,000000 0,000000
место 0,027029 0,000080
свет 0,054808 0,000163
регион 0,076161 0,000227
мс 0,097980 0,000292
уолтц 3,624341 0,021573
расширение 2,931194 0,008724
март 0,040822 0,000243
военный 0,020203 0,000120
аравия 2,612740 0,007776
летний 0,047791 0,000142
аккаунт 2,813411 0,008373
рада 0,068993 0,000205
экономика 0,000000 0,000000
энергетический 2,371578 0,007058
уход 0,076161 0,000227
опечатка 0,000000 0,000000
хороший 0,006689 0,000020
спор 0,097980 0,000292
сосредоточиться 5,010635 0,014913
вызвать 0,090654 0,000270
обломок 3,624341 0,010787
обычный 0,013423 0,000040
столица 2,813411 0,008373
атаковать 2,931194 0,008724
конфиденциальность 0,047791 0,000142
путин 0,967584 0,005759
изнасиловать 0,076161 0,000227
ночь 2,525729 0,007517
продолжать 0,033902 0,000101
реальный 0,013423 0,000040
ссср 0,000000 0,000000
техника 0,000000 0,000000
тысяча 0,054808 0,000163
итог 1,678431 0,009991
всу 1,373049 0,004086
рияда 5,010635 0,014913
затопить 0,076161 0,000227
игра 0,000000 0,000000
обменивать 0,047791 0,000142
минь 0,000000 0,000000
условие 0,033902 0,000202
ваш 0,047791 0,000142
главное 0,000000 0,000000
медитация 0,076161 0,000227
правда 0,040822 0,000121
сообщаться 2,371578 0,007058
видеть 0,013423 0,000040
реакция 0,047791 0,000284
беспилотник 2,177422 0,006480
предприятие 3,064725 0,009121
материал 0,000000 0,000000
наука 0,000000 0,000000
сообщить 1,297063 0,007721
беседа 1,752539 0,005216
