должок 3,624341 0,005865
приводить 2,931194 0,004743
рокоссовский 5,010635 0,008108
ру 0,000000 0,000000
банк 0,068993 0,000112
новый 0,000000 0,000000
день 0,033902 0,000274
оборона 2,302585 0,003726
перемирие 0,076161 0,000123
конь 5,010635 0,008108
происходить 1,752539 0,002836
памятник 4,317488 0,006986
повлиять 3,218876 0,010417
си 3,912023 0,006330
отвести 0,076161 0,000123
добро 0,013423 0,000065
согласие 0,047791 0,000077
путешествие 0,000000 0,000000
рейх 5,010635 0,008108
удар 1,455287 0,004710
берлин 4,317488 0,013972
конфликт 0,061875 0,000100
спасать 2,612740 0,004228
пол 0,090654 0,000147
помощь 0,027029 0,000044
декабрь 1,966113 0,006363
человек 0,762140 0,001233
вода 0,054808 0,000089
реклама 2,525729 0,004087
волгоград 4,317488 0,006986
фото 0,061875 0,000100
политика 0,040822 0,000066
наступление 3,218876 0,005209
родина 2,813411 0,004552
самолёт 2,302585 0,003726
земля 1,919593 0,003106
я 2,931194 0,004743
воссоединение 5,010635 0,008108
сила 1,321756 0,004278
мир 0,000000 0,000000
индия 0,076161 0,000123
весь 1,078810 0,001746
пройти 1,427116 0,002309
структура 0,000000 0,000000
русский 1,919593 0,012425
житель 1,678431 0,002716
дело 1,249435 0,002022
бояться 2,120264 0,010293
свершиться 5,010635 0,008108
бывший 0,000000 0,000000
мемориальный 5,010635 0,008108
боец 1,875141 0,003034
крепость 4,317488 0,006986
создавать 2,371578 0,003838
маккартень 0,097980 0,000159
ооо 0,000000 0,000000
проблема 0,047791 0,000077
главный 1,272966 0,002060
одержать 5,010635 0,008108
член 2,612740 0,004228
технологийминь 0,000000 0,000000
город 0,047791 0,000309
украина 0,805943 0,003912
час 1,455287 0,002355
невиданный 5,010635 0,008108
отец 1,919593 0,003106
ленинградец 4,317488 0,006986
галерея 0,000000 0,000000
внешность 0,097980 0,000159
железный 3,218876 0,005209
начаться 0,033902 0,000110
увидеть 1,752539 0,002836
силовой 0,000000 0,000000
лётчик 2,931194 0,009486
победить 2,525729 0,008174
пляжный 0,097980 0,000159
настойчиво 3,912023 0,006330
редкий 2,371578 0,003838
освобождать 4,317488 0,006986
выражать 0,047791 0,000155
летие 3,912023 0,012660
читать 0,040822 0,000066
равно 2,931194 0,004743
полководец 5,010635 0,008108
изменить 2,066196 0,006687
июнь 2,371578 0,011513
возмутить 3,912023 0,006330
оценивать 0,047791 0,000077
байконур 0,097980 0,000159
один 0,836248 0,002706
холокост 5,010635 0,008108
редакциярекламаконтактыпресс 0,000000 0,000000
мужество 3,912023 0,006330
видео 0,000000 0,000000
хронология 3,912023 0,006330
последний 0,083382 0,000270
едва 2,177422 0,003523
немец 3,401197 0,011007
обсудить 0,415515 0,000672
архив 0,000000 0,000000
помочь 1,714798 0,002775
целовать 4,317488 0,006986
заявить 0,061875 0,000100
сша 0,040822 0,000066
лидер 1,347074 0,002180
июль 2,708050 0,004382
бонус 0,047791 0,000155
среда 0,000000 0,000000
раскрытие 0,076161 0,000123
остаться 0,047791 0,000155
эксклюзив 0,000000 0,000000
уволить 0,076161 0,000123
скидка 0,047791 0,000077
масштабный 2,612740 0,004228
москва 1,021651 0,003306
девятый 3,912023 0,006330
подойти 2,813411 0,004552
парад 3,624341 0,029323
погружаться 0,047791 0,000077
ноябрь 2,014903 0,006521
враг 3,064725 0,014877
эмигрант 5,010635 0,008108
свободить 5,010635 0,008108
получать 0,033902 0,000055
животное 3,912023 0,006330
хотеть 0,013423 0,000043
закарпатский 5,010635 0,008108
зона 2,371578 0,003838
оглушительный 5,010635 0,008108
подготовка 2,302585 0,003726
армия 2,014903 0,022823
освободить 2,708050 0,008764
удержать 2,612740 0,004228
ринуться 5,010635 0,008108
стать 0,499776 0,003235
работать 0,027029 0,000044
гитлеровский 5,010635 0,008108
доска 3,912023 0,006330
предсмертный 4,317488 0,006986
отечество 4,317488 0,006986
провести 1,514128 0,002450
восстанавливать 5,010635 0,008108
операция 1,514128 0,002450
спецпроект 0,000000 0,000000
это 0,020203 0,000163
легендарный 2,066196 0,003343
украинский 0,047791 0,000077
два 0,033902 0,000165
ветеран 3,401197 0,005504
новость 0,000000 0,000000
туристка 0,076161 0,000123
мотор 0,000000 0,000000
кот 3,912023 0,012660
наслать 0,000000 0,000000
михаил 2,445686 0,003957
жизнь 0,000000 0,000000
уничтожить 2,120264 0,003431
возмездие 5,010635 0,008108
жать 0,013423 0,000022
войти 0,000000 0,000000
боготворить 5,010635 0,008108
спецоперация 3,218876 0,005209
отчаянный 4,317488 0,006986
память 3,064725 0,004959
пригласить 3,912023 0,006330
уход 0,076161 0,000123
почему 0,899761 0,001456
хороший 0,006689 0,000032
спор 0,097980 0,000159
германия 2,066196 0,003343
красный 2,120264 0,024016
обычный 0,013423 0,000022
конфиденциальность 0,047791 0,000077
танк 2,708050 0,008764
путин 0,967584 0,003131
защитник 3,624341 0,005865
назад 1,678431 0,002716
изнасиловать 0,076161 0,000123
продолжать 0,033902 0,000055
истребитель 2,931194 0,004743
героизм 5,010635 0,008108
первый 0,883501 0,004289
кадр 1,544899 0,002500
ссср 0,000000 0,000000
техника 0,000000 0,000000
приблизить 3,912023 0,012660
напасть 3,218876 0,005209
февраль 1,160488 0,022534
захватить 2,931194 0,004743
игра 0,000000 0,000000
минь 0,000000 0,000000
ваш 0,047791 0,000077
главное 0,000000 0,000000
медитация 0,076161 0,000123
высказаться 2,238047 0,003621
раскрыть 1,643339 0,002659
событие 1,919593 0,003106
реакция 0,047791 0,000155
август 2,445686 0,007915
сменить 3,624341 0,005865
самый 0,883501 0,002859
материал 0,000000 0,000000
покрышкин 5,010635 0,008108
лента 0,000000 0,000000
летать 3,624341 0,005865
деревня 3,624341 0,005865
спорт 0,000000 0,000000
отечественный 2,445686 0,031659
нацист 3,912023 0,050641
молдавия 5,010635 0,008108
этот 1,427116 0,002309
прошлое 2,813411 0,004552
четыре 0,040822 0,000132
остановить 2,525729 0,004087
конфиденциальностиправить 0,000000 0,000000
небо 2,525729 0,004087
заново 3,401197 0,005504
цветок 3,912023 0,006330
применение 0,000000 0,000000
умница 5,010635 0,008108
призвать 1,791759 0,002899
почтить 5,010635 0,008108
смочь 1,399717 0,002265
северокорейский 5,010635 0,008108
третий 2,120264 0,003431
женщина 1,484275 0,002402
наступать 4,317488 0,006986
драться 5,010635 0,008108
рёв 4,317488 0,006986
ценность 0,000000 0,000000
гораздо 3,064725 0,004959
вернуться 0,006689 0,000011
попытаться 2,238047 0,003621
сесть 3,401197 0,005504
лавров 4,317488 0,006986
российский 0,033902 0,000165
сражаться 3,624341 0,005865
обитание 0,000000 0,000000
просто 1,678431 0,002716
приехать 2,238047 0,007243
россия 0,000000 0,000000
интернет 0,000000 0,000000
свой 0,020203 0,000033
израиль 3,624341 0,011729
плен 2,813411 0,004552
январь 1,514128 0,034301
разгромить 3,624341 0,011729
гид 0,076161 0,000123
проведение 3,064725 0,004959
ильюшин 5,010635 0,008108
перед 3,401197 0,005504
американский 0,054808 0,000089
фриц 3,624341 0,005865
знак 3,218876 0,005209
великий 2,238047 0,032593
волонтёр 3,912023 0,006330
сотрудник 0,068993 0,000112
зеленский 0,054808 0,000177
указ 4,317488 0,006986
эмоция 0,047791 0,000077
сеть 0,090654 0,000147
ход 1,678431 0,010864
посол 3,624341 0,005865
ес 2,708050 0,004382
период 2,014903 0,003260
сопротивление 5,010635 0,008108
число 1,226446 0,001985
совбез 4,317488 0,006986
упорно 4,317488 0,006986
военнослужащий 0,068993 0,000112
накапливать 0,047791 0,000077
палестина 5,010635 0,008108
войско 2,371578 0,003838
орудие 3,912023 0,006330
подтвердить 2,238047 0,003621
попасть 1,678431 0,002716
поражение 3,624341 0,005865
командовать 3,912023 0,006330
депутат 0,068993 0,000112
жуков 5,010635 0,008108
безногий 3,624341 0,005865
прогресс 0,090654 0,000147
война 1,455287 0,021194
форма 0,061875 0,000100
нажать 0,000000 0,000000
дом 0,061875 0,000100
культура 0,000000 0,000000
крым 3,401197 0,005504
статья 0,000000 0,000000
советский 1,752539 0,017015
сбивать 3,401197 0,005504
ил 5,010635 0,008108
наш 1,347074 0,004359
мировой 1,752539 0,002836
фашист 3,218876 0,015626
фон 2,371578 0,003838
домой 2,612740 0,004228
сталинский 4,317488 0,006986
возложить 4,317488 0,006986
матвиенко 5,010635 0,008108
увлекательный 0,047791 0,000077
сорвать 2,371578 0,003838
использованияполитик 0,000000 0,000000
дорожный 4,317488 0,006986
нанести 2,813411 0,004552
деактивировать 0,013423 0,000022
рекомендательный 0,000000 0,000000
противник 2,525729 0,004087
переговоры 0,047791 0,000077
вопль 5,010635 0,008108
год 0,521999 0,002534
машина 1,875141 0,003034
обратиться 0,076161 0,000123
собака 3,624341 0,005865
маршал 3,912023 0,012660
забота 0,000000 0,000000
октябрь 2,612740 0,008455
сбер 0,040822 0,000066
пожаловать 0,013423 0,000022
трамп 0,054808 0,000089
постоянный 2,371578 0,003838
который 0,521999 0,000845
сталинградский 4,317488 0,006986
празднование 5,010635 0,024323
крупный 0,054808 0,000177
гитлер 3,912023 0,012660
брестский 5,010635 0,008108
победа 0,000000 0,000000
привести 1,427116 0,004618
белоус 0,076161 0,000246
прибыть 0,083382 0,000135
страна 0,747955 0,004841
президент 0,851752 0,001378
роман 2,813411 0,004552
сми 0,000000 0,000000
акция 0,047791 0,000077
битва 3,401197 0,016511
ровно 3,401197 0,005504
цзиньпин 4,317488 0,006986
жилец 0,068993 0,000112
союз 1,966113 0,003181
броситься 5,010635 0,008108
предречь 0,076161 0,000246
герой 2,014903 0,009781
место 0,027029 0,000044
свет 0,054808 0,000089
регион 0,076161 0,000123
успешный 3,218876 0,010417
мс 0,097980 0,000159
снг 4,317488 0,006986
март 0,040822 0,000066
преступление 2,238047 0,003621
военный 0,020203 0,000098
летний 0,047791 0,000077
участие 2,014903 0,009781
рада 0,068993 0,000112
экономика 0,000000 0,000000
нечего 3,218876 0,005209
опечатка 0,000000 0,000000
безусловно 2,708050 0,004382
ужас 3,401197 0,011007
вызвать 0,090654 0,000147
история 1,609438 0,005209
воин 3,912023 0,006330
столица 2,813411 0,004552
подписать 2,708050 0,004382
мстить 5,010635 0,008108
реальный 0,013423 0,000022
название 2,813411 0,004552
колбаса 4,317488 0,006986
тысяча 0,054808 0,000355
затопить 0,076161 0,000123
невозможно 2,708050 0,004382
обменивать 0,047791 0,000077
напрягать 5,010635 0,008108
условие 0,033902 0,000110
объявить 2,120264 0,003431
премьер 2,525729 0,004087
снимок 3,624341 0,005865
правда 0,040822 0,000132
плохой 2,177422 0,003523
думать 1,791759 0,002899
уникальный 2,525729 0,004087
принять 1,678431 0,005432
присутствие 3,624341 0,005865
видеть 0,013423 0,000022
миллион 1,347074 0,002180
наука 0,000000 0,000000
забывать 3,912023 0,006330
второй 1,643339 0,002659
заполярье 5,010635 0,016216
