луганский 5,010635 0,010062
ру 0,000000 0,000000
рф 1,514128 0,003040
боевой 2,371578 0,004762
банк 0,068993 0,000139
лента 0,000000 0,000000
новый 0,000000 0,000000
день 0,033902 0,000068
разведка 2,612740 0,005246
перемирие 0,076161 0,000306
одесса 3,624341 0,036389
спорт 0,000000 0,000000
национальный 2,371578 0,004762
отвести 0,076161 0,000153
успех 2,238047 0,004494
добро 0,013423 0,000081
благодарить 4,317488 0,008670
согласие 0,047791 0,000096
центр 1,752539 0,003519
путешествие 0,000000 0,000000
четыре 0,040822 0,000082
важный 1,875141 0,003765
урегулирование 2,238047 0,013482
народный 2,708050 0,005438
конфликт 0,061875 0,000497
конфиденциальностиправить 0,000000 0,000000
проиграть 2,445686 0,004911
пол 0,090654 0,000182
помощь 0,027029 0,000054
вода 0,054808 0,000110
коллапс 4,317488 0,008670
фото 0,061875 0,000373
политика 0,040822 0,000082
левитта 5,010635 0,010062
разговор 1,160488 0,009321
применение 0,000000 0,000000
илья 3,064725 0,006154
опасение 3,401197 0,006830
оружие 2,120264 0,004258
исследование 2,708050 0,005438
возможный 2,066196 0,004149
область 1,272966 0,005112
гарантия 2,708050 0,005438
питалевый 3,624341 0,007278
уделять 3,624341 0,007278
признать 1,484275 0,002980
отдел 0,579818 0,001164
многое 3,064725 0,006154
ценность 0,000000 0,000000
известно 1,297063 0,002605
сила 1,321756 0,002654
стремиться 2,708050 0,005438
мир 0,000000 0,000000
вернуться 0,006689 0,000013
херсонский 5,010635 0,010062
весь 1,078810 0,002166
индия 0,076161 0,000153
структура 0,000000 0,000000
очередь 2,014903 0,004046
российский 0,033902 0,000340
ран 3,218876 0,006464
бояться 2,120264 0,004258
проводить 2,708050 0,005438
обитание 0,000000 0,000000
заявлять 3,064725 0,006154
бывший 0,000000 0,000000
планировать 2,612740 0,005246
конец 1,643339 0,003300
майк 3,218876 0,006464
называть 1,791759 0,003598
россия 0,000000 0,000000
интернет 0,000000 0,000000
гончаров 3,912023 0,007855
маккартень 0,097980 0,000197
ооо 0,000000 0,000000
свой 0,020203 0,000041
республика 2,371578 0,004762
ранее 1,003302 0,002015
ситуация 1,484275 0,002980
проблема 0,047791 0,000192
данные 1,678431 0,003370
требование 2,014903 0,004046
также 0,762140 0,001530
гид 0,076161 0,000153
технологийминь 0,000000 0,000000
украина 0,805943 0,014565
город 0,047791 0,000096
обсуждать 2,177422 0,008745
убедить 2,302585 0,004624
американский 0,054808 0,000440
телефонный 1,643339 0,003300
связать 2,066196 0,004149
великий 2,238047 0,004494
сложный 2,302585 0,004624
галерея 0,000000 0,000000
прекращение 1,714798 0,003443
внешность 0,097980 0,000197
научный 3,218876 0,006464
представитель 1,678431 0,003370
положить 3,401197 0,006830
сотрудник 0,068993 0,000277
территория 1,609438 0,019391
начаться 0,033902 0,000068
зеленский 0,054808 0,000660
силовой 0,000000 0,000000
европа 1,791759 0,003598
передача 2,708050 0,005438
пляжный 0,097980 0,000197
эмоция 0,047791 0,000096
сеть 0,090654 0,000182
отдать 2,813411 0,005649
всерьёз 3,912023 0,007855
судить 2,813411 0,005649
собственный 2,525729 0,005072
хотя 2,445686 0,004911
азия 2,445686 0,004911
всеприбалтикаукраинабелоруссиямолдавиязакавказьесредний 2,525729 0,005072
блохин 4,317488 0,008670
определять 3,912023 0,007855
выражать 0,047791 0,000192
число 1,226446 0,004925
донецкий 3,912023 0,007855
читать 0,040822 0,000082
саудовский 2,612740 0,005246
военнослужащий 0,068993 0,000139
насчёт 4,317488 0,008670
знать 1,576648 0,003166
накапливать 0,047791 0,000096
дональд 1,544899 0,003102
контроль 1,714798 0,017217
отказ 2,120264 0,004258
оценивать 0,047791 0,000096
сравнить 3,064725 0,006154
байконур 0,097980 0,000197
пережить 2,302585 0,004624
редакциярекламаконтактыпресс 0,000000 0,000000
оба 2,445686 0,004911
видео 0,000000 0,000000
эксперт 1,966113 0,003948
депутат 0,068993 0,000139
прогресс 0,090654 0,000182
будущий 2,931194 0,017658
обеспокоить 3,912023 0,007855
война 1,455287 0,002922
указывать 3,218876 0,006464
согласиться 2,066196 0,012447
форма 0,061875 0,000124
нажать 0,000000 0,000000
оперативный 2,014903 0,004046
дом 0,061875 0,000373
последний 0,083382 0,000167
ссылка 2,931194 0,005886
сторона 1,321756 0,007962
культура 0,000000 0,000000
некоторый 1,576648 0,003166
момент 1,399717 0,005621
крым 3,401197 0,006830
обсудить 0,415515 0,000834
архив 0,000000 0,000000
зависеть 2,813411 0,005649
несмотря 2,120264 0,004258
коллега 1,791759 0,003598
статья 0,000000 0,000000
константин 2,813411 0,005649
заявить 0,061875 0,000373
сша 0,040822 0,000574
лидер 1,347074 0,002705
отношение 1,226446 0,002463
бонус 0,047791 0,000192
среда 0,000000 0,000000
опасаться 3,064725 0,012308
раскрытие 0,076161 0,000153
говорить 1,160488 0,004661
мировой 1,752539 0,003519
значить 3,912023 0,007855
редактор 0,556288 0,001117
остаться 0,047791 0,000192
граница 2,014903 0,004046
настоящий 2,445686 0,004911
близкий 1,875141 0,003765
получить 1,059392 0,002127
эксклюзив 0,000000 0,000000
уволить 0,076161 0,000153
похожий 2,371578 0,004762
территориальный 3,912023 0,023566
скидка 0,047791 0,000096
секрет 2,302585 0,004624
москва 1,021651 0,002052
комментарий 1,427116 0,002866
тема 1,297063 0,005209
столько 2,525729 0,005072
запорожский 3,064725 0,006154
алина 3,401197 0,006830
погружаться 0,047791 0,000096
увлекательный 0,047791 0,000096
использованияполитик 0,000000 0,000000
риа 1,272966 0,002556
команда 1,919593 0,003855
большой 1,714798 0,003443
обсуждаться 4,317488 0,008670
деактивировать 0,013423 0,000027
рекомендательный 0,000000 0,000000
белый 1,609438 0,006464
конференция 3,218876 0,006464
переговоры 0,047791 0,000288
промежуточный 3,912023 0,007855
получать 0,033902 0,000068
год 0,521999 0,001048
хотеть 0,013423 0,000054
обратиться 0,076161 0,000153
перейти 2,445686 0,004911
забота 0,000000 0,000000
сбер 0,040822 0,000082
пожаловать 0,013423 0,000027
стать 0,499776 0,001004
уступка 3,912023 0,015711
безопасность 2,014903 0,012138
трамп 0,054808 0,001211
ведущий 2,371578 0,004762
работать 0,027029 0,000054
траектория 3,912023 0,007855
преддверие 5,010635 0,010062
крупный 0,054808 0,000220
огонь 1,609438 0,003232
операция 1,514128 0,003040
спецпроект 0,000000 0,000000
это 0,020203 0,000162
победа 0,000000 0,000000
украинский 0,047791 0,000480
слово 0,820981 0,001649
привести 1,427116 0,002866
белоус 0,076161 0,000153
прибыть 0,083382 0,000167
два 0,033902 0,000136
президент 0,851752 0,015393
новость 0,000000 0,000000
вашингтон 2,066196 0,004149
туристка 0,076161 0,000153
мотор 0,000000 0,000000
помощник 3,401197 0,020489
сми 0,000000 0,000000
акция 0,047791 0,000096
наслать 0,000000 0,000000
катастрофа 2,525729 0,005072
жизнь 0,000000 0,000000
жилец 0,068993 0,000139
пояснить 2,931194 0,005886
предречь 0,076161 0,000306
жать 0,013423 0,000027
войти 0,000000 0,000000
место 0,027029 0,000054
свет 0,054808 0,000110
регион 0,076161 0,000153
решение 1,544899 0,003102
мс 0,097980 0,000197
уолтц 3,624341 0,007278
март 0,040822 0,000410
военный 0,020203 0,000041
аравия 2,612740 0,005246
летний 0,047791 0,000096
рада 0,068993 0,000139
экономика 0,000000 0,000000
политик 2,612740 0,005246
обсуждение 2,931194 0,005886
уход 0,076161 0,000153
опечатка 0,000000 0,000000
почему 0,899761 0,001807
указать 1,966113 0,003948
хороший 0,006689 0,000013
спор 0,097980 0,000197
добавить 1,966113 0,003948
писать 1,752539 0,007038
отключить 1,514128 0,003040
вызвать 0,090654 0,000182
киев 1,714798 0,017217
обычный 0,013423 0,000027
грядущий 3,401197 0,006830
конфиденциальность 0,047791 0,000096
ялтинский 4,317488 0,017339
путин 0,967584 0,011658
владимир 1,160488 0,009321
держава 3,912023 0,007855
действие 1,714798 0,003443
изнасиловать 0,076161 0,000153
продолжать 0,033902 0,000068
реальный 0,013423 0,000027
развитие 2,120264 0,004258
ссср 0,000000 0,000000
техника 0,000000 0,000000
тысяча 0,054808 0,000110
курский 1,791759 0,003598
запланировать 3,624341 0,007278
всу 1,373049 0,002757
политолог 2,708050 0,005438
вопрос 1,021651 0,012309
затопить 0,076161 0,000153
кэролайна 4,317488 0,008670
игра 0,000000 0,000000
аэс 3,912023 0,007855
внимание 1,966113 0,003948
обменивать 0,047791 0,000096
минь 0,000000 0,000000
условие 0,033902 0,000136
ваш 0,047791 0,000096
главное 0,000000 0,000000
порт 3,401197 0,027319
встреча 1,832581 0,003680
медитация 0,076161 0,000153
правда 0,040822 0,000082
американист 4,317488 0,008670
думать 1,791759 0,007196
высказаться 2,238047 0,004494
информация 1,514128 0,003040
критически 5,010635 0,010062
напрямую 3,401197 0,013659
событие 1,919593 0,003855
скоро 3,064725 0,006154
видеть 0,013423 0,000027
реакция 0,047791 0,000192
материал 0,000000 0,000000
наука 0,000000 0,000000
быть 1,399717 0,005621
второй 1,643339 0,003300
аналогия 5,010635 0,010062
