состоять 2,931194 0,007633
полагать 2,445686 0,006369
ру 0,000000 0,000000
камера 2,612740 0,006804
банк 0,068993 0,000180
лента 0,000000 0,000000
загадочный 2,931194 0,038167
новый 0,000000 0,000000
надпись 3,401197 0,008857
день 0,033902 0,000088
найти 1,678431 0,017484
перемирие 0,076161 0,000198
жуткий 3,912023 0,010188
спорт 0,000000 0,000000
отвести 0,076161 0,000198
добро 0,013423 0,000105
свидетельство 3,912023 0,010188
сам 1,226446 0,003194
согласие 0,047791 0,000124
путешествие 0,000000 0,000000
четыре 0,040822 0,000106
страдивари 5,010635 0,013049
скудный 4,317488 0,011243
конфликт 0,061875 0,000161
конфиденциальностиправить 0,000000 0,000000
пол 0,090654 0,000236
помощь 0,027029 0,000070
спорить 4,317488 0,011243
предположение 4,317488 0,011243
вода 0,054808 0,000143
правило 2,445686 0,006369
помещение 2,612740 0,006804
фото 0,061875 0,000322
царь 4,317488 0,022487
политика 0,040822 0,000106
сохаг 5,010635 0,013049
применение 0,000000 0,000000
коллекция 5,010635 0,013049
кирпич 5,010635 0,013049
пенсильванский 5,010635 0,013049
находка 5,010635 0,039146
богиня 5,010635 0,013049
течение 1,966113 0,005120
земля 1,919593 0,004999
удивительный 5,010635 0,013049
ценность 0,000000 0,000000
мир 0,000000 0,000000
вернуться 0,006689 0,000017
индия 0,076161 0,000198
структура 0,000000 0,000000
остаток 5,010635 0,013049
предшественник 5,010635 0,013049
оставить 2,238047 0,005828
гебель 5,010635 0,013049
российский 0,033902 0,000177
анубис 5,010635 0,013049
расположить 3,064725 0,015962
обитание 0,000000 0,000000
бывший 0,000000 0,000000
время 0,693147 0,001805
называть 1,791759 0,009332
россия 0,000000 0,000000
интернет 0,000000 0,000000
маккартень 0,097980 0,000255
ооо 0,000000 0,000000
свой 0,020203 0,000053
существование 2,813411 0,007327
фараон 5,010635 0,013049
ранее 1,003302 0,002613
проблема 0,047791 0,000124
свод 5,010635 0,013049
составлять 2,302585 0,005996
исида 5,010635 0,013049
погрести 5,010635 0,013049
январь 1,514128 0,003943
гид 0,076161 0,000198
технологийминь 0,000000 0,000000
город 0,047791 0,000124
правитель 4,317488 0,011243
американский 0,054808 0,000143
метр 2,931194 0,015267
захоронение 5,010635 0,013049
галерея 0,000000 0,000000
прийтись 2,120264 0,005522
внешность 0,097980 0,000255
степень 3,401197 0,008857
сотрудник 0,068993 0,000180
начаться 0,033902 0,000088
зеленский 0,054808 0,000285
мистический 4,317488 0,011243
работа 0,899761 0,002343
неубедительный 5,010635 0,013049
силовой 0,000000 0,000000
увенчать 5,010635 0,013049
пляжный 0,097980 0,000255
эмоция 0,047791 0,000124
сеть 0,090654 0,000236
однако 1,249435 0,003254
ход 1,678431 0,004371
сенебкай 5,010635 0,026097
выражать 0,047791 0,000249
раскопка 5,010635 0,026097
вход 4,317488 0,011243
число 1,226446 0,003194
украшение 4,317488 0,011243
читать 0,040822 0,000106
военнослужащий 0,068993 0,000180
накапливать 0,047791 0,000124
известняк 5,010635 0,013049
династия 3,624341 0,075507
учёный 2,525729 0,013155
древний 4,317488 0,022487
оценивать 0,047791 0,000124
происшествие 2,813411 0,007327
байконур 0,097980 0,000255
редакциярекламаконтактыпресс 0,000000 0,000000
монолит 5,010635 0,013049
видео 0,000000 0,000000
значительный 2,931194 0,007633
эксперт 1,966113 0,005120
депутат 0,068993 0,000180
подтверждать 3,401197 0,008857
вселюдизвериедапроисшествияперсонысчастливчикианомалия 2,813411 0,007327
египетский 5,010635 0,013049
прогресс 0,090654 0,000236
форма 0,061875 0,000161
нажать 0,000000 0,000000
последний 0,083382 0,000217
дом 0,061875 0,000161
брать 2,445686 0,006369
культура 0,000000 0,000000
моллюск 5,010635 0,013049
верхний 4,317488 0,011243
обсудить 0,415515 0,001082
эра 3,064725 0,007981
архив 0,000000 0,000000
статья 0,000000 0,000000
добраться 3,064725 0,007981
заявить 0,061875 0,000161
клад 4,317488 0,022487
сша 0,040822 0,000106
странный 3,064725 0,007981
бонус 0,047791 0,000249
среда 0,000000 0,000000
раскрытие 0,076161 0,000198
наш 1,347074 0,003508
ранний 2,120264 0,005522
кость 3,624341 0,009438
остаться 0,047791 0,000124
многий 2,708050 0,007052
внутри 2,445686 0,006369
эксклюзив 0,000000 0,000000
уволить 0,076161 0,000198
скидка 0,047791 0,000124
нидерланды 3,912023 0,010188
абидос 5,010635 0,078291
тема 1,297063 0,003378
археолог 5,010635 0,065243
погружаться 0,047791 0,000124
около 1,678431 0,004371
увлекательный 0,047791 0,000124
справедливость 5,010635 0,013049
использованияполитик 0,000000 0,000000
изображение 3,912023 0,010188
деньга 1,875141 0,004883
команда 1,919593 0,004999
деактивировать 0,013423 0,000035
гробница 3,401197 0,088573
рекомендательный 0,000000 0,000000
прочий 3,912023 0,010188
переговоры 0,047791 0,000124
получать 0,033902 0,000088
год 0,521999 0,008156
хотеть 0,013423 0,000035
обратиться 0,076161 0,000198
забота 0,000000 0,000000
сбер 0,040822 0,000106
пожаловать 0,013423 0,000035
трамп 0,054808 0,000143
работать 0,027029 0,000070
взглянуть 5,010635 0,013049
который 0,521999 0,002719
возможно 2,813411 0,007327
крупный 0,054808 0,000285
совместный 3,401197 0,008857
тайник 4,317488 0,011243
спецпроект 0,000000 0,000000
это 0,020203 0,000105
мухафаза 5,010635 0,013049
семь 2,708050 0,007052
победа 0,000000 0,000000
украинский 0,047791 0,000124
привести 1,427116 0,003716
белоус 0,076161 0,000198
некрополь 5,010635 0,013049
обнаружить 2,445686 0,012738
прибыть 0,083382 0,000217
два 0,033902 0,000177
нефтида 5,010635 0,013049
загадка 3,624341 0,009438
египет 3,401197 0,053144
тайна 3,064725 0,007981
новость 0,000000 0,000000
туристка 0,076161 0,000198
мотор 0,000000 0,000000
сми 0,000000 0,000000
акция 0,047791 0,000124
наслать 0,000000 0,000000
первоначально 5,010635 0,013049
гравюра 5,010635 0,013049
жизнь 0,000000 0,000000
жилец 0,068993 0,000180
стройплощадка 5,010635 0,013049
предречь 0,076161 0,000397
жать 0,013423 0,000035
войти 0,000000 0,000000
место 0,027029 0,000141
свет 0,054808 0,000143
фактический 5,010635 0,013049
регион 0,076161 0,000198
мс 0,097980 0,000255
март 0,040822 0,000106
возраст 2,708050 0,014104
относиться 2,302585 0,005996
военный 0,020203 0,000053
нераскрытый 5,010635 0,013049
летний 0,047791 0,000124
рада 0,068993 0,000180
экономика 0,000000 0,000000
уход 0,076161 0,000198
опечатка 0,000000 0,000000
указать 1,966113 0,005120
принадлежать 2,931194 0,007633
хороший 0,006689 0,000017
спор 0,097980 0,000255
писать 1,752539 0,004564
юг 5,010635 0,013049
вызвать 0,090654 0,000236
апрель 2,525729 0,006577
обычный 0,013423 0,000035
конфиденциальность 0,047791 0,000124
университет 3,218876 0,008382
черташа 5,010635 0,013049
изнасиловать 0,076161 0,000198
продолжать 0,033902 0,000088
сырцовый 5,010635 0,013049
бок 4,317488 0,011243
реальный 0,013423 0,000035
царский 3,624341 0,047192
ссср 0,000000 0,000000
техника 0,000000 0,000000
тысяча 0,054808 0,000428
иероглифический 5,010635 0,013049
углубиться 5,010635 0,013049
монета 5,010635 0,013049
погребальный 5,010635 0,013049
пять 1,484275 0,003865
археологический 5,010635 0,013049
антонин 5,010635 0,013049
исторический 3,064725 0,007981
себезолото 5,010635 0,013049
затопить 0,076161 0,000198
игра 0,000000 0,000000
поскольку 2,238047 0,005828
обменивать 0,047791 0,000124
минь 0,000000 0,000000
высота 3,624341 0,009438
скрипка 5,010635 0,013049
условие 0,033902 0,000177
ваш 0,047791 0,000124
имя 1,875141 0,004883
главное 0,000000 0,000000
медитация 0,076161 0,000198
правда 0,040822 0,000106
сообщаться 2,371578 0,006176
дьявол 5,010635 0,013049
язычник 5,010635 0,013049
позволять 2,177422 0,005670
группировка 2,445686 0,006369
видеть 0,013423 0,000035
реакция 0,047791 0,000249
самый 0,883501 0,002301
материал 0,000000 0,000000
наука 0,000000 0,000000
