вредный 2,612740 0,026935
долгий 2,371578 0,012225
приводить 2,931194 0,007555
ру 0,000000 0,000000
банк 0,068993 0,000178
лента 0,000000 0,000000
антюфеев 5,010635 0,038742
новый 0,000000 0,000000
день 0,033902 0,000087
нагрузка 3,624341 0,009341
образ 1,514128 0,003902
перемирие 0,076161 0,000196
спорт 0,000000 0,000000
кевин 4,317488 0,011128
провоцировать 3,912023 0,020165
отвести 0,076161 0,000196
пиво 3,912023 0,010083
этот 1,427116 0,003678
добро 0,013423 0,000104
согласие 0,047791 0,000123
путешествие 0,000000 0,000000
четыре 0,040822 0,000105
мозг 3,624341 0,009341
живот 3,624341 0,009341
грибок 5,010635 0,012914
конфликт 0,061875 0,000159
конфиденциальностиправить 0,000000 0,000000
александр 1,373049 0,003539
пол 0,090654 0,000234
помощь 0,027029 0,000070
декабрь 1,966113 0,005067
отметить 1,399717 0,003608
человек 0,762140 0,001964
вода 0,054808 0,000141
фото 0,061875 0,000319
тяжёлый 1,791759 0,004618
политика 0,040822 0,000105
применение 0,000000 0,000000
похудеть 4,317488 0,011128
давление 2,302585 0,005934
призвать 1,791759 0,004618
сочетать 4,317488 0,033383
всепитание 3,401197 0,008766
картофель 3,401197 0,017532
усиленный 5,010635 0,012914
морган 5,010635 0,012914
напротив 5,010635 0,012914
вес 3,218876 0,008296
отдел 0,579818 0,001494
углевод 5,010635 0,012914
ценность 0,000000 0,000000
мир 0,000000 0,000000
вернуться 0,006689 0,000017
снижение 2,612740 0,006734
индия 0,076161 0,000196
структура 0,000000 0,000000
кофеин 4,317488 0,022255
головной 4,317488 0,011128
лисица 5,010635 0,012914
гликемический 5,010635 0,012914
российский 0,033902 0,000175
гастроэнтеролог 3,912023 0,040330
стол 2,931194 0,007555
обитание 0,000000 0,000000
профессор 3,218876 0,008296
бывший 0,000000 0,000000
россия 0,000000 0,000000
интернет 0,000000 0,000000
переизбыток 5,010635 0,012914
простой 2,238047 0,005768
маккартень 0,097980 0,000253
ооо 0,000000 0,000000
внутренний 3,401197 0,008766
десерт 5,010635 0,012914
свой 0,020203 0,000052
ранее 1,003302 0,002586
проблема 0,047791 0,000123
скачок 5,010635 0,012914
также 0,762140 0,001964
назвать 1,021651 0,007899
гид 0,076161 0,000196
технологийминь 0,000000 0,000000
город 0,047791 0,000123
усваивать 5,010635 0,012914
американский 0,054808 0,000141
желудочный 4,317488 0,011128
колледж 5,010635 0,012914
бесполезный 2,931194 0,007555
галерея 0,000000 0,000000
выпить 3,912023 0,010083
внешность 0,097980 0,000253
сотрудник 0,068993 0,000178
спиртное 3,912023 0,010083
употреблять 3,912023 0,010083
приступ 4,317488 0,011128
начаться 0,033902 0,000087
зеленский 0,054808 0,000283
работа 0,899761 0,002319
силовой 0,000000 0,000000
оставаться 1,875141 0,004833
бобовый 5,010635 0,012914
пляжный 0,097980 0,000253
эмоция 0,047791 0,000123
сеть 0,090654 0,000234
университетский 5,010635 0,012914
повышать 2,708050 0,006980
индекс 4,317488 0,011128
сочетание 3,912023 0,010083
однако 1,249435 0,003220
питание 2,708050 0,006980
лондон 2,445686 0,006303
выражать 0,047791 0,000246
читать 0,040822 0,000105
усиливать 4,317488 0,011128
военнослужащий 0,068993 0,000178
накапливать 0,047791 0,000123
похмельный 4,317488 0,011128
отказ 2,120264 0,005465
вид 1,514128 0,003902
кроме 1,427116 0,007356
оценивать 0,047791 0,000123
байконур 0,097980 0,000253
один 0,836248 0,002155
редакциярекламаконтактыпресс 0,000000 0,000000
оба 2,445686 0,006303
видео 0,000000 0,000000
тошнота 4,317488 0,011128
депутат 0,068993 0,000178
фасоль 4,317488 0,011128
прогресс 0,090654 0,000234
форма 0,061875 0,000159
нажать 0,000000 0,000000
последний 0,083382 0,000215
дом 0,061875 0,000159
танин 5,010635 0,012914
сосуд 3,912023 0,010083
культура 0,000000 0,000000
непереработать 5,010635 0,012914
некоторый 1,576648 0,004064
обсудить 0,415515 0,001071
архив 0,000000 0,000000
валерий 3,218876 0,008296
сосудорасширяющий 5,010635 0,012914
шоколад 3,912023 0,020165
статья 0,000000 0,000000
вздутие 5,010635 0,012914
заявить 0,061875 0,000159
комбинация 4,317488 0,011128
сша 0,040822 0,000105
организм 3,064725 0,007899
бонус 0,047791 0,000246
среда 0,000000 0,000000
раскрытие 0,076161 0,000196
дрожжи 5,010635 0,012914
чечевица 3,912023 0,010083
редактор 0,556288 0,001434
остаться 0,047791 0,000123
эксклюзив 0,000000 0,000000
уволить 0,076161 0,000196
сонуход 3,401197 0,008766
скидка 0,047791 0,000123
пространствоментальный 3,401197 0,008766
меню 2,931194 0,007555
тема 1,297063 0,003343
объяснить 1,484275 0,003825
врач 2,066196 0,015976
поступать 3,218876 0,008296
погружаться 0,047791 0,000123
сердцебиение 5,010635 0,012914
оказывать 3,218876 0,008296
увлекательный 0,047791 0,000123
использованияполитик 0,000000 0,000000
большой 1,714798 0,004420
закуска 3,624341 0,028023
деактивировать 0,013423 0,000035
фри 5,010635 0,025828
солёный 3,912023 0,010083
рекомендательный 0,000000 0,000000
алкоголь 2,612740 0,067339
переговоры 0,047791 0,000123
известие 4,317488 0,011128
получать 0,033902 0,000087
мешать 3,624341 0,009341
хотеть 0,013423 0,000035
обратиться 0,076161 0,000196
забота 0,000000 0,000000
кишечный 3,912023 0,010083
сбер 0,040822 0,000105
пожаловать 0,013423 0,000035
нужно 1,791759 0,004618
похмелие 3,912023 0,010083
трамп 0,054808 0,000141
работать 0,027029 0,000070
обезвоживание 4,317488 0,011128
крупный 0,054808 0,000283
желать 3,064725 0,007899
закусывать 5,010635 0,012914
например 1,791759 0,004618
вызывать 2,708050 0,006980
синдром 3,624341 0,009341
спецпроект 0,000000 0,000000
это 0,020203 0,000208
победа 0,000000 0,000000
украинский 0,047791 0,000123
слово 0,820981 0,006348
пища 3,624341 0,009341
привести 1,427116 0,003678
рост 1,791759 0,004618
белоус 0,076161 0,000196
прибыть 0,083382 0,000215
два 0,033902 0,000175
рассказать 0,985284 0,005079
щавелевый 5,010635 0,012914
новость 0,000000 0,000000
туристка 0,076161 0,000196
мотор 0,000000 0,000000
сми 0,000000 0,000000
акция 0,047791 0,000123
стоить 1,714798 0,004420
наслать 0,000000 0,000000
такой 1,003302 0,002586
плюс 3,218876 0,008296
жизнь 0,000000 0,000000
жилец 0,068993 0,000178
предречь 0,076161 0,000393
сладкое 5,010635 0,012914
жать 0,013423 0,000035
войти 0,000000 0,000000
марш 5,010635 0,012914
место 0,027029 0,000070
свет 0,054808 0,000141
регион 0,076161 0,000196
тракт 4,317488 0,011128
трезвый 5,010635 0,012914
мс 0,097980 0,000253
мур 4,317488 0,011128
март 0,040822 0,000105
раздражать 4,317488 0,011128
военный 0,020203 0,000052
летний 0,047791 0,000123
перечислить 3,064725 0,007899
слизистая 5,010635 0,012914
рада 0,068993 0,000178
экономика 0,000000 0,000000
тот 1,427116 0,003678
уход 0,076161 0,000196
опечатка 0,000000 0,000000
почему 0,899761 0,002319
кровь 2,612740 0,006734
содержать 3,912023 0,010083
гепатология 5,010635 0,012914
хороший 0,006689 0,000034
вино 3,624341 0,009341
спор 0,097980 0,000253
собойокружающий 3,401197 0,008766
вина 3,401197 0,008766
добавить 1,966113 0,005067
рецепт 4,317488 0,011128
вызвать 0,090654 0,000467
обычный 0,013423 0,000035
нарушение 2,931194 0,007555
конфиденциальность 0,047791 0,000123
количество 1,576648 0,004064
содержаться 3,912023 0,020165
хлеб 3,401197 0,008766
действие 1,714798 0,004420
орган 2,177422 0,005612
изнасиловать 0,076161 0,000196
продолжать 0,033902 0,000087
здоровьеотношение 3,401197 0,008766
реальный 0,013423 0,000035
ссср 0,000000 0,000000
техника 0,000000 0,000000
желание 2,612740 0,006734
тысяча 0,054808 0,000141
желудок 3,912023 0,020165
учащённый 5,010635 0,012914
затопить 0,076161 0,000196
железо 3,912023 0,010083
способствовать 3,624341 0,018682
сон 3,064725 0,015798
игра 0,000000 0,000000
обменивать 0,047791 0,000123
минь 0,000000 0,000000
воспаление 4,317488 0,011128
условие 0,033902 0,000175
ваш 0,047791 0,000123
главное 0,000000 0,000000
медитация 0,076161 0,000196
правда 0,040822 0,000105
присутствовать 3,624341 0,009341
блюдо 2,813411 0,007251
кислота 4,317488 0,011128
опасный 2,238047 0,005768
видеть 0,013423 0,000035
реакция 0,047791 0,000246
август 2,445686 0,006303
самый 0,883501 0,011385
сужать 5,010635 0,012914
материал 0,000000 0,000000
наука 0,000000 0,000000
какой 1,203973 0,003103
продукт 2,120264 0,027323
беседа 1,752539 0,004517
