состояться 2,014903 0,006754
ру 0,000000 0,000000
рф 1,514128 0,001692
личный 1,791759 0,004004
банк 0,068993 0,000077
новый 0,000000 0,000000
день 0,033902 0,000076
разрушительный 3,912023 0,004371
найти 1,678431 0,001875
перемирие 0,076161 0,000170
газета 2,302585 0,002573
переустройство 5,010635 0,005598
отвести 0,076161 0,000085
литва 3,624341 0,004050
успех 2,238047 0,002501
добро 0,013423 0,000045
согласие 0,047791 0,000053
частность 2,525729 0,002822
вероятно 2,813411 0,003143
центр 1,752539 0,001958
путешествие 0,000000 0,000000
мид 3,064725 0,003424
конфликт 0,061875 0,000138
очный 4,317488 0,004824
проиграть 2,445686 0,002733
помощь 0,027029 0,000060
пол 0,090654 0,000101
секретарь 2,708050 0,006052
вода 0,054808 0,000061
фото 0,061875 0,000277
политика 0,040822 0,000137
связь 1,714798 0,003832
разговор 1,160488 0,015560
обязательство 4,317488 0,004824
иностранный 1,919593 0,002145
о 3,912023 0,004371
двусторонний 3,624341 0,008099
насколько 3,624341 0,004050
исследование 2,708050 0,003026
экс 2,066196 0,006926
определить 2,612740 0,002919
область 1,272966 0,001422
первоначальный 3,624341 0,004050
сила 1,321756 0,002954
мир 0,000000 0,000000
запад 1,919593 0,002145
весь 1,078810 0,002411
индия 0,076161 0,000085
заголовок 3,401197 0,003800
структура 0,000000 0,000000
сценарий 3,064725 0,003424
сийяртый 5,010635 0,005598
дело 1,249435 0,001396
бывший 0,000000 0,000000
время 0,693147 0,006196
майк 3,218876 0,003597
называть 1,791759 0,002002
маккартень 0,097980 0,000109
ооо 0,000000 0,000000
отменить 2,525729 0,002822
подписание 4,317488 0,009648
ситуация 1,484275 0,004975
согласовать 3,401197 0,003800
европеец 4,317488 0,004824
проблема 0,047791 0,000107
режим 1,966113 0,002197
также 0,762140 0,005109
технологийминь 0,000000 0,000000
аннален 4,317488 0,004824
украина 0,805943 0,008104
город 0,047791 0,000053
обсуждать 2,177422 0,002433
подробность 2,066196 0,004617
трамппрезидент 4,317488 0,004824
дмитрий 2,238047 0,002501
прошлый 3,064725 0,003424
следовать 1,966113 0,002197
час 1,455287 0,003252
галерея 0,000000 0,000000
шанс 2,931194 0,006550
внешность 0,097980 0,000109
научный 3,218876 0,003597
пытаться 1,347074 0,001505
территория 1,609438 0,005395
находиться 1,399717 0,001564
безоговорочный 5,010635 0,005598
начаться 0,033902 0,000038
силовой 0,000000 0,000000
показать 1,484275 0,003317
сюжетпресс 4,317488 0,004824
пляжный 0,097980 0,000109
реанимация 3,401197 0,007600
судить 2,813411 0,003143
кремль 2,177422 0,009731
вооружённый 1,678431 0,001875
однако 1,249435 0,002792
последствие 1,875141 0,006285
себя 2,014903 0,002251
выражать 0,047791 0,000107
офис 3,064725 0,003424
система 1,643339 0,001836
преждевременно 4,317488 0,004824
читать 0,040822 0,000046
дональд 1,544899 0,003452
рекомендовать 3,912023 0,004371
дрожать 2,931194 0,006550
надеяться 2,931194 0,003275
оценивать 0,047791 0,000053
байконур 0,097980 0,000109
пережить 2,302585 0,002573
редакциярекламаконтактыпресс 0,000000 0,000000
спецпредставитель 4,317488 0,004824
иметь 1,832581 0,002048
совет 1,714798 0,005748
уиткофф 3,064725 0,003424
видео 0,000000 0,000000
польша 3,401197 0,003800
мера 2,445686 0,002733
оценить 2,066196 0,004617
часть 1,484275 0,001658
последний 0,083382 0,000093
московский 2,014903 0,002251
ссылка 2,931194 0,003275
сторона 1,321756 0,001477
журналист 1,966113 0,002197
вовсе 3,401197 0,003800
некоторый 1,576648 0,003523
момент 1,399717 0,001564
обсудить 0,415515 0,001857
архив 0,000000 0,000000
константин 2,813411 0,006287
заявить 0,061875 0,000691
сша 0,040822 0,000684
лидер 1,347074 0,007526
грозить 2,708050 0,003026
всеполитикаобществопроисшествияконфликтыпреступность 2,014903 0,002251
карпентер 5,010635 0,005598
бонус 0,047791 0,000107
среда 0,000000 0,000000
опасаться 3,064725 0,003424
раскрытие 0,076161 0,000085
говорить 1,160488 0,002593
остаться 0,047791 0,000053
латвия 4,317488 0,004824
совпадать 4,317488 0,004824
эксклюзив 0,000000 0,000000
уволить 0,076161 0,000085
похожий 2,371578 0,002650
скидка 0,047791 0,000053
чиновник 2,931194 0,006550
москва 1,021651 0,004566
секрет 2,302585 0,002573
ожидаться 3,401197 0,007600
запорожский 3,064725 0,003424
соединить 3,624341 0,004050
погружаться 0,047791 0,000053
администрация 2,931194 0,003275
опыт 2,813411 0,003143
лицо 1,966113 0,002197
большой 1,714798 0,001916
конференция 3,218876 0,010790
являться 1,714798 0,001916
промежуточный 3,912023 0,004371
получать 0,033902 0,000038
наоборот 2,813411 0,003143
высокопоставленный 4,317488 0,004824
хотеть 0,013423 0,000045
предстоять 3,401197 0,003800
подготовка 2,302585 0,002573
работать 0,027029 0,000030
траектория 3,912023 0,004371
возможно 2,813411 0,006287
архитектура 4,317488 0,004824
вызывать 2,708050 0,003026
огонь 1,609438 0,005395
операция 1,514128 0,001692
спецпроект 0,000000 0,000000
это 0,020203 0,000068
украинский 0,047791 0,000160
слово 0,820981 0,005504
американец 3,401197 0,003800
два 0,033902 0,000152
субконтинент 5,010635 0,005598
новость 0,000000 0,000000
вашингтон 2,066196 0,006926
туристка 0,076161 0,000085
мотор 0,000000 0,000000
стоить 1,714798 0,001916
наслать 0,000000 0,000000
жизнь 0,000000 0,000000
рычаг 4,317488 0,004824
жать 0,013423 0,000015
войти 0,000000 0,000000
ссора 3,064725 0,003424
сообща 5,010635 0,005598
финляндия 2,931194 0,003275
дипломат 3,624341 0,012149
допустить 2,813411 0,003143
считать 1,373049 0,004602
нечто 3,912023 0,004371
уход 0,076161 0,000085
почему 0,899761 0,003016
восстановление 3,218876 0,003597
хороший 0,006689 0,000015
спор 0,097980 0,000109
германия 2,066196 0,002309
сплочённо 5,010635 0,005598
добавить 1,966113 0,004394
невысокий 4,317488 0,004824
отключить 1,514128 0,001692
готовиться 2,371578 0,002650
играть 2,708050 0,003026
обычный 0,013423 0,000015
ждать 1,714798 0,003832
конфиденциальность 0,047791 0,000053
ялтинский 4,317488 0,014472
путин 0,967584 0,025946
изнасиловать 0,076161 0,000085
продолжать 0,033902 0,000038
ссср 0,000000 0,000000
техника 0,000000 0,000000
настроение 3,064725 0,003424
озвучить 3,064725 0,003424
итог 1,678431 0,005626
обязательный 3,064725 0,003424
февраль 1,160488 0,001297
ошибка 2,525729 0,002822
идти 1,297063 0,002898
дневный 2,612740 0,005839
вопрос 1,021651 0,004566
игра 0,000000 0,000000
уточнить 2,708050 0,006052
минь 0,000000 0,000000
отойти 3,401197 0,003800
ваш 0,047791 0,000053
главное 0,000000 0,000000
юлиан 5,010635 0,011197
медитация 0,076161 0,000085
американист 4,317488 0,009648
высказаться 2,238047 0,002501
издание 2,238047 0,002501
песок 2,931194 0,009825
дальнейший 2,813411 0,003143
потребоваться 3,624341 0,004050
значимость 2,931194 0,003275
раскрыть 1,643339 0,001836
джо 3,624341 0,004050
позволять 2,177422 0,002433
реакция 0,047791 0,000107
неделя 1,919593 0,004290
вступление 3,401197 0,003800
вечером 3,064725 0,003424
материал 0,000000 0,000000
сообщить 1,297063 0,001449
беседа 1,752539 0,009791
европейский 2,120264 0,004738
быть 1,399717 0,001564
полагать 2,445686 0,005465
лента 0,000000 0,000000
блохинполитолог 5,010635 0,005598
вести 2,014903 0,002251
диалог 2,813411 0,006287
намерить 3,624341 0,004050
роль 1,714798 0,001916
спорт 0,000000 0,000000
ряд 2,525729 0,002822
национальный 2,371578 0,002650
франция 2,931194 0,003275
четыре 0,040822 0,000046
урегулирование 2,238047 0,005001
определяться 3,624341 0,004050
конфиденциальностиправить 0,000000 0,000000
диктатор 4,317488 0,004824
глава 1,321756 0,002954
царить 3,624341 0,004050
применение 0,000000 0,000000
опасение 3,401197 0,007600
дать 1,272966 0,001422
пресс 2,708050 0,006052
призвать 1,791759 0,004004
оружие 2,120264 0,004738
возможный 2,066196 0,006926
действовать 2,238047 0,002501
анастасия 3,401197 0,003800
потенциально 5,010635 0,005598
смочь 1,399717 0,001564
выступление 2,708050 0,003026
важно 2,302585 0,002573
песков 5,010635 0,005598
отдел 0,579818 0,000648
многое 3,064725 0,003424
известно 1,297063 0,001449
ценность 0,000000 0,000000
вернуться 0,006689 0,000007
очередь 2,014903 0,004503
оставить 2,238047 0,002501
кирилл 2,708050 0,003026
стратегический 2,612740 0,002919
байден 3,218876 0,003597
российский 0,033902 0,000189
ран 3,218876 0,003597
нормализация 3,624341 0,012149
обитание 0,000000 0,000000
версия 2,708050 0,003026
россия 0,000000 0,000000
интернет 0,000000 0,000000
смотреть 2,066196 0,002309
рано 3,401197 0,003800
свой 0,020203 0,000045
тревожный 3,064725 0,006849
фрид 5,010635 0,005598
посланник 5,010635 0,005598
эйфория 5,010635 0,005598
репка 5,010635 0,005598
назвать 1,021651 0,002283
договариваться 3,912023 0,004371
гид 0,076161 0,000085
убедить 2,302585 0,002573
сайт 2,931194 0,003275
телефонный 1,643339 0,009181
американский 0,054808 0,000245
напомнить 2,445686 0,002733
великий 2,238047 0,002501
штат 2,708050 0,003026
посредник 4,317488 0,004824
прекращение 1,714798 0,009580
представитель 1,678431 0,007501
выступать 2,525729 0,002822
сотрудник 0,068993 0,000231
зеленский 0,054808 0,000367
европа 1,791759 0,020020
эмоция 0,047791 0,000053
ожидание 2,931194 0,003275
черта 3,401197 0,003800
сеть 0,090654 0,000101
собственный 2,525729 0,002822
пока 1,678431 0,003751
блохин 4,317488 0,004824
должный 1,714798 0,001916
число 1,226446 0,002741
военнослужащий 0,068993 0,000077
знать 1,576648 0,001762
накапливать 0,047791 0,000053
центральный 3,064725 0,006849
контроль 1,714798 0,005748
говориться 2,931194 0,003275
сравнить 3,064725 0,003424
двигаться 2,931194 0,003275
путь 2,066196 0,002309
взаимный 2,931194 0,003275
ущерб 3,401197 0,003800
эксперт 1,966113 0,002197
депутат 0,068993 0,000077
госдеп 5,010635 0,005598
прогресс 0,090654 0,000101
будущий 2,931194 0,006550
обеспокоить 3,912023 0,004371
согласиться 2,066196 0,004617
форма 0,061875 0,000069
нажать 0,000000 0,000000
оперативный 2,014903 0,002251
дом 0,061875 0,000069
брать 2,445686 0,002733
культура 0,000000 0,000000
намного 4,317488 0,009648
поставка 3,218876 0,007193
зависеть 2,813411 0,006287
несмотря 2,120264 0,002369
коллега 1,791759 0,002002
нато 3,624341 0,004050
статья 0,000000 0,000000
венгрия 3,912023 0,004371
великобритания 2,612740 0,002919
ясно 4,317488 0,004824
позиция 1,832581 0,002048
отношение 1,226446 0,012333
вторник 3,218876 0,007193
временной 2,612740 0,002919
наш 1,347074 0,007526
редактор 0,556288 0,000622
граница 2,014903 0,002251
близкий 1,875141 0,002095
получить 1,059392 0,002367
комментарий 1,427116 0,001595
тема 1,297063 0,004348
петер 5,010635 0,005598
следить 2,813411 0,003143
передать 1,966113 0,002197
атомный 3,064725 0,003424
фактически 3,401197 0,003800
стив 3,064725 0,003424
сделать 1,321756 0,001477
увлекательный 0,047791 0,000053
различный 2,525729 0,002822
использованияполитик 0,000000 0,000000
риа 1,272966 0,001422
деактивировать 0,013423 0,000015
дэниел 5,010635 0,005598
рекомендательный 0,000000 0,000000
электростанция 3,401197 0,003800
разный 2,238047 0,002501
переговоры 0,047791 0,000641
заверить 3,218876 0,003597
будущее 2,066196 0,004617
год 0,521999 0,000583
эстония 3,912023 0,004371
нюанс 3,218876 0,003597
обратиться 0,076161 0,000085
министр 2,302585 0,002573
волово 4,317488 0,004824
международный 1,875141 0,002095
забота 0,000000 0,000000
нетерпение 5,010635 0,005598
опровергнуть 2,931194 0,003275
сбер 0,040822 0,000046
пожаловать 0,013423 0,000015
безопасность 2,014903 0,009005
уступка 3,912023 0,004371
трамп 0,054808 0,001592
ведущий 2,371578 0,002650
который 0,521999 0,001166
вывод 2,708050 0,003026
поэтому 1,966113 0,002197
звонок 2,931194 0,006550
крупный 0,054808 0,000122
агентство 2,302585 0,002573
победа 0,000000 0,000000
белоус 0,076161 0,000085
прибыть 0,083382 0,000093
страх 2,238047 0,002501
предстоящий 2,931194 0,016375
репкежурналист 5,010635 0,005598
страна 0,747955 0,000836
президент 0,851752 0,009517
улучшить 3,624341 0,004050
минченко 4,317488 0,009648
сми 0,000000 0,000000
сразу 2,066196 0,002309
акция 0,047791 0,000053
вместе 1,514128 0,003384
жилец 0,068993 0,000077
пояснить 2,931194 0,003275
несколько 1,226446 0,004111
предречь 0,076161 0,000170
предварительный 4,317488 0,004824
уточняться 3,218876 0,003597
место 0,027029 0,000030
свет 0,054808 0,000061
регион 0,076161 0,000170
запрос 3,624341 0,004050
решение 1,544899 0,001726
мс 0,097980 0,000109
никакой 2,302585 0,002573
расширение 2,931194 0,003275
март 0,040822 0,000182
широкий 2,813411 0,003143
военный 0,020203 0,000023
летний 0,047791 0,000053
некий 3,912023 0,004371
действительно 2,612740 0,002919
рада 0,068993 0,000077
экономика 0,000000 0,000000
достигнуть 2,302585 0,002573
слушать 3,401197 0,003800
опечатка 0,000000 0,000000
указать 1,966113 0,004394
соглашение 2,612740 0,005839
писать 1,752539 0,001958
вызвать 0,090654 0,000101
киев 1,714798 0,005748
столица 2,813411 0,003143
внешнеэкономический 5,010635 0,005598
евгений 2,931194 0,003275
количество 1,576648 0,001762
уровень 1,643339 0,001836
владимир 1,160488 0,005187
держава 3,912023 0,004371
либо 1,919593 0,002145
влияние 1,919593 0,002145
реальный 0,013423 0,000015
развитие 2,120264 0,002369
тысяча 0,054808 0,000061
курский 1,791759 0,002002
политолог 2,708050 0,006052
исторический 3,064725 0,003424
официальный 2,238047 0,012503
контингент 3,912023 0,004371
затопить 0,076161 0,000085
избегать 3,401197 0,003800
инициатива 2,525729 0,002822
обменивать 0,047791 0,000053
зык 5,010635 0,005598
бербок 3,401197 0,003800
заэс 3,624341 0,008099
условие 0,033902 0,000152
встреча 1,832581 0,010238
правда 0,040822 0,000046
плохой 2,177422 0,002433
безопасный 2,813411 0,003143
информация 1,514128 0,001692
опасный 2,238047 0,002501
видеть 0,013423 0,000015
очень 1,347074 0,003010
скорый 2,525729 0,002822
наука 0,000000 0,000000
какой 1,203973 0,001345
источник 2,708050 0,003026
