гнёт 4,317488 0,003900
красноармейский 3,401197 0,003072
ру 0,000000 0,000000
банк 0,068993 0,000062
новый 0,000000 0,000000
парламент 3,401197 0,003072
день 0,033902 0,000031
марочко 5,010635 0,004526
оборона 2,302585 0,002080
разведка 2,612740 0,002360
перемирие 0,076161 0,000138
казак 3,218876 0,014539
происходить 1,752539 0,001583
санкция 2,014903 0,003640
повлиять 3,218876 0,002908
выйти 1,752539 0,001583
местный 2,066196 0,001866
отвести 0,076161 0,000069
литва 3,624341 0,003274
раскол 5,010635 0,004526
добро 0,013423 0,000036
согласие 0,047791 0,000043
путешествие 0,000000 0,000000
анонсировать 2,371578 0,002142
удар 1,455287 0,007888
су 3,912023 0,003534
заявление 2,066196 0,001866
конфликт 0,061875 0,000168
продвигаться 3,912023 0,003534
спасать 2,612740 0,004720
пол 0,090654 0,000082
помощь 0,027029 0,000049
декабрь 1,966113 0,003552
готовность 2,931194 0,002648
подполье 5,010635 0,009053
человек 0,762140 0,001377
вода 0,054808 0,000050
коллапс 4,317488 0,003900
волчанск 5,010635 0,004526
отказаться 1,832581 0,003311
фото 0,061875 0,000056
политика 0,040822 0,000037
взрыв 2,302585 0,004160
разговор 1,160488 0,004193
приднестровье 5,010635 0,004526
двадцатикратный 5,010635 0,004526
иностранный 1,919593 0,001734
мясорубка 5,010635 0,004526
область 1,272966 0,014949
родина 2,813411 0,002541
самолёт 2,302585 0,002080
собрать 2,931194 0,002648
харьковский 4,317488 0,011701
отпускать 4,317488 0,003900
мир 0,000000 0,000000
наступить 3,624341 0,003274
запад 1,919593 0,001734
индия 0,076161 0,000069
структура 0,000000 0,000000
шаг 2,371578 0,002142
русский 1,919593 0,003468
житель 1,678431 0,007581
дело 1,249435 0,001129
бояться 2,120264 0,003831
пустить 3,912023 0,003534
бывший 0,000000 0,000000
боец 1,875141 0,011857
время 0,693147 0,001252
оппозиция 3,912023 0,003534
маккартень 0,097980 0,000089
иловайск 5,010635 0,004526
ооо 0,000000 0,000000
обвинение 3,401197 0,003072
выходить 2,612740 0,004720
пробовать 2,931194 0,002648
республика 2,371578 0,002142
саботаж 4,317488 0,003900
проблема 0,047791 0,000043
ситуация 1,484275 0,002682
главный 1,272966 0,001150
данные 1,678431 0,001516
режим 1,966113 0,001776
резко 2,371578 0,002142
фронт 2,708050 0,007339
белорусский 4,317488 0,003900
технологийминь 0,000000 0,000000
замедлить 5,010635 0,004526
украина 0,805943 0,018201
город 0,047791 0,000043
обсуждать 2,177422 0,001967
лукашенко 2,813411 0,010166
подпись 4,317488 0,003900
дерзость 5,010635 0,004526
погибнуть 2,612740 0,002360
отец 1,919593 0,001734
вера 3,624341 0,003274
сектор 3,218876 0,002908
хоронить 4,317488 0,003900
галерея 0,000000 0,000000
внешность 0,097980 0,000089
внимательный 4,317488 0,003900
железный 3,218876 0,002908
начаться 0,033902 0,000031
начать 1,139434 0,001029
силовой 0,000000 0,000000
показать 1,484275 0,001341
победить 2,525729 0,009126
рисковать 2,813411 0,005083
пляжный 0,097980 0,000089
кремль 2,177422 0,005901
освобождать 4,317488 0,003900
выражать 0,047791 0,000086
мирный 1,966113 0,010656
офис 3,064725 0,002768
касательно 5,010635 0,004526
читать 0,040822 0,000037
размещение 3,218876 0,002908
изменить 2,066196 0,001866
вспоминать 3,064725 0,005537
посоветовать 2,612740 0,002360
генерал 3,218876 0,002908
надеяться 2,931194 0,002648
оценивать 0,047791 0,000043
поддержка 2,371578 0,004285
байконур 0,097980 0,000089
признавать 2,708050 0,002446
повреждение 3,401197 0,006145
сопротивляться 3,624341 0,003274
редакциярекламаконтактыпресс 0,000000 0,000000
совет 1,714798 0,001549
видео 0,000000 0,000000
солдат 2,371578 0,006427
оценить 2,066196 0,001866
ярый 5,010635 0,004526
выход 2,120264 0,001915
последний 0,083382 0,000075
сторона 1,321756 0,001194
активность 3,401197 0,003072
бежать 2,813411 0,002541
чечня 4,317488 0,003900
архив 0,000000 0,000000
рассчитывать 3,624341 0,003274
пашинянин 5,010635 0,004526
заявить 0,061875 0,000391
сша 0,040822 0,000332
грозить 2,708050 0,002446
потерять 2,238047 0,002022
запустить 2,302585 0,002080
бонус 0,047791 0,000086
среда 0,000000 0,000000
раскрытие 0,076161 0,000069
тыл 3,064725 0,002768
продвижение 2,931194 0,005296
контратака 5,010635 0,004526
остаться 0,047791 0,000086
лнр 4,317488 0,007800
эксклюзив 0,000000 0,000000
уволить 0,076161 0,000069
послать 3,064725 0,002768
преимущество 2,931194 0,002648
скидка 0,047791 0,000043
авиация 2,612740 0,002360
меню 2,931194 0,002648
осколок 4,317488 0,003900
парад 3,624341 0,003274
погружаться 0,047791 0,000043
смерть 1,919593 0,001734
публичный 3,401197 0,003072
получать 0,033902 0,000031
хотеть 0,013423 0,000036
открывать 3,401197 0,003072
зона 2,371578 0,002142
освободить 2,708050 0,002446
сын 2,120264 0,001915
стать 0,499776 0,001806
работать 0,027029 0,000024
определиться 4,317488 0,003900
продвинуться 5,010635 0,004526
отбить 3,624341 0,003274
рота 3,401197 0,003072
силовик 3,624341 0,003274
провести 1,514128 0,001368
группа 1,514128 0,004103
операция 1,514128 0,001368
огонь 1,609438 0,002908
спецпроект 0,000000 0,000000
обойти 2,813411 0,002541
это 0,020203 0,000128
массовый 2,066196 0,001866
прогреметь 3,218876 0,002908
украинский 0,047791 0,000259
слово 0,820981 0,000742
миротворец 3,401197 0,003072
смена 2,708050 0,002446
два 0,033902 0,000061
донбасс 3,912023 0,021203
цех 3,064725 0,002768
милитаризация 3,624341 0,003274
новость 0,000000 0,000000
туристка 0,076161 0,000069
газ 3,401197 0,003072
прозвучать 4,317488 0,003900
мотор 0,000000 0,000000
горожанин 3,624341 0,003274
сделка 2,813411 0,002541
остановка 2,525729 0,002282
наслать 0,000000 0,000000
катастрофа 2,525729 0,006845
цикл 2,708050 0,007339
убить 2,612740 0,002360
рушиться 4,317488 0,003900
перевес 3,912023 0,003534
жизнь 0,000000 0,000000
сдаться 3,624341 0,003274
уничтожить 2,120264 0,007661
пожаловаться 2,931194 0,002648
жать 0,013423 0,000012
войти 0,000000 0,000000
дорога 2,525729 0,002282
элитный 3,624341 0,003274
непонимание 4,317488 0,003900
наёмник 3,624341 0,003274
финляндия 2,931194 0,002648
спецоперация 3,218876 0,005815
дезертирство 4,317488 0,003900
измениться 2,177422 0,001967
назарбаев 5,010635 0,004526
переслать 3,401197 0,003072
уход 0,076161 0,000138
почему 0,899761 0,006502
обещание 4,317488 0,003900
хороший 0,006689 0,000006
муж 2,612740 0,002360
спор 0,097980 0,000089
тайный 3,624341 0,003274
замерзать 5,010635 0,004526
заключить 2,177422 0,001967
совершать 2,931194 0,002648
белгородский 2,445686 0,004419
воевать 2,931194 0,002648
готовиться 2,371578 0,002142
вылазка 5,010635 0,004526
отреагировать 1,966113 0,003552
белоруссия 2,931194 0,010591
обычный 0,013423 0,000012
власть 1,609438 0,005815
укрытие 5,010635 0,004526
гражданство 5,010635 0,004526
конфиденциальность 0,047791 0,000043
подарить 2,931194 0,002648
танк 2,708050 0,002446
душевный 5,010635 0,004526
путин 0,967584 0,005244
сокращение 3,624341 0,003274
действие 1,714798 0,001549
назад 1,678431 0,009097
офицер 2,708050 0,004893
изнасиловать 0,076161 0,000069
продолжать 0,033902 0,000031
истребитель 2,931194 0,005296
первый 0,883501 0,000798
кадр 1,544899 0,001396
обвинить 2,931194 0,005296
седьмой 4,317488 0,003900
ссср 0,000000 0,000000
техника 0,000000 0,000000
желание 2,612740 0,002360
преследование 5,010635 0,004526
февраль 1,160488 0,007338
жестокий 2,931194 0,002648
идти 1,297063 0,001172
вопрос 1,021651 0,001846
подвал 3,064725 0,002768
разгореться 4,317488 0,003900
ополченец 5,010635 0,013579
игра 0,000000 0,000000
суверенитет 3,624341 0,003274
сборка 3,401197 0,003072
купянск 5,010635 0,004526
минь 0,000000 0,000000
переход 3,064725 0,002768
наблюдение 3,624341 0,003274
расследование 2,525729 0,004563
против 1,791759 0,006474
избрать 3,912023 0,003534
ваш 0,047791 0,000043
главное 0,000000 0,000000
ответ 1,678431 0,001516
медитация 0,076161 0,000069
развалиться 3,912023 0,003534
больший 1,373049 0,001240
интервью 2,525729 0,002282
песок 2,931194 0,002648
концерт 3,401197 0,003072
возбудить 3,624341 0,003274
запорожье 4,317488 0,007800
раскрыть 1,643339 0,001484
одиночка 4,317488 0,003900
группировка 2,445686 0,002209
реакция 0,047791 0,000086
самый 0,883501 0,000798
материал 0,000000 0,000000
сообщить 1,297063 0,007030
отвага 5,010635 0,004526
днепропетровский 4,317488 0,003900
быть 1,399717 0,002529
беседа 1,752539 0,001583
закончиться 2,612740 0,002360
бригада 2,813411 0,002541
ад 3,912023 0,003534
лента 0,000000 0,000000
расположение 3,912023 0,003534
сквозь 2,931194 0,002648
линия 2,445686 0,002209
роль 1,714798 0,001549
спорт 0,000000 0,000000
алиев 5,010635 0,009053
неизбежный 4,317488 0,003900
национальный 2,371578 0,004285
мочь 0,836248 0,000755
автомат 5,010635 0,004526
сумах 3,401197 0,003072
четыре 0,040822 0,000037
остановить 2,525729 0,004563
недоговороспособность 3,624341 0,003274
воспитанный 3,912023 0,007068
урегулирование 2,238047 0,002022
сбу 5,010635 0,004526
убивать 3,218876 0,002908
конфиденциальностиправить 0,000000 0,000000
дракон 2,931194 0,002648
глава 1,321756 0,001194
наручник 5,010635 0,004526
азербайджан 5,010635 0,009053
донецк 4,317488 0,003900
тяжёлый 1,791759 0,004856
тяжелораненый 3,064725 0,002768
известный 1,714798 0,001549
применение 0,000000 0,000000
коалиция 5,010635 0,004526
оружие 2,120264 0,001915
прорваться 2,813411 0,002541
перелом 4,317488 0,003900
уза 5,010635 0,004526
уметь 3,064725 0,002768
вс 2,371578 0,012854
кракен 3,912023 0,003534
признать 1,484275 0,006704
ценность 0,000000 0,000000
вернуться 0,006689 0,000006
блиндаж 4,317488 0,003900
российский 0,033902 0,000276
сво 2,445686 0,006628
цель 1,875141 0,001694
обитание 0,000000 0,000000
просто 1,678431 0,001516
жилой 3,401197 0,003072
колонна 4,317488 0,003900
россия 0,000000 0,000000
интернет 0,000000 0,000000
простой 2,238047 0,002022
нацбат 5,010635 0,004526
свой 0,020203 0,000018
виктор 3,912023 0,003534
требование 2,014903 0,001820
плен 2,813411 0,002541
январь 1,514128 0,012310
назвать 1,021651 0,002769
сражение 3,624341 0,003274
гид 0,076161 0,000069
ворота 5,010635 0,004526
казахстан 5,010635 0,009053
необходимость 2,525729 0,002282
поле 3,064725 0,002768
американский 0,054808 0,000099
напомнить 2,445686 0,002209
прекращение 1,714798 0,006196
правый 3,624341 0,003274
страшный 2,525729 0,004563
зачистить 5,010635 0,004526
сотрудник 0,068993 0,000062
зеленский 0,054808 0,001535
работа 0,899761 0,000813
тактика 3,624341 0,003274
европа 1,791759 0,001619
карабах 5,010635 0,004526
оставаться 1,875141 0,003388
давать 1,875141 0,001694
отправка 4,317488 0,003900
уголовный 3,218876 0,002908
передача 2,708050 0,002446
эмоция 0,047791 0,000043
сеть 0,090654 0,000082
воинский 3,624341 0,003274
азия 2,445686 0,002209
пленный 2,612740 0,007081
держаться 3,624341 0,003274
всеприбалтикаукраинабелоруссиямолдавиязакавказьесредний 2,525729 0,002282
ес 2,708050 0,002446
газопровод 5,010635 0,004526
выдать 2,612740 0,002360
дрон 1,832581 0,001655
число 1,226446 0,001108
донецкий 3,912023 0,003534
кризис 2,813411 0,005083
военнослужащий 0,068993 0,000062
накапливать 0,047791 0,000043
психолог 3,064725 0,002768
причина 1,484275 0,001341
контроль 1,714798 0,001549
сравнить 3,064725 0,005537
спецназ 2,931194 0,002648
подтвердить 2,238047 0,004043
днр 4,317488 0,011701
доброволец 4,317488 0,003900
лебедев 3,401197 0,003072
поражение 3,624341 0,003274
сплотить 5,010635 0,004526
прислушаться 4,317488 0,003900
эксперт 1,966113 0,001776
депутат 0,068993 0,000312
договор 3,218876 0,002908
зуб 2,525729 0,002282
положение 2,612740 0,002360
мобилизация 2,813411 0,002541
прогресс 0,090654 0,000082
будущий 2,931194 0,002648
энергосистема 5,010635 0,004526
численность 3,912023 0,003534
война 1,455287 0,006573
инцидент 3,912023 0,003534
форма 0,061875 0,000112
нажать 0,000000 0,000000
дом 0,061875 0,000112
культура 0,000000 0,000000
пропасть 1,966113 0,001776
крым 3,401197 0,003072
энергообъект 3,218876 0,005815
обмен 2,371578 0,002142
сумский 2,813411 0,007624
статья 0,000000 0,000000
обстрел 3,218876 0,011631
советский 1,752539 0,001583
окружение 2,525729 0,004563
мобилизовать 4,317488 0,003900
позиция 1,832581 0,001655
отношение 1,226446 0,001108
бомба 3,218876 0,002908
ответить 1,832581 0,003311
часовой 4,317488 0,003900
мировой 1,752539 0,001583
граница 2,014903 0,003640
молдавский 5,010635 0,004526
близкий 1,875141 0,001694
получить 1,059392 0,000957
территориальный 3,912023 0,003534
пострадать 2,813411 0,002541
минский 5,010635 0,009053
оказаться 1,249435 0,001129
передать 1,966113 0,001776
предложение 1,919593 0,003468
устраивать 3,064725 0,002768
сделать 1,321756 0,001194
увлекательный 0,047791 0,000043
оккупация 2,525729 0,002282
использованияполитик 0,000000 0,000000
деактивировать 0,013423 0,000012
договорённость 2,302585 0,004160
рекомендательный 0,000000 0,000000
противник 2,525729 0,002282
переговоры 0,047791 0,000345
год 0,521999 0,005659
машина 1,875141 0,001694
обратиться 0,076161 0,000138
увеличение 3,912023 0,003534
спасти 2,371578 0,002142
забота 0,000000 0,000000
сбер 0,040822 0,000037
пожаловать 0,013423 0,000012
деталь 2,708050 0,002446
верховный 2,708050 0,002446
трамп 0,054808 0,000545
мариуполь 4,317488 0,003900
делегация 3,401197 0,003072
красноармейск 5,010635 0,004526
лететь 2,931194 0,002648
крупный 0,054808 0,000099
задержать 1,875141 0,001694
следующий 2,612740 0,002360
инструктор 4,317488 0,003900
победа 0,000000 0,000000
привести 1,427116 0,001289
критический 3,401197 0,003072
белоус 0,076161 0,000069
прибыть 0,083382 0,000075
рассказать 0,985284 0,010681
политический 3,401197 0,003072
страх 2,238047 0,002022
страна 0,747955 0,002703
жена 2,238047 0,002022
президент 0,851752 0,004617
тянуться 5,010635 0,004526
уголовник 4,317488 0,003900
сми 0,000000 0,000000
акция 0,047791 0,000043
битва 3,401197 0,003072
вместе 1,514128 0,001368
жилец 0,068993 0,000062
грань 3,064725 0,002768
орешник 3,624341 0,003274
создание 2,120264 0,001915
инфраструктура 2,014903 0,003640
предречь 0,076161 0,000206
идентичность 3,912023 0,007068
суджа 2,612740 0,007081
изгнать 5,010635 0,004526
место 0,027029 0,000024
свет 0,054808 0,000050
начало 1,399717 0,002529
отправить 2,066196 0,001866
государство 1,919593 0,001734
регион 0,076161 0,000138
побег 4,317488 0,003900
мс 0,097980 0,000089
пытать 3,624341 0,003274
снг 4,317488 0,003900
накануне 2,238047 0,002022
необычный 3,624341 0,003274
март 0,040822 0,000443
преступление 2,238047 0,002022
сбежать 3,401197 0,003072
военный 0,020203 0,000128
мы 2,238047 0,002022
хаос 4,317488 0,003900
летний 0,047791 0,000043
рада 0,068993 0,000249
экономика 0,000000 0,000000
попытка 1,609438 0,004362
обсуждение 2,931194 0,005296
глаз 2,066196 0,003733
тот 1,427116 0,001289
опечатка 0,000000 0,000000
указать 1,966113 0,001776
соглашение 2,612740 0,004720
некуда 5,010635 0,004526
прокомментировать 2,525729 0,009126
строительство 3,912023 0,003534
фиолетовый 5,010635 0,004526
вызвать 0,090654 0,000082
киев 1,714798 0,007745
воин 3,912023 0,007068
три 1,919593 0,001734
извинение 3,624341 0,003274
подписать 2,708050 0,004893
школа 2,525729 0,002282
принести 2,525729 0,006845
бой 2,066196 0,013065
рискованный 3,912023 0,003534
армения 3,912023 0,003534
реальный 0,013423 0,000012
сдержать 2,813411 0,002541
семья 2,120264 0,003831
тысяча 0,054808 0,000050
курский 1,791759 0,008093
всу 1,373049 0,031008
решающий 5,010635 0,004526
сотня 2,014903 0,003640
возрасти 4,317488 0,003900
контингент 3,912023 0,003534
фридман 4,317488 0,003900
затопить 0,076161 0,000069
участник 2,371578 0,002142
янукович 4,317488 0,003900
перевооружение 3,064725 0,002768
обменивать 0,047791 0,000043
заэс 3,624341 0,006548
условие 0,033902 0,000092
объявить 2,120264 0,005746
возможность 1,714798 0,001549
разочароваться 4,317488 0,003900
правда 0,040822 0,000037
проникнуть 2,371578 0,004285
плохой 2,177422 0,001967
господин 3,912023 0,003534
уникальный 2,525729 0,002282
неспособность 3,218876 0,002908
травма 3,912023 0,003534
неонацистский 5,010635 0,004526
невозможный 3,401197 0,003072
рок 4,317488 0,003900
скоро 3,064725 0,002768
ввести 2,120264 0,001915
видеть 0,013423 0,000012
очень 1,347074 0,001217
обречь 3,912023 0,003534
скорый 2,525729 0,002282
предприятие 3,064725 0,002768
способ 1,919593 0,001734
наука 0,000000 0,000000
комик 2,813411 0,002541
выборы 2,813411 0,005083
порошенко 4,317488 0,011701
второй 1,643339 0,002969
диверсант 5,010635 0,004526
