бонус 0,047791 0,000362
среда 0,000000 0,000000
раскрытие 0,076161 0,000288
ру 0,000000 0,000000
банк 0,068993 0,000261
лента 0,000000 0,000000
редактор 0,556288 0,002107
новый 0,000000 0,000000
день 0,033902 0,000128
остаться 0,047791 0,000181
перемирие 0,076161 0,000288
линия 2,445686 0,009264
эксклюзив 0,000000 0,000000
уволить 0,076161 0,000288
спорт 0,000000 0,000000
скидка 0,047791 0,000181
услышать 3,218876 0,012193
отвести 0,076161 0,000288
добро 0,013423 0,000153
согласие 0,047791 0,000181
путешествие 0,000000 0,000000
четыре 0,040822 0,000155
погружаться 0,047791 0,000181
анонсировать 2,371578 0,008983
увлекательный 0,047791 0,000181
использованияполитик 0,000000 0,000000
конфликт 0,061875 0,000234
конфиденциальностиправить 0,000000 0,000000
деактивировать 0,013423 0,000051
пол 0,090654 0,000343
помощь 0,027029 0,000102
признание 3,912023 0,014818
рекомендательный 0,000000 0,000000
белый 1,609438 0,030482
вода 0,054808 0,000208
переговоры 0,047791 0,000362
являться 1,714798 0,006495
фото 0,061875 0,000469
получать 0,033902 0,000128
политика 0,040822 0,000309
устьянцев 3,912023 0,014818
разговор 1,160488 0,021979
применение 0,000000 0,000000
хотеть 0,013423 0,000051
обратиться 0,076161 0,000288
забота 0,000000 0,000000
сбер 0,040822 0,000155
мск 3,912023 0,014818
пожаловать 0,013423 0,000051
деталь 2,708050 0,010258
трамп 0,054808 0,001453
работать 0,027029 0,000102
отдел 0,579818 0,002196
ценность 0,000000 0,000000
крупный 0,054808 0,000415
мир 0,000000 0,000000
вернуться 0,006689 0,000025
агентство 2,302585 0,008722
индия 0,076161 0,000288
провести 1,514128 0,011471
структура 0,000000 0,000000
спецпроект 0,000000 0,000000
это 0,020203 0,000077
победа 0,000000 0,000000
украинский 0,047791 0,000543
российский 0,033902 0,000385
белоус 0,076161 0,000288
прибыть 0,083382 0,000316
два 0,033902 0,000257
обитание 0,000000 0,000000
бывший 0,000000 0,000000
время 0,693147 0,010502
президент 0,851752 0,012905
россия 0,000000 0,000000
интернет 0,000000 0,000000
новость 0,000000 0,000000
туристка 0,076161 0,000288
мотор 0,000000 0,000000
сми 0,000000 0,000000
акция 0,047791 0,000181
маккартень 0,097980 0,000371
ооо 0,000000 0,000000
наслать 0,000000 0,000000
свой 0,020203 0,000077
республика 2,371578 0,008983
жизнь 0,000000 0,000000
ранее 1,003302 0,003800
проблема 0,047791 0,000181
поговорить 3,912023 0,014818
жилец 0,068993 0,000261
также 0,762140 0,002887
предречь 0,076161 0,000577
назвать 1,021651 0,007740
жать 0,013423 0,000051
войти 0,000000 0,000000
гид 0,076161 0,000288
технологийминь 0,000000 0,000000
начало 1,399717 0,010604
место 0,027029 0,000102
город 0,047791 0,000181
свет 0,054808 0,000208
регион 0,076161 0,000288
мс 0,097980 0,000371
телефонный 1,643339 0,012450
американский 0,054808 0,000415
утратить 3,064725 0,011609
март 0,040822 0,000309
военный 0,020203 0,000077
галерея 0,000000 0,000000
внешность 0,097980 0,000371
летний 0,047791 0,000181
представитель 1,678431 0,006358
рада 0,068993 0,000261
сотрудник 0,068993 0,000261
экономика 0,000000 0,000000
территория 1,609438 0,006096
начаться 0,033902 0,000128
зеленский 0,054808 0,001661
уход 0,076161 0,000288
опечатка 0,000000 0,000000
силовой 0,000000 0,000000
утро 3,064725 0,011609
хороший 0,006689 0,000025
пляжный 0,097980 0,000371
спор 0,097980 0,000371
эмоция 0,047791 0,000181
сеть 0,090654 0,000343
добавить 1,966113 0,007447
красный 2,120264 0,008031
вызвать 0,090654 0,000343
киев 1,714798 0,006495
обычный 0,013423 0,000051
выражать 0,047791 0,000362
конфиденциальность 0,047791 0,000181
читать 0,040822 0,000155
владимир 1,160488 0,008792
путин 0,967584 0,003665
военнослужащий 0,068993 0,000261
накапливать 0,047791 0,000181
дональд 1,544899 0,005852
изнасиловать 0,076161 0,000288
продолжать 0,033902 0,000128
реальный 0,013423 0,000051
ссср 0,000000 0,000000
техника 0,000000 0,000000
тысяча 0,054808 0,000208
оценивать 0,047791 0,000181
байконур 0,097980 0,000371
редакциярекламаконтактыпресс 0,000000 0,000000
затопить 0,076161 0,000288
видео 0,000000 0,000000
игра 0,000000 0,000000
депутат 0,068993 0,000261
обменивать 0,047791 0,000181
минь 0,000000 0,000000
прогресс 0,090654 0,000343
условие 0,033902 0,000257
ваш 0,047791 0,000181
главное 0,000000 0,000000
медитация 0,076161 0,000288
форма 0,061875 0,000234
правда 0,040822 0,000155
нажать 0,000000 0,000000
дом 0,061875 0,001406
передавать 2,525729 0,009567
ожидать 2,445686 0,009264
последний 0,083382 0,000316
московский 2,014903 0,015264
культура 0,000000 0,000000
обсудить 0,415515 0,001574
архив 0,000000 0,000000
видеть 0,013423 0,000051
сообщать 1,791759 0,006787
реакция 0,047791 0,000362
статья 0,000000 0,000000
дарья 3,624341 0,013729
материал 0,000000 0,000000
наука 0,000000 0,000000
сообщить 1,297063 0,004913
заявить 0,061875 0,000469
сша 0,040822 0,000309
лидер 1,347074 0,015308
всеполитикаобществопроисшествияконфликтыпреступность 2,014903 0,007632
