подоляк 4,317488 0,014660
ру 0,000000 0,000000
рф 1,514128 0,002571
личный 1,791759 0,003042
банк 0,068993 0,000117
новый 0,000000 0,000000
день 0,033902 0,000058
оборона 2,302585 0,011728
разведка 2,612740 0,004436
перемирие 0,076161 0,000129
происходить 1,752539 0,005951
отвести 0,076161 0,000259
добро 0,013423 0,000068
согласие 0,047791 0,000081
вероятно 2,813411 0,004777
путешествие 0,000000 0,000000
военблогер 4,317488 0,007330
удар 1,455287 0,007412
пойти 2,120264 0,010799
долго 2,612740 0,004436
конфликт 0,061875 0,000105
александр 1,373049 0,002331
пол 0,090654 0,000154
помощь 0,027029 0,000046
вода 0,054808 0,000093
отмечаться 2,177422 0,003697
украинец 2,525729 0,004288
панический 5,010635 0,008507
фото 0,061875 0,000315
пункт 1,966113 0,013352
лес 3,064725 0,005203
политика 0,040822 0,000139
отпор 5,010635 0,008507
разговор 1,160488 0,003941
артиллерия 3,064725 0,010407
продолжаться 2,708050 0,004598
область 1,272966 0,025935
наступление 3,218876 0,005465
инженерный 3,912023 0,013284
бросить 3,218876 0,005465
ветер 3,912023 0,006642
сила 1,321756 0,013464
мир 0,000000 0,000000
гладков 5,010635 0,008507
индия 0,076161 0,000129
структура 0,000000 0,000000
майор 3,912023 0,006642
бывший 0,000000 0,000000
боец 1,875141 0,003184
время 0,693147 0,003530
стягивание 5,010635 0,008507
активизировать 3,401197 0,005775
командование 3,218876 0,005465
маккартень 0,097980 0,000166
ооо 0,000000 0,000000
данный 2,445686 0,004152
взрывной 4,317488 0,007330
главный 1,272966 0,002161
проблема 0,047791 0,000081
данные 1,678431 0,002850
провокация 2,302585 0,003909
технологийминь 0,000000 0,000000
украина 0,805943 0,004105
город 0,047791 0,000081
предварительно 5,010635 0,008507
галерея 0,000000 0,000000
внешность 0,097980 0,000166
пытаться 1,347074 0,006861
северный 2,371578 0,004026
построить 2,931194 0,004977
территория 1,609438 0,005465
десант 3,064725 0,005203
вклиниваться 5,010635 0,008507
начаться 0,033902 0,000058
начать 1,139434 0,001935
силовой 0,000000 0,000000
пляжный 0,097980 0,000166
задача 2,066196 0,003508
вооружённый 1,678431 0,002850
хотя 2,445686 0,004152
выражать 0,047791 0,000162
серьёзный 2,302585 0,003909
читать 0,040822 0,000069
дональд 1,544899 0,002623
раненый 3,912023 0,006642
оценивать 0,047791 0,000081
байконур 0,097980 0,000166
один 0,836248 0,001420
пережить 2,302585 0,003909
беженец 3,624341 0,006153
редакциярекламаконтактыпресс 0,000000 0,000000
видео 0,000000 0,000000
солдат 2,371578 0,004026
часть 1,484275 0,002520
последний 0,083382 0,000142
задействовать 3,064725 0,005203
момент 1,399717 0,002376
раздёргать 5,010635 0,008507
архив 0,000000 0,000000
подолякавоенный 5,010635 0,008507
заявить 0,061875 0,000105
сша 0,040822 0,000208
ресурс 3,064725 0,005203
бонус 0,047791 0,000162
среда 0,000000 0,000000
раскрытие 0,076161 0,000129
среди 1,714798 0,002911
остаться 0,047791 0,000081
прикрытие 3,912023 0,013284
эшелонировать 5,010635 0,008507
эксклюзив 0,000000 0,000000
уволить 0,076161 0,000129
скидка 0,047791 0,000081
авиация 2,612740 0,004436
атака 1,966113 0,013352
резерв 3,624341 0,012307
жизненно 4,317488 0,007330
подорваться 3,064725 0,005203
погружаться 0,047791 0,000081
выглядеть 1,752539 0,002975
враг 3,064725 0,010407
утром 2,612740 0,004436
покидать 3,624341 0,006153
получать 0,033902 0,000058
исключить 3,401197 0,005775
краснояружский 5,010635 0,017014
оттянуть 5,010635 0,008507
хотеть 0,013423 0,000023
армия 2,014903 0,003421
освободить 2,708050 0,009195
работать 0,027029 0,000046
марьино 5,010635 0,008507
рота 3,401197 0,005775
группа 1,514128 0,005141
огонь 1,609438 0,002732
спецпроект 0,000000 0,000000
это 0,020203 0,000103
украинский 0,047791 0,000243
слово 0,820981 0,001394
два 0,033902 0,000230
гоголёвка 4,317488 0,007330
новость 0,000000 0,000000
туристка 0,076161 0,000129
мотор 0,000000 0,000000
наслать 0,000000 0,000000
сюжетатака 3,912023 0,006642
иметься 2,931194 0,004977
жизнь 0,000000 0,000000
разграждение 3,912023 0,006642
уничтожить 2,120264 0,003600
жать 0,013423 0,000023
войти 0,000000 0,000000
демидовка 3,401197 0,005775
дорога 2,525729 0,004288
элитный 3,624341 0,006153
судьба 2,708050 0,004598
допустить 2,813411 0,004777
аравия 2,612740 0,004436
коц 5,010635 0,008507
канал 1,791759 0,015210
считать 1,373049 0,002331
уход 0,076161 0,000129
прилесье 3,624341 0,006153
хороший 0,006689 0,000011
спор 0,097980 0,000166
наносить 3,912023 0,006642
белгородский 2,445686 0,024914
отключить 1,514128 0,002571
боестолкновение 5,010635 0,008507
обычный 0,013423 0,000023
конфиденциальность 0,047791 0,000081
танк 2,708050 0,013793
параллельмыть 2,177422 0,003697
путин 0,967584 0,003286
действие 1,714798 0,005823
изнасиловать 0,076161 0,000129
продолжать 0,033902 0,000058
первый 0,883501 0,001500
ссср 0,000000 0,000000
техника 0,000000 0,000000
настроение 3,064725 0,005203
бронемашина 3,912023 0,006642
пять 1,484275 0,002520
идти 1,297063 0,006606
игра 0,000000 0,000000
уточнить 2,708050 0,004598
минь 0,000000 0,000000
ваш 0,047791 0,000081
проход 5,010635 0,008507
главное 0,000000 0,000000
так 4,317488 0,007330
губернатор 2,708050 0,004598
медитация 0,076161 0,000129
сообщаться 2,371578 0,004026
активный 2,120264 0,003600
раскрыть 1,643339 0,002790
реакция 0,047791 0,000162
август 2,445686 0,004152
материал 0,000000 0,000000
сообщить 1,297063 0,002202
быть 1,399717 0,002376
гуево 4,317488 0,014660
отмечать 1,966113 0,010014
боевой 2,371578 0,004026
лента 0,000000 0,000000
отряд 2,931194 0,004977
вести 2,014903 0,003421
линия 2,445686 0,004152
спорт 0,000000 0,000000
район 2,120264 0,021599
растянуть 5,010635 0,008507
четыре 0,040822 0,000139
протяжение 3,912023 0,006642
конфиденциальностиправить 0,000000 0,000000
глава 1,321756 0,002244
основной 2,813411 0,004777
усиливаться 3,912023 0,006642
юрий 2,525729 0,008576
удаться 1,678431 0,002850
решительный 3,912023 0,006642
применение 0,000000 0,000000
дать 1,272966 0,002161
возможный 2,066196 0,003508
прорваться 2,813411 0,004777
женщина 1,484275 0,002520
готовый 1,791759 0,003042
вс 2,371578 0,004026
важно 2,302585 0,003909
опасно 2,813411 0,004777
отдел 0,579818 0,000984
известно 1,297063 0,004404
ценность 0,000000 0,000000
вернуться 0,006689 0,000011
российский 0,033902 0,000288
архангел 4,317488 0,007330
цель 1,875141 0,012734
обитание 0,000000 0,000000
россия 0,000000 0,000000
интернет 0,000000 0,000000
го 2,302585 0,007819
сутки 2,445686 0,004152
гончаров 3,912023 0,006642
свой 0,020203 0,000069
назвать 1,021651 0,001735
вячеслав 3,401197 0,005775
гид 0,076161 0,000129
отражение 3,624341 0,006153
устройство 3,218876 0,005465
убедить 2,302585 0,003909
телефонный 1,643339 0,002790
американский 0,054808 0,000093
подтянуть 5,010635 0,008507
прекращение 1,714798 0,002911
сотрудник 0,068993 0,000117
другой 1,059392 0,001799
зеленский 0,054808 0,000186
работа 0,899761 0,001528
осуществить 3,624341 0,006153
эмоция 0,047791 0,000081
сеть 0,090654 0,000154
применить 3,912023 0,006642
поповка 5,010635 0,008507
саудовский 2,612740 0,004436
военнослужащий 0,068993 0,000117
накапливать 0,047791 0,000081
ограждение 5,010635 0,008507
проделать 5,010635 0,008507
спецназ 2,931194 0,004977
населить 2,525729 0,017153
доставить 2,177422 0,003697
служебный 3,912023 0,006642
блогер 2,813411 0,009553
басовка 5,010635 0,008507
депутат 0,068993 0,000117
прогресс 0,090654 0,000154
графовка 5,010635 0,017014
согласиться 2,066196 0,003508
форма 0,061875 0,000105
нажать 0,000000 0,000000
оперативный 2,014903 0,003421
дом 0,061875 0,000105
пограничный 3,624341 0,006153
культура 0,000000 0,000000
сумский 2,813411 0,009553
статья 0,000000 0,000000
больница 2,931194 0,004977
позиция 1,832581 0,003111
мобилизовать 4,317488 0,007330
любой 2,120264 0,007200
вторник 3,218876 0,005465
наш 1,347074 0,006861
мировой 1,752539 0,002975
значить 3,912023 0,006642
редактор 0,556288 0,000944
граница 2,014903 0,017104
пег 5,010635 0,008507
стягивать 5,010635 0,008507
пострадать 2,813411 0,004777
комментарий 1,427116 0,002423
план 1,875141 0,003184
тема 1,297063 0,002202
оказаться 1,249435 0,002121
автобус 3,401197 0,005775
алина 3,401197 0,005775
увлекательный 0,047791 0,000081
сорвать 2,371578 0,004026
оккупация 2,525729 0,004288
использованияполитик 0,000000 0,000000
приказ 2,238047 0,003800
нанести 2,813411 0,004777
деактивировать 0,013423 0,000023
рекомендательный 0,000000 0,000000
прорыв 3,064725 0,026016
противник 2,525729 0,025729
переговоры 0,047791 0,000162
приграничный 3,912023 0,006642
машина 1,875141 0,006367
баротравма 4,317488 0,007330
обратиться 0,076161 0,000129
забота 0,000000 0,000000
сбер 0,040822 0,000069
пожаловать 0,013423 0,000023
трамп 0,054808 0,000279
который 0,521999 0,001772
военкор 3,064725 0,010407
крупный 0,054808 0,000279
участок 3,218876 0,016395
победа 0,000000 0,000000
семён 4,317488 0,007330
белоус 0,076161 0,000129
прибыть 0,083382 0,000142
расклад 5,010635 0,008507
рассказать 0,985284 0,003346
страна 0,747955 0,001270
президент 0,851752 0,001446
случай 1,484275 0,002520
сми 0,000000 0,000000
акция 0,047791 0,000081
пехота 3,624341 0,012307
жить 1,643339 0,002790
малый 3,218876 0,005465
жилец 0,068993 0,000117
несколько 1,226446 0,002082
предречь 0,076161 0,000259
суджа 2,612740 0,004436
место 0,027029 0,000046
свет 0,054808 0,000093
регион 0,076161 0,000259
мс 0,097980 0,000166
никакой 2,302585 0,003909
накануне 2,238047 0,007599
село 2,708050 0,004598
март 0,040822 0,000347
сбежать 3,401197 0,005775
военный 0,020203 0,000137
корреспондент 2,445686 0,004152
летний 0,047791 0,000081
рада 0,068993 0,000117
попытка 1,609438 0,010930
экономика 0,000000 0,000000
совершаться 5,010635 0,008507
состав 2,445686 0,004152
использовать 1,919593 0,003259
опечатка 0,000000 0,000000
писать 1,752539 0,005951
вызвать 0,090654 0,000154
убеждённый 3,218876 0,005465
совершить 2,371578 0,004026
бронировать 3,912023 0,006642
владимир 1,160488 0,001970
уточнять 5,010635 0,008507
бой 2,066196 0,021048
реальный 0,013423 0,000023
мужчина 1,576648 0,002677
тысяча 0,054808 0,000093
курский 1,791759 0,012168
всу 1,373049 0,037298
запланировать 3,624341 0,006153
затопить 0,076161 0,000129
интернат 3,912023 0,006642
обменивать 0,047791 0,000081
условие 0,033902 0,000115
растягивание 5,010635 0,008507
правда 0,040822 0,000069
проникнуть 2,371578 0,004026
думать 1,791759 0,003042
информация 1,514128 0,005141
видеть 0,013423 0,000023
сообщать 1,791759 0,006084
львов 5,010635 0,008507
наука 0,000000 0,000000
