балкон 5,010635 0,017278
ру 0,000000 0,000000
банк 0,068993 0,000238
лента 0,000000 0,000000
новый 0,000000 0,000000
день 0,033902 0,000117
вести 2,014903 0,006948
перемирие 0,076161 0,000263
газета 2,302585 0,007940
спорт 0,000000 0,000000
кевин 4,317488 0,014888
отвести 0,076161 0,000263
добро 0,013423 0,000139
согласие 0,047791 0,000165
винар 5,010635 0,017278
путешествие 0,000000 0,000000
прошлое 2,813411 0,009701
четыре 0,040822 0,000141
застать 3,401197 0,011728
сборная 4,317488 0,014888
конфликт 0,061875 0,000213
конфиденциальностиправить 0,000000 0,000000
связаться 3,218876 0,011100
пол 0,090654 0,000313
помощь 0,027029 0,000093
наличный 5,010635 0,017278
вода 0,054808 0,000189
фото 0,061875 0,000427
явление 3,218876 0,011100
удаться 1,678431 0,005788
политика 0,040822 0,000141
применение 0,000000 0,000000
экс 2,066196 0,028499
куранья 5,010635 0,051834
ценность 0,000000 0,000000
мир 0,000000 0,000000
вернуться 0,006689 0,000023
индия 0,076161 0,000263
структура 0,000000 0,000000
российский 0,033902 0,000234
расположить 3,064725 0,010568
обитание 0,000000 0,000000
бывший 0,000000 0,000000
врасплох 3,912023 0,013490
россия 0,000000 0,000000
интернет 0,000000 0,000000
маккартень 0,097980 0,000338
ооо 0,000000 0,000000
проникновение 3,912023 0,013490
свой 0,020203 0,000070
проблема 0,047791 0,000165
сергей 2,525729 0,008709
гид 0,076161 0,000263
технологийминь 0,000000 0,000000
город 0,047791 0,000165
бен 4,317488 0,014888
американский 0,054808 0,000189
видявленияроскошьличность 2,813411 0,009701
галерея 0,000000 0,000000
внешность 0,097980 0,000338
представитель 1,678431 0,005788
сотрудник 0,068993 0,000238
начаться 0,033902 0,000117
зеленский 0,054808 0,000378
силовой 0,000000 0,000000
пляжный 0,097980 0,000338
эмоция 0,047791 0,000165
сеть 0,090654 0,000313
евро 2,931194 0,040430
тамим 5,010635 0,017278
фадеичев 5,010635 0,017278
уточнение 4,317488 0,014888
однако 1,249435 0,004308
выражать 0,047791 0,000330
олимпийский 4,317488 0,014888
клуб 2,813411 0,009701
читать 0,040822 0,000141
военнослужащий 0,068993 0,000238
накапливать 0,047791 0,000165
полиция 2,238047 0,023152
сумма 2,708050 0,009338
мария 2,525729 0,008709
оценивать 0,047791 0,000165
байконур 0,097980 0,000338
редакциярекламаконтактыпресс 0,000000 0,000000
видео 0,000000 0,000000
эмир 5,010635 0,017278
депутат 0,068993 0,000238
футболист 2,931194 0,040430
прогресс 0,090654 0,000313
шейх 4,317488 0,014888
инцидент 3,912023 0,013490
форма 0,061875 0,000213
нажать 0,000000 0,000000
сумка 3,064725 0,052840
дом 0,061875 0,000640
последний 0,083382 0,000288
московский 2,014903 0,006948
ссылка 2,931194 0,010108
культура 0,000000 0,000000
всестильвнешний 2,813411 0,009701
момент 1,399717 0,009653
обсудить 0,415515 0,001433
архив 0,000000 0,000000
балконный 5,010635 0,017278
дверь 2,612740 0,009009
статья 0,000000 0,000000
заявить 0,061875 0,000213
сша 0,040822 0,000141
июль 2,708050 0,009338
бонус 0,047791 0,000330
украсть 2,813411 0,048507
среда 0,000000 0,000000
раскрытие 0,076161 0,000263
неизвестный 3,064725 0,010568
остаться 0,047791 0,000165
настоящий 2,445686 0,008433
эксклюзив 0,000000 0,000000
уволить 0,076161 0,000263
пятница 4,317488 0,014888
скидка 0,047791 0,000165
погружаться 0,047791 0,000165
около 1,678431 0,005788
очевидец 3,624341 0,012498
злоумышленник 3,912023 0,013490
увлекательный 0,047791 0,000165
использованияполитик 0,000000 0,000000
деактивировать 0,013423 0,000046
рекомендательный 0,000000 0,000000
тасс 2,371578 0,008178
возвращение 2,014903 0,006948
переговоры 0,047791 0,000165
получать 0,033902 0,000117
год 0,521999 0,001800
хотеть 0,013423 0,000046
обратиться 0,076161 0,000263
родственница 4,317488 0,014888
забота 0,000000 0,000000
сбер 0,040822 0,000141
пожаловать 0,013423 0,000046
трамп 0,054808 0,000189
работать 0,027029 0,000093
двое 3,401197 0,011728
крупный 0,054808 0,000378
динамо 3,218876 0,044398
спецпроект 0,000000 0,000000
это 0,020203 0,000139
катар 5,010635 0,017278
победа 0,000000 0,000000
украинский 0,047791 0,000165
слово 0,820981 0,002831
белоус 0,076161 0,000263
прибыть 0,083382 0,000288
два 0,033902 0,000234
спортсмен 4,317488 0,014888
рассказать 0,985284 0,003398
новость 0,000000 0,000000
туристка 0,076161 0,000263
мотор 0,000000 0,000000
просить 2,708050 0,009338
сми 0,000000 0,000000
акция 0,047791 0,000165
наслать 0,000000 0,000000
жизнь 0,000000 0,000000
штутгарт 5,010635 0,017278
жилец 0,068993 0,000238
заслать 5,010635 0,017278
несколько 1,226446 0,004229
предречь 0,076161 0,000525
жать 0,013423 0,000046
войти 0,000000 0,000000
дорога 2,525729 0,008709
место 0,027029 0,000093
свет 0,054808 0,000189
регион 0,076161 0,000263
мс 0,097980 0,000338
март 0,040822 0,000282
сбежать 3,401197 0,011728
военный 0,020203 0,000070
летний 0,047791 0,000165
рада 0,068993 0,000238
экономика 0,000000 0,000000
роскошный 2,931194 0,010108
уход 0,076161 0,000263
опечатка 0,000000 0,000000
хороший 0,006689 0,000023
таня 5,010635 0,017278
спор 0,097980 0,000338
германия 2,066196 0,007125
вызвать 0,090654 0,000313
обычный 0,013423 0,000046
конфиденциальность 0,047791 0,000165
аль 3,624341 0,012498
общий 1,714798 0,005913
изнасиловать 0,076161 0,000263
продолжать 0,033902 0,000117
реальный 0,013423 0,000046
тысяча 0,054808 0,000945
ссср 0,000000 0,000000
техника 0,000000 0,000000
затопить 0,076161 0,000263
драгоценность 3,401197 0,046913
игра 0,000000 0,000000
обменивать 0,047791 0,000165
минь 0,000000 0,000000
расследование 2,525729 0,008709
условие 0,033902 0,000234
ваш 0,047791 0,000165
хамада 5,010635 0,017278
главное 0,000000 0,000000
отсутствовать 3,912023 0,013490
преступник 3,218876 0,011100
медитация 0,076161 0,000263
правда 0,040822 0,000141
проникнуть 2,371578 0,008178
сообщаться 2,371578 0,008178
информация 1,514128 0,005221
видеть 0,013423 0,000046
сообщать 1,791759 0,006178
реакция 0,047791 0,000330
материал 0,000000 0,000000
наука 0,000000 0,000000
произойти 1,791759 0,006178
