ру 0,000000 0,000000
рф 1,514128 0,004948
отмечать 1,966113 0,006425
банк 0,068993 0,000225
лента 0,000000 0,000000
новый 0,000000 0,000000
день 0,033902 0,000111
перемирие 0,076161 0,000249
спорт 0,000000 0,000000
разработать 2,612740 0,008538
ряд 2,525729 0,008254
национальный 2,371578 0,015501
отвести 0,076161 0,000249
сюжетдиверсия 5,010635 0,016375
добро 0,013423 0,000132
неизвестно 3,401197 0,011115
согласие 0,047791 0,000156
путешествие 0,000000 0,000000
остановить 2,525729 0,008254
четыре 0,040822 0,000133
урегулирование 2,238047 0,007314
конфликт 0,061875 0,000404
конфиденциальностиправить 0,000000 0,000000
пол 0,090654 0,000296
помощь 0,027029 0,000088
кибератака 4,317488 0,014109
глава 1,321756 0,004319
вода 0,054808 0,000179
министерство 2,813411 0,009194
фото 0,061875 0,000404
политика 0,040822 0,000267
применение 0,000000 0,000000
экс 2,066196 0,006752
хегсет 5,010635 0,016375
отдел 0,579818 0,001895
ценность 0,000000 0,000000
известно 1,297063 0,004239
мир 0,000000 0,000000
вернуться 0,006689 0,000022
президентство 4,317488 0,014109
индия 0,076161 0,000249
структура 0,000000 0,000000
пентагон 3,912023 0,012784
байден 3,218876 0,021038
российский 0,033902 0,000222
обитание 0,000000 0,000000
приказать 3,912023 0,025569
бывший 0,000000 0,000000
регулярный 2,931194 0,009579
россия 0,000000 0,000000
интернет 0,000000 0,000000
маккартень 0,097980 0,000320
ооо 0,000000 0,000000
внутренний 3,401197 0,011115
свой 0,020203 0,000066
данный 2,445686 0,007992
проблема 0,047791 0,000156
данные 1,678431 0,005485
также 0,762140 0,002491
гид 0,076161 0,000249
технологийминь 0,000000 0,000000
контрразведывательный 2,931194 0,038316
украина 0,805943 0,002634
город 0,047791 0,000156
американский 0,054808 0,000537
галерея 0,000000 0,000000
внешность 0,097980 0,000320
представитель 1,678431 0,005485
сотрудник 0,068993 0,000225
начаться 0,033902 0,000111
зеленский 0,054808 0,000358
работа 0,899761 0,002940
силовой 0,000000 0,000000
рабочий 2,708050 0,017700
пляжный 0,097980 0,000320
эмоция 0,047791 0,000156
сеть 0,090654 0,000296
направление 2,302585 0,007525
диверсия 3,401197 0,011115
выражать 0,047791 0,000312
дезинформация 4,317488 0,014109
число 1,226446 0,004008
читать 0,040822 0,000133
военнослужащий 0,068993 0,000225
накапливать 0,047791 0,000156
дональд 1,544899 0,005049
приостановить 2,708050 0,035399
оценивать 0,047791 0,000156
байконур 0,097980 0,000320
редакциярекламаконтактыпресс 0,000000 0,000000
совет 1,714798 0,005604
видео 0,000000 0,000000
департамент 3,064725 0,010015
кит 4,317488 0,014109
депутат 0,068993 0,000225
прогресс 0,090654 0,000296
форма 0,061875 0,000202
нажать 0,000000 0,000000
последний 0,083382 0,000272
дом 0,061875 0,000202
ссылка 2,931194 0,009579
сторона 1,321756 0,004319
культура 0,000000 0,000000
момент 1,399717 0,004574
обсудить 0,415515 0,001358
архив 0,000000 0,000000
статья 0,000000 0,000000
заявить 0,061875 0,000404
сша 0,040822 0,001067
лидер 1,347074 0,004402
всеполитикаобществопроисшествияконфликтыпреступность 2,014903 0,006585
отношение 1,226446 0,020040
бонус 0,047791 0,000312
среда 0,000000 0,000000
раскрытие 0,076161 0,000249
прекратить 2,708050 0,017700
редактор 0,556288 0,001818
остаться 0,047791 0,000156
эксклюзив 0,000000 0,000000
уволить 0,076161 0,000249
скидка 0,047791 0,000156
чиновник 2,931194 0,009579
государственный 2,525729 0,008254
погружаться 0,047791 0,000156
результат 1,347074 0,004402
увлекательный 0,047791 0,000156
использованияполитик 0,000000 0,000000
деактивировать 0,013423 0,000044
рекомендательный 0,000000 0,000000
переговоры 0,047791 0,000156
получать 0,033902 0,000111
усилие 2,813411 0,018388
хотеть 0,013423 0,000044
обратиться 0,076161 0,000249
забота 0,000000 0,000000
незапланированный 4,317488 0,014109
сбер 0,040822 0,000133
пожаловать 0,013423 0,000044
стать 0,499776 0,003267
безопасность 2,014903 0,019754
трамп 0,054808 0,000537
работать 0,027029 0,000088
избавиться 3,401197 0,011115
крупный 0,054808 0,000358
агентство 2,302585 0,007525
группа 1,514128 0,009896
операция 1,514128 0,019793
спецпроект 0,000000 0,000000
рамка 2,371578 0,007750
это 0,020203 0,000066
победа 0,000000 0,000000
украинский 0,047791 0,000156
белоус 0,076161 0,000249
прибыть 0,083382 0,000272
два 0,033902 0,000222
фбр 4,317488 0,014109
президент 0,851752 0,005567
новость 0,000000 0,000000
туристка 0,076161 0,000249
мотор 0,000000 0,000000
координация 5,010635 0,016375
сми 0,000000 0,000000
акция 0,047791 0,000156
наслать 0,000000 0,000000
жизнь 0,000000 0,000000
жилец 0,068993 0,000225
создание 2,120264 0,006929
предречь 0,076161 0,000498
жать 0,013423 0,000044
войти 0,000000 0,000000
место 0,027029 0,000088
свет 0,054808 0,000179
регион 0,076161 0,000249
снб 5,010635 0,032749
мс 0,097980 0,000320
март 0,040822 0,000267
военный 0,020203 0,000066
летний 0,047791 0,000156
рада 0,068993 0,000225
экономика 0,000000 0,000000
уход 0,076161 0,000249
опечатка 0,000000 0,000000
пит 5,010635 0,016375
отслеживание 5,010635 0,016375
бардак 5,010635 0,016375
хороший 0,006689 0,000022
спор 0,097980 0,000320
писать 1,752539 0,005727
вызвать 0,090654 0,000296
обычный 0,013423 0,000044
конфиденциальность 0,047791 0,000156
орган 2,177422 0,007116
изнасиловать 0,076161 0,000249
продолжать 0,033902 0,000111
владислав 3,912023 0,012784
реальный 0,013423 0,000044
ссср 0,000000 0,000000
техника 0,000000 0,000000
спецслужба 2,525729 0,008254
тысяча 0,054808 0,000179
февраль 1,160488 0,003792
поручение 3,401197 0,011115
официальный 2,238047 0,007314
затопить 0,076161 0,000249
деятельность 2,931194 0,009579
игра 0,000000 0,000000
инициатива 2,525729 0,008254
обменивать 0,047791 0,000156
минь 0,000000 0,000000
условие 0,033902 0,000222
против 1,791759 0,005855
ваш 0,047791 0,000156
главное 0,000000 0,000000
встреча 1,832581 0,005989
медитация 0,076161 0,000249
правда 0,040822 0,000133
киберкомандование 5,010635 0,016375
возникнуть 2,525729 0,008254
издание 2,238047 0,007314
джо 3,624341 0,023689
видеть 0,013423 0,000044
сообщать 1,791759 0,005855
реакция 0,047791 0,000312
материал 0,000000 0,000000
наука 0,000000 0,000000
участвовать 3,064725 0,010015
европейский 2,120264 0,006929
