допросить 4,317488 0,008351
секретный 4,317488 0,008351
ру 0,000000 0,000000
прайс 5,010635 0,009692
специальный 2,525729 0,009771
банк 0,068993 0,000133
лента 0,000000 0,000000
посольство 3,624341 0,007010
новый 0,000000 0,000000
день 0,033902 0,000066
анестезировать 5,010635 0,009692
аэропорт 2,813411 0,005442
перемирие 0,076161 0,000147
письмо 4,317488 0,050106
освальд 5,010635 0,038767
советник 2,931194 0,005670
спорт 0,000000 0,000000
рот 2,708050 0,005238
национальный 2,371578 0,004587
франция 2,931194 0,005670
мочь 0,836248 0,004853
отвести 0,076161 0,000147
приписать 4,317488 0,008351
добро 0,013423 0,000078
согласие 0,047791 0,000092
частность 2,525729 0,009771
центр 1,752539 0,003390
путешествие 0,000000 0,000000
четыре 0,040822 0,000079
сказать 1,919593 0,022278
задание 3,624341 0,007010
конфликт 0,061875 0,000239
конфиденциальностиправить 0,000000 0,000000
связаться 3,218876 0,006226
пол 0,090654 0,000175
помощь 0,027029 0,000052
человек 0,762140 0,001474
дополнительно 4,317488 0,008351
вода 0,054808 0,000106
фото 0,061875 0,000239
политика 0,040822 0,000158
джон 4,317488 0,066808
харви 5,010635 0,019384
разговор 1,160488 0,002245
применение 0,000000 0,000000
давление 2,302585 0,004454
дать 1,272966 0,002462
оружие 2,120264 0,004101
экс 2,066196 0,003997
отдел 0,579818 0,001122
ценность 0,000000 0,000000
известно 1,297063 0,002509
мир 0,000000 0,000000
вернуться 0,006689 0,000013
индия 0,076161 0,000147
структура 0,000000 0,000000
попытаться 2,238047 0,004329
сарджента 5,010635 0,009692
русский 1,919593 0,003713
болгария 3,912023 0,015134
дело 1,249435 0,007250
российский 0,033902 0,000131
консул 5,010635 0,019384
киппинган 5,010635 0,009692
обитание 0,000000 0,000000
бывший 0,000000 0,000000
морской 3,218876 0,006226
россия 0,000000 0,000000
интернет 0,000000 0,000000
телеграмма 4,317488 0,008351
го 2,302585 0,004454
прайсуматериал 5,010635 0,009692
явиться 3,912023 0,007567
шантаж 3,912023 0,007567
маккартень 0,097980 0,000190
ооо 0,000000 0,000000
сестра 3,624341 0,007010
прислать 2,302585 0,004454
свой 0,020203 0,000039
палата 2,931194 0,005670
ранее 1,003302 0,001941
проблема 0,047791 0,000092
требование 2,014903 0,003897
также 0,762140 0,002948
сергей 2,525729 0,019541
пообещать 2,931194 0,005670
гид 0,076161 0,000147
технологийминь 0,000000 0,000000
город 0,047791 0,000277
предупреждать 2,612740 0,010107
следовать 1,966113 0,007606
вица 3,401197 0,006579
американский 0,054808 0,000212
написать 1,966113 0,003803
галерея 0,000000 0,000000
штат 2,708050 0,005238
взаимоотношение 4,317488 0,008351
внешность 0,097980 0,000190
пытаться 1,347074 0,002606
представитель 1,678431 0,003246
сотрудник 0,068993 0,000400
адрес 3,218876 0,012452
начаться 0,033902 0,000066
зеленский 0,054808 0,000212
силовой 0,000000 0,000000
чернохон 5,010635 0,077534
пляжный 0,097980 0,000190
эмоция 0,047791 0,000092
сеть 0,090654 0,000175
конгресс 4,317488 0,008351
подвергаться 3,912023 0,007567
кинг 5,010635 0,019384
ход 1,678431 0,003246
посол 3,624341 0,028041
выражать 0,047791 0,000185
читать 0,040822 0,000079
военнослужащий 0,068993 0,000133
накапливать 0,047791 0,000092
полиция 2,238047 0,012987
шрайвера 5,010635 0,009692
кроме 1,427116 0,002760
жаловаться 3,218876 0,006226
оценивать 0,047791 0,000092
байконур 0,097980 0,000190
один 0,836248 0,001618
редакциярекламаконтактыпресс 0,000000 0,000000
британский 2,708050 0,005238
видео 0,000000 0,000000
департамент 3,064725 0,011856
преследовать 3,912023 0,007567
депутат 0,068993 0,000133
прогресс 0,090654 0,000175
сакраменто 5,010635 0,019384
упоминать 4,317488 0,008351
отравить 4,317488 0,008351
отставной 5,010635 0,019384
форма 0,061875 0,000120
нажать 0,000000 0,000000
дом 0,061875 0,000239
последний 0,083382 0,000323
мой 2,371578 0,004587
культура 0,000000 0,000000
заканчиваться 2,931194 0,005670
обсудить 0,415515 0,000804
архив 0,000000 0,000000
софия 5,010635 0,009692
указанный 4,317488 0,008351
статья 0,000000 0,000000
советский 1,752539 0,016949
заявить 0,061875 0,000120
сша 0,040822 0,000948
лидер 1,347074 0,002606
всеполитикаобществопроисшествияконфликтыпреступность 2,014903 0,003897
юнис 5,010635 0,009692
морпех 5,010635 0,009692
бонус 0,047791 0,000185
среда 0,000000 0,000000
раскрытие 0,076161 0,000147
полицейский 2,931194 0,005670
редактор 0,556288 0,001076
остаться 0,047791 0,000092
опека 5,010635 0,009692
эксклюзив 0,000000 0,000000
уволить 0,076161 0,000147
направить 2,612740 0,005054
лютереть 5,010635 0,009692
скидка 0,047791 0,000092
план 1,875141 0,003627
государственный 2,525729 0,009771
соединить 3,624341 0,007010
передать 1,966113 0,007606
блэкшир 5,010635 0,029075
предложение 1,919593 0,003713
погружаться 0,047791 0,000092
пехотинец 5,010635 0,009692
анатолий 3,218876 0,012452
оказывать 3,218876 0,006226
увлекательный 0,047791 0,000092
использованияполитик 0,000000 0,000000
служба 2,120264 0,008202
заниматься 2,302585 0,004454
деактивировать 0,013423 0,000026
предупредить 2,302585 0,013361
рекомендательный 0,000000 0,000000
серия 3,064725 0,005928
право 2,445686 0,004731
калифорния 3,912023 0,007567
являться 1,714798 0,006634
переговоры 0,047791 0,000092
документ 2,708050 0,020952
получать 0,033902 0,000066
год 0,521999 0,004039
движение 2,708050 0,005238
максим 2,813411 0,005442
машина 1,875141 0,003627
мартин 5,010635 0,019384
хотеть 0,013423 0,000052
обратиться 0,076161 0,000147
навык 4,317488 0,008351
забота 0,000000 0,000000
комитет 2,813411 0,005442
сбер 0,040822 0,000079
угроза 2,302585 0,004454
пожаловать 0,013423 0,000026
устроить 2,014903 0,011692
стать 0,499776 0,001933
младший 3,401197 0,006579
управление 2,525729 0,004885
супруг 2,931194 0,005670
трамп 0,054808 0,000106
работать 0,027029 0,000052
агент 2,931194 0,005670
который 0,521999 0,004039
непростой 5,010635 0,009692
крупный 0,054808 0,000212
посольский 5,010635 0,009692
слежка 4,317488 0,008351
спецпроект 0,000000 0,000000
это 0,020203 0,000078
победа 0,000000 0,000000
украинский 0,047791 0,000092
окружный 5,010635 0,019384
белоус 0,076161 0,000147
прибыть 0,083382 0,000323
два 0,033902 0,000131
фбр 4,317488 0,016702
президент 0,851752 0,004942
новость 0,000000 0,000000
вашингтон 2,066196 0,007993
газ 3,401197 0,006579
туристка 0,076161 0,000147
мотор 0,000000 0,000000
случай 1,484275 0,002871
сми 0,000000 0,000000
акция 0,047791 0,000092
покушение 3,064725 0,077063
наслать 0,000000 0,000000
жизнь 0,000000 0,000000
доктор 3,064725 0,005928
жить 1,643339 0,003179
жилец 0,068993 0,000133
союз 1,966113 0,007606
предречь 0,076161 0,000295
жать 0,013423 0,000026
войти 0,000000 0,000000
уточняться 3,218876 0,006226
управлять 2,612740 0,005054
место 0,027029 0,000052
свет 0,054808 0,000106
регион 0,076161 0,000147
мс 0,097980 0,000190
пытать 3,624341 0,007010
целый 2,525729 0,004885
упомянуть 4,317488 0,008351
папка 3,912023 0,007567
наркотик 2,708050 0,005238
март 0,040822 0,000079
преступление 2,238047 0,004329
военный 0,020203 0,000039
корреспондент 2,445686 0,004731
летний 0,047791 0,000092
некий 3,912023 0,007567
том 4,317488 0,008351
рада 0,068993 0,000133
экономика 0,000000 0,000000
использовать 1,919593 0,003713
уход 0,076161 0,000147
опечатка 0,000000 0,000000
указать 1,966113 0,003803
директор 2,445686 0,009461
содержать 3,912023 0,015134
хороший 0,006689 0,000013
муж 2,612740 0,005054
спор 0,097980 0,000190
объект 1,832581 0,003545
правоохранительный 3,624341 0,007010
вызвать 0,090654 0,000175
готовиться 2,371578 0,022936
страдать 2,813411 0,005442
обычный 0,013423 0,000026
фамилия 3,912023 0,007567
совершить 2,371578 0,004587
затем 1,875141 0,003627
конфиденциальность 0,047791 0,000092
обратить 2,931194 0,005670
лютер 5,010635 0,009692
орган 2,177422 0,004212
согласно 3,064725 0,005928
изнасиловать 0,076161 0,000147
продолжать 0,033902 0,000066
реальный 0,013423 0,000026
ссср 0,000000 0,000000
техника 0,000000 0,000000
тысяча 0,054808 0,000106
яд 3,912023 0,007567
опубликовать 1,875141 0,003627
стрелковый 5,010635 0,009692
вопрос 1,021651 0,001976
затопить 0,076161 0,000147
игра 0,000000 0,000000
внимание 1,966113 0,003803
обменивать 0,047791 0,000092
минь 0,000000 0,000000
инвалидность 3,624341 0,007010
расследование 2,525729 0,004885
добрынинуматериал 5,010635 0,019384
сведение 3,912023 0,022700
условие 0,033902 0,000131
ваш 0,047791 0,000092
имя 1,875141 0,003627
главное 0,000000 0,000000
кеннеди 3,218876 0,087165
отвечать 2,302585 0,004454
медитация 0,076161 0,000147
правда 0,040822 0,000079
плохой 2,177422 0,004212
передавать 2,525729 0,004885
господин 3,912023 0,015134
прокурор 3,401197 0,013157
кто 2,066196 0,003997
информация 1,514128 0,005857
афроамериканец 5,010635 0,009692
ввести 2,120264 0,004101
видеть 0,013423 0,000026
габриелять 3,624341 0,007010
реакция 0,047791 0,000185
август 2,445686 0,009461
нацархив 5,010635 0,009692
материал 0,000000 0,000000
наука 0,000000 0,000000
сообщить 1,297063 0,002509
карандаш 3,912023 0,007567
якобы 2,813411 0,005442
