ру 0,000000 0,000000
банк 0,068993 0,000257
лента 0,000000 0,000000
архивный 4,317488 0,016110
новый 0,000000 0,000000
день 0,033902 0,000126
перемирие 0,076161 0,000284
спорт 0,000000 0,000000
поразить 3,912023 0,014597
отвести 0,076161 0,000284
сумах 3,401197 0,050764
добро 0,013423 0,000150
согласие 0,047791 0,000178
путешествие 0,000000 0,000000
четыре 0,040822 0,000152
удар 1,455287 0,005430
сюжетвзрыв 3,624341 0,013524
конфликт 0,061875 0,000231
конфиденциальностиправить 0,000000 0,000000
пол 0,090654 0,000338
помощь 0,027029 0,000101
вода 0,054808 0,000205
раздаться 4,317488 0,016110
фото 0,061875 0,000693
политика 0,040822 0,000152
взрыв 2,302585 0,051550
применение 0,000000 0,000000
илья 3,064725 0,011436
ощутимый 5,010635 0,018696
область 1,272966 0,004750
координационный 4,317488 0,016110
отдел 0,579818 0,002164
ценность 0,000000 0,000000
сила 1,321756 0,004932
мир 0,000000 0,000000
вернуться 0,006689 0,000025
индия 0,076161 0,000284
структура 0,000000 0,000000
российский 0,033902 0,000379
обитание 0,000000 0,000000
бывший 0,000000 0,000000
россия 0,000000 0,000000
интернет 0,000000 0,000000
маккартень 0,097980 0,000366
ооо 0,000000 0,000000
свой 0,020203 0,000075
ранее 1,003302 0,003744
палата 2,931194 0,010937
проблема 0,047791 0,000178
также 0,762140 0,002844
гид 0,076161 0,000284
технологийминь 0,000000 0,000000
украина 0,805943 0,006014
город 0,047791 0,000178
американский 0,054808 0,000205
галерея 0,000000 0,000000
внешность 0,097980 0,000366
сотрудник 0,068993 0,000257
начаться 0,033902 0,000126
зеленский 0,054808 0,000409
силовой 0,000000 0,000000
пляжный 0,097980 0,000366
эмоция 0,047791 0,000178
сеть 0,090654 0,000338
направление 2,302585 0,008592
вооружённый 1,678431 0,006263
азия 2,445686 0,009126
пока 1,678431 0,006263
всеприбалтикаукраинабелоруссиямолдавиязакавказьесредний 2,525729 0,009424
выражать 0,047791 0,000357
число 1,226446 0,004576
читать 0,040822 0,000152
военнослужащий 0,068993 0,000257
накапливать 0,047791 0,000178
городской 3,401197 0,012691
войско 2,371578 0,017698
оценивать 0,047791 0,000178
байконур 0,097980 0,000366
повреждение 3,401197 0,012691
редакциярекламаконтактыпресс 0,000000 0,000000
председатель 2,302585 0,008592
совет 1,714798 0,006399
видео 0,000000 0,000000
депутат 0,068993 0,000257
прогресс 0,090654 0,000338
форма 0,061875 0,000231
нажать 0,000000 0,000000
последний 0,083382 0,000311
дом 0,061875 0,000231
культура 0,000000 0,000000
обсудить 0,415515 0,001550
архив 0,000000 0,000000
интеграция 3,912023 0,014597
статья 0,000000 0,000000
заявить 0,061875 0,000462
сша 0,040822 0,000152
бонус 0,047791 0,000357
среда 0,000000 0,000000
раскрытие 0,076161 0,000284
редактор 0,556288 0,002076
остаться 0,047791 0,000178
получить 1,059392 0,003953
эксклюзив 0,000000 0,000000
уволить 0,076161 0,000284
случиться 2,612740 0,009749
скидка 0,047791 0,000178
зрение 3,064725 0,011436
запорожский 3,064725 0,011436
погружаться 0,047791 0,000178
увлекательный 0,047791 0,000178
топливо 3,912023 0,029194
использованияполитик 0,000000 0,000000
склад 3,401197 0,012691
деактивировать 0,013423 0,000050
обстоятельство 3,912023 0,014597
рекомендательный 0,000000 0,000000
утром 2,612740 0,009749
переговоры 0,047791 0,000178
получать 0,033902 0,000126
хотеть 0,013423 0,000050
обратиться 0,076161 0,000284
забота 0,000000 0,000000
сбер 0,040822 0,000152
пожаловать 0,013423 0,000050
трамп 0,054808 0,000205
работать 0,027029 0,000101
крупный 0,054808 0,000409
спецпроект 0,000000 0,000000
это 0,020203 0,000151
прогреметь 3,218876 0,024021
победа 0,000000 0,000000
украинский 0,047791 0,000357
слово 0,820981 0,003063
белоус 0,076161 0,000284
прибыть 0,083382 0,000311
два 0,033902 0,000253
комиссия 3,064725 0,011436
новость 0,000000 0,000000
туристка 0,076161 0,000284
мотор 0,000000 0,000000
сми 0,000000 0,000000
акция 0,047791 0,000178
наслать 0,000000 0,000000
жизнь 0,000000 0,000000
жилец 0,068993 0,000257
инфраструктура 2,014903 0,007518
несколько 1,226446 0,009153
предречь 0,076161 0,000568
жать 0,013423 0,000050
войти 0,000000 0,000000
место 0,027029 0,000202
свет 0,054808 0,000205
регион 0,076161 0,000568
мс 0,097980 0,000366
рогов 4,317488 0,016110
март 0,040822 0,000305
таксюра 5,010635 0,018696
военный 0,020203 0,000075
летний 0,047791 0,000178
рада 0,068993 0,000257
экономика 0,000000 0,000000
сопредседатель 3,624341 0,013524
уход 0,076161 0,000284
опечатка 0,000000 0,000000
хороший 0,006689 0,000025
спор 0,097980 0,000366
обеспечение 3,624341 0,013524
вызвать 0,090654 0,000338
киев 1,714798 0,012797
отреагировать 1,966113 0,007336
обычный 0,013423 0,000050
власть 1,609438 0,006005
конфиденциальность 0,047791 0,000178
количество 1,576648 0,005883
владимир 1,160488 0,004330
изнасиловать 0,076161 0,000284
продолжать 0,033902 0,000126
реальный 0,013423 0,000050
ссср 0,000000 0,000000
техника 0,000000 0,000000
тысяча 0,054808 0,000205
всу 1,373049 0,005123
вопрос 1,021651 0,003812
затопить 0,076161 0,000284
игра 0,000000 0,000000
суверенитет 3,624341 0,013524
обменивать 0,047791 0,000178
минь 0,000000 0,000000
условие 0,033902 0,000253
именно 1,875141 0,006997
ваш 0,047791 0,000178
главное 0,000000 0,000000
отсутствовать 3,912023 0,014597
медитация 0,076161 0,000284
правда 0,040822 0,000152
сообщаться 2,371578 0,008849
издание 2,238047 0,008351
информация 1,514128 0,005650
видеть 0,013423 0,000050
сообщать 1,791759 0,006686
реакция 0,047791 0,000357
материал 0,000000 0,000000
наука 0,000000 0,000000
днепропетровский 4,317488 0,016110
произойти 1,791759 0,020057
общественный 3,624341 0,027047
точка 2,445686 0,009126
