ру 0,000000 0,000000
банк 0,068993 0,000257
лента 0,000000 0,000000
новый 0,000000 0,000000
день 0,033902 0,000379
перемирие 0,076161 0,000284
спорт 0,000000 0,000000
район 2,120264 0,023734
отвести 0,076161 0,000284
добро 0,013423 0,000150
согласие 0,047791 0,000178
путешествие 0,000000 0,000000
четыре 0,040822 0,000152
конфликт 0,061875 0,000231
конфиденциальностиправить 0,000000 0,000000
врио 5,010635 0,018696
александр 1,373049 0,005123
пол 0,090654 0,000338
помощь 0,027029 0,000101
глава 1,321756 0,004932
человек 0,762140 0,005688
вода 0,054808 0,000205
фото 0,061875 0,000462
пункт 1,966113 0,007336
политика 0,040822 0,000152
применение 0,000000 0,000000
область 1,272966 0,009500
торубаров 5,010635 0,018696
отдел 0,579818 0,002164
ценность 0,000000 0,000000
сила 1,321756 0,004932
мир 0,000000 0,000000
вернуться 0,006689 0,000025
индия 0,076161 0,000284
структура 0,000000 0,000000
житель 1,678431 0,025051
российский 0,033902 0,000379
обитание 0,000000 0,000000
речь 2,445686 0,009126
бывший 0,000000 0,000000
хинштейн 5,010635 0,037393
сегодняшний 3,624341 0,013524
россия 0,000000 0,000000
интернет 0,000000 0,000000
эвакуировать 2,931194 0,065624
сутки 2,445686 0,009126
маккартень 0,097980 0,000366
ооо 0,000000 0,000000
свой 0,020203 0,000075
ранее 1,003302 0,003744
проблема 0,047791 0,000178
составлять 2,302585 0,008592
гид 0,076161 0,000284
технологийминь 0,000000 0,000000
украина 0,805943 0,003007
город 0,047791 0,000178
американский 0,054808 0,000205
суджанский 3,912023 0,043791
вывезти 2,931194 0,032812
галерея 0,000000 0,000000
внешность 0,097980 0,000366
россиянин 1,321756 0,014796
останавливаться 4,317488 0,016110
сотрудник 0,068993 0,000257
территория 1,609438 0,006005
находиться 1,399717 0,005223
начаться 0,033902 0,000126
зеленский 0,054808 0,000409
работа 0,899761 0,003357
силовой 0,000000 0,000000
пляжный 0,097980 0,000366
эмоция 0,047791 0,000178
сеть 0,090654 0,000338
девахина 5,010635 0,018696
вооружённый 1,678431 0,006263
выражать 0,047791 0,000357
мирный 1,966113 0,007336
число 1,226446 0,009153
читать 0,040822 0,000152
военнослужащий 0,068993 0,000257
размещение 3,218876 0,012011
накапливать 0,047791 0,000178
мария 2,525729 0,009424
оценивать 0,047791 0,000178
ребёнок 1,919593 0,007163
байконур 0,097980 0,000366
редакциярекламаконтактыпресс 0,000000 0,000000
видео 0,000000 0,000000
депутат 0,068993 0,000257
прогресс 0,090654 0,000338
форма 0,061875 0,000231
нажать 0,000000 0,000000
последний 0,083382 0,000311
дом 0,061875 0,000231
минута 2,177422 0,008125
культура 0,000000 0,000000
обсудить 0,415515 0,001550
архив 0,000000 0,000000
статья 0,000000 0,000000
родственник 3,064725 0,011436
эвакуация 3,624341 0,013524
заявить 0,061875 0,000231
сша 0,040822 0,000152
временной 2,612740 0,009749
бонус 0,047791 0,000357
среда 0,000000 0,000000
раскрытие 0,076161 0,000284
редактор 0,556288 0,002076
среди 1,714798 0,006399
остаться 0,047791 0,000178
эксклюзив 0,000000 0,000000
уволить 0,076161 0,000284
скидка 0,047791 0,000178
погружаться 0,047791 0,000178
увлекательный 0,047791 0,000178
оккупация 2,525729 0,028273
использованияполитик 0,000000 0,000000
риа 1,272966 0,004750
деактивировать 0,013423 0,000050
рекомендательный 0,000000 0,000000
переговоры 0,047791 0,000178
приграничный 3,912023 0,014597
получать 0,033902 0,000126
хотеть 0,013423 0,000050
обратиться 0,076161 0,000284
забота 0,000000 0,000000
сбер 0,040822 0,000152
пожаловать 0,013423 0,000050
трамп 0,054808 0,000205
работать 0,027029 0,000101
крупный 0,054808 0,000409
спецпроект 0,000000 0,000000
это 0,020203 0,000075
победа 0,000000 0,000000
украинский 0,047791 0,000178
белоус 0,076161 0,000284
прибыть 0,083382 0,000311
два 0,033902 0,000253
елена 4,317488 0,016110
страна 0,747955 0,002791
новость 0,000000 0,000000
туристка 0,076161 0,000284
мотор 0,000000 0,000000
сми 0,000000 0,000000
акция 0,047791 0,000178
наслать 0,000000 0,000000
жизнь 0,000000 0,000000
жилец 0,068993 0,000257
предречь 0,076161 0,000568
суджа 2,612740 0,019498
жать 0,013423 0,000050
войти 0,000000 0,000000
место 0,027029 0,000101
свет 0,054808 0,000205
регион 0,076161 0,000568
мс 0,097980 0,000366
март 0,040822 0,000457
военный 0,020203 0,000075
летний 0,047791 0,000178
рада 0,068993 0,000257
экономика 0,000000 0,000000
уход 0,076161 0,000284
опечатка 0,000000 0,000000
каждый 1,576648 0,005883
расти 2,708050 0,010105
хороший 0,006689 0,000025
спор 0,097980 0,000366
заключить 2,177422 0,008125
вызвать 0,090654 0,000338
обычный 0,013423 0,000050
конфиденциальность 0,047791 0,000178
параллельмыть 2,177422 0,008125
общий 1,714798 0,006399
изнасиловать 0,076161 0,000284
продолжать 0,033902 0,000126
реальный 0,013423 0,000050
ссср 0,000000 0,000000
техника 0,000000 0,000000
тысяча 0,054808 0,000205
курский 1,791759 0,020057
всу 1,373049 0,015370
сотня 2,014903 0,022555
идти 1,297063 0,004840
затопить 0,076161 0,000284
игра 0,000000 0,000000
обменивать 0,047791 0,000178
минь 0,000000 0,000000
условие 0,033902 0,000253
ваш 0,047791 0,000178
общество 2,177422 0,008125
главное 0,000000 0,000000
губернатор 2,708050 0,010105
медитация 0,076161 0,000284
правда 0,040822 0,000152
сообщаться 2,371578 0,008849
видеть 0,013423 0,000050
реакция 0,047791 0,000357
приграничий 5,010635 0,037393
материал 0,000000 0,000000
наука 0,000000 0,000000
сообщить 1,297063 0,004840
