ру 0,000000 0,000000
вторжениекак 5,010635 0,018421
лента 0,000000 0,000000
стража 3,624341 0,013325
новый 0,000000 0,000000
рассказ 3,401197 0,012504
невероятный 3,912023 0,014382
спорт 0,000000 0,000000
санкция 2,014903 0,007408
приморский 3,624341 0,013325
мочь 0,836248 0,003074
сам 1,226446 0,004509
путешествие 0,000000 0,000000
удар 1,455287 0,005350
охранять 4,317488 0,015873
эпидемия 3,064725 0,011267
крах 5,010635 0,018421
мефедроновый 4,317488 0,015873
конфиденциальностиправить 0,000000 0,000000
помощь 0,027029 0,000099
человек 0,762140 0,008406
вода 0,054808 0,000202
сохранить 2,302585 0,008465
политика 0,040822 0,000300
воздух 2,813411 0,010343
применение 0,000000 0,000000
давление 2,302585 0,008465
оружие 2,120264 0,015590
х 2,177422 0,008005
век 1,919593 0,007057
ценить 3,218876 0,011834
ты 3,064725 0,011267
родина 2,813411 0,010343
земля 1,919593 0,007057
вертолёт 3,401197 0,012504
ценность 0,000000 0,000000
мир 0,000000 0,000000
вернуться 0,006689 0,000025
весь 1,078810 0,015865
запад 1,919593 0,021172
пройти 1,427116 0,005247
структура 0,000000 0,000000
процветание 5,010635 0,018421
ум 3,064725 0,011267
русский 1,919593 0,014115
сво 2,445686 0,008991
дело 1,249435 0,004594
волна 2,302585 0,008465
цветной 5,010635 0,018421
обитание 0,000000 0,000000
профессор 3,218876 0,011834
бывший 0,000000 0,000000
экономический 2,525729 0,009286
время 0,693147 0,002548
россия 0,000000 0,000000
интернет 0,000000 0,000000
создавать 2,371578 0,008719
простой 2,238047 0,008228
ооо 0,000000 0,000000
соцсеть 2,708050 0,009956
свой 0,020203 0,000223
форсаж 4,317488 0,015873
гегемония 5,010635 0,018421
отрезать 3,064725 0,011267
технологийминь 0,000000 0,000000
американский 0,054808 0,000202
союзник 3,624341 0,013325
галерея 0,000000 0,000000
прийтись 2,120264 0,007795
зависимость 2,525729 0,009286
россиянин 1,321756 0,014578
железный 3,218876 0,011834
начаться 0,033902 0,000125
подчинить 5,010635 0,018421
начать 1,139434 0,004189
силовой 0,000000 0,000000
переживать 2,708050 0,009956
показать 1,484275 0,005457
хх 5,010635 0,018421
миллиард 2,612740 0,009606
редакция 4,317488 0,015873
чеченский 3,401197 0,012504
коммерческий 3,401197 0,012504
кризис 2,813411 0,010343
знать 1,576648 0,005797
человечество 3,912023 0,028765
изменить 2,066196 0,007596
ударный 3,912023 0,014382
революция 3,401197 0,025009
редакциярекламаконтактыпресс 0,000000 0,000000
иметь 1,832581 0,013475
интервенция 5,010635 0,018421
боевик 2,931194 0,010776
совет 1,714798 0,006304
видео 0,000000 0,000000
замечательный 3,912023 0,014382
соседство 3,912023 0,014382
война 1,455287 0,016051
каратель 5,010635 0,018421
нажать 0,000000 0,000000
инструкция 3,624341 0,013325
культура 0,000000 0,000000
загрузка 2,931194 0,010776
архив 0,000000 0,000000
эпоха 3,401197 0,025009
некоммерческий 5,010635 0,018421
статья 0,000000 0,000000
дагестан 4,317488 0,015873
сша 0,040822 0,000300
лидер 1,347074 0,004952
изоляция 5,010635 0,018421
среда 0,000000 0,000000
делать 1,752539 0,012886
неизвестный 3,064725 0,011267
наш 1,347074 0,004952
мировой 1,752539 0,006443
технология 2,525729 0,009286
граница 2,014903 0,007408
заходить 4,317488 0,015873
ракета 2,813411 0,010343
получить 1,059392 0,003895
эксклюзив 0,000000 0,000000
оказаться 1,249435 0,009187
устраивать 3,064725 0,011267
использованияполитик 0,000000 0,000000
деньга 1,875141 0,013788
здоровье 2,302585 0,008465
рекомендательный 0,000000 0,000000
право 2,445686 0,026974
будущее 2,066196 0,022789
год 0,521999 0,001919
творец 5,010635 0,018421
планета 2,931194 0,010776
забота 0,000000 0,000000
реальность 3,912023 0,014382
сбер 0,040822 0,000150
стать 0,499776 0,001837
мефедрон 4,317488 0,015873
интерес 2,525729 0,009286
анатомия 4,317488 0,015873
решить 1,791759 0,006587
который 0,521999 0,003838
чума 4,317488 0,015873
крупный 0,054808 0,000202
синдром 3,624341 0,013325
спецпроект 0,000000 0,000000
победа 0,000000 0,000000
привести 1,427116 0,005247
вещь 2,445686 0,008991
рост 1,791759 0,006587
малоизученный 4,317488 0,015873
страна 0,747955 0,005500
новость 0,000000 0,000000
мотор 0,000000 0,000000
сми 0,000000 0,000000
наслать 0,000000 0,000000
жизнь 0,000000 0,000000
жить 1,643339 0,012083
менять 2,813411 0,010343
гений 5,010635 0,018421
смельчак 5,010635 0,018421
войти 0,000000 0,000000
герой 2,014903 0,007408
место 0,027029 0,000099
настрой 5,010635 0,018421
управлять 2,612740 0,009606
государство 1,919593 0,014115
нативный 5,010635 0,018421
драматичный 5,010635 0,018421
измениться 2,177422 0,008005
неравенство 5,010635 0,018421
наркотик 2,708050 0,009956
ради 2,371578 0,008719
военный 0,020203 0,000074
санкционный 3,624341 0,013325
экономика 0,000000 0,000000
дрифт 5,010635 0,018421
защита 2,371578 0,008719
свержение 5,010635 0,018421
выбор 2,708050 0,009956
опечатка 0,000000 0,000000
почему 0,899761 0,003308
хороший 0,006689 0,000025
история 1,609438 0,017751
противостоять 3,624341 0,013325
власть 1,609438 0,005917
танк 2,708050 0,009956
принести 2,525729 0,009286
назад 1,678431 0,006171
отмена 3,401197 0,012504
накрыть 3,064725 0,011267
ссср 0,000000 0,000000
техника 0,000000 0,000000
напасть 3,218876 0,011834
игра 0,000000 0,000000
занавес 5,010635 0,018421
минь 0,000000 0,000000
лихой 3,912023 0,014382
главное 0,000000 0,000000
занять 2,813411 0,010343
опасный 2,238047 0,008228
немой 2,371578 0,008719
откровенный 3,218876 0,011834
алгоритм 3,401197 0,012504
однополярный 5,010635 0,018421
миллион 1,347074 0,009905
материал 0,000000 0,000000
наука 0,000000 0,000000
какой 1,203973 0,004426
позитивный 3,401197 0,012504
второй 1,643339 0,006042
книга 2,708050 0,009956
