ру 0,000000 0,000000
банк 0,068993 0,000063
агасси 5,010635 0,004547
формула 2,931194 0,002660
нелегальный 4,317488 0,003918
новый 0,000000 0,000000
девять 2,931194 0,002660
день 0,033902 0,000031
рпл 3,624341 0,029600
забрать 3,064725 0,002781
найти 1,678431 0,001523
фетисов 5,010635 0,004547
перемирие 0,076161 0,000069
пояс 4,317488 0,003918
лишиться 2,445686 0,002219
вызов 3,912023 0,007100
теннис 3,624341 0,006578
окр 5,010635 0,004547
любить 2,177422 0,001976
адмирал 4,317488 0,003918
попросить 2,445686 0,002219
отвести 0,076161 0,000069
ставка 3,064725 0,002781
наказывать 3,624341 0,003289
финский 3,401197 0,003086
добро 0,013423 0,000037
согласие 0,047791 0,000043
гренада 5,010635 0,004547
путешествие 0,000000 0,000000
удар 1,455287 0,001321
сиэтл 4,317488 0,003918
вратарь 4,317488 0,007836
заявление 2,066196 0,001875
живот 3,624341 0,003289
позор 5,010635 0,004547
конфликт 0,061875 0,000056
предложить 2,177422 0,003952
пол 0,090654 0,000082
проиграть 2,445686 0,002219
помощь 0,027029 0,000025
декабрь 1,966113 0,001784
вода 0,054808 0,000099
обыграть 5,010635 0,009094
реклама 2,525729 0,002292
фото 0,061875 0,000168
гладиатор 3,912023 0,003550
интер 5,010635 0,004547
политика 0,040822 0,000037
й 2,612740 0,002371
живой 2,525729 0,002292
похудеть 4,317488 0,003918
иностранный 1,919593 0,003484
положительный 3,401197 0,003086
экс 2,066196 0,001875
сезон 2,813411 0,002553
гретцк 5,010635 0,009094
металлург 4,317488 0,003918
хэмилтон 5,010635 0,004547
согласование 3,624341 0,003289
самолёт 2,302585 0,002089
кулачник 5,010635 0,004547
владелец 3,064725 0,002781
похороны 3,624341 0,003289
взорвать 3,064725 0,002781
футбол 3,912023 0,003550
мир 0,000000 0,000000
гашек 5,010635 0,009094
победный 5,010635 0,009094
индия 0,076161 0,000069
весь 1,078810 0,000979
скандальный 3,912023 0,003550
пройти 1,427116 0,003885
структура 0,000000 0,000000
месси 5,010635 0,004547
русский 1,919593 0,005226
хабиб 5,010635 0,009094
миннесота 4,317488 0,003918
легионер 5,010635 0,004547
драка 3,064725 0,002781
бывший 0,000000 0,000000
боец 1,875141 0,001702
время 0,693147 0,001258
малыхин 5,010635 0,004547
расистский 4,317488 0,003918
забыть 2,708050 0,002457
явиться 3,912023 0,003550
призёр 5,010635 0,004547
ооо 0,000000 0,000000
маккартень 0,097980 0,000089
обвинение 3,401197 0,003086
фк 5,010635 0,004547
главный 1,272966 0,005776
проблема 0,047791 0,000043
резко 2,371578 0,002152
появиться 1,373049 0,001246
технологийминь 0,000000 0,000000
город 0,047791 0,000043
украина 0,805943 0,000731
майами 5,010635 0,004547
италия 3,064725 0,002781
погибнуть 2,612740 0,007113
видылетний 4,317488 0,003918
час 1,455287 0,001321
килограммовый 5,010635 0,004547
галерея 0,000000 0,000000
внешность 0,097980 0,000089
научный 3,218876 0,002921
россиянин 1,321756 0,001199
степень 3,401197 0,003086
начаться 0,033902 0,000031
выступить 2,238047 0,004062
уродливый 5,010635 0,004547
увидеть 1,752539 0,001590
силовой 0,000000 0,000000
колорадо 4,317488 0,003918
коллекционный 5,010635 0,004547
алкоголизм 5,010635 0,004547
ирландский 5,010635 0,004547
показать 1,484275 0,001347
победить 2,525729 0,006876
пляжный 0,097980 0,000089
приходить 2,708050 0,002457
расторгнуть 5,010635 0,004547
макака 5,010635 0,004547
инна 3,218876 0,002921
выигрыш 4,317488 0,003918
цыган 3,912023 0,003550
подмосковье 2,813411 0,002553
рфс 5,010635 0,013641
выражать 0,047791 0,000087
олимпийский 4,317488 0,007836
читать 0,040822 0,000037
описать 3,401197 0,003086
расизм 3,912023 0,003550
дзюба 5,010635 0,013641
шпагат 4,317488 0,003918
школьный 3,912023 0,003550
оценивать 0,047791 0,000043
пловчиха 5,010635 0,004547
байконур 0,097980 0,000089
поддержка 2,371578 0,002152
один 0,836248 0,001518
волейбол 5,010635 0,004547
редакциярекламаконтактыпресс 0,000000 0,000000
оскорбление 4,317488 0,003918
видео 0,000000 0,000000
отстранение 5,010635 0,004547
футболист 2,931194 0,015959
оценить 2,066196 0,011250
болгарский 3,912023 0,003550
гвинея 5,010635 0,004547
локомотив 4,317488 0,003918
последний 0,083382 0,000227
россиянка 1,875141 0,006806
завершить 3,401197 0,003086
сторона 1,321756 0,001199
минута 2,177422 0,001976
спортсменка 5,010635 0,009094
бежать 2,813411 0,005106
архив 0,000000 0,000000
помочь 1,714798 0,001556
свифт 5,010635 0,004547
триумф 3,624341 0,006578
борис 2,445686 0,002219
отобрать 4,317488 0,003918
заявить 0,061875 0,000056
букмекер 4,317488 0,003918
сша 0,040822 0,000296
выше 3,064725 0,002781
пошутить 2,931194 0,002660
бонус 0,047791 0,000087
среда 0,000000 0,000000
раскрытие 0,076161 0,000069
андре 5,010635 0,004547
швейцария 5,010635 0,004547
остаться 0,047791 0,000043
среди 1,714798 0,001556
хоккейный 3,401197 0,009259
эксклюзив 0,000000 0,000000
уволить 0,076161 0,000069
скидка 0,047791 0,000043
мэйпл 4,317488 0,003918
теннисист 5,010635 0,004547
виноватый 3,912023 0,003550
фьюри 5,010635 0,004547
погружаться 0,047791 0,000043
смерть 1,919593 0,003484
скандал 3,218876 0,005842
голкипер 5,010635 0,004547
деньга 1,875141 0,001702
рынок 1,609438 0,001460
команда 1,919593 0,001742
охватить 3,218876 0,002921
фанат 3,218876 0,005842
возвращение 2,014903 0,001828
зенит 3,912023 0,028399
получать 0,033902 0,000031
тарасов 5,010635 0,009094
разбиться 4,317488 0,003918
минирование 5,010635 0,004547
хотеть 0,013423 0,000024
молчание 4,317488 0,003918
сын 2,120264 0,001924
нурмагомед 5,010635 0,004547
уайлдёр 5,010635 0,004547
решать 3,401197 0,003086
мск 3,912023 0,010650
стать 0,499776 0,006349
устроить 2,014903 0,003657
раскритиковать 2,931194 0,002660
работать 0,027029 0,000025
определиться 4,317488 0,003918
андреев 3,912023 0,017750
бетербиев 5,010635 0,004547
голый 3,218876 0,005842
провести 1,514128 0,008244
спецпроект 0,000000 0,000000
это 0,020203 0,000073
массовый 2,066196 0,001875
украинский 0,047791 0,000087
американец 3,401197 0,003086
два 0,033902 0,000062
обнаружить 2,445686 0,002219
допуск 5,010635 0,004547
лифс 4,317488 0,003918
новость 0,000000 0,000000
вашингтон 2,066196 0,003750
туристка 0,076161 0,000069
мотор 0,000000 0,000000
наслать 0,000000 0,000000
тренер 3,912023 0,021300
убить 2,612740 0,002371
жизнь 0,000000 0,000000
пожаловаться 2,931194 0,002660
жать 0,013423 0,000012
войти 0,000000 0,000000
нхл 3,624341 0,032889
турнир 5,010635 0,022734
наркотик 2,708050 0,004915
возраст 2,708050 0,004915
шестой 3,401197 0,003086
несогласие 5,010635 0,004547
стадион 4,317488 0,003918
канал 1,791759 0,001626
уход 0,076161 0,000069
надзиратель 5,010635 0,004547
почему 0,899761 0,002449
эвеланша 4,317488 0,003918
рубль 1,514128 0,004122
быстрый 2,708050 0,002457
хороший 0,006689 0,000042
спор 0,097980 0,000089
музей 3,064725 0,002781
германия 2,066196 0,001875
кузбасс 5,010635 0,004547
отреагировать 1,966113 0,007137
белоруссия 2,931194 0,002660
карьера 3,912023 0,007100
обычный 0,013423 0,000012
ждать 1,714798 0,001556
конфиденциальность 0,047791 0,000043
миранчук 5,010635 0,009094
трансферный 5,010635 0,004547
побить 4,317488 0,007836
путин 0,967584 0,004390
защитник 3,624341 0,003289
спасский 4,317488 0,003918
фигурист 5,010635 0,013641
шахматы 4,317488 0,003918
изнасиловать 0,076161 0,000069
продолжать 0,033902 0,000031
критика 5,010635 0,009094
первый 0,883501 0,002405
обвинить 2,931194 0,005320
масса 2,931194 0,002660
ссср 0,000000 0,000000
техника 0,000000 0,000000
февраль 1,160488 0,009478
ошибка 2,525729 0,002292
открыть 2,371578 0,002152
разгореться 4,317488 0,003918
игра 0,000000 0,000000
всефутболбокс 4,317488 0,003918
капитан 3,912023 0,003550
минь 0,000000 0,000000
переход 3,064725 0,002781
леброн 5,010635 0,004547
против 1,791759 0,001626
ваш 0,047791 0,000043
контора 5,010635 0,004547
главное 0,000000 0,000000
старший 2,445686 0,002219
отметиться 5,010635 0,004547
титул 5,010635 0,013641
усик 5,010635 0,004547
медитация 0,076161 0,000069
высказаться 2,238047 0,004062
поединок 5,010635 0,004547
реакция 0,047791 0,000130
неделя 1,919593 0,001742
сменить 3,624341 0,003289
самый 0,883501 0,003207
материал 0,000000 0,000000
выбирать 3,218876 0,002921
перемена 3,912023 0,003550
мышечный 3,912023 0,003550
океан 3,064725 0,002781
лента 0,000000 0,000000
сирия 4,317488 0,003918
балтика 5,010635 0,004547
установить 2,931194 0,002660
спорт 0,000000 0,000000
грузия 3,912023 0,003550
двухметровый 3,912023 0,003550
попадаться 5,010635 0,004547
мочь 0,836248 0,000759
месяц 1,714798 0,003112
смолоть 5,010635 0,004547
свидетельство 3,912023 0,003550
сам 1,226446 0,001113
безумие 5,010635 0,004547
четыре 0,040822 0,000111
барыс 5,010635 0,004547
фонбета 3,912023 0,007100
сборная 4,317488 0,023507
бегун 4,317488 0,007836
отовсюду 5,010635 0,004547
джокович 5,010635 0,004547
конфиденциальностиправить 0,000000 0,000000
сбор 3,624341 0,003289
глава 1,321756 0,007196
женский 2,238047 0,002031
правило 2,445686 0,002219
гимнастика 4,317488 0,003918
известный 1,714798 0,001556
толстый 5,010635 0,004547
применение 0,000000 0,000000
кхл 3,624341 0,019733
увлечение 3,912023 0,003550
призвать 1,791759 0,001626
альтернативный 3,218876 0,002921
возможный 2,066196 0,001875
фитнес 3,624341 0,006578
грубый 3,912023 0,003550
организовать 2,612740 0,002371
век 1,919593 0,001742
кубок 3,912023 0,021300
легенда 3,064725 0,005562
спортивный 4,317488 0,015671
третий 2,120264 0,001924
зарплата 2,708050 0,002457
игрок 3,401197 0,027777
кракен 3,912023 0,003550
выступление 2,708050 0,002457
насилие 2,931194 0,002660
парень 3,064725 0,008343
ценность 0,000000 0,000000
известно 1,297063 0,002354
дата 2,612740 0,002371
вернуться 0,006689 0,000006
впервые 1,919593 0,003484
губерний 5,010635 0,004547
раз 2,371578 0,002152
чемпионат 3,912023 0,017750
теннисистка 3,912023 0,017750
философия 5,010635 0,004547
партнёр 2,612740 0,002371
российский 0,033902 0,000277
сексуальный 2,813411 0,005106
выиграть 5,010635 0,004547
обитание 0,000000 0,000000
порог 3,401197 0,003086
факел 4,317488 0,003918
регулярный 2,931194 0,005320
узнать 2,014903 0,001828
россия 0,000000 0,000000
интернет 0,000000 0,000000
тест 4,317488 0,003918
минспорт 5,010635 0,004547
рекорд 2,931194 0,007980
свой 0,020203 0,000037
подешеветь 3,064725 0,002781
популярный 1,791759 0,001626
январь 1,514128 0,012366
назвать 1,021651 0,005563
лысый 5,010635 0,004547
гид 0,076161 0,000069
мельдония 5,010635 0,004547
проба 4,317488 0,003918
американский 0,054808 0,000050
великий 2,238047 0,002031
промес 5,010635 0,004547
гимнаст 5,010635 0,004547
шарапов 5,010635 0,004547
мирра 3,912023 0,003550
сотрудник 0,068993 0,000063
адрес 3,218876 0,002921
зеленский 0,054808 0,000099
обладатель 3,912023 0,014200
европа 1,791759 0,001626
перейры 5,010635 0,004547
передача 2,708050 0,002457
эмоция 0,047791 0,000043
кличко 5,010635 0,004547
завтра 3,401197 0,006173
сеть 0,090654 0,000082
наказание 3,218876 0,002921
ислам 5,010635 0,004547
период 2,014903 0,001828
гагарин 3,064725 0,011124
должный 1,714798 0,001556
клуб 2,813411 0,012765
военнослужащий 0,068993 0,000063
поцелуй 3,912023 0,003550
накапливать 0,047791 0,000043
причина 1,484275 0,001347
старый 2,371578 0,002152
сообщение 2,445686 0,002219
абсолютный 3,624341 0,003289
фортуна 4,317488 0,003918
ракетка 5,010635 0,013641
сравнить 3,064725 0,005562
весело 4,317488 0,003918
подорожать 3,218876 0,002921
ростов 3,912023 0,003550
выразить 3,624341 0,003289
путь 2,066196 0,001875
депутат 0,068993 0,000063
краснодар 3,912023 0,003550
прогресс 0,090654 0,000082
малкин 5,010635 0,004547
война 1,455287 0,001321
форма 0,061875 0,000056
медаль 3,912023 0,003550
нажать 0,000000 0,000000
дом 0,061875 0,000112
бивол 5,010635 0,004547
торонто 4,317488 0,003918
культура 0,000000 0,000000
колония 3,064725 0,002781
видыхоккейавтоолимпиадазож 4,317488 0,003918
набор 2,708050 0,004915
статья 0,000000 0,000000
великобритания 2,612740 0,002371
мокнуть 5,010635 0,009094
поддержать 2,177422 0,001976
бетсити 5,010635 0,004547
пятый 3,218876 0,002921
захотеть 2,708050 0,002457
честь 2,813411 0,002553
отношение 1,226446 0,003339
зарядить 4,317488 0,003918
ответить 1,832581 0,001663
пятикратный 5,010635 0,004547
казаться 2,177422 0,001976
показательный 5,010635 0,004547
заскучать 4,317488 0,003918
антирекорд 5,010635 0,004547
получить 1,059392 0,000961
тайсон 5,010635 0,004547
подозревать 2,445686 0,002219
фраза 2,931194 0,002660
борт 3,218876 0,002921
погоня 5,010635 0,009094
объяснить 1,484275 0,001347
покупка 2,525729 0,002292
спартак 4,317488 0,031343
мечтать 3,912023 0,003550
забвение 5,010635 0,004547
бобровский 5,010635 0,004547
непредсказуемый 5,010635 0,004547
гол 3,912023 0,003550
сделать 1,321756 0,001199
увлекательный 0,047791 0,000043
использованияполитик 0,000000 0,000000
фермер 3,912023 0,003550
деактивировать 0,013423 0,000012
неловко 5,010635 0,004547
рекомендательный 0,000000 0,000000
цска 4,317488 0,015671
премиальный 3,912023 0,003550
переговоры 0,047791 0,000043
овечкин 4,317488 0,023507
будущее 2,066196 0,001875
гендерный 5,010635 0,004547
год 0,521999 0,004737
движение 2,708050 0,002457
эстония 3,912023 0,003550
десятый 3,401197 0,003086
обратиться 0,076161 0,000069
контракт 3,912023 0,003550
международный 1,875141 0,005105
кузнецов 5,010635 0,004547
забота 0,000000 0,000000
матч 3,401197 0,043209
сбер 0,040822 0,000037
пожаловать 0,013423 0,000012
соперник 5,010635 0,009094
трамп 0,054808 0,000199
атланта 5,010635 0,004547
идея 1,714798 0,007780
госизмена 3,624341 0,003289
футбольный 4,317488 0,003918
крупный 0,054808 0,000099
антон 3,912023 0,003550
ммазимний 4,317488 0,003918
смягчить 5,010635 0,004547
победа 0,000000 0,000000
допинг 5,010635 0,009094
белоус 0,076161 0,000069
судейство 5,010635 0,004547
прибыть 0,083382 0,000076
рассказать 0,985284 0,004470
сегодня 1,643339 0,002982
жена 2,238047 0,002031
побеждать 4,317488 0,003918
президент 0,851752 0,000773
роман 2,813411 0,002553
сми 0,000000 0,000000
акция 0,047791 0,000087
загитов 5,010635 0,009094
создать 2,120264 0,001924
такой 1,003302 0,001821
интрига 3,401197 0,003086
доктор 3,064725 0,002781
мг 4,317488 0,003918
жилец 0,068993 0,000063
прожить 2,931194 0,002660
махачёв 5,010635 0,004547
арена 3,912023 0,003550
предречь 0,076161 0,000138
городок 4,317488 0,003918
иван 2,931194 0,002660
место 0,027029 0,000049
свет 0,054808 0,000050
регион 0,076161 0,000069
поздравить 2,931194 0,002660
скандировать 5,010635 0,004547
мс 0,097980 0,000089
лига 3,912023 0,003550
бисау 5,010635 0,004547
боксёр 3,624341 0,003289
титуловать 5,010635 0,004547
март 0,040822 0,002297
военный 0,020203 0,000018
барброй 5,010635 0,004547
летний 0,047791 0,000260
болельщик 5,010635 0,004547
участие 2,014903 0,001828
перечислить 3,064725 0,002781
рада 0,068993 0,000063
экономика 0,000000 0,000000
топ 3,064725 0,002781
заработать 2,813411 0,002553
олимпиада 5,010635 0,009094
опечатка 0,000000 0,000000
товарищеский 5,010635 0,004547
госдума 2,302585 0,004179
лёт 5,010635 0,004547
косторный 5,010635 0,004547
маленький 1,791759 0,003252
прокомментировать 2,525729 0,002292
вызвать 0,090654 0,000082
история 1,609438 0,001460
ученица 4,317488 0,003918
осудить 2,813411 0,002553
звезда 1,919593 0,010452
подписать 2,708050 0,002457
карпина 5,010635 0,009094
тэйлор 5,010635 0,004547
влияние 1,919593 0,001742
анкалай 5,010635 0,004547
корт 5,010635 0,004547
бой 2,066196 0,003750
реальный 0,013423 0,000012
он 3,218876 0,002921
тысяча 0,054808 0,000099
умереть 2,708050 0,004915
мужчина 1,576648 0,001431
чемпион 4,317488 0,027425
джеймс 4,317488 0,003918
прыгун 5,010635 0,004547
официальный 2,238047 0,002031
бокс 4,317488 0,011754
затопить 0,076161 0,000069
понимать 2,708050 0,002457
участник 2,371578 0,002152
обменивать 0,047791 0,000043
голевой 5,010635 0,004547
стрейзанда 5,010635 0,004547
условие 0,033902 0,000062
возможность 1,714798 0,001556
уайлд 4,317488 0,003918
правда 0,040822 0,000037
конюшня 5,010635 0,004547
лыжница 5,010635 0,004547
хоккеист 5,010635 0,018187
информация 1,514128 0,001374
принять 1,678431 0,001523
деревенский 4,317488 0,007836
видеть 0,013423 0,000012
изображать 5,010635 0,004547
жёсткий 2,931194 0,005320
миллион 1,347074 0,003667
способ 1,919593 0,001742
наука 0,000000 0,000000
кролик 4,317488 0,003918
федотов 5,010635 0,004547
проверить 3,064725 0,002781
яркий 2,612740 0,002371
встречать 3,218876 0,002921
