среда 0,000000 0,000000
ру 0,000000 0,000000
лента 0,000000 0,000000
новый 0,000000 0,000000
галерея 0,000000 0,000000
эксклюзив 0,000000 0,000000
спорт 0,000000 0,000000
экономика 0,000000 0,000000
выйти 1,752539 0,031295
опечатка 0,000000 0,000000
силовой 0,000000 0,000000
показать 1,484275 0,026505
путешествие 0,000000 0,000000
использованияполитик 0,000000 0,000000
конфиденциальностиправить 0,000000 0,000000
рекомендательный 0,000000 0,000000
закладкисберспасибо 5,010635 0,089476
применение 0,000000 0,000000
ссср 0,000000 0,000000
техника 0,000000 0,000000
кабинет 3,624341 0,064720
забота 0,000000 0,000000
редакциярекламаконтактыпресс 0,000000 0,000000
видео 0,000000 0,000000
игра 0,000000 0,000000
ценность 0,000000 0,000000
мир 0,000000 0,000000
минь 0,000000 0,000000
читатель 3,912023 0,069858
рекомендациисервисыпрофиль 5,010635 0,089476
структура 0,000000 0,000000
спецпроект 0,000000 0,000000
главное 0,000000 0,000000
победа 0,000000 0,000000
нажать 0,000000 0,000000
обитание 0,000000 0,000000
бывший 0,000000 0,000000
культура 0,000000 0,000000
россия 0,000000 0,000000
интернет 0,000000 0,000000
загрузка 2,931194 0,052343
новость 0,000000 0,000000
мотор 0,000000 0,000000
сми 0,000000 0,000000
архив 0,000000 0,000000
ооо 0,000000 0,000000
наслать 0,000000 0,000000
статья 0,000000 0,000000
жизнь 0,000000 0,000000
материал 0,000000 0,000000
наука 0,000000 0,000000
войти 0,000000 0,000000
технологийминь 0,000000 0,000000
