долгий 2,371578 0,002892
состоять 2,931194 0,003575
ру 0,000000 0,000000
банк 0,068993 0,000084
личный 1,791759 0,002185
оснащение 3,624341 0,004420
новый 0,000000 0,000000
день 0,033902 0,000083
найти 1,678431 0,002047
перемирие 0,076161 0,000093
скорректировать 5,010635 0,006111
повлиять 3,218876 0,007851
выйти 1,752539 0,004274
угрожать 3,064725 0,003737
обзор 3,912023 0,004771
отвести 0,076161 0,000093
эффективный 3,064725 0,003737
добро 0,013423 0,000049
согласие 0,047791 0,000058
путешествие 0,000000 0,000000
важный 1,875141 0,002287
су 3,912023 0,009542
мозг 3,624341 0,008840
открытый 2,371578 0,002892
изолировать 5,010635 0,006111
конфликт 0,061875 0,000075
пол 0,090654 0,000111
александр 1,373049 0,001674
помощь 0,027029 0,000033
человек 0,762140 0,001859
вода 0,054808 0,000134
производство 2,612740 0,006373
реклама 2,525729 0,003080
фото 0,061875 0,000075
политика 0,040822 0,000050
й 2,612740 0,003186
иностранный 1,919593 0,002341
ухудшение 3,064725 0,003737
средство 2,371578 0,005784
определить 2,612740 0,006373
самолёт 2,302585 0,002808
земля 1,919593 0,004682
вертолёт 3,401197 0,004148
сила 1,321756 0,001612
китаец 4,317488 0,005265
мир 0,000000 0,000000
индия 0,076161 0,000093
запад 1,919593 0,002341
структура 0,000000 0,000000
русский 1,919593 0,002341
орбита 4,317488 0,005265
этап 2,931194 0,003575
бывший 0,000000 0,000000
слишком 2,371578 0,002892
время 0,693147 0,000845
ангара 5,010635 0,006111
россиикосмосоружиеисторияздоровьебудущеетехникагаджетыигрысофт 3,064725 0,003737
австрия 5,010635 0,006111
забыть 2,708050 0,003303
маккартень 0,097980 0,000119
ооо 0,000000 0,000000
акула 4,317488 0,005265
прислать 2,302585 0,002808
мощный 3,064725 0,007475
проблема 0,047791 0,000058
данные 1,678431 0,002047
крон 4,317488 0,005265
турецкий 2,931194 0,003575
флот 3,401197 0,004148
появиться 1,373049 0,003349
технологийминь 0,000000 0,000000
украина 0,805943 0,001966
город 0,047791 0,000058
восемь 3,064725 0,003737
галерея 0,000000 0,000000
внешность 0,097980 0,000119
зависимость 2,525729 0,003080
вырасти 2,371578 0,002892
северный 2,371578 0,002892
мкс 4,317488 0,026326
застревание 5,010635 0,006111
начаться 0,033902 0,000083
начать 1,139434 0,001390
увидеть 1,752539 0,002137
силовой 0,000000 0,000000
показать 1,484275 0,001810
победить 2,525729 0,003080
мороз 3,624341 0,004420
пляжный 0,097980 0,000119
задача 2,066196 0,002520
пиндос 5,010635 0,006111
платформа 2,931194 0,003575
выражать 0,047791 0,000117
орёл 3,912023 0,004771
система 1,643339 0,002004
читать 0,040822 0,000050
заказать 3,912023 0,004771
сколько 2,525729 0,006160
изменить 2,066196 0,002520
нападение 3,218876 0,003925
возмутить 3,912023 0,004771
база 2,931194 0,007149
запомниться 5,010635 0,006111
оценивать 0,047791 0,000058
байконур 0,097980 0,000358
один 0,836248 0,001020
складный 4,317488 0,005265
революция 3,401197 0,004148
редакциярекламаконтактыпресс 0,000000 0,000000
видео 0,000000 0,000000
перенести 3,218876 0,003925
выявить 2,813411 0,006862
оценить 2,066196 0,012599
солдат 2,371578 0,002892
тигр 4,317488 0,005265
должность 2,813411 0,003431
последний 0,083382 0,000102
крыша 3,912023 0,004771
выпустить 2,238047 0,002729
дорогой 2,813411 0,003431
эра 3,064725 0,003737
архив 0,000000 0,000000
помочь 1,714798 0,004182
авангард 4,317488 0,005265
британия 3,401197 0,004148
борис 2,445686 0,002983
заявить 0,061875 0,000151
сша 0,040822 0,000448
потерять 2,238047 0,005459
запустить 2,302585 0,005616
бонус 0,047791 0,000117
способный 2,612740 0,006373
среда 0,000000 0,000000
раскрытие 0,076161 0,000093
освобождение 3,912023 0,004771
технология 2,525729 0,003080
луна 3,401197 0,004148
испытание 3,218876 0,003925
остаться 0,047791 0,000058
батарея 3,912023 0,004771
кольцо 3,624341 0,004420
ракета 2,813411 0,017155
эксклюзив 0,000000 0,000000
уволить 0,076161 0,000093
скидка 0,047791 0,000058
ракетоносец 5,010635 0,006111
главком 3,401197 0,004148
вели 3,401197 0,004148
стретта 5,010635 0,006111
погружаться 0,047791 0,000058
смерть 1,919593 0,002341
жестокость 5,010635 0,006111
влиять 2,525729 0,003080
выглядеть 1,752539 0,002137
ноябрь 2,014903 0,002457
рынок 1,609438 0,003925
большой 1,714798 0,002091
калифорния 3,912023 0,004771
поставить 2,238047 0,002729
опасность 2,371578 0,002892
подавление 5,010635 0,006111
заразить 4,317488 0,005265
получать 0,033902 0,000041
усилие 2,813411 0,003431
обманывать 3,624341 0,004420
непрерывный 5,010635 0,006111
хотеть 0,013423 0,000033
фильтр 5,010635 0,006111
зона 2,371578 0,005784
орлан 5,010635 0,006111
портативный 4,317488 0,005265
армия 2,014903 0,004914
освободить 2,708050 0,003303
сыр 5,010635 0,006111
старение 4,317488 0,005265
стать 0,499776 0,001828
интерес 2,525729 0,003080
станция 3,401197 0,012443
лазерный 5,010635 0,006111
работать 0,027029 0,000033
демонстратор 5,010635 0,006111
бпнуть 2,931194 0,003575
десятка 2,302585 0,002808
провести 1,514128 0,001846
группа 1,514128 0,001846
огонь 1,609438 0,001963
операция 1,514128 0,001846
спецпроект 0,000000 0,000000
это 0,020203 0,000099
умный 3,624341 0,004420
массовый 2,066196 0,002520
украинский 0,047791 0,000058
два 0,033902 0,000083
обнаружить 2,445686 0,002983
будапешт 5,010635 0,006111
замедлять 5,010635 0,006111
новость 0,000000 0,000000
туристка 0,076161 0,000093
мотор 0,000000 0,000000
взять 2,371578 0,002892
стоить 1,714798 0,004182
наслать 0,000000 0,000000
убить 2,612740 0,003186
доступный 2,708050 0,003303
эффект 3,401197 0,004148
жизнь 0,000000 0,000000
экспедиция 3,624341 0,004420
жать 0,013423 0,000016
войти 0,000000 0,000000
симуляция 5,010635 0,006111
спутниковый 4,317488 0,005265
измениться 2,177422 0,002655
покорение 4,317488 0,005265
испытать 3,912023 0,009542
защита 2,371578 0,002892
воздействие 3,401197 0,004148
принтер 5,010635 0,006111
уход 0,076161 0,000093
почему 0,899761 0,001097
шведский 5,010635 0,006111
хороший 0,006689 0,000033
радий 5,010635 0,006111
музей 3,064725 0,003737
спор 0,097980 0,000119
германия 2,066196 0,002520
окно 3,624341 0,004420
красный 2,120264 0,005171
тариф 4,317488 0,005265
обычный 0,013423 0,000016
конфиденциальность 0,047791 0,000058
спутник 3,624341 0,013260
сталин 3,624341 0,004420
путин 0,967584 0,001180
назад 1,678431 0,008187
изнасиловать 0,076161 0,000093
продолжать 0,033902 0,000041
ведьмак 5,010635 0,006111
первый 0,883501 0,005387
разрешить 3,401197 0,004148
обвинить 2,931194 0,003575
кадр 1,544899 0,001884
техника 0,000000 0,000000
ссср 0,000000 0,000000
деградация 3,401197 0,004148
взломать 4,317488 0,005265
приблизить 3,912023 0,004771
напасть 3,218876 0,003925
февраль 1,160488 0,009907
захватить 2,931194 0,003575
жестокий 2,931194 0,003575
идти 1,297063 0,001582
искусственный 2,931194 0,003575
игра 0,000000 0,000000
макет 5,010635 0,006111
компания 1,714798 0,004182
рэб 4,317488 0,005265
минь 0,000000 0,000000
хакер 3,912023 0,004771
ошибиться 4,317488 0,005265
против 1,791759 0,002185
ваш 0,047791 0,000058
главное 0,000000 0,000000
порт 3,401197 0,004148
французский 3,064725 0,003737
медитация 0,076161 0,000093
вымирание 5,010635 0,006111
срок 1,966113 0,004795
раскрыть 1,643339 0,010020
превосходство 4,317488 0,005265
пользователь 2,371578 0,002892
реакция 0,047791 0,000117
пора 2,177422 0,002655
нацистский 5,010635 0,006111
самый 0,883501 0,004310
эволюция 4,317488 0,010530
материал 0,000000 0,000000
техас 5,010635 0,006111
европейский 2,120264 0,002586
учение 3,912023 0,004771
успешно 2,813411 0,003431
глухой 3,624341 0,004420
блуд 5,010635 0,006111
продолжение 2,813411 0,003431
налить 5,010635 0,006111
ад 3,912023 0,004771
боевой 2,371578 0,002892
лента 0,000000 0,000000
финальный 5,010635 0,006111
экипаж 3,218876 0,003925
орбитальный 5,010635 0,006111
спорт 0,000000 0,000000
экзоскелет 5,010635 0,006111
разработать 2,612740 0,003186
помешать 3,064725 0,003737
куб 5,010635 0,006111
мочь 0,836248 0,002040
пиво 3,912023 0,004771
сам 1,226446 0,001496
четыре 0,040822 0,000050
интеллект 3,218876 0,003925
приложение 3,218876 0,003925
всенаукать 3,064725 0,003737
застрять 4,317488 0,005265
швеция 5,010635 0,006111
конфиденциальностиправить 0,000000 0,000000
авокадо 5,010635 0,006111
глава 1,321756 0,001612
анонс 5,010635 0,006111
юрий 2,525729 0,003080
применение 0,000000 0,000000
космос 2,813411 0,003431
оружие 2,120264 0,002586
возможный 2,066196 0,002520
счастие 3,912023 0,004771
позволить 3,218876 0,003925
лунный 3,912023 0,014312
готовый 1,791759 0,002185
вс 2,371578 0,002892
признать 1,484275 0,001810
ценность 0,000000 0,000000
известно 1,297063 0,003164
вернуться 0,006689 0,000008
впервые 1,919593 0,002341
экспонат 3,912023 0,004771
рак 2,708050 0,003303
байден 3,218876 0,003925
сво 2,445686 0,008948
российский 0,033902 0,000372
солнечный 3,218876 0,003925
исчезнуть 3,064725 0,003737
китайский 2,813411 0,003431
обитание 0,000000 0,000000
россия 0,000000 0,000000
интернет 0,000000 0,000000
спустя 1,832581 0,002235
испугаться 5,010635 0,012221
сутки 2,445686 0,002983
космонавтика 3,912023 0,004771
антарктида 4,317488 0,010530
свой 0,020203 0,000049
получиться 2,708050 0,003303
январь 1,514128 0,005539
отключение 4,317488 0,005265
назвать 1,021651 0,008721
космический 3,624341 0,008840
гид 0,076161 0,000093
устройство 3,218876 0,003925
американский 0,054808 0,000067
похудение 3,401197 0,004148
великий 2,238047 0,002729
прекращение 1,714798 0,002091
особенность 2,813411 0,003431
сотрудник 0,068993 0,000084
представить 2,525729 0,012321
зеленский 0,054808 0,000134
компьютер 3,624341 0,017680
работа 0,899761 0,001097
европа 1,791759 0,002185
полёт 2,931194 0,007149
эмоция 0,047791 0,000058
сеть 0,090654 0,000111
исследовать 5,010635 0,006111
дешёвый 3,912023 0,009542
ход 1,678431 0,004094
перекус 4,317488 0,005265
ес 2,708050 0,003303
абрамс 5,010635 0,006111
дрон 1,832581 0,011174
сей 2,177422 0,002655
военнослужащий 0,068993 0,000084
накапливать 0,047791 0,000058
причина 1,484275 0,007240
консоль 5,010635 0,006111
учёный 2,525729 0,018481
вид 1,514128 0,001846
польза 2,612740 0,003186
ребёнок 1,919593 0,002341
пандемия 4,317488 0,005265
лёгкий 2,612740 0,003186
освоить 3,401197 0,004148
пушка 3,401197 0,004148
покинуть 3,912023 0,004771
фрукт 3,064725 0,003737
видеоигра 4,317488 0,005265
депутат 0,068993 0,000084
положение 2,612740 0,003186
прогресс 0,090654 0,000221
пво 3,401197 0,008296
война 1,455287 0,003549
звуковой 3,624341 0,004420
маска 3,218876 0,003925
форма 0,061875 0,000075
нажать 0,000000 0,000000
дом 0,061875 0,000151
культура 0,000000 0,000000
уязвимый 4,317488 0,005265
обмен 2,371578 0,002892
коллега 1,791759 0,004370
нато 3,624341 0,004420
статья 0,000000 0,000000
советский 1,752539 0,004274
современный 2,066196 0,005040
бомба 3,218876 0,007851
игровой 5,010635 0,006111
пуск 3,912023 0,014312
боря 4,317488 0,005265
мировой 1,752539 0,004274
фашист 3,218876 0,003925
получить 1,059392 0,002584
многоразовый 5,010635 0,006111
план 1,875141 0,002287
оказаться 1,249435 0,003047
фактор 2,931194 0,007149
передать 1,966113 0,002398
перенасыщение 5,010635 0,006111
сделать 1,321756 0,001612
атомный 3,064725 0,007475
увлекательный 0,047791 0,000058
использованияполитик 0,000000 0,000000
заметить 2,120264 0,002586
здоровье 2,302585 0,005616
вмф 3,064725 0,003737
деактивировать 0,013423 0,000016
цивилизация 5,010635 0,006111
рекомендательный 0,000000 0,000000
прорыв 3,064725 0,003737
переговоры 0,047791 0,000058
год 0,521999 0,005093
машина 1,875141 0,002287
обратиться 0,076161 0,000093
забота 0,000000 0,000000
сбер 0,040822 0,000050
пожаловать 0,013423 0,000016
трамп 0,054808 0,000134
решить 1,791759 0,002185
крупный 0,054808 0,000134
военкор 3,064725 0,003737
гитлер 3,912023 0,004771
леонов 3,401197 0,004148
победа 0,000000 0,000000
белоус 0,076161 0,000093
прибыть 0,083382 0,000203
рассказать 0,985284 0,004806
страна 0,747955 0,000912
вместо 2,708050 0,003303
запуск 3,624341 0,004420
тайна 3,064725 0,003737
кресло 3,401197 0,004148
сми 0,000000 0,000000
акция 0,047791 0,000058
создать 2,120264 0,005171
маск 3,401197 0,008296
интрига 3,401197 0,004148
понять 2,177422 0,002655
гнилой 5,010635 0,006111
жилец 0,068993 0,000084
союз 1,966113 0,007193
орешник 3,624341 0,004420
создание 2,120264 0,005171
динозавр 5,010635 0,006111
предречь 0,076161 0,000186
неожиданный 2,813411 0,006862
начало 1,399717 0,001707
место 0,027029 0,000033
свет 0,054808 0,000067
регион 0,076161 0,000093
миссия 3,218876 0,007851
успешный 3,218876 0,007851
мс 0,097980 0,000597
марс 4,317488 0,005265
март 0,040822 0,002489
военный 0,020203 0,000049
летний 0,047791 0,000058
рада 0,068993 0,000084
экономика 0,000000 0,000000
скафандр 3,401197 0,016591
опечатка 0,000000 0,000000
смартфон 3,624341 0,022100
отправиться 2,445686 0,002983
десять 2,708050 0,003303
долголетие 4,317488 0,005265
астронавт 4,317488 0,010530
ужас 3,401197 0,004148
вызвать 0,090654 0,000111
апрель 2,525729 0,003080
появление 2,813411 0,003431
затаиться 5,010635 0,006111
подводный 3,401197 0,004148
венера 4,317488 0,005265
прибытие 4,317488 0,005265
норвегия 5,010635 0,006111
влияние 1,919593 0,004682
автономный 5,010635 0,006111
бой 2,066196 0,005040
роскосмос 3,218876 0,003925
реальный 0,013423 0,000016
название 2,813411 0,003431
развитие 2,120264 0,005171
тысяча 0,054808 0,000067
завершение 3,218876 0,003925
общаться 3,064725 0,003737
всу 1,373049 0,005023
заказчик 4,317488 0,005265
лагерь 3,912023 0,004771
затопить 0,076161 0,000093
невозможно 2,708050 0,003303
обменивать 0,047791 0,000058
препарат 3,218876 0,003925
алексей 1,875141 0,002287
условие 0,033902 0,000083
объявить 2,120264 0,005171
отстыковка 5,010635 0,006111
правда 0,040822 0,000050
выпуск 3,912023 0,004771
отремонтировать 5,010635 0,006111
выпускать 3,218876 0,003925
уникальный 2,525729 0,003080
калашников 5,010635 0,012221
подморозить 5,010635 0,006111
ожирение 3,624341 0,004420
немой 2,371578 0,002892
опасный 2,238047 0,002729
риск 2,120264 0,005171
видеть 0,013423 0,000016
скорый 2,525729 0,003080
миллион 1,347074 0,001643
способ 1,919593 0,002341
наука 0,000000 0,000000
какой 1,203973 0,001468
проверить 3,064725 0,003737
второй 1,643339 0,006012
модернизация 5,010635 0,006111
