ру 0,000000 0,000000
банк 0,068993 0,000235
лента 0,000000 0,000000
новый 0,000000 0,000000
день 0,033902 0,000115
перемирие 0,076161 0,000259
спорт 0,000000 0,000000
буквально 3,218876 0,010949
мочь 0,836248 0,002844
отвести 0,076161 0,000259
добро 0,013423 0,000137
неизвестно 3,401197 0,011569
согласие 0,047791 0,000163
путешествие 0,000000 0,000000
четыре 0,040822 0,000139
краш 3,401197 0,023137
конфликт 0,061875 0,000210
конфиденциальностиправить 0,000000 0,000000
александр 1,373049 0,018681
пол 0,090654 0,000308
помощь 0,027029 0,000092
вода 0,054808 0,000186
фото 0,061875 0,000631
политика 0,040822 0,000139
влюбиться 4,317488 0,014685
применение 0,000000 0,000000
коля 5,010635 0,034086
ценность 0,000000 0,000000
мир 0,000000 0,000000
вернуться 0,006689 0,000023
весь 1,078810 0,003669
индия 0,076161 0,000259
структура 0,000000 0,000000
российский 0,033902 0,000231
обитание 0,000000 0,000000
бывший 0,000000 0,000000
называть 1,791759 0,006094
россия 0,000000 0,000000
интернет 0,000000 0,000000
смотреть 2,066196 0,007028
маккартень 0,097980 0,000333
ооо 0,000000 0,000000
свой 0,020203 0,000137
скуфома 4,317488 0,014685
проблема 0,047791 0,000163
белорусский 4,317488 0,014685
гид 0,076161 0,000259
технологийминь 0,000000 0,000000
город 0,047791 0,000163
лукашенко 2,813411 0,076555
американский 0,054808 0,000186
отец 1,919593 0,013058
видявленияроскошьличность 2,813411 0,009569
галерея 0,000000 0,000000
внешность 0,097980 0,000667
сотрудник 0,068993 0,000235
начаться 0,033902 0,000115
зеленский 0,054808 0,000373
изменение 2,612740 0,008887
увидеть 1,752539 0,017883
силовой 0,000000 0,000000
пляжный 0,097980 0,000333
эмоция 0,047791 0,000163
сеть 0,090654 0,000308
выражать 0,047791 0,000325
читать 0,040822 0,000139
военнослужащий 0,068993 0,000235
накапливать 0,047791 0,000163
прилетать 5,010635 0,017043
оценивать 0,047791 0,000163
родиться 3,064725 0,010424
байконур 0,097980 0,000333
редакциярекламаконтактыпресс 0,000000 0,000000
видео 0,000000 0,000000
ёкнуть 5,010635 0,017043
депутат 0,068993 0,000235
прогресс 0,090654 0,000308
форма 0,061875 0,000210
нажать 0,000000 0,000000
россиянка 1,875141 0,025512
последний 0,083382 0,000284
дом 0,061875 0,000210
вовсе 3,401197 0,011569
культура 0,000000 0,000000
некоторый 1,576648 0,005363
всестильвнешний 2,813411 0,009569
архив 0,000000 0,000000
статья 0,000000 0,000000
заявить 0,061875 0,000210
сша 0,040822 0,000139
лидер 1,347074 0,004582
бонус 0,047791 0,000325
среда 0,000000 0,000000
раскрытие 0,076161 0,000259
остаться 0,047791 0,000163
девушка 2,238047 0,007612
эксклюзив 0,000000 0,000000
уволить 0,076161 0,000259
скидка 0,047791 0,000163
москва 1,021651 0,003475
комментарий 1,427116 0,004854
врач 2,066196 0,007028
парад 3,624341 0,024655
погружаться 0,047791 0,000163
рунет 4,317488 0,014685
увлекательный 0,047791 0,000163
использованияполитик 0,000000 0,000000
выглядеть 1,752539 0,011922
деактивировать 0,013423 0,000046
рекомендательный 0,000000 0,000000
являться 1,714798 0,005833
переговоры 0,047791 0,000163
получать 0,033902 0,000115
год 0,521999 0,010653
сердечко 5,010635 0,017043
хотеть 0,013423 0,000046
обратиться 0,076161 0,000259
сын 2,120264 0,050482
забота 0,000000 0,000000
мать 2,445686 0,008319
сбер 0,040822 0,000139
пожаловать 0,013423 0,000046
прозвать 3,624341 0,012328
стать 0,499776 0,001700
младший 3,401197 0,011569
работать 0,027029 0,000184
трамп 0,054808 0,000186
николай 3,624341 0,049311
крупный 0,054808 0,000373
спецпроект 0,000000 0,000000
это 0,020203 0,000069
победа 0,000000 0,000000
украинский 0,047791 0,000163
слово 0,820981 0,002792
белоус 0,076161 0,000259
обнаружить 2,445686 0,008319
прибыть 0,083382 0,000284
два 0,033902 0,000231
реально 5,010635 0,017043
президент 0,851752 0,005794
новость 0,000000 0,000000
туристка 0,076161 0,000259
мотор 0,000000 0,000000
сми 0,000000 0,000000
акция 0,047791 0,000163
наслать 0,000000 0,000000
вместе 1,514128 0,005150
красивый 3,912023 0,013306
жизнь 0,000000 0,000000
жилец 0,068993 0,000235
предречь 0,076161 0,000518
жать 0,013423 0,000046
войти 0,000000 0,000000
место 0,027029 0,000092
свет 0,054808 0,000186
регион 0,076161 0,000259
мс 0,097980 0,000333
измениться 2,177422 0,007406
ради 2,371578 0,008067
март 0,040822 0,000278
военный 0,020203 0,000069
летний 0,047791 0,000650
рада 0,068993 0,000235
экономика 0,000000 0,000000
свежий 3,912023 0,026612
уход 0,076161 0,000259
опечатка 0,000000 0,000000
почему 0,899761 0,003060
хороший 0,006689 0,000023
спор 0,097980 0,000333
вина 3,401197 0,011569
пользовательница 4,317488 0,014685
писать 1,752539 0,005961
отключить 1,514128 0,005150
вызвать 0,090654 0,000308
белоруссия 2,931194 0,019940
три 1,919593 0,006529
обычный 0,013423 0,000046
конфиденциальность 0,047791 0,000163
обратить 2,931194 0,009970
назад 1,678431 0,017127
изнасиловать 0,076161 0,000259
продолжать 0,033902 0,000115
реальный 0,013423 0,000046
кадр 1,544899 0,010510
влюбить 2,931194 0,019940
ссср 0,000000 0,000000
техника 0,000000 0,000000
тысяча 0,054808 0,000186
пять 1,484275 0,015146
залысина 5,010635 0,051129
затопить 0,076161 0,000259
игра 0,000000 0,000000
внимание 1,966113 0,006687
обменивать 0,047791 0,000163
минь 0,000000 0,000000
условие 0,033902 0,000231
именно 1,875141 0,006378
ваш 0,047791 0,000163
главное 0,000000 0,000000
мнение 1,643339 0,005590
медитация 0,076161 0,000259
правда 0,040822 0,000139
личность 3,401197 0,011569
немой 2,371578 0,008067
видеть 0,013423 0,000046
реакция 0,047791 0,000325
август 2,445686 0,008319
материал 0,000000 0,000000
наука 0,000000 0,000000
произойти 1,791759 0,006094
