состояться 2,014903 0,000984
протез 5,010635 0,022030
леонид 3,064725 0,001497
ру 0,000000 0,000000
день 0,033902 0,000083
рассказ 3,401197 0,001662
найти 1,678431 0,000820
газета 2,302585 0,002250
лишиться 2,445686 0,001195
целое 2,813411 0,001374
физический 2,813411 0,001374
приморский 3,624341 0,001771
осложнить 4,317488 0,002109
путешествие 0,000000 0,000000
пересказать 5,010635 0,002448
застать 3,401197 0,001662
расчистить 5,010635 0,002448
народный 2,708050 0,002646
встретить 2,612740 0,001276
пол 0,090654 0,000044
человек 0,762140 0,003723
пусть 3,912023 0,001911
отмечаться 2,177422 0,001064
лично 3,064725 0,001497
подробный 3,064725 0,002994
немного 2,813411 0,004123
прооперировать 4,317488 0,002109
лес 3,064725 0,007486
скромно 5,010635 0,002448
угробить 5,010635 0,002448
костыль 5,010635 0,002448
каменченко 5,010635 0,002448
нога 2,302585 0,012373
область 1,272966 0,001244
очевидный 3,218876 0,001572
китаец 4,317488 0,002109
училище 3,624341 0,003541
весь 1,078810 0,001581
пройти 1,427116 0,001394
туберкулёз 5,010635 0,002448
шаг 2,371578 0,004634
увлечь 5,010635 0,002448
житель 1,678431 0,000820
дело 1,249435 0,000610
весьма 3,064725 0,001497
опытный 2,813411 0,001374
расположить 3,064725 0,001497
карман 3,912023 0,001911
проект 2,813411 0,001374
книжка 5,010635 0,004896
называть 1,791759 0,001751
обезболивать 4,317488 0,002109
добиваться 3,218876 0,001572
посмотреть 2,525729 0,001234
командование 3,218876 0,001572
поверить 3,624341 0,003541
кинжал 4,317488 0,002109
найтись 3,401197 0,001662
новиков 3,912023 0,001911
сильный 1,678431 0,000820
главный 1,272966 0,000622
отрезать 3,064725 0,001497
шасси 5,010635 0,002448
технологийминь 0,000000 0,000000
мучительный 4,317488 0,002109
дежурный 3,624341 0,001771
фотография 3,218876 0,001572
граната 5,010635 0,002448
допускать 4,317488 0,002109
ранить 3,624341 0,001771
снова 2,813411 0,002749
анекдот 3,624341 0,001771
сначала 2,445686 0,001195
находиться 1,399717 0,000684
территория 1,609438 0,000786
употреблять 3,912023 0,001911
отбиться 3,912023 0,001911
успокоиться 3,624341 0,001771
начать 1,139434 0,000557
юнкерс 5,010635 0,002448
однажды 3,624341 0,005312
силовой 0,000000 0,000000
лётчик 2,931194 0,042958
приходить 2,708050 0,001323
стерильный 5,010635 0,002448
нищета 3,912023 0,001911
повествование 5,010635 0,002448
однако 1,249435 0,003052
себя 2,014903 0,002953
летие 3,912023 0,001911
цк 3,912023 0,003822
феноменальный 5,010635 0,002448
случайно 3,912023 0,001911
изменить 2,066196 0,002019
отказ 2,120264 0,001036
уверенно 4,317488 0,002109
крепкий 3,624341 0,001771
июнь 2,371578 0,002317
новгородский 5,010635 0,004896
специальность 4,317488 0,002109
трехмоторный 5,010635 0,002448
карпович 5,010635 0,002448
волжский 5,010635 0,002448
один 0,836248 0,003268
дехтяренко 5,010635 0,002448
иметь 1,832581 0,000895
полностью 2,525729 0,001234
конёк 5,010635 0,002448
посетить 3,064725 0,001497
ночлег 5,010635 0,002448
самостоятельный 3,624341 0,001771
контролировать 3,401197 0,001662
выясниться 2,371578 0,001159
часть 1,484275 0,002900
лесоповал 5,010635 0,002448
заводский 4,317488 0,002109
забыться 4,317488 0,002109
выход 2,120264 0,001036
ишак 5,010635 0,007343
последний 0,083382 0,000041
ступня 4,317488 0,002109
класс 3,401197 0,003323
ателье 5,010635 0,002448
едва 2,177422 0,001064
сторона 1,321756 0,001937
мессершмитта 5,010635 0,002448
немец 3,401197 0,004985
кислый 5,010635 0,002448
некоторый 1,576648 0,001540
архив 0,000000 0,000000
актёрский 3,624341 0,001771
выписать 3,624341 0,001771
подросток 3,218876 0,001572
добраться 3,064725 0,002994
своевременно 3,912023 0,001911
описание 3,624341 0,001771
процесс 2,302585 0,001125
июль 2,708050 0,006615
отказать 5,010635 0,002448
заменить 2,931194 0,001432
упорство 5,010635 0,004896
авиационный 3,624341 0,007082
недостаток 3,064725 0,001497
говорить 1,160488 0,000567
сформироваться 3,624341 0,001771
авиация 2,612740 0,010211
серый 3,912023 0,001911
надежда 3,912023 0,001911
трудно 3,401197 0,001662
вечер 3,064725 0,001497
патрулирование 4,317488 0,002109
хромать 5,010635 0,002448
взрослый 2,931194 0,001432
кадочник 5,010635 0,002448
удачно 3,218876 0,001572
поступить 2,708050 0,001323
разбудить 5,010635 0,002448
ноябрь 2,014903 0,001969
враг 3,064725 0,002994
претензия 3,218876 0,001572
назначить 2,708050 0,001323
комсомольский 3,912023 0,001911
берлога 5,010635 0,002448
поставить 2,238047 0,001093
довольный 3,401197 0,003323
текст 3,912023 0,001911
застёжка 5,010635 0,002448
получать 0,033902 0,000017
страшно 3,401197 0,001662
усилие 2,813411 0,001374
единый 3,401197 0,001662
наоборот 2,813411 0,002749
перейти 2,445686 0,001195
армия 2,014903 0,000984
сын 2,120264 0,003107
прокофьев 5,010635 0,002448
обладать 3,624341 0,001771
счёт 2,708050 0,005292
нужно 1,791759 0,001751
бить 2,445686 0,004779
лёжа 5,010635 0,002448
группа 1,514128 0,001479
отдаваться 5,010635 0,002448
огонь 1,609438 0,000786
спецпроект 0,000000 0,000000
ткань 3,624341 0,001771
офицерский 5,010635 0,002448
сустав 3,912023 0,001911
ответственность 2,931194 0,001432
слово 0,820981 0,000802
отважный 5,010635 0,002448
еда 2,931194 0,001432
курить 3,218876 0,001572
процент 1,678431 0,000820
прочесть 5,010635 0,002448
комиссия 3,064725 0,001497
мотор 0,000000 0,000000
тонуть 4,317488 0,002109
взять 2,371578 0,002317
реабилитация 3,912023 0,001911
наслать 0,000000 0,000000
терпеть 3,624341 0,001771
жизнь 0,000000 0,000000
звание 2,813411 0,005498
прилететь 4,317488 0,002109
научиться 3,624341 0,005312
жать 0,013423 0,000007
рычание 5,010635 0,002448
дорога 2,525729 0,001234
авиашкола 5,010635 0,002448
целый 2,525729 0,001234
трое 2,931194 0,001432
связно 5,010635 0,002448
зрительный 3,912023 0,001911
патриотичный 5,010635 0,002448
счесть 3,401197 0,001662
точно 3,064725 0,001497
халхина 5,010635 0,002448
энтузиаст 4,317488 0,002109
амортизировать 5,010635 0,002448
коляска 4,317488 0,002109
сбить 2,813411 0,012370
трагедия 3,912023 0,001911
почему 0,899761 0,000440
хороший 0,006689 0,000013
тренировка 3,912023 0,003822
пилотирование 5,010635 0,002448
красный 2,120264 0,003107
воевать 2,931194 0,002864
отключить 1,514128 0,000740
почувствовать 3,064725 0,001497
тоненький 5,010635 0,002448
упорный 5,010635 0,002448
общий 1,714798 0,000838
спрашивать 3,624341 0,003541
истребитель 2,931194 0,012888
малярия 5,010635 0,007343
седьмой 4,317488 0,002109
ссср 0,000000 0,000000
состояние 2,238047 0,002187
мересьев 5,010635 0,002448
опубликовать 1,875141 0,000916
идти 1,297063 0,001901
слабый 4,317488 0,004218
як 5,010635 0,004896
галлюцинация 3,912023 0,001911
навестить 5,010635 0,002448
выполнить 2,931194 0,001432
никто 2,014903 0,000984
петрович 5,010635 0,004896
показаться 2,931194 0,001432
минь 0,000000 0,000000
именно 1,875141 0,000916
главное 0,000000 0,000000
голова 3,401197 0,001662
теребинский 5,010635 0,004896
перевести 3,218876 0,001572
потребоваться 3,624341 0,001771
столкнуться 2,177422 0,001064
англия 5,010635 0,002448
стонать 5,010635 0,007343
освоиться 5,010635 0,002448
символ 2,445686 0,001195
участвовать 3,064725 0,001497
сообщить 1,297063 0,000634
быть 1,399717 0,000684
автомобиль 2,177422 0,001064
глухой 3,624341 0,003541
валериан 5,010635 0,002448
ёж 5,010635 0,002448
отряд 2,931194 0,001432
ранение 2,813411 0,002749
жёлтый 3,912023 0,001911
воплощение 3,912023 0,001911
присвоить 4,317488 0,002109
летать 3,624341 0,010623
деревня 3,624341 0,005312
есть 3,401197 0,001662
вести 2,014903 0,000984
вылет 3,624341 0,005312
линия 2,445686 0,002390
установить 2,931194 0,001432
спорт 0,000000 0,000000
шок 3,624341 0,001771
кадочников 5,010635 0,002448
услышать 3,218876 0,001572
помешать 3,064725 0,001497
франция 2,931194 0,001432
выполнять 2,708050 0,001323
этот 1,427116 0,002092
сказать 1,919593 0,002813
отстегнуть 5,010635 0,002448
заледенеть 5,010635 0,002448
далёкий 2,525729 0,001234
конфиденциальностиправить 0,000000 0,000000
вооружение 3,064725 0,001497
сохранить 2,302585 0,001125
беспримерный 5,010635 0,002448
тяжёлый 1,791759 0,003501
токарь 5,010635 0,004896
известный 1,714798 0,000838
курсант 4,317488 0,002109
заново 3,401197 0,001662
воздух 2,813411 0,002749
основное 3,912023 0,001911
болезненный 5,010635 0,002448
согласный 3,912023 0,001911
смириться 3,912023 0,001911
сложиться 2,931194 0,001432
опера 4,317488 0,006328
зачёт 5,010635 0,002448
немецкий 3,064725 0,007486
позволить 3,218876 0,001572
отправлять 3,912023 0,001911
пётр 3,401197 0,001662
впервые 1,919593 0,000938
раз 2,371578 0,003476
прыгать 5,010635 0,002448
эскадрилья 5,010635 0,007343
выхлопотать 5,010635 0,002448
фронтовой 3,912023 0,003822
оставить 2,238047 0,002187
композитор 5,010635 0,002448
российский 0,033902 0,000033
стоп 5,010635 0,004896
сражаться 3,624341 0,007082
стон 5,010635 0,002448
еле 4,317488 0,002109
испания 3,912023 0,001911
цель 1,875141 0,001832
обитание 0,000000 0,000000
дерево 3,912023 0,001911
давно 2,445686 0,001195
приехать 2,238047 0,003280
версия 2,708050 0,002646
факел 4,317488 0,002109
бадер 5,010635 0,002448
интернет 0,000000 0,000000
сутки 2,445686 0,002390
рано 3,401197 0,001662
шесть 1,966113 0,000960
аккуратно 3,401197 0,001662
основать 3,912023 0,001911
режимщикома 5,010635 0,002448
назвать 1,021651 0,000499
сражение 3,624341 0,001771
полк 5,010635 0,004896
маресьев 5,010635 0,149315
сгибаться 5,010635 0,002448
убедить 2,302585 0,001125
прошение 5,010635 0,002448
поле 3,064725 0,001497
невредимый 5,010635 0,002448
записать 2,708050 0,001323
ямановый 5,010635 0,002448
фриц 3,624341 0,003541
сложный 2,302585 0,002250
контуженый 5,010635 0,002448
страшный 2,525729 0,002468
положить 3,401197 0,001662
спиртное 3,912023 0,001911
зря 4,317488 0,002109
работа 0,899761 0,001319
лесозавод 5,010635 0,007343
долг 3,401197 0,001662
партийный 5,010635 0,002448
оставаться 1,875141 0,000916
характеристика 3,912023 0,001911
амур 4,317488 0,004218
театр 3,064725 0,001497
направление 2,302585 0,002250
чёрный 1,919593 0,000938
запретить 2,066196 0,001009
записаться 5,010635 0,004896
определять 3,912023 0,001911
настороженно 5,010635 0,002448
полвека 2,931194 0,002864
должный 1,714798 0,003351
гагарин 3,064725 0,001497
упорно 4,317488 0,002109
больно 5,010635 0,004896
культурность 5,010635 0,002448
фортуна 4,317488 0,002109
кроме 1,427116 0,000697
невыполнимый 5,010635 0,002448
лёгкий 2,612740 0,002553
девчонка 3,912023 0,001911
доставить 2,177422 0,002127
оба 2,445686 0,005974
впереди 3,624341 0,001771
преследовать 3,912023 0,001911
депутат 0,068993 0,000034
тип 3,401197 0,003323
война 1,455287 0,009242
отморозить 5,010635 0,002448
переступить 5,010635 0,002448
медсестра 4,317488 0,004218
табуретка 5,010635 0,004896
неубираться 5,010635 0,002448
пограничный 3,624341 0,001771
снятой 3,218876 0,001572
культура 0,000000 0,000000
преодолеть 3,064725 0,001497
чутко 5,010635 0,002448
катер 5,010635 0,002448
перебить 5,010635 0,002448
статья 0,000000 0,000000
батайский 5,010635 0,002448
существовать 2,445686 0,001195
рассылать 5,010635 0,002448
подвиг 3,624341 0,003541
сбивать 3,401197 0,003323
кобура 5,010635 0,002448
одолеть 5,010635 0,002448
серийный 5,010635 0,002448
посвятить 2,931194 0,001432
вонь 4,317488 0,002109
мировой 1,752539 0,001712
строить 4,317488 0,002109
ответственный 3,218876 0,001572
ранний 2,120264 0,001036
многий 2,708050 0,002646
фашист 3,218876 0,007862
близкий 1,875141 0,001832
многие 1,714798 0,001675
получить 1,059392 0,003105
волга 3,912023 0,001911
сталинский 4,317488 0,002109
фраза 2,931194 0,001432
пилот 2,708050 0,009261
деревянный 5,010635 0,002448
слежаться 5,010635 0,002448
передать 1,966113 0,000960
гол 3,912023 0,001911
сделать 1,321756 0,001291
послевоенный 4,317488 0,002109
обстоятельство 3,912023 0,001911
испытывать 3,624341 0,001771
довоенный 5,010635 0,002448
оспаривать 5,010635 0,002448
воля 2,120264 0,003107
год 0,521999 0,008415
избираться 5,010635 0,002448
пилотировать 3,912023 0,003822
защитить 3,064725 0,001497
симулятор 5,010635 0,002448
мать 2,445686 0,002390
андрей 3,064725 0,001497
комитет 2,813411 0,001374
рождать 5,010635 0,002448
маресьевиз 5,010635 0,002448
мужать 5,010635 0,002448
юность 4,317488 0,002109
повседневный 3,624341 0,001771
бесперспективный 4,317488 0,002109
сталинградский 4,317488 0,002109
чистота 5,010635 0,002448
крупный 0,054808 0,000027
приезжать 3,624341 0,001771
антон 3,912023 0,001911
май 2,813411 0,004123
пистолет 4,317488 0,004218
инструктор 4,317488 0,002109
рамка 2,371578 0,001159
перспектива 2,371578 0,001159
вираж 5,010635 0,002448
семь 2,708050 0,002646
приближать 3,912023 0,001911
подобрать 3,912023 0,001911
критический 3,401197 0,001662
приз 5,010635 0,002448
упрямец 5,010635 0,002448
несовпадение 5,010635 0,002448
позвать 3,624341 0,001771
спиться 5,010635 0,002448
кресло 3,401197 0,001662
перевернуть 5,010635 0,002448
сразу 2,066196 0,001009
оттуда 3,401197 0,001662
создать 2,120264 0,001036
инфаркт 3,912023 0,001911
такой 1,003302 0,000490
битва 3,401197 0,001662
вместе 1,514128 0,001479
малый 3,218876 0,001572
рассказывать 2,302585 0,003375
распорядиться 3,624341 0,003541
таков 5,010635 0,002448
прожить 2,931194 0,001432
облегчить 4,317488 0,002109
заставить 2,612740 0,001276
отправить 2,066196 0,004038
продолжить 3,401197 0,001662
рука 2,066196 0,001009
проходить 2,445686 0,002390
село 2,708050 0,002646
генеральный 2,708050 0,001323
накануне 2,238047 0,001093
военный 0,020203 0,000049
устный 5,010635 0,002448
ркк 5,010635 0,004896
экономика 0,000000 0,000000
состав 2,445686 0,002390
совершенно 2,813411 0,001374
глаз 2,066196 0,001009
тот 1,427116 0,002092
кровь 2,612740 0,002553
десять 2,708050 0,005292
премия 3,218876 0,001572
поздний 1,832581 0,000895
хриплый 5,010635 0,002448
разрешать 5,010635 0,002448
история 1,609438 0,003931
сахалин 5,010635 0,002448
вскоре 2,302585 0,001125
звезда 1,919593 0,001876
фамилия 3,912023 0,005733
дуглас 5,010635 0,002448
школа 2,525729 0,008637
принести 2,525729 0,002468
либо 1,919593 0,000938
понадобиться 5,010635 0,002448
касательная 5,010635 0,002448
пересматривать 5,010635 0,002448
командир 2,813411 0,005498
бой 2,066196 0,011103
реальный 0,013423 0,000020
название 2,813411 0,001374
фабричный 4,317488 0,002109
тысяча 0,054808 0,000027
молодой 2,525729 0,001234
бегать 3,624341 0,001771
голод 3,401197 0,004985
длинный 3,624341 0,001771
наметить 5,010635 0,002448
холод 3,624341 0,001771
числово 5,010635 0,002448
алексей 1,875141 0,021069
кпсс 3,912023 0,003822
отвечать 2,302585 0,001125
люфтваффа 5,010635 0,002448
фильм 2,238047 0,001093
думать 1,791759 0,000875
рыбалка 5,010635 0,002448
обход 5,010635 0,002448
немой 2,371578 0,001159
принять 1,678431 0,000820
видеть 0,013423 0,000013
упасть 3,064725 0,002994
ильенков 5,010635 0,002448
высокий 1,455287 0,002133
санаторий 3,912023 0,003822
второй 1,643339 0,000803
придумать 2,525729 0,001234
должок 3,624341 0,003541
специальный 2,525729 0,002468
записка 5,010635 0,002448
новый 0,000000 0,000000
алеш 5,010635 0,004896
старенький 5,010635 0,004896
образ 1,514128 0,000740
фигура 3,064725 0,001497
детство 4,317488 0,002109
служить 3,401197 0,001662
невероятный 3,912023 0,001911
выйти 1,752539 0,000856
болеть 3,624341 0,001771
местный 2,066196 0,002019
авиаотряд 4,317488 0,002109
добро 0,013423 0,000020
менее 2,014903 0,000984
удар 1,455287 0,000711
касаться 2,445686 0,002390
умение 2,813411 0,001374
важный 1,875141 0,000916
пойти 2,120264 0,001036
батайск 5,010635 0,002448
гвардейский 3,912023 0,001911
знакомство 4,317488 0,002109
спасать 2,612740 0,001276
нести 2,525729 0,001234
мысль 3,064725 0,001497
помощь 0,027029 0,000013
александр 1,373049 0,001342
голеностоп 5,010635 0,002448
секретарь 2,708050 0,002646
ходьба 5,010635 0,002448
устраиваться 4,317488 0,002109
доползти 5,010635 0,002448
застрелить 3,912023 0,001911
контузия 5,010635 0,002448
гангрена 5,010635 0,004896
захолустный 5,010635 0,002448
живой 2,525729 0,008637
й 2,612740 0,003829
добиться 2,813411 0,001374
х 2,177422 0,003191
течение 1,966113 0,000960
своенравный 5,010635 0,002448
рухнуть 4,317488 0,004218
дополнительный 2,931194 0,001432
первоначальный 3,624341 0,001771
самолёт 2,302585 0,019123
выдержать 4,317488 0,004218
земля 1,919593 0,001876
ю 5,010635 0,007343
прочно 5,010635 0,002448
я 2,931194 0,002864
сила 1,321756 0,001937
мир 0,000000 0,000000
укол 4,317488 0,002109
награждение 4,317488 0,002109
структура 0,000000 0,000000
ползти 5,010635 0,004896
множественный 4,317488 0,002109
русский 1,919593 0,001876
бояться 2,120264 0,001036
годовщина 5,010635 0,002448
бывший 0,000000 0,000000
тюрьма 3,064725 0,002994
время 0,693147 0,002709
конец 1,643339 0,000803
нюрнбергский 5,010635 0,002448
единственный 2,708050 0,003969
радиопостановка 5,010635 0,002448
забыть 2,708050 0,001323
ооо 0,000000 0,000000
сознание 3,218876 0,007862
подробно 4,317488 0,002109
раздробить 5,010635 0,004896
шатун 5,010635 0,004896
начальник 2,238047 0,001093
присоединиться 4,317488 0,002109
крон 4,317488 0,002109
пикировать 5,010635 0,002448
фронт 2,708050 0,006615
сергей 2,525729 0,001234
господство 5,010635 0,002448
фабзавуч 5,010635 0,002448
город 0,047791 0,000047
упереть 5,010635 0,002448
публикация 3,064725 0,001497
носить 2,813411 0,001374
понравиться 3,064725 0,001497
погибнуть 2,612740 0,001276
следовать 1,966113 0,002881
час 1,455287 0,000711
отец 1,919593 0,001876
опора 4,317488 0,002109
написать 1,966113 0,002881
галерея 0,000000 0,000000
шанс 2,931194 0,005728
саратовский 4,317488 0,002109
прийтись 2,120264 0,001036
построить 2,931194 0,001432
начаться 0,033902 0,000066
удариться 3,912023 0,001911
вечный 3,624341 0,001771
требовать 2,813411 0,001374
василий 3,401197 0,001662
увидеть 1,752539 0,000856
согласовывать 5,010635 0,002448
тайга 3,912023 0,003822
носилки 5,010635 0,002448
задача 2,066196 0,001009
хотя 2,445686 0,001195
комсомольск 5,010635 0,004896
последствие 1,875141 0,000916
выбросить 3,912023 0,001911
голодный 4,317488 0,002109
порваться 5,010635 0,002448
уберечь 4,317488 0,002109
раненый 3,912023 0,005733
храбрый 4,317488 0,002109
вспоминать 3,064725 0,001497
ходуля 5,010635 0,004896
упрямый 5,010635 0,002448
конченый 4,317488 0,002109
родиться 3,064725 0,001497
командный 3,401197 0,001662
пережить 2,302585 0,001125
падать 3,624341 0,001771
революция 3,401197 0,001662
редакциярекламаконтактыпресс 0,000000 0,000000
мужество 3,912023 0,001911
видео 0,000000 0,000000
прошить 5,010635 0,002448
сильно 2,445686 0,001195
дуга 5,010635 0,002448
любовный 5,010635 0,002448
слуховой 4,317488 0,002109
семеро 4,317488 0,002109
хирург 3,912023 0,001911
приоритет 3,912023 0,001911
лишь 2,238047 0,002187
московский 2,014903 0,000984
возникать 4,317488 0,002109
мой 2,371578 0,001159
профпригодность 5,010635 0,002448
момент 1,399717 0,001368
танцевать 3,401197 0,001662
помочь 1,714798 0,000838
борис 2,445686 0,003584
куйбышев 5,010635 0,002448
суметь 3,912023 0,001911
среда 0,000000 0,000000
тыл 3,064725 0,001497
переносный 5,010635 0,002448
делать 1,752539 0,002568
испытание 3,218876 0,001572
подобный 2,120264 0,001036
остаться 0,047791 0,000047
сидя 5,010635 0,004896
финиш 5,010635 0,002448
полевой 4,317488 0,018983
девушка 2,238047 0,001093
эксклюзив 0,000000 0,000000
преимущество 2,931194 0,002864
приём 2,445686 0,001195
павлович 5,010635 0,002448
крыса 4,317488 0,004218
вырезать 4,317488 0,002109
спина 4,317488 0,002109
смерть 1,919593 0,001876
отдельный 2,525729 0,001234
результат 1,347074 0,000658
опыт 2,813411 0,001374
особенно 2,302585 0,001125
ловко 5,010635 0,002448
павел 2,612740 0,001276
непоколебимый 5,010635 0,002448
утром 2,612740 0,001276
возвращение 2,014903 0,000984
реагировать 4,317488 0,002109
документ 2,708050 0,001323
танец 3,064725 0,001497
выздоравливать 5,010635 0,002448
нивелировать 5,010635 0,002448
рыковский 5,010635 0,004896
хотеть 0,013423 0,000013
предстоять 3,401197 0,004985
стать 0,499776 0,002442
работать 0,027029 0,000040
опрятность 5,010635 0,002448
обучение 3,401197 0,001662
отчаяние 4,317488 0,002109
предсмертный 4,317488 0,002109
операция 1,514128 0,002219
подразделение 2,813411 0,001374
это 0,020203 0,000109
массовый 2,066196 0,001009
камешек 5,010635 0,002448
легендарный 2,066196 0,001009
переложить 5,010635 0,002448
фабзаяц 5,010635 0,004896
обнаружить 2,445686 0,001195
два 0,033902 0,000017
фольклор 5,010635 0,002448
прямой 2,302585 0,001125
ветеран 3,401197 0,001662
сахалинский 5,010635 0,004896
новость 0,000000 0,000000
тяга 3,912023 0,001911
вполне 2,813411 0,002749
чехов 4,317488 0,002109
пилотаж 5,010635 0,002448
трость 4,317488 0,002109
остальной 2,612740 0,001276
повесть 5,010635 0,022030
брат 2,525729 0,001234
зажжение 5,010635 0,002448
паренёк 5,010635 0,002448
войти 0,000000 0,000000
ученичество 5,010635 0,002448
заражение 3,912023 0,003822
управлять 2,612740 0,001276
звук 4,317488 0,004218
жзл 3,401197 0,001662
любовь 2,371578 0,002317
отвезти 4,317488 0,002109
судьба 2,708050 0,002646
шестой 3,401197 0,001662
лаптежник 5,010635 0,002448
восток 2,177422 0,002127
считать 1,373049 0,000671
врачебный 5,010635 0,002448
буква 4,317488 0,002109
ножницы 5,010635 0,004896
кремлёвский 4,317488 0,002109
периодически 3,218876 0,001572
полка 3,401197 0,003323
бомбардировщик 4,317488 0,002109
моторист 4,317488 0,002109
страдать 2,813411 0,001374
обычный 0,013423 0,000020
затем 1,875141 0,004580
ждать 1,714798 0,001675
догадываться 5,010635 0,002448
программа 2,371578 0,001159
читинский 5,010635 0,002448
контрнаступление 5,010635 0,002448
сталин 3,624341 0,005312
стройка 5,010635 0,002448
медик 3,912023 0,003822
великолепный 3,912023 0,001911
первый 0,883501 0,004316
техника 0,000000 0,000000
воспоминание 3,912023 0,001911
стул 3,624341 0,003541
обязательный 3,064725 0,001497
февраль 1,160488 0,001134
ошибка 2,525729 0,001234
практически 2,525729 0,001234
вопрос 1,021651 0,000499
искусственный 2,931194 0,002864
игра 0,000000 0,000000
поскольку 2,238047 0,001093
терпение 5,010635 0,002448
пулемётный 4,317488 0,002109
имя 1,875141 0,000916
лётный 4,317488 0,002109
старший 2,445686 0,001195
биплан 5,010635 0,004896
самолётик 5,010635 0,002448
разорвать 4,317488 0,002109
больший 1,373049 0,000671
личность 3,401197 0,001662
считаться 2,238047 0,001093
верхушка 5,010635 0,002448
дальнейший 2,813411 0,001374
событие 1,919593 0,000938
самый 0,883501 0,001295
кампов 5,010635 0,002448
материал 0,000000 0,000000
ревматизм 5,010635 0,004896
камышин 5,010635 0,004896
заготовка 5,010635 0,002448
полубессознательный 5,010635 0,002448
зачислить 5,010635 0,004896
устать 3,912023 0,001911
закончиться 2,612740 0,002553
успешно 2,813411 0,002749
вывести 2,931194 0,001432
боевой 2,371578 0,009269
лента 0,000000 0,000000
терять 2,931194 0,002864
угол 5,010635 0,002448
представлять 3,912023 0,003822
зимний 4,317488 0,004218
роль 1,714798 0,000838
ас 5,010635 0,007343
район 2,120264 0,001036
страница 3,218876 0,001572
мочь 0,836248 0,002043
заболеть 3,912023 0,001911
месяц 1,714798 0,000838
страдание 5,010635 0,004896
сам 1,226446 0,001797
свидетельство 3,912023 0,001911
культя 5,010635 0,002448
беспомощный 5,010635 0,002448
целиться 5,010635 0,002448
вообще 2,813411 0,001374
сдвигать 5,010635 0,002448
правило 2,445686 0,001195
либретто 5,010635 0,002448
юрий 2,525729 0,001234
тяжелораненый 3,064725 0,002994
удаться 1,678431 0,003280
небо 2,525729 0,003702
ознакомиться 3,624341 0,001771
авиаполк 5,010635 0,002448
применение 0,000000 0,000000
дать 1,272966 0,001866
призвать 1,791759 0,000875
английский 3,401197 0,003323
грубый 3,912023 0,001911
снег 2,931194 0,002864
смысл 3,218876 0,003145
смочь 1,399717 0,002051
перелом 4,317488 0,002109
мальчишка 5,010635 0,004896
загореться 3,912023 0,001911
уметь 3,064725 0,001497
инвалид 2,813411 0,002749
брежнев 4,317488 0,002109
ценность 0,000000 0,000000
известно 1,297063 0,000634
церемония 3,912023 0,001911
вернуться 0,006689 0,000046
блиндаж 4,317488 0,002109
больной 2,708050 0,002646
сугроб 5,010635 0,002448
барьер 3,912023 0,001911
очередь 2,014903 0,000984
изобразить 5,010635 0,002448
погибший 3,912023 0,003822
гора 4,317488 0,002109
откуда 3,064725 0,001497
удостоить 5,010635 0,002448
профессор 3,218876 0,003145
просто 1,678431 0,004100
порог 3,401197 0,001662
узнать 2,014903 0,002953
неровность 5,010635 0,002448
россия 0,000000 0,000000
го 2,302585 0,001125
простой 2,238047 0,001093
губерния 5,010635 0,002448
странно 4,317488 0,002109
скорость 2,708050 0,001323
грохнуться 5,010635 0,002448
поражать 3,064725 0,001497
свой 0,020203 0,000148
палата 2,931194 0,001432
истребительный 5,010635 0,009791
прощать 5,010635 0,002448
встретиться 3,218876 0,001572
госпиталь 4,317488 0,010546
выстрелить 3,912023 0,001911
пара 2,813411 0,001374
журнал 3,401197 0,004985
перед 3,401197 0,003323
предупреждать 2,612740 0,001276
приноровиться 5,010635 0,002448
правильно 2,813411 0,001374
доучиться 5,010635 0,002448
рождение 3,218876 0,001572
хвалёный 5,010635 0,002448
комбинезон 3,912023 0,005733
погибать 5,010635 0,002448
отшучиваться 5,010635 0,002448
рвать 5,010635 0,004896
годность 5,010635 0,002448
другой 1,059392 0,002070
прийти 2,014903 0,001969
тяжело 2,931194 0,002864
интересно 2,813411 0,001374
утро 3,064725 0,002994
осмотр 4,317488 0,002109
комсомолец 4,317488 0,002109
полёт 2,931194 0,005728
перемещение 5,010635 0,002448
воинский 3,624341 0,001771
перекладина 5,010635 0,002448
увечье 4,317488 0,004218
поволжье 5,010635 0,004896
пацан 5,010635 0,002448
тощий 5,010635 0,002448
праздник 2,813411 0,001374
учебный 4,317488 0,002109
операционный 3,912023 0,001911
скромный 4,317488 0,002109
окружающий 3,624341 0,001771
преувеличивать 5,010635 0,002448
барак 4,317488 0,002109
ударный 3,912023 0,001911
строго 3,912023 0,001911
двигаться 2,931194 0,002864
мессер 5,010635 0,002448
освоить 3,401197 0,003323
семёрка 5,010635 0,002448
поднять 2,931194 0,002864
манёвренность 5,010635 0,007343
замечательный 3,912023 0,001911
чудом 3,912023 0,003822
путь 2,066196 0,001009
отдавать 4,317488 0,002109
безногий 3,624341 0,012394
загонять 5,010635 0,002448
пво 3,401197 0,001662
упражнение 4,317488 0,004218
трагический 3,912023 0,001911
нажать 0,000000 0,000000
набираться 5,010635 0,002448
койка 5,010635 0,002448
окончить 3,912023 0,001911
несмотря 2,120264 0,001036
везение 5,010635 0,002448
костюм 3,912023 0,003822
советский 1,752539 0,010274
гражданский 3,064725 0,004492
авиатор 5,010635 0,002448
художественный 4,317488 0,004218
ходить 2,120264 0,003107
наш 1,347074 0,003290
морг 3,912023 0,001911
казаться 2,177422 0,001064
ольга 3,624341 0,001771
кататься 3,912023 0,001911
устареть 5,010635 0,002448
настоящий 2,445686 0,005974
западный 2,014903 0,000984
вымысел 5,010635 0,004896
шкура 4,317488 0,002109
комментарий 1,427116 0,000697
подозревать 2,445686 0,001195
заснеженный 5,010635 0,002448
товарищ 3,624341 0,007082
зверь 3,064725 0,001497
оказаться 1,249435 0,001221
коридор 3,218876 0,003145
плав 4,317488 0,002109
использованияполитик 0,000000 0,000000
служба 2,120264 0,001036
съесть 2,525729 0,001234
тело 2,445686 0,002390
здоровье 2,302585 0,003375
юго 5,010635 0,002448
деактивировать 0,013423 0,000007
дошить 5,010635 0,002448
рекомендательный 0,000000 0,000000
засунуть 5,010635 0,002448
белый 1,609438 0,000786
противник 2,525729 0,002468
юноша 3,912023 0,001911
резолюция 5,010635 0,002448
комиссовать 5,010635 0,002448
здоровый 3,624341 0,001771
дневник 3,624341 0,001771
иосиф 3,401197 0,001662
стена 3,401197 0,001662
стоять 3,064725 0,001497
экран 3,912023 0,001911
диссертация 5,010635 0,002448
движение 2,708050 0,002646
поздно 3,218876 0,001572
писатель 3,624341 0,003541
наркоз 5,010635 0,002448
машина 1,875141 0,002748
произведение 3,624341 0,001771
ручка 4,317488 0,002109
спасти 2,371578 0,003476
маршал 3,912023 0,001911
забота 0,000000 0,000000
максимум 3,912023 0,001911
октябрь 2,612740 0,001276
пожаловать 0,013423 0,000007
лейтенант 3,912023 0,007644
прозвать 3,624341 0,001771
завоевать 4,317488 0,002109
младший 3,401197 0,003323
управление 2,525729 0,004935
выжить 2,813411 0,001374
решить 1,791759 0,003501
который 0,521999 0,003315
искусство 3,624341 0,001771
очерк 4,317488 0,006328
военкор 3,064725 0,001497
ла 3,912023 0,005733
любимец 4,317488 0,002109
следующий 2,612740 0,005106
победа 0,000000 0,000000
особист 5,010635 0,002448
учиться 2,708050 0,001323
прибыть 0,083382 0,000041
ахинея 5,010635 0,002448
рассказать 0,985284 0,000963
кабина 4,317488 0,002109
откачивать 4,317488 0,002109
побеждать 4,317488 0,002109
уступать 3,912023 0,001911
случай 1,484275 0,000725
сми 0,000000 0,000000
дальний 3,218876 0,001572
поколение 2,813411 0,001374
понять 2,177422 0,001064
строгий 4,317488 0,002109
жить 1,643339 0,000803
примерка 5,010635 0,002448
союз 1,966113 0,003842
нужный 2,302585 0,001125
несколько 1,226446 0,002397
городок 4,317488 0,004218
герой 2,014903 0,009843
начало 1,399717 0,003419
место 0,027029 0,000013
примерно 2,813411 0,001374
располагаться 4,317488 0,002109
никакой 2,302585 0,001125
корреспондент 2,445686 0,004779
разрешение 3,624341 0,001771
водный 4,317488 0,002109
комплекс 3,401197 0,001662
использовать 1,919593 0,001876
слушать 3,401197 0,001662
опечатка 0,000000 0,000000
каждый 1,576648 0,005392
расти 2,708050 0,001323
погрузить 4,317488 0,002109
ложиться 5,010635 0,002448
медведь 4,317488 0,008437
умирающий 4,317488 0,002109
писать 1,752539 0,000856
пышно 5,010635 0,002448
щадить 5,010635 0,002448
боль 3,064725 0,004492
неустойчивый 5,010635 0,002448
апрель 2,525729 0,003702
совершить 2,371578 0,001159
ведомый 5,010635 0,004896
начинать 3,064725 0,001497
выписывать 5,010635 0,002448
умереть 2,708050 0,003969
браться 5,010635 0,002448
любопытно 3,912023 0,001911
курский 1,791759 0,000875
переходить 4,317488 0,002109
узбек 5,010635 0,002448
валдай 4,317488 0,002109
воздушный 3,624341 0,010623
вернуть 2,371578 0,001159
внимание 1,966113 0,000960
принимать 2,445686 0,001195
аэродром 3,912023 0,005733
инвалидность 3,624341 0,001771
аэроклуб 5,010635 0,004896
правда 0,040822 0,000060
сюжет 3,624341 0,001771
разнарядка 5,010635 0,002448
уклониться 5,010635 0,002448
выпуск 3,912023 0,001911
занимать 2,813411 0,001374
поползти 5,010635 0,002448
педаль 5,010635 0,007343
невозможный 3,401197 0,001662
деревенский 4,317488 0,004218
миллион 1,347074 0,000658
наука 0,000000 0,000000
какой 1,203973 0,001176
беречь 5,010635 0,002448
произойти 1,791759 0,000875
неоткуда 5,010635 0,002448
книга 2,708050 0,003969
