состояться 2,014903 0,003802
ру 0,000000 0,000000
банк 0,068993 0,000130
лента 0,000000 0,000000
новый 0,000000 0,000000
день 0,033902 0,000064
разрушительный 3,912023 0,007381
перемирие 0,076161 0,001150
газета 2,302585 0,017378
спорт 0,000000 0,000000
мочь 0,836248 0,001578
отвести 0,076161 0,000144
этот 1,427116 0,002693
добро 0,013423 0,000076
согласие 0,047791 0,000180
путешествие 0,000000 0,000000
четыре 0,040822 0,000077
удар 1,455287 0,002746
полный 1,875141 0,003538
конфликт 0,061875 0,000117
предложить 2,177422 0,004108
конфиденциальностиправить 0,000000 0,000000
пол 0,090654 0,000171
помощь 0,027029 0,000051
глава 1,321756 0,004988
отметить 1,399717 0,007923
вода 0,054808 0,000103
отмечаться 2,177422 0,004108
соответствовать 2,813411 0,005308
фото 0,061875 0,000467
удаться 1,678431 0,006334
политика 0,040822 0,000077
царить 3,624341 0,006838
разговор 1,160488 0,013138
применение 0,000000 0,000000
немецкий 3,064725 0,005783
долгожданный 3,912023 0,014762
договориться 2,525729 0,004766
отдел 0,579818 0,001094
многое 3,064725 0,005783
ценность 0,000000 0,000000
мир 0,000000 0,000000
вернуться 0,006689 0,000013
весь 1,078810 0,010177
индия 0,076161 0,000144
заголовок 3,401197 0,006417
структура 0,000000 0,000000
российский 0,033902 0,000256
бояться 2,120264 0,008001
стол 2,931194 0,005531
обитание 0,000000 0,000000
речь 2,445686 0,004615
бывший 0,000000 0,000000
время 0,693147 0,002616
интернет 0,000000 0,000000
россия 0,000000 0,000000
телеканал 3,218876 0,006073
маккартень 0,097980 0,000185
ооо 0,000000 0,000000
свой 0,020203 0,000038
тревожный 3,064725 0,005783
проблема 0,047791 0,000090
требование 2,014903 0,007603
также 0,762140 0,002876
назвать 1,021651 0,001928
гид 0,076161 0,000144
технологийминь 0,000000 0,000000
украина 0,805943 0,016727
город 0,047791 0,000090
большаков 3,912023 0,007381
убедить 2,302585 0,004345
час 1,455287 0,002746
телефонный 1,643339 0,018604
американский 0,054808 0,000207
галерея 0,000000 0,000000
прекращение 1,714798 0,012942
внешность 0,097980 0,000185
сюжетпереговоры 4,317488 0,008146
сотрудник 0,068993 0,000130
начаться 0,033902 0,000064
зеленский 0,054808 0,000414
начать 1,139434 0,002150
европа 1,791759 0,016903
силовой 0,000000 0,000000
пляжный 0,097980 0,000185
эмоция 0,047791 0,000090
сеть 0,090654 0,000171
однако 1,249435 0,004715
последствие 1,875141 0,007076
ход 1,678431 0,003167
складываться 3,624341 0,006838
выражать 0,047791 0,000180
гласить 4,317488 0,008146
читать 0,040822 0,000077
военнослужащий 0,068993 0,000130
накапливать 0,047791 0,000090
дональд 1,544899 0,002915
говориться 2,931194 0,011061
старый 2,371578 0,004475
дрожать 2,931194 0,022122
абсолютный 3,624341 0,006838
мария 2,525729 0,004766
оценивать 0,047791 0,000090
кларк 3,912023 0,022144
байконур 0,097980 0,000185
один 0,836248 0,001578
редакциярекламаконтактыпресс 0,000000 0,000000
британский 2,708050 0,005110
видео 0,000000 0,000000
интересный 2,525729 0,004766
подчёркивать 3,064725 0,005783
договор 3,218876 0,006073
депутат 0,068993 0,000130
прогресс 0,090654 0,000171
согласиться 2,066196 0,007797
форма 0,061875 0,000117
нажать 0,000000 0,000000
дом 0,061875 0,000233
последний 0,083382 0,000315
сторона 1,321756 0,002494
майкл 3,624341 0,013677
культура 0,000000 0,000000
некоторый 1,576648 0,005950
энергообъект 3,218876 0,006073
обсудить 0,415515 0,000784
выдвинуть 3,218876 0,012147
архив 0,000000 0,000000
статья 0,000000 0,000000
поддержать 2,177422 0,004108
заявить 0,061875 0,000233
сша 0,040822 0,000462
отношение 1,226446 0,004628
вторник 3,218876 0,006073
бонус 0,047791 0,000180
среда 0,000000 0,000000
раскрытие 0,076161 0,000144
говорить 1,160488 0,004379
прекратить 2,708050 0,010219
мировой 1,752539 0,003307
редактор 0,556288 0,001050
остаться 0,047791 0,000090
хоккейный 3,401197 0,006417
эксклюзив 0,000000 0,000000
контакт 1,919593 0,003622
уволить 0,076161 0,000144
скидка 0,047791 0,000090
москва 1,021651 0,003855
меню 2,931194 0,022122
ожидаться 3,401197 0,006417
погружаться 0,047791 0,000090
удачно 3,218876 0,006073
около 1,678431 0,003167
администрация 2,931194 0,005531
выгодный 3,218876 0,006073
результат 1,347074 0,002542
увлекательный 0,047791 0,000090
поступить 2,708050 0,005110
использованияполитик 0,000000 0,000000
команда 1,919593 0,003622
деактивировать 0,013423 0,000025
договорённость 2,302585 0,013034
рекомендательный 0,000000 0,000000
нормализовать 3,912023 0,007381
белый 1,609438 0,003037
переговоры 0,047791 0,000902
получать 0,033902 0,000064
движение 2,708050 0,005110
хотеть 0,013423 0,000025
обратиться 0,076161 0,000144
забота 0,000000 0,000000
матч 3,401197 0,006417
сбер 0,040822 0,000077
пожаловать 0,013423 0,000025
половина 2,177422 0,004108
стать 0,499776 0,001886
трамп 0,054808 0,001965
ведущий 2,371578 0,004475
работать 0,027029 0,000051
идея 1,714798 0,003235
который 0,521999 0,002955
звонок 2,931194 0,011061
крупный 0,054808 0,000207
провести 1,514128 0,008571
огонь 1,609438 0,018220
спецпроект 0,000000 0,000000
это 0,020203 0,000152
победа 0,000000 0,000000
украинский 0,047791 0,000090
слово 0,820981 0,001549
белоус 0,076161 0,000144
два 0,033902 0,000192
прибыть 0,083382 0,000157
страх 2,238047 0,016891
предстоящий 2,931194 0,005531
страна 0,747955 0,001411
поверьте 4,317488 0,008146
президент 0,851752 0,006428
новость 0,000000 0,000000
туристка 0,076161 0,000144
мотор 0,000000 0,000000
дипломатический 3,912023 0,007381
сми 0,000000 0,000000
сделка 2,813411 0,005308
акция 0,047791 0,000090
наслать 0,000000 0,000000
жизнь 0,000000 0,000000
жилец 0,068993 0,000130
инфраструктура 2,014903 0,011405
предречь 0,076161 0,000287
жать 0,013423 0,000025
войти 0,000000 0,000000
уточняться 3,218876 0,012147
начало 1,399717 0,002641
место 0,027029 0,000051
свет 0,054808 0,000103
государство 1,919593 0,007244
регион 0,076161 0,000144
решение 1,544899 0,005830
мс 0,097980 0,000185
поговорка 4,317488 0,008146
никакой 2,302585 0,004345
дотягивать 4,317488 0,008146
март 0,040822 0,000154
военный 0,020203 0,000114
летний 0,047791 0,000090
счесть 3,401197 0,012835
утверждать 2,525729 0,009531
рада 0,068993 0,000130
экономика 0,000000 0,000000
отчёт 3,912023 0,007381
достигнуть 2,302585 0,008689
энергетический 2,371578 0,017899
общение 2,612740 0,004930
уход 0,076161 0,000144
опечатка 0,000000 0,000000
особый 2,708050 0,005110
соглашение 2,612740 0,004930
хороший 0,006689 0,000013
радиофактчекинг 3,218876 0,006073
спор 0,097980 0,000185
относительно 3,064725 0,005783
объект 1,832581 0,006915
вызвать 0,090654 0,000171
киев 1,714798 0,003235
готовиться 2,371578 0,004475
отреагировать 1,966113 0,003710
значит 3,218876 0,006073
ждать 1,714798 0,006471
обычный 0,013423 0,000025
столица 2,813411 0,005308
атаковать 2,931194 0,005531
конфиденциальность 0,047791 0,000090
путин 0,967584 0,029210
владимир 1,160488 0,006569
принести 2,525729 0,004766
обратить 2,931194 0,005531
изнасиловать 0,076161 0,000144
продолжать 0,033902 0,000064
первый 0,883501 0,003334
реальный 0,013423 0,000025
ссср 0,000000 0,000000
техника 0,000000 0,000000
настроение 3,064725 0,005783
тысяча 0,054808 0,000103
итог 1,678431 0,003167
опубликовать 1,875141 0,003538
дневный 2,612740 0,019719
идти 1,297063 0,002447
подчеркнуть 2,066196 0,007797
вопрос 1,021651 0,001928
продлиться 3,064725 0,005783
затопить 0,076161 0,000144
игра 0,000000 0,000000
внимание 1,966113 0,003710
обменивать 0,047791 0,000090
минь 0,000000 0,000000
условие 0,033902 0,000128
именно 1,875141 0,007076
ваш 0,047791 0,000090
главное 0,000000 0,000000
пресса 3,401197 0,006417
мнение 1,643339 0,003101
медитация 0,076161 0,000144
правда 0,040822 0,000077
присутствовать 3,624341 0,006838
издание 2,238047 0,012668
круг 3,401197 0,006417
замечание 3,912023 0,007381
видеть 0,013423 0,000025
реакция 0,047791 0,000180
жёсткий 2,931194 0,011061
материал 0,000000 0,000000
наука 0,000000 0,000000
участвовать 3,064725 0,005783
какой 1,203973 0,002272
беседа 1,752539 0,003307
европейский 2,120264 0,004000
аналитик 3,401197 0,012835
успешно 2,813411 0,005308
