ру 0,000000 0,000000
банк 0,068993 0,000232
лента 0,000000 0,000000
законный 4,317488 0,014488
новый 0,000000 0,000000
день 0,033902 0,000114
перемирие 0,076161 0,000256
спорт 0,000000 0,000000
отвести 0,076161 0,000256
добро 0,013423 0,000135
согласие 0,047791 0,000160
путешествие 0,000000 0,000000
четыре 0,040822 0,000137
доверие 3,912023 0,013128
конфликт 0,061875 0,000208
конфиденциальностиправить 0,000000 0,000000
помощь 0,027029 0,000181
пол 0,090654 0,000304
жертва 2,371578 0,007958
тв 3,912023 0,013128
вода 0,054808 0,000184
фото 0,061875 0,000415
схема 2,612740 0,017535
политика 0,040822 0,000137
применение 0,000000 0,000000
средство 2,371578 0,007958
область 1,272966 0,012815
женщина 1,484275 0,009962
отдел 0,579818 0,001946
ценность 0,000000 0,000000
мир 0,000000 0,000000
вернуться 0,006689 0,000022
больной 2,708050 0,045437
индия 0,076161 0,000256
обмануть 2,931194 0,019672
структура 0,000000 0,000000
придание 5,010635 0,016814
кирилл 2,708050 0,009087
российский 0,033902 0,000228
обитание 0,000000 0,000000
бывший 0,000000 0,000000
единственный 2,708050 0,009087
россия 0,000000 0,000000
интернет 0,000000 0,000000
маккартень 0,097980 0,000329
ооо 0,000000 0,000000
смоленский 4,317488 0,028976
свой 0,020203 0,000068
ранее 1,003302 0,003367
проблема 0,047791 0,000160
популярный 1,791759 0,006013
член 2,612740 0,008768
гид 0,076161 0,000256
технологийминь 0,000000 0,000000
город 0,047791 0,000160
американский 0,054808 0,000184
галерея 0,000000 0,000000
саратовский 4,317488 0,014488
внешность 0,097980 0,000329
представитель 1,678431 0,005632
сотрудник 0,068993 0,000232
начаться 0,033902 0,000114
риелтор 3,912023 0,013128
другой 1,059392 0,003555
зеленский 0,054808 0,000368
всегосэкономикабизнесрынкикапиталсоциальный 1,966113 0,006598
силовой 0,000000 0,000000
пляжный 0,097980 0,000329
эмоция 0,047791 0,000160
сеть 0,090654 0,000304
пожилой 3,624341 0,012162
выражать 0,047791 0,000321
оформить 4,317488 0,014488
ташевскай 3,912023 0,013128
читать 0,040822 0,000137
военнослужащий 0,068993 0,000232
накапливать 0,047791 0,000160
мошенник 2,371578 0,031833
вид 1,514128 0,005081
оценивать 0,047791 0,000160
байконур 0,097980 0,000329
редакциярекламаконтактыпресс 0,000000 0,000000
видео 0,000000 0,000000
ущерб 3,401197 0,011413
депутат 0,068993 0,000232
прогресс 0,090654 0,000304
форма 0,061875 0,000208
нажать 0,000000 0,000000
россиянка 1,875141 0,018877
последний 0,083382 0,000280
дом 0,061875 0,000208
ссылка 2,931194 0,009836
пономарёв 4,317488 0,014488
культура 0,000000 0,000000
обсудить 0,415515 0,001394
архив 0,000000 0,000000
аферист 2,931194 0,009836
статья 0,000000 0,000000
рен 4,317488 0,014488
заявить 0,061875 0,000208
сша 0,040822 0,000137
недвижимость 3,064725 0,020569
бонус 0,047791 0,000321
среда 0,000000 0,000000
раскрытие 0,076161 0,000256
редактор 0,556288 0,001867
собственность 3,624341 0,012162
обман 2,525729 0,016951
остаться 0,047791 0,000160
эксклюзив 0,000000 0,000000
уволить 0,076161 0,000256
похожий 2,371578 0,007958
скидка 0,047791 0,000160
замена 3,218876 0,010802
погружаться 0,047791 0,000160
имущество 3,624341 0,012162
климат 1,875141 0,006292
злоумышленник 3,912023 0,026255
увлекательный 0,047791 0,000160
квартира 2,371578 0,047750
использованияполитик 0,000000 0,000000
средаклимат 1,966113 0,006598
деактивировать 0,013423 0,000045
рекомендательный 0,000000 0,000000
мошеннический 5,010635 0,016814
переговоры 0,047791 0,000160
получать 0,033902 0,000114
сферанедвижимостьгородский 1,966113 0,006598
хотеть 0,013423 0,000045
обратиться 0,076161 0,000256
выручить 5,010635 0,016814
забота 0,000000 0,000000
фсб 2,931194 0,019672
пенсионер 4,317488 0,014488
сбер 0,040822 0,000137
пожаловать 0,013423 0,000045
управление 2,525729 0,008476
трамп 0,054808 0,000184
работать 0,027029 0,000091
агент 2,931194 0,009836
участок 3,218876 0,010802
крупный 0,054808 0,000368
перепродавать 4,317488 0,014488
группа 1,514128 0,005081
спецпроект 0,000000 0,000000
это 0,020203 0,000068
победа 0,000000 0,000000
украинский 0,047791 0,000160
слово 0,820981 0,002755
белоус 0,076161 0,000256
прибыть 0,083382 0,000280
два 0,033902 0,000228
рассказать 0,985284 0,003306
новость 0,000000 0,000000
туристка 0,076161 0,000256
мотор 0,000000 0,000000
сми 0,000000 0,000000
сделка 2,813411 0,018882
акция 0,047791 0,000160
наслать 0,000000 0,000000
жизнь 0,000000 0,000000
жилец 0,068993 0,000232
пенсионерка 3,624341 0,036487
несколько 1,226446 0,008231
предречь 0,076161 0,000511
жать 0,013423 0,000045
войти 0,000000 0,000000
место 0,027029 0,000091
свет 0,054808 0,000184
регион 0,076161 0,000511
мс 0,097980 0,000329
ведомство 2,066196 0,006934
март 0,040822 0,000137
преступный 2,445686 0,008207
военный 0,020203 0,000068
летний 0,047791 0,000160
лишить 2,708050 0,036350
рада 0,068993 0,000232
экономика 0,000000 0,000000
нина 3,912023 0,013128
неизлечимый 3,401197 0,057067
достигнуть 2,302585 0,007727
уход 0,076161 0,000256
опечатка 0,000000 0,000000
рубль 1,514128 0,010162
хороший 0,006689 0,000022
спор 0,097980 0,000329
распределять 3,912023 0,013128
представиться 4,317488 0,014488
вызвать 0,090654 0,000304
обычный 0,013423 0,000045
совершить 2,371578 0,007958
жильё 3,218876 0,010802
конфиденциальность 0,047791 0,000160
балаково 4,317488 0,014488
счётчик 4,317488 0,014488
изнасиловать 0,076161 0,000256
продолжать 0,033902 0,000114
реальный 0,013423 0,000045
ссср 0,000000 0,000000
техника 0,000000 0,000000
тысяча 0,054808 0,000184
доверенность 4,317488 0,014488
затопить 0,076161 0,000256
игра 0,000000 0,000000
обменивать 0,047791 0,000160
минь 0,000000 0,000000
условие 0,033902 0,000228
земельный 5,010635 0,016814
ваш 0,047791 0,000160
главное 0,000000 0,000000
медитация 0,076161 0,000256
правда 0,040822 0,000137
выманить 4,317488 0,014488
стоимость 2,238047 0,007510
группировка 2,445686 0,016414
видеть 0,013423 0,000045
экологияделовой 1,966113 0,006598
сообщать 1,791759 0,006013
реакция 0,047791 0,000321
миллион 1,347074 0,009041
материал 0,000000 0,000000
наука 0,000000 0,000000
якобы 2,813411 0,009441
