долгий 2,371578 0,001137
метро 2,931194 0,001405
состоять 2,931194 0,001405
ру 0,000000 0,000000
личный 1,791759 0,000859
банк 0,068993 0,000033
девять 2,931194 0,002810
день 0,033902 0,000163
хватать 2,931194 0,001405
ухо 3,624341 0,001737
ягодица 3,218876 0,003086
найти 1,678431 0,000805
пластика 3,912023 0,003751
депиляция 4,317488 0,002070
удаваться 2,931194 0,001405
прогулка 3,401197 0,001630
целое 2,813411 0,001349
обозначать 3,912023 0,001875
любить 2,177422 0,001044
танцовщица 3,912023 0,001875
физический 2,813411 0,001349
потрогать 4,317488 0,002070
стеснительно 4,317488 0,002070
вокруг 2,525729 0,001211
попросить 2,445686 0,002345
отвести 0,076161 0,000037
делиться 3,401197 0,001630
согласие 0,047791 0,000023
подсаживаться 3,912023 0,001875
путешествие 0,000000 0,000000
застать 3,401197 0,001630
смущать 3,624341 0,001737
долго 2,612740 0,001253
уговор 3,912023 0,001875
мало 3,064725 0,001469
рыжий 3,912023 0,001875
встретить 2,612740 0,001253
пол 0,090654 0,000043
жертва 2,371578 0,001137
человек 0,762140 0,001096
производство 2,612740 0,001253
вода 0,054808 0,000026
машинка 4,317488 0,002070
помещение 2,612740 0,001253
немного 2,813411 0,005395
фото 0,061875 0,000326
отказаться 1,832581 0,000879
пункт 1,966113 0,002828
разговор 1,160488 0,001113
иностранный 1,919593 0,000920
ездить 3,401197 0,001630
нога 2,302585 0,001104
студент 2,931194 0,001405
очевидный 3,218876 0,001543
мастерство 3,624341 0,001737
запах 3,218876 0,001543
здание 3,624341 0,001737
уезжать 3,912023 0,001875
знакомый 2,612740 0,001253
ты 3,064725 0,004408
замешательство 4,317488 0,002070
тележка 3,912023 0,001875
скандальный 3,912023 0,001875
индия 0,076161 0,000037
пройти 1,427116 0,000684
бритый 4,317488 0,004139
успеть 2,525729 0,001211
ум 3,064725 0,001469
подготовиться 4,317488 0,002070
дело 1,249435 0,002396
дружный 4,317488 0,002070
опытный 2,813411 0,001349
слишком 2,371578 0,006821
оплачивать 3,401197 0,001630
называть 1,791759 0,000859
посмотреть 2,525729 0,001211
социальный 2,371578 0,001137
водить 3,912023 0,001875
недавно 3,218876 0,001543
телепередача 3,912023 0,001875
проблема 0,047791 0,000069
согласовать 3,401197 0,001630
привата 3,912023 0,009377
язычок 4,317488 0,002070
вертеться 4,317488 0,002070
также 0,762140 0,000365
член 2,612740 0,003758
индивидуальный 3,064725 0,001469
технологийминь 0,000000 0,000000
прибедняться 4,317488 0,002070
висеть 3,624341 0,001737
дежурный 3,624341 0,001737
пообщаться 3,401197 0,001630
чарт 3,912023 0,001875
гномик 4,317488 0,002070
вера 3,624341 0,001737
выпить 3,912023 0,003751
шлепок 4,317488 0,002070
надевать 3,624341 0,001737
пытаться 1,347074 0,002583
расстроиться 4,317488 0,002070
анекдот 3,624341 0,001737
зал 3,218876 0,009259
сначала 2,445686 0,001172
успокоиться 3,624341 0,001737
начать 1,139434 0,003824
сидеть 2,612740 0,003758
силовой 0,000000 0,000000
приходить 2,708050 0,009087
диджей 4,317488 0,002070
веселить 4,317488 0,002070
отбор 4,317488 0,002070
повышать 2,708050 0,001298
однако 1,249435 0,000599
подруга 2,708050 0,001298
себя 2,014903 0,001932
серьёзный 2,302585 0,002208
система 1,643339 0,000788
парео 4,317488 0,006209
срубить 4,317488 0,002070
сколько 2,525729 0,002422
изменить 2,066196 0,000991
посоветовать 2,612740 0,001253
волноваться 3,624341 0,001737
надеяться 2,931194 0,001405
открываться 3,064725 0,001469
торс 4,317488 0,002070
кастинг 3,912023 0,013128
байконур 0,097980 0,000047
один 0,836248 0,003608
сантехник 4,317488 0,002070
охранник 3,912023 0,003751
впечатляющий 4,317488 0,004139
иметь 1,832581 0,001757
полностью 2,525729 0,002422
совет 1,714798 0,001644
значительный 2,931194 0,001405
лениво 4,317488 0,002070
громкий 2,708050 0,002596
выясниться 2,371578 0,001137
хотеться 3,624341 0,001737
часть 1,484275 0,001423
персонаж 3,401197 0,001630
последний 0,083382 0,000120
трус 3,401197 0,021196
едва 2,177422 0,001044
провинция 3,912023 0,001875
аффект 4,317488 0,002070
сторона 1,321756 0,000634
тренажёрный 4,317488 0,002070
ремикс 4,317488 0,002070
минута 2,177422 0,001044
подчас 4,317488 0,002070
журналист 1,966113 0,000943
дорогой 2,813411 0,001349
шеф 4,317488 0,002070
некоторый 1,576648 0,000756
лето 2,612740 0,002505
улыбаться 4,317488 0,002070
часто 2,525729 0,002422
надеть 3,624341 0,001737
архив 0,000000 0,000000
обрекать 4,317488 0,002070
проезд 3,624341 0,001737
частый 2,525729 0,001211
привлекательный 3,624341 0,001737
отечески 4,317488 0,002070
заявить 0,061875 0,000030
сша 0,040822 0,000020
избежать 2,813411 0,001349
южный 3,218876 0,001543
недостаток 3,064725 0,002938
сердечный 3,624341 0,001737
раскрытие 0,076161 0,000037
говорить 1,160488 0,001113
корпоратив 4,317488 0,002070
следствие 2,612740 0,002505
потанцевать 4,317488 0,002070
тушеваться 4,317488 0,002070
уйти 2,014903 0,004830
зрение 3,064725 0,001469
разговорчивый 4,317488 0,002070
вечер 3,064725 0,002938
взрослый 2,931194 0,001405
столько 2,525729 0,001211
испуганный 4,317488 0,002070
погружаться 0,047791 0,000023
удачно 3,218876 0,001543
вагон 4,317488 0,002070
нравиться 2,931194 0,001405
влиять 2,525729 0,001211
выглядеть 1,752539 0,001680
встречаться 3,624341 0,001737
забавно 4,317488 0,002070
параллельно 3,912023 0,001875
устроиться 3,401197 0,006522
пихать 4,317488 0,002070
получать 0,033902 0,000098
юный 3,624341 0,001737
вредность 3,912023 0,001875
очки 4,317488 0,006209
людный 4,317488 0,002070
наполнить 4,317488 0,002070
наоборот 2,813411 0,001349
подвернуться 4,317488 0,002070
длиться 2,931194 0,001405
лоб 4,317488 0,002070
армия 2,014903 0,004830
подумывать 4,317488 0,002070
прямо 2,525729 0,001211
нательный 4,317488 0,002070
нужно 1,791759 0,003436
картина 3,064725 0,001469
отпустить 3,912023 0,003751
спецпроект 0,000000 0,000000
учёба 3,912023 0,001875
украинский 0,047791 0,000023
слово 0,820981 0,000787
удовлетворить 3,912023 0,001875
еда 2,931194 0,001405
напоследок 4,317488 0,002070
козырный 4,317488 0,002070
курить 3,218876 0,003086
божий 4,317488 0,002070
процент 1,678431 0,001609
туристка 0,076161 0,000037
мотор 0,000000 0,000000
привлекать 2,813411 0,001349
плод 4,317488 0,002070
взять 2,371578 0,003411
стоить 1,714798 0,002466
ликёрный 4,317488 0,002070
наслать 0,000000 0,000000
терпеть 3,624341 0,001737
приспустить 3,912023 0,001875
жизнь 0,000000 0,000000
готовенький 4,317488 0,002070
будний 4,317488 0,002070
юткина 4,317488 0,002070
стакан 4,317488 0,004139
средний 2,813411 0,001349
жать 0,013423 0,000006
улица 2,302585 0,002208
шорты 3,912023 0,001875
водка 3,624341 0,001737
дотанцевать 4,317488 0,002070
целый 2,525729 0,001211
закулисье 4,317488 0,002070
вышибать 4,317488 0,002070
относиться 2,302585 0,003311
зрительный 3,912023 0,001875
циничный 4,317488 0,002070
точно 3,064725 0,001469
стриптизер 2,931194 0,015457
гормон 3,912023 0,001875
почему 0,899761 0,000863
подумать 3,912023 0,007501
хороший 0,006689 0,000038
спор 0,097980 0,000047
добавить 1,966113 0,000943
красный 2,120264 0,003049
испортить 3,218876 0,001543
шота 4,317488 0,002070
отключить 1,514128 0,000726
конфиденциальность 0,047791 0,000023
сцена 3,912023 0,013128
адреналин 4,317488 0,002070
общий 1,714798 0,000822
ребята 2,931194 0,008431
детский 3,218876 0,001543
спрашивать 3,624341 0,001737
презентабельный 4,317488 0,002070
загуглила 4,317488 0,002070
содрать 4,317488 0,002070
продолжать 0,033902 0,000033
разводить 4,317488 0,002070
полмиллиона 2,708050 0,001298
отдохнуть 3,401197 0,001630
масса 2,931194 0,001405
ссср 0,000000 0,000000
желание 2,612740 0,001253
состояние 2,238047 0,002146
наверняка 3,624341 0,001737
тат 4,317488 0,002070
прикрываться 3,912023 0,001875
идти 1,297063 0,003109
понятие 3,218876 0,001543
приватом 4,317488 0,002070
открыть 2,371578 0,001137
появляться 2,612740 0,001253
юрист 3,624341 0,001737
трудовой 3,912023 0,001875
показаться 2,931194 0,002810
статус 3,218876 0,001543
минь 0,000000 0,000000
именно 1,875141 0,000899
заглушить 4,317488 0,002070
главное 0,000000 0,000000
профессиональный 2,931194 0,001405
уволиться 3,912023 0,005626
голова 3,401197 0,004891
возникнуть 2,525729 0,002422
отель 2,931194 0,001405
наверное 2,931194 0,001405
спросить 3,218876 0,006172
неоднозначный 4,317488 0,002070
столкнуться 2,177422 0,001044
откровенный 3,218876 0,003086
чётный 4,317488 0,002070
позволять 2,177422 0,002088
привыкнуть 3,218876 0,001543
юридически 4,317488 0,002070
бедный 3,912023 0,001875
лабиринт 4,317488 0,002070
беседа 1,752539 0,000840
быть 1,399717 0,001342
растерянно 4,317488 0,002070
нынешний 3,064725 0,001469
точка 2,445686 0,001172
монитор 4,317488 0,004139
настать 4,317488 0,002070
сезам 4,317488 0,002070
камера 2,612740 0,001253
насобирать 4,317488 0,002070
вести 2,014903 0,002898
спорт 0,000000 0,000000
бас 4,317488 0,002070
стопка 4,317488 0,002070
отмашка 4,317488 0,002070
твой 3,218876 0,004629
двухметровый 3,912023 0,001875
перерыв 3,401197 0,001630
этот 1,427116 0,002052
шоу 2,813411 0,004046
продажник 4,317488 0,002070
четыре 0,040822 0,000020
сказать 1,919593 0,006442
запомнить 3,624341 0,003475
захлопнуть 4,317488 0,004139
прайма 4,317488 0,002070
раскладывать 4,317488 0,002070
друг 1,791759 0,002577
определяться 3,624341 0,001737
походить 4,317488 0,002070
далёкий 2,525729 0,004843
конфиденциальностиправить 0,000000 0,000000
тайм 3,912023 0,001875
отметить 1,399717 0,000671
намекать 3,912023 0,001875
сохранить 2,302585 0,001104
ложка 3,912023 0,001875
народ 2,708050 0,001298
банальщина 4,317488 0,002070
край 2,612740 0,001253
безумный 4,317488 0,002070
клубняк 4,317488 0,002070
тяжёлый 1,791759 0,000859
схема 2,612740 0,001253
шутить 3,624341 0,001737
заново 3,401197 0,001630
взаимодействие 3,218876 0,001543
воздух 2,813411 0,001349
решительный 3,912023 0,001875
смириться 3,912023 0,001875
бармен 4,317488 0,002070
рассмешить 3,912023 0,001875
шутка 2,813411 0,001349
италый 4,317488 0,002070
женщина 1,484275 0,011385
выступление 2,708050 0,001298
важно 2,302585 0,001104
мужской 2,708050 0,005193
стремиться 2,708050 0,001298
гораздо 3,064725 0,001469
открытие 3,218876 0,003086
раз 2,371578 0,001137
попытаться 2,238047 0,001073
казус 4,317488 0,002070
сесть 3,401197 0,001630
образование 3,912023 0,003751
российский 0,033902 0,000049
волна 2,302585 0,003311
цель 1,875141 0,000899
стол 2,931194 0,002810
кермит 3,912023 0,001875
психоактивный 4,317488 0,002070
необходимо 2,120264 0,002033
обитание 0,000000 0,000000
приехать 2,238047 0,003219
чувствовать 2,445686 0,001172
расслабить 3,912023 0,001875
интернет 0,000000 0,000000
спустя 1,832581 0,000879
болтать 4,317488 0,002070
толпа 3,912023 0,005626
смотреть 2,066196 0,001981
покивать 4,317488 0,002070
просьба 3,218876 0,001543
зарегистрировать 3,218876 0,001543
платить 2,813411 0,001349
гид 0,076161 0,000037
дикий 3,064725 0,001469
загадочно 4,317488 0,002070
кабак 4,317488 0,002070
плавно 3,624341 0,003475
доля 3,624341 0,001737
заза 4,317488 0,014488
записать 2,708050 0,001298
сложный 2,302585 0,001104
страшный 2,525729 0,001211
сотрудник 0,068993 0,000099
преподавать 4,317488 0,002070
работа 0,899761 0,007333
контраст 4,317488 0,002070
фишка 3,912023 0,001875
эмоция 0,047791 0,000023
загрузить 4,317488 0,002070
сеть 0,090654 0,000043
чёрный 1,919593 0,000920
период 2,014903 0,001932
должный 1,714798 0,002466
заклёпка 4,317488 0,002070
клуб 2,813411 0,056646
звучать 3,064725 0,001469
военнослужащий 0,068993 0,000033
знать 1,576648 0,001512
накапливать 0,047791 0,000023
нижний 2,612740 0,001253
ярко 3,624341 0,001737
щедрый 3,624341 0,001737
конституция 3,401197 0,001630
снять 2,177422 0,006263
депутат 0,068993 0,000033
повезти 3,064725 0,001469
посуда 3,912023 0,001875
вселюдизвериедапроисшествияперсонысчастливчикианомалия 2,813411 0,001349
выпуститься 3,912023 0,001875
жест 2,371578 0,001137
коньяк 4,317488 0,002070
согласиться 2,066196 0,000991
звать 3,401197 0,001630
поругать 4,317488 0,002070
культура 0,000000 0,000000
пропасть 1,966113 0,000943
чередовать 3,912023 0,001875
плутать 4,317488 0,002070
грехопадение 4,317488 0,002070
штаны 3,912023 0,001875
набор 2,708050 0,001298
привлечение 3,624341 0,001737
статья 0,000000 0,000000
востоковед 4,317488 0,002070
существовать 2,445686 0,001172
хозяин 3,912023 0,003751
пятый 3,218876 0,001543
музыка 3,401197 0,009783
комплимент 2,931194 0,005621
ответить 1,832581 0,002636
адаптироваться 3,218876 0,001543
информагентство 4,317488 0,002070
групповой 3,624341 0,001737
моргенштерный 4,317488 0,002070
многий 2,708050 0,001298
получить 1,059392 0,001016
многие 1,714798 0,000822
контакт 1,919593 0,000920
язык 2,813411 0,004046
похвалить 3,624341 0,001737
зачастую 3,912023 0,001875
храбрость 4,317488 0,002070
хрестоматийный 4,317488 0,002070
внутрь 4,317488 0,002070
коллектив 3,401197 0,001630
кожаный 3,401197 0,001630
следить 2,813411 0,001349
примерять 4,317488 0,002070
настолько 3,624341 0,005212
лёша 3,912023 0,003751
оказывать 3,218876 0,001543
сделать 1,321756 0,001901
увлекательный 0,047791 0,000023
закрытый 2,612740 0,001253
алкоголь 2,612740 0,002505
разный 2,238047 0,001073
совмещать 3,912023 0,001875
переговоры 0,047791 0,000023
новенький 4,317488 0,002070
компаньон 4,317488 0,002070
воля 2,120264 0,001016
год 0,521999 0,001501
всеоружие 4,317488 0,002070
нюанс 3,218876 0,001543
мах 4,317488 0,002070
приходиться 2,931194 0,002810
кухня 3,912023 0,001875
сбер 0,040822 0,000020
резкий 3,218876 0,001543
выкрутить 4,317488 0,002070
трамп 0,054808 0,000026
вывод 2,708050 0,001298
поэтому 1,966113 0,000943
сахар 3,912023 0,001875
хамство 4,317488 0,002070
крупный 0,054808 0,000053
психология 4,317488 0,002070
блин 3,218876 0,001543
натренировать 4,317488 0,002070
комплекция 4,317488 0,004139
объясниться 4,317488 0,002070
рамка 2,371578 0,001137
пощупать 4,317488 0,002070
перспектива 2,371578 0,001137
танцор 3,912023 0,016878
прим 2,813411 0,005395
отвергнуть 3,912023 0,001875
впечатлять 3,912023 0,001875
конфуз 4,317488 0,002070
белоус 0,076161 0,000037
журналистика 4,317488 0,006209
каблук 3,624341 0,001737
стучать 4,317488 0,002070
позвать 3,624341 0,003475
солярий 4,317488 0,006209
последовать 3,064725 0,001469
впасть 3,912023 0,001875
просить 2,708050 0,002596
столик 4,317488 0,004139
сразу 2,066196 0,002972
глубоко 3,624341 0,001737
акция 0,047791 0,000023
покуролесить 4,317488 0,002070
острый 3,218876 0,001543
такой 1,003302 0,003367
интрига 3,401197 0,001630
проработать 3,064725 0,004408
вместе 1,514128 0,001452
искра 4,317488 0,002070
ровно 3,401197 0,003261
клиентка 3,912023 0,011252
рассказывать 2,302585 0,002208
неуверенно 4,317488 0,002070
возвышение 4,317488 0,002070
заработок 3,218876 0,001543
лестница 3,624341 0,001737
респектабельный 4,317488 0,002070
предречь 0,076161 0,000073
заставить 2,612740 0,001253
атрибут 3,912023 0,001875
юлия 3,218876 0,001543
отправить 2,066196 0,000991
поздравить 2,931194 0,001405
регион 0,076161 0,000037
рука 2,066196 0,003962
проходить 2,445686 0,005862
обругать 4,317488 0,002070
март 0,040822 0,000020
военный 0,020203 0,000010
летний 0,047791 0,000046
тон 4,317488 0,002070
рада 0,068993 0,000033
экономика 0,000000 0,000000
топ 3,064725 0,001469
покорять 4,317488 0,002070
заработать 2,813411 0,004046
совершенно 2,813411 0,001349
тот 1,427116 0,002737
уверенность 2,813411 0,001349
сложно 2,525729 0,002422
крест 3,624341 0,003475
покурить 4,317488 0,002070
консумация 3,912023 0,001875
поздний 1,832581 0,001757
секс 2,177422 0,003131
отказываться 3,218876 0,001543
три 1,919593 0,001840
вскоре 2,302585 0,002208
закурить 3,912023 0,001875
довольно 3,064725 0,001469
любопытный 4,317488 0,002070
принести 2,525729 0,001211
либо 1,919593 0,003681
выучить 4,317488 0,004139
сжалиться 4,317488 0,002070
непонятно 3,624341 0,001737
пожинать 4,317488 0,002070
реальный 0,013423 0,000006
амплуа 3,912023 0,001875
христианин 3,912023 0,001875
тысяча 0,054808 0,000131
семья 2,120264 0,001016
площадка 3,064725 0,001469
общаться 3,064725 0,001469
донести 4,317488 0,002070
молодой 2,525729 0,006054
нежелание 3,912023 0,001875
затопить 0,076161 0,000037
железо 3,912023 0,001875
слышать 2,931194 0,001405
сулить 4,317488 0,002070
пристраститься 4,317488 0,002070
стрессогенный 4,317488 0,002070
сталкиваться 3,401197 0,001630
обменивать 0,047791 0,000023
типичный 3,912023 0,003751
условие 0,033902 0,000033
помогать 2,120264 0,001016
прямиком 4,317488 0,002070
спустить 2,931194 0,001405
думать 1,791759 0,000859
крестик 4,317488 0,004139
подготовить 3,401197 0,001630
приготовиться 4,317488 0,002070
принять 1,678431 0,001609
постоянно 2,525729 0,003632
балагурить 4,317488 0,002070
видеть 0,013423 0,000006
запускать 4,317488 0,002070
способ 1,919593 0,000920
высокий 1,455287 0,000698
клин 4,317488 0,004139
взаимодействовать 3,401197 0,001630
великолепие 4,317488 0,002070
яркий 2,612740 0,001253
второй 1,643339 0,001576
накрасить 3,912023 0,001875
придумать 2,525729 0,001211
репетировать 4,317488 0,002070
колизей 4,317488 0,002070
нервничать 4,317488 0,002070
новый 0,000000 0,000000
образ 1,514128 0,002903
поведение 2,813411 0,001349
перемирие 0,076161 0,000037
вынести 3,218876 0,001543
происходить 1,752539 0,000840
выйти 1,752539 0,005041
рот 2,708050 0,001298
пребывать 3,912023 0,001875
снимать 3,624341 0,003475
древнеримский 4,317488 0,002070
утёнок 4,317488 0,002070
добро 0,013423 0,000019
менее 2,014903 0,000966
касаться 2,445686 0,001172
умение 2,813411 0,001349
тренироваться 3,912023 0,001875
конфликт 0,061875 0,000030
помощь 0,027029 0,000026
мысль 3,064725 0,004408
нести 2,525729 0,001211
истина 3,912023 0,001875
азарт 4,317488 0,002070
гладиатор 3,912023 0,003751
политика 0,040822 0,000059
к 3,064725 0,001469
показывать 2,931194 0,001405
подходить 2,612740 0,001253
предстать 3,912023 0,001875
буддизм 4,317488 0,002070
определить 2,612740 0,001253
х 2,177422 0,001044
они 2,302585 0,002208
земля 1,919593 0,000920
я 2,931194 0,002810
мир 0,000000 0,000000
искать 2,302585 0,002208
структура 0,000000 0,000000
филолог 4,317488 0,002070
тонкий 3,401197 0,001630
этаж 4,317488 0,002070
толком 3,912023 0,001875
пустить 3,912023 0,003751
бывший 0,000000 0,000000
время 0,693147 0,004320
конец 1,643339 0,006302
чинно 4,317488 0,002070
повязать 4,317488 0,002070
маккартень 0,097980 0,000047
ооо 0,000000 0,000000
обед 3,624341 0,001737
прислать 2,302585 0,001104
новгород 3,064725 0,001469
выходить 2,612740 0,001253
биография 3,064725 0,001469
устремить 4,317488 0,002070
спускаться 3,912023 0,001875
раздеть 4,317488 0,002070
начальник 2,238047 0,003219
повиснуть 4,317488 0,002070
чистый 3,218876 0,001543
пьяный 3,218876 0,001543
город 0,047791 0,000046
пикап 4,317488 0,002070
обсуждать 2,177422 0,001044
носить 2,813411 0,002697
следовать 1,966113 0,000943
час 1,455287 0,001395
отец 1,919593 0,000920
написать 1,966113 0,000943
галерея 0,000000 0,000000
диплом 4,317488 0,002070
раздеться 3,912023 0,001875
прийтись 2,120264 0,002033
внешность 0,097980 0,000094
начаться 0,033902 0,000049
нерусскость 4,317488 0,002070
удариться 3,912023 0,001875
выступить 2,238047 0,001073
увидеть 1,752539 0,002520
переживать 2,708050 0,001298
показать 1,484275 0,001423
поверженный 4,317488 0,002070
пляжный 0,097980 0,000094
впоследствии 3,401197 0,001630
обеспечивать 2,813411 0,001349
хотя 2,445686 0,003517
последствие 1,875141 0,000899
порядок 2,066196 0,001981
выражать 0,047791 0,000046
девочка 2,708050 0,001298
читать 0,040822 0,000020
заказать 3,912023 0,001875
сумма 2,708050 0,001298
английски 4,317488 0,002070
оценивать 0,047791 0,000023
англ 4,317488 0,002070
сказка 3,912023 0,003751
настигнуть 4,317488 0,002070
редакциярекламаконтактыпресс 0,000000 0,000000
видео 0,000000 0,000000
поднос 4,317488 0,002070
небритый 4,317488 0,002070
сильно 2,445686 0,003517
мера 2,445686 0,001172
задавать 3,401197 0,001630
лишь 2,238047 0,001073
коммуникация 3,624341 0,001737
мой 2,371578 0,013643
инструкция 3,624341 0,001737
выпустить 2,238047 0,001073
момент 1,399717 0,003355
танцевать 3,401197 0,004891
нелепо 4,317488 0,002070
извлечь 4,317488 0,002070
стеснительный 3,912023 0,001875
половой 3,912023 0,001875
любимый 2,371578 0,001137
осознать 3,624341 0,001737
проявить 3,912023 0,001875
немножко 3,624341 0,001737
погонять 4,317488 0,002070
разбитый 3,912023 0,003751
бонус 0,047791 0,000046
среда 0,000000 0,000000
стероид 4,317488 0,004139
делать 1,752539 0,000840
луна 3,401197 0,001630
градус 3,401197 0,001630
остаться 0,047791 0,000023
таджикистан 4,317488 0,002070
девушка 2,238047 0,012875
профессия 3,064725 0,001469
эксклюзив 0,000000 0,000000
уволить 0,076161 0,000037
скидка 0,047791 0,000023
москва 1,021651 0,000490
приём 2,445686 0,002345
меню 2,931194 0,001405
гладкий 4,317488 0,002070
экзамен 3,912023 0,001875
нечётный 4,317488 0,002070
подойти 2,813411 0,001349
приучить 4,317488 0,002070
скучный 4,317488 0,002070
смерть 1,919593 0,000920
складывать 4,317488 0,002070
результат 1,347074 0,000646
наобум 4,317488 0,002070
пауза 3,912023 0,001875
опыт 2,813411 0,001349
деньга 1,875141 0,001798
особенно 2,302585 0,002208
постажироваться 4,317488 0,002070
большой 1,714798 0,001644
далее 2,708050 0,001298
изначально 3,064725 0,001469
зато 2,931194 0,001405
политес 4,317488 0,002070
приходящий 4,317488 0,002070
станцевать 4,317488 0,002070
избаловать 3,912023 0,001875
растанцовка 4,317488 0,004139
танец 3,064725 0,005877
исповедь 2,931194 0,002810
драматический 3,912023 0,001875
вдоволь 4,317488 0,002070
августовский 4,317488 0,002070
оглядеть 4,317488 0,002070
хотеть 0,013423 0,000019
подстричь 4,317488 0,002070
прельщать 4,317488 0,002070
помотать 4,317488 0,002070
салфетка 4,317488 0,002070
внимать 4,317488 0,002070
половина 2,177422 0,001044
стать 0,499776 0,002635
достаточно 2,813411 0,001349
работать 0,027029 0,000130
агент 2,931194 0,001405
благословить 4,317488 0,002070
голый 3,218876 0,004629
загар 3,912023 0,001875
провести 1,514128 0,000726
это 0,020203 0,000349
расставание 4,317488 0,002070
поддерживать 2,612740 0,001253
массаж 3,624341 0,001737
вкус 3,912023 0,001875
встать 3,064725 0,001469
два 0,033902 0,000114
смена 2,708050 0,005193
прямой 2,302585 0,001104
кой 3,912023 0,001875
насыщенный 3,624341 0,001737
ком 4,317488 0,002070
мешкать 4,317488 0,002070
новость 0,000000 0,000000
вряд 2,612740 0,001253
подвигаться 4,317488 0,002070
вступительный 4,317488 0,002070
продвигать 3,912023 0,001875
тестостерон 4,317488 0,002070
войти 0,000000 0,000000
управлять 2,612740 0,002505
пачка 3,912023 0,001875
отличие 3,624341 0,001737
возраст 2,708050 0,003895
любовь 2,371578 0,001137
мартини 4,317488 0,002070
диван 3,624341 0,001737
шестой 3,401197 0,001630
особо 3,624341 0,005212
считать 1,373049 0,000658
общение 2,612740 0,001253
достаться 3,912023 0,001875
протирать 4,317488 0,002070
уход 0,076161 0,000073
рубль 1,514128 0,002903
периодически 3,218876 0,001543
подспорье 4,317488 0,002070
удивление 3,912023 0,001875
распределять 3,912023 0,001875
заключить 2,177422 0,001044
играть 2,708050 0,002596
обычный 0,013423 0,000006
ждать 1,714798 0,002466
программа 2,371578 0,002274
приватный 3,912023 0,001875
развязывать 4,317488 0,002070
крамола 4,317488 0,002070
мужичий 4,317488 0,002070
пикантный 4,317488 0,002070
разбираться 3,624341 0,001737
изнасиловать 0,076161 0,000037
ночь 2,525729 0,003632
первый 0,883501 0,002541
неудачно 3,912023 0,001875
вещество 2,612740 0,001253
техника 0,000000 0,000000
озвучить 3,064725 0,001469
работник 2,612740 0,003758
стул 3,624341 0,001737
включиться 3,912023 0,001875
практически 2,525729 0,001211
вопрос 1,021651 0,000980
просек 4,317488 0,002070
усидеть 3,912023 0,001875
игра 0,000000 0,000000
поскольку 2,238047 0,001073
компания 1,714798 0,003288
отдыхать 3,401197 0,001630
представляться 3,912023 0,001875
ваш 0,047791 0,000023
имя 1,875141 0,000899
ответ 1,678431 0,002414
старший 2,445686 0,005862
ставить 3,401197 0,001630
стереотипный 4,317488 0,002070
медитация 0,076161 0,000037
военкомат 3,624341 0,001737
больший 1,373049 0,002633
понятный 3,218876 0,001543
невнятный 4,317488 0,002070
мускул 4,317488 0,002070
зайти 2,813411 0,004046
откровенно 3,624341 0,001737
околобордельный 4,317488 0,002070
реакция 0,047791 0,000046
неделя 1,919593 0,002761
самый 0,883501 0,000847
вечером 3,064725 0,001469
присматривать 4,317488 0,002070
материал 0,000000 0,000000
успешно 2,813411 0,001349
закончиться 2,612740 0,001253
вывести 2,931194 0,004216
культуристический 4,317488 0,002070
сигарета 3,624341 0,003475
полагать 2,445686 0,001172
мышечный 3,912023 0,001875
лента 0,000000 0,000000
аж 4,317488 0,004139
расположение 3,912023 0,001875
застесняться 4,317488 0,002070
приятно 3,218876 0,001543
роль 1,714798 0,000822
черно 4,317488 0,002070
район 2,120264 0,001016
страница 3,218876 0,001543
броский 3,912023 0,001875
мочь 0,836248 0,002004
буквально 3,218876 0,001543
месяц 1,714798 0,000822
сам 1,226446 0,003528
коктейль 4,317488 0,002070
посмеяться 3,401197 0,001630
сердце 2,813411 0,002697
просидеть 4,317488 0,002070
молча 3,912023 0,001875
навеять 4,317488 0,002070
стриптизерский 4,317488 0,004139
женский 2,238047 0,004292
минюст 3,401197 0,001630
небо 2,525729 0,001211
ознакомиться 3,624341 0,001737
растительность 3,912023 0,001875
применение 0,000000 0,000000
дать 1,272966 0,001220
общак 4,317488 0,002070
действовать 2,238047 0,001073
переглянуться 3,912023 0,001875
смочь 1,399717 0,001342
поддаться 3,912023 0,001875
стриптиз 3,912023 0,052510
третий 2,120264 0,001016
зарплата 2,708050 0,001298
уметь 3,064725 0,002938
будни 3,624341 0,001737
опасно 2,813411 0,001349
парень 3,064725 0,010284
признать 1,484275 0,000712
ценность 0,000000 0,000000
вернуться 0,006689 0,000016
наивно 4,317488 0,002070
жалеть 2,813411 0,001349
восстановить 3,218876 0,001543
сексуальный 2,813411 0,001349
проводить 2,708050 0,005193
поджечь 4,317488 0,002070
исчезнуть 3,064725 0,001469
просто 1,678431 0,001609
врасплох 3,912023 0,001875
россия 0,000000 0,000000
сдать 3,218876 0,001543
простой 2,238047 0,001073
спать 3,401197 0,003261
анаболический 4,317488 0,002070
лечить 3,624341 0,001737
хватить 3,912023 0,001875
порно 3,218876 0,001543
свой 0,020203 0,000058
розовый 3,912023 0,001875
всякий 3,401197 0,001630
стрип 3,624341 0,003475
мастурбация 4,317488 0,002070
гостья 4,317488 0,004139
купюра 4,317488 0,002070
компенсировать 3,912023 0,001875
пах 4,317488 0,002070
услуга 2,813411 0,004046
американский 0,054808 0,000026
любопытство 4,317488 0,002070
комбинезон 3,912023 0,001875
палка 3,912023 0,001875
запутаться 4,317488 0,002070
раздеваться 4,317488 0,002070
помнить 3,624341 0,003475
другой 1,059392 0,001016
зеленский 0,054808 0,000053
сюда 3,401197 0,003261
полноватый 4,317488 0,002070
гримёрка 3,912023 0,003751
благородно 4,317488 0,002070
прийти 2,014903 0,005796
объективизация 4,317488 0,002070
тяжело 2,931194 0,001405
давать 1,875141 0,002697
авантюра 3,912023 0,001875
рабочий 2,708050 0,001298
вырываться 4,317488 0,002070
подвесить 3,912023 0,001875
психологический 3,064725 0,001469
объяснять 2,525729 0,001211
вступать 3,912023 0,001875
вид 1,514128 0,002178
гештальт 4,317488 0,002070
стесняться 4,317488 0,002070
двигаться 2,931194 0,001405
мыло 3,624341 0,001737
импровизированный 3,912023 0,001875
масло 3,218876 0,001543
скроить 4,317488 0,002070
приличие 4,317488 0,002070
самадх 4,317488 0,002070
прогресс 0,090654 0,000043
магистратура 4,317488 0,004139
религия 4,317488 0,002070
форма 0,061875 0,000119
маска 3,218876 0,001543
нажать 0,000000 0,000000
дом 0,061875 0,000030
чаевой 3,912023 0,005626
ромком 4,317488 0,002070
дверь 2,612740 0,002505
костюм 3,912023 0,007501
импровизировать 4,317488 0,002070
коллега 1,791759 0,008589
позиция 1,832581 0,000879
любой 2,120264 0,002033
здорово 4,317488 0,004139
ходить 2,120264 0,004066
морально 4,317488 0,002070
грязно 4,317488 0,002070
наш 1,347074 0,000646
махровый 4,317488 0,002070
обстановка 3,401197 0,001630
естественный 3,624341 0,001737
казаться 2,177422 0,004175
дама 3,912023 0,003751
испорченность 4,317488 0,002070
сервиз 4,317488 0,002070
одетый 3,401197 0,001630
эвфемизм 4,317488 0,006209
заказ 3,624341 0,001737
домой 2,612740 0,002505
комментарий 1,427116 0,000684
объяснить 1,484275 0,004269
зверь 3,064725 0,001469
оказаться 1,249435 0,001797
коридор 3,218876 0,001543
предложение 1,919593 0,000920
эпизод 3,064725 0,001469
раскрепостить 4,317488 0,002070
около 1,678431 0,001609
спасть 2,931194 0,001405
сорвать 2,371578 0,001137
новостной 4,317488 0,002070
использованияполитик 0,000000 0,000000
придать 4,317488 0,002070
заметить 2,120264 0,001016
тело 2,445686 0,005862
терзать 4,317488 0,002070
деактивировать 0,013423 0,000006
вроде 3,064725 0,001469
рекомендательный 0,000000 0,000000
белый 1,609438 0,000772
марихуана 4,317488 0,002070
молоденький 4,317488 0,002070
стена 3,401197 0,001630
движение 2,708050 0,001298
четвёртый 4,317488 0,002070
обратиться 0,076161 0,000037
щека 4,317488 0,002070
забота 0,000000 0,000000
поехать 3,624341 0,001737
круглый 3,624341 0,001737
продукция 3,624341 0,001737
пожаловать 0,013423 0,000006
неплохой 3,624341 0,001737
обеденный 4,317488 0,002070
обобщать 4,317488 0,002070
решить 1,791759 0,000859
который 0,521999 0,002502
рекламировать 4,317488 0,002070
преподавание 4,317488 0,002070
одуванчик 4,317488 0,002070
например 1,791759 0,001718
следующий 2,612740 0,003758
победа 0,000000 0,000000
спуститься 4,317488 0,002070
привести 1,427116 0,002052
уверенный 2,445686 0,001172
учиться 2,708050 0,001298
прибыть 0,083382 0,000040
выбрать 2,612740 0,002505
футболка 3,912023 0,001875
рассказать 0,985284 0,002834
случай 1,484275 0,000712
сми 0,000000 0,000000
эрекция 2,931194 0,004216
классика 3,912023 0,001875
понять 2,177422 0,005219
развернуться 3,218876 0,001543
мобильность 4,317488 0,002070
диско 4,317488 0,002070
нездоровый 3,624341 0,001737
жилец 0,068993 0,000033
дивиденд 3,912023 0,001875
создание 2,120264 0,001016
бакалавриат 4,317488 0,002070
несколько 1,226446 0,001176
милость 4,317488 0,002070
сверху 3,912023 0,001875
отличать 3,624341 0,001737
место 0,027029 0,000052
примерно 2,813411 0,001349
свет 0,054808 0,000026
мс 0,097980 0,000047
официант 3,912023 0,018754
заиграть 4,317488 0,002070
боксёр 3,624341 0,001737
папка 3,912023 0,001875
хореограф 3,912023 0,011252
логичный 3,912023 0,001875
тёмный 3,401197 0,001630
мы 2,238047 0,006437
ранхигс 4,317488 0,002070
участие 2,014903 0,000966
достигнуть 2,302585 0,001104
единоверец 4,317488 0,002070
комната 3,218876 0,004629
выбор 2,708050 0,001298
опечатка 0,000000 0,000000
каждый 1,576648 0,001512
задний 3,624341 0,001737
суровый 4,317488 0,002070
маленький 1,791759 0,003436
советовать 3,218876 0,001543
побывать 3,064725 0,001469
боль 3,064725 0,001469
вызвать 0,090654 0,000043
приболеть 4,317488 0,002070
фантастический 4,317488 0,002070
внешний 2,525729 0,001211
убеждённый 3,218876 0,001543
категория 3,064725 0,001469
количество 1,576648 0,001512
индуизм 4,317488 0,002070
обязать 3,064725 0,001469
мужчина 1,576648 0,003023
любопытно 3,912023 0,001875
смеяться 3,624341 0,003475
умереть 2,708050 0,001298
предшествовать 4,317488 0,002070
сотня 2,014903 0,000966
зрелый 4,317488 0,002070
понимать 2,708050 0,002596
попробовать 3,064725 0,001469
кураж 4,317488 0,002070
подкат 4,317488 0,002070
внимание 1,966113 0,001885
видно 2,708050 0,001298
препарат 3,218876 0,001543
убежать 4,317488 0,002070
объявить 2,120264 0,001016
значительно 3,401197 0,001630
возможность 1,714798 0,001644
шикарно 4,317488 0,002070
взгляд 3,624341 0,001737
правда 0,040822 0,000020
плохой 2,177422 0,001044
вульгарный 4,317488 0,002070
скоро 3,064725 0,001469
бордель 3,912023 0,001875
аудитория 3,624341 0,001737
одежда 2,445686 0,003517
очень 1,347074 0,005166
влад 3,912023 0,001875
наука 0,000000 0,000000
оказание 3,912023 0,001875
какой 1,203973 0,001732
обслуживать 4,317488 0,004139
средненький 4,317488 0,002070
непредвиденный 4,317488 0,002070
занятие 3,401197 0,001630
никак 2,931194 0,002810
термин 3,912023 0,001875
