ру 0,000000 0,000000
личный 1,791759 0,006157
банк 0,068993 0,000237
лента 0,000000 0,000000
новый 0,000000 0,000000
день 0,033902 0,000117
убеждение 4,317488 0,014837
перемирие 0,076161 0,001832
концлагерь 5,010635 0,017219
происходить 1,752539 0,006022
спорт 0,000000 0,000000
заключаться 3,912023 0,013443
отвести 0,076161 0,000262
добро 0,013423 0,000138
сам 1,226446 0,004215
согласие 0,047791 0,000164
путешествие 0,000000 0,000000
четыре 0,040822 0,000140
глубокий 2,931194 0,010073
конфликт 0,061875 0,000213
конфиденциальностиправить 0,000000 0,000000
александр 1,373049 0,004718
пол 0,090654 0,000312
помощь 0,027029 0,000093
вода 0,054808 0,000188
украинец 2,525729 0,008679
фото 0,061875 0,000425
политика 0,040822 0,000140
применение 0,000000 0,000000
суд 1,832581 0,006298
гарантия 2,708050 0,009306
отдел 0,579818 0,001993
ценность 0,000000 0,000000
мир 0,000000 0,000000
вернуться 0,006689 0,000023
наступить 3,624341 0,012455
индия 0,076161 0,000262
структура 0,000000 0,000000
необходимый 2,708050 0,009306
российский 0,033902 0,000233
обитание 0,000000 0,000000
бывший 0,000000 0,000000
время 0,693147 0,002382
россия 0,000000 0,000000
интернет 0,000000 0,000000
маккартень 0,097980 0,000337
ооо 0,000000 0,000000
судебный 3,912023 0,013443
свой 0,020203 0,000208
республика 2,371578 0,008150
ранее 1,003302 0,003448
проблема 0,047791 0,000164
гид 0,076161 0,000262
технологийминь 0,000000 0,000000
украина 0,805943 0,013848
проведение 3,064725 0,021063
город 0,047791 0,000164
американский 0,054808 0,000188
написать 1,966113 0,006756
галерея 0,000000 0,000000
шанс 2,931194 0,010073
дубинский 5,010635 0,068875
внешность 0,097980 0,000337
сотрудник 0,068993 0,000237
находиться 1,399717 0,004810
начаться 0,033902 0,000117
зеленский 0,054808 0,001695
удержаться 4,317488 0,014837
карант 5,010635 0,017219
силовой 0,000000 0,000000
пляжный 0,097980 0,000337
эмоция 0,047791 0,000164
скорее 2,708050 0,009306
сеть 0,090654 0,000312
азия 2,445686 0,008404
всеприбалтикаукраинабелоруссиямолдавиязакавказьесредний 2,525729 0,008679
выражать 0,047791 0,000328
период 2,014903 0,006924
система 1,643339 0,005647
читать 0,040822 0,000140
военнослужащий 0,068993 0,000237
накапливать 0,047791 0,000164
оценивать 0,047791 0,000164
байконур 0,097980 0,000337
один 0,836248 0,002874
редакциярекламаконтактыпресс 0,000000 0,000000
видео 0,000000 0,000000
покинуть 3,912023 0,013443
депутат 0,068993 0,001185
прогресс 0,090654 0,000312
бссср 4,317488 0,014837
форма 0,061875 0,000213
нажать 0,000000 0,000000
последний 0,083382 0,000287
дом 0,061875 0,000213
сторона 1,321756 0,004542
мой 2,371578 0,008150
культура 0,000000 0,000000
обсудить 0,415515 0,001428
архив 0,000000 0,000000
статья 0,000000 0,000000
заявить 0,061875 0,000638
сша 0,040822 0,000281
бонус 0,047791 0,000328
среда 0,000000 0,000000
раскрытие 0,076161 0,000262
мировой 1,752539 0,006022
редактор 0,556288 0,001912
геноцид 4,317488 0,014837
остаться 0,047791 0,000164
уйти 2,014903 0,006924
эксклюзив 0,000000 0,000000
уволить 0,076161 0,000262
скидка 0,047791 0,000164
москва 1,021651 0,003511
покупка 2,525729 0,008679
погружаться 0,047791 0,000164
увлекательный 0,047791 0,000164
использованияполитик 0,000000 0,000000
президентский 3,624341 0,012455
заниматься 2,302585 0,007913
деактивировать 0,013423 0,000046
рекомендательный 0,000000 0,000000
являться 1,714798 0,017678
переговоры 0,047791 0,000164
транзит 5,010635 0,017219
получать 0,033902 0,000117
хотеть 0,013423 0,000046
обратиться 0,076161 0,000262
забота 0,000000 0,000000
сбер 0,040822 0,000140
пожаловать 0,013423 0,000046
верховный 2,708050 0,018612
безопасность 2,014903 0,006924
трамп 0,054808 0,000188
работать 0,027029 0,000093
госизмена 3,624341 0,012455
крупный 0,054808 0,000565
спецпроект 0,000000 0,000000
это 0,020203 0,000069
победа 0,000000 0,000000
украинский 0,047791 0,000164
слово 0,820981 0,005642
белоус 0,076161 0,000262
прибыть 0,083382 0,000287
два 0,033902 0,000233
президент 0,851752 0,005854
новость 0,000000 0,000000
туристка 0,076161 0,000262
мотор 0,000000 0,000000
сми 0,000000 0,000000
акция 0,047791 0,000164
наслать 0,000000 0,000000
жизнь 0,000000 0,000000
жилец 0,068993 0,000237
предречь 0,076161 0,001047
жать 0,013423 0,000046
войти 0,000000 0,000000
место 0,027029 0,000093
свет 0,054808 0,000188
регион 0,076161 0,000262
мс 0,097980 0,000337
март 0,040822 0,000140
переходный 5,010635 0,017219
военный 0,020203 0,000069
летний 0,047791 0,000164
рада 0,068993 0,001185
экономика 0,000000 0,000000
канал 1,791759 0,006157
подозрение 5,010635 0,017219
уход 0,076161 0,000785
опечатка 0,000000 0,000000
хороший 0,006689 0,000023
валентин 4,317488 0,014837
спор 0,097980 0,000337
маленький 1,791759 0,006157
сизый 3,912023 0,013443
обеспечение 3,624341 0,012455
вызвать 0,090654 0,000312
киев 1,714798 0,005893
история 1,609438 0,005531
обычный 0,013423 0,000046
власть 1,609438 0,011061
конфиденциальность 0,047791 0,000164
уровень 1,643339 0,005647
владимир 1,160488 0,003988
изнасиловать 0,076161 0,000262
продолжать 0,033902 0,000117
реальный 0,013423 0,000046
пост 2,612740 0,017957
ссср 0,000000 0,000000
техника 0,000000 0,000000
деградация 3,401197 0,011688
тысяча 0,054808 0,000188
затопить 0,076161 0,000262
игра 0,000000 0,000000
соучастник 5,010635 0,017219
обменивать 0,047791 0,000164
минь 0,000000 0,000000
условие 0,033902 0,000350
ваш 0,047791 0,000164
главное 0,000000 0,000000
медитация 0,076161 0,000262
правда 0,040822 0,000140
моральный 4,317488 0,014837
видеть 0,013423 0,000046
реакция 0,047791 0,000328
материал 0,000000 0,000000
наука 0,000000 0,000000
выборы 2,813411 0,029004
