состояться 2,014903 0,002365
придумать 2,525729 0,002964
ру 0,000000 0,000000
специальный 2,525729 0,002964
банк 0,068993 0,000081
найта 5,010635 0,005881
новый 0,000000 0,000000
день 0,033902 0,000080
криминальный 3,912023 0,004592
хватать 2,931194 0,003440
образ 1,514128 0,001777
фигура 3,064725 0,003597
улыбка 4,317488 0,005067
перемирие 0,076161 0,000089
потеснить 5,010635 0,005881
бутч 5,010635 0,005881
любить 2,177422 0,002556
синатр 5,010635 0,005881
голливудский 2,813411 0,006604
отвести 0,076161 0,000089
успех 2,238047 0,002627
добро 0,013423 0,000047
согласие 0,047791 0,000056
центр 1,752539 0,002057
путешествие 0,000000 0,000000
грех 5,010635 0,005881
народный 2,708050 0,009535
полный 1,875141 0,002201
удивлять 2,931194 0,003440
конфликт 0,061875 0,000073
пол 0,090654 0,000213
алкоголичка 5,010635 0,005881
спасать 2,612740 0,003067
помощь 0,027029 0,000032
жертва 2,371578 0,002784
человек 0,762140 0,001789
вода 0,054808 0,000064
фото 0,061875 0,000363
отказаться 1,832581 0,002151
десятилетие 2,931194 0,003440
джон 4,317488 0,010135
политика 0,040822 0,000048
живой 2,525729 0,002964
м 2,066196 0,007275
наркоторговец 3,218876 0,003778
ухудшение 3,064725 0,003597
суд 1,832581 0,002151
вставать 3,624341 0,004254
ньюмена 5,010635 0,011762
сезон 2,813411 0,003302
бэкграунд 5,010635 0,005881
пожалуй 4,317488 0,005067
земля 1,919593 0,002253
суперзвезда 5,010635 0,005881
природа 3,218876 0,007556
мир 0,000000 0,000000
поневоле 4,317488 0,005067
весь 1,078810 0,002532
индия 0,076161 0,000089
пройти 1,427116 0,001675
орешек 5,010635 0,017643
структура 0,000000 0,000000
дело 1,249435 0,001466
преимущественно 5,010635 0,005881
завалить 5,010635 0,005881
бояться 2,120264 0,002489
ухмылка 5,010635 0,011762
дурак 5,010635 0,005881
честной 5,010635 0,005881
бывший 0,000000 0,000000
конец 1,643339 0,011573
время 0,693147 0,000814
крепость 4,317488 0,005067
неудержимый 5,010635 0,005881
маккартень 0,097980 0,000115
ооо 0,000000 0,000000
соцсеть 2,708050 0,003178
биография 3,064725 0,003597
праздновать 3,912023 0,004592
найтись 3,401197 0,003992
данный 2,445686 0,002871
главный 1,272966 0,005976
ситуация 1,484275 0,001742
проблема 0,047791 0,000056
констатировать 3,624341 0,004254
ричард 3,912023 0,004592
причём 2,708050 0,003178
киновстреча 5,010635 0,005881
иной 2,708050 0,003178
также 0,762140 0,000895
появиться 1,373049 0,001612
технологийминь 0,000000 0,000000
чак 3,912023 0,004592
город 0,047791 0,000056
комедия 3,624341 0,004254
отец 1,919593 0,002253
галерея 0,000000 0,000000
внешность 0,097980 0,000115
начаться 0,033902 0,000040
забалуев 5,010635 0,005881
майка 5,010635 0,005881
вечный 3,624341 0,004254
увидеть 1,752539 0,002057
силовой 0,000000 0,000000
мускулатура 5,010635 0,005881
пляжный 0,097980 0,000115
конгресс 4,317488 0,005067
стэйтема 5,010635 0,005881
редкий 2,371578 0,002784
исполнитель 3,218876 0,003778
принципиально 4,317488 0,005067
выражать 0,047791 0,000112
настаивать 3,064725 0,003597
читать 0,040822 0,000048
горечь 5,010635 0,005881
фрэнк 5,010635 0,011762
смертный 4,317488 0,005067
затюкать 5,010635 0,005881
крепкий 3,624341 0,012762
школьный 3,912023 0,004592
оценивать 0,047791 0,000056
кастинг 3,912023 0,004592
купить 2,931194 0,003440
байконур 0,097980 0,000115
один 0,836248 0,001963
редакциярекламаконтактыпресс 0,000000 0,000000
обязательно 3,624341 0,004254
иметь 1,832581 0,002151
видео 0,000000 0,000000
жан 5,010635 0,005881
положиться 5,010635 0,005881
солдат 2,371578 0,002784
смотреться 5,010635 0,005881
хирург 3,912023 0,004592
лишь 2,238047 0,005254
софит 5,010635 0,005881
персонаж 3,401197 0,007984
последний 0,083382 0,000489
заурядный 5,010635 0,005881
завершить 3,401197 0,003992
наблюдатель 3,912023 0,004592
астероид 5,010635 0,005881
вовсе 3,401197 0,003992
выпустить 2,238047 0,002627
момент 1,399717 0,001643
обсудить 0,415515 0,000488
архив 0,000000 0,000000
помочь 1,714798 0,002013
актёрский 3,624341 0,004254
даллас 5,010635 0,005881
середина 3,218876 0,003778
стеснительный 3,912023 0,004592
любимый 2,371578 0,002784
некого 5,010635 0,005881
заявить 0,061875 0,000073
детектив 3,624341 0,008508
сша 0,040822 0,000096
партнёрша 5,010635 0,005881
ничто 4,317488 0,005067
способность 3,401197 0,011976
бонус 0,047791 0,000112
среда 0,000000 0,000000
раскрытие 0,076161 0,000089
говорить 1,160488 0,002724
луна 3,401197 0,003992
среди 1,714798 0,002013
остаться 0,047791 0,000056
удача 4,317488 0,005067
общепризнанный 5,010635 0,005881
эксклюзив 0,000000 0,000000
уволить 0,076161 0,000089
похожий 2,371578 0,002784
качество 1,832581 0,002151
скидка 0,047791 0,000056
пиковый 5,010635 0,005881
шагнуть 4,317488 0,005067
замена 3,218876 0,003778
удивительно 4,317488 0,005067
погружаться 0,047791 0,000056
прочить 5,010635 0,005881
удачно 3,218876 0,003778
смерть 1,919593 0,002253
джейсон 5,010635 0,005881
мёртвый 3,912023 0,004592
особенно 2,302585 0,002703
лицо 1,966113 0,004615
большой 1,714798 0,002013
малин 5,010635 0,005881
зато 2,931194 0,003440
текст 3,912023 0,004592
получать 0,033902 0,000040
юный 3,624341 0,004254
секунда 2,931194 0,003440
вердикт 4,317488 0,005067
сидень 5,010635 0,005881
хотеть 0,013423 0,000032
заикание 5,010635 0,005881
уберечься 5,010635 0,005881
стать 0,499776 0,003520
похмелие 3,912023 0,004592
работать 0,027029 0,000032
отличный 2,708050 0,003178
десятка 2,302585 0,002703
картина 3,064725 0,003597
киносеанс 5,010635 0,005881
переносить 4,317488 0,005067
спецпроект 0,000000 0,000000
это 0,020203 0,000119
прошивать 5,010635 0,005881
легендарный 2,066196 0,002425
нарковор 3,401197 0,003992
украинский 0,047791 0,000056
два 0,033902 0,000080
таксист 3,624341 0,008508
новость 0,000000 0,000000
вполне 2,813411 0,003302
туристка 0,076161 0,000089
мотор 0,000000 0,000000
стоить 1,714798 0,002013
наслать 0,000000 0,000000
жизнь 0,000000 0,000000
конкурент 3,064725 0,003597
уничтожить 2,120264 0,002489
продюсер 3,218876 0,003778
средний 2,813411 0,003302
жать 0,013423 0,000016
войти 0,000000 0,000000
киножанр 5,010635 0,005881
сериал 2,445686 0,008612
любовь 2,371578 0,002784
шестой 3,401197 0,003992
исполниться 5,010635 0,005881
пригласить 3,912023 0,004592
репутация 5,010635 0,005881
уход 0,076161 0,000089
почему 0,899761 0,001056
примерить 5,010635 0,005881
принадлежать 2,931194 0,003440
дуэт 5,010635 0,005881
хороший 0,006689 0,000031
гарри 3,912023 0,004592
чувство 3,624341 0,004254
спор 0,097980 0,000115
органический 5,010635 0,005881
воевать 2,931194 0,003440
играть 2,708050 0,003178
карьера 3,912023 0,013775
обычный 0,013423 0,000016
дурной 4,317488 0,005067
почувствовать 3,064725 0,003597
ван 4,317488 0,005067
конфиденциальность 0,047791 0,000056
сцена 3,912023 0,009183
психиатр 5,010635 0,005881
общий 1,714798 0,004025
назад 1,678431 0,001970
высмеивать 3,624341 0,004254
армагеддон 5,010635 0,005881
изнасиловать 0,076161 0,000089
продолжать 0,033902 0,000040
зритель 2,931194 0,010321
первый 0,883501 0,004148
просторный 5,010635 0,005881
кадр 1,544899 0,007253
ссср 0,000000 0,000000
техника 0,000000 0,000000
состояние 2,238047 0,005254
наверняка 3,624341 0,004254
синатрой 5,010635 0,005881
всекиносериалымузыкакнигиискусствотеатрфотография 3,401197 0,003992
частное 4,317488 0,005067
игра 0,000000 0,000000
объяснение 3,624341 0,004254
статус 3,218876 0,007556
минь 0,000000 0,000000
высота 3,624341 0,004254
пулемётный 4,317488 0,005067
брюс 3,218876 0,049114
именно 1,875141 0,004402
ваш 0,047791 0,000056
главное 0,000000 0,000000
медитация 0,076161 0,000089
больший 1,373049 0,001612
понятный 3,218876 0,003778
угодить 5,010635 0,011762
идеал 5,010635 0,005881
люмета 5,010635 0,005881
джо 3,624341 0,004254
сказочный 4,317488 0,005067
реакция 0,047791 0,000112
август 2,445686 0,002871
самый 0,883501 0,004148
материал 0,000000 0,000000
символ 2,445686 0,002871
публика 3,218876 0,003778
арнольд 5,010635 0,005881
мактирнан 5,010635 0,005881
китч 5,010635 0,005881
лента 0,000000 0,000000
височный 5,010635 0,005881
запоминать 4,317488 0,005067
роль 1,714798 0,008051
девяностый 5,010635 0,005881
спорт 0,000000 0,000000
антисупергерой 5,010635 0,005881
разрушить 3,401197 0,003992
ряд 2,525729 0,008893
бурильщик 5,010635 0,005881
перерыв 3,401197 0,003992
буквально 3,218876 0,003778
внук 5,010635 0,005881
мимика 5,010635 0,005881
сам 1,226446 0,004318
посмеяться 3,401197 0,003992
четыре 0,040822 0,000048
сказать 1,919593 0,002253
друг 1,791759 0,004206
жанр 3,912023 0,004592
конфиденциальностиправить 0,000000 0,000000
прогрессировать 4,317488 0,005067
вообще 2,813411 0,003302
народ 2,708050 0,003178
применение 0,000000 0,000000
сталлоно 5,010635 0,005881
постер 5,010635 0,011762
космос 2,813411 0,003302
непреходящий 4,317488 0,005067
межгалактический 5,010635 0,005881
смысл 3,218876 0,007556
элемент 3,401197 0,007984
стэмпер 5,010635 0,005881
век 1,919593 0,006759
смочь 1,399717 0,004929
стремление 3,064725 0,003597
лунный 3,912023 0,013775
легенда 3,064725 0,003597
рубеж 3,064725 0,003597
пётр 3,401197 0,003992
ценность 0,000000 0,000000
вернуться 0,006689 0,000008
впервые 1,919593 0,002253
открытие 3,218876 0,003778
жалеть 2,813411 0,003302
микки 4,317488 0,005067
партнёр 2,612740 0,003067
российский 0,033902 0,000080
номинация 3,912023 0,004592
неслучайный 5,010635 0,005881
истекать 5,010635 0,005881
обитание 0,000000 0,000000
просто 1,678431 0,001970
насквозь 5,010635 0,005881
россия 0,000000 0,000000
интернет 0,000000 0,000000
спустя 1,832581 0,002151
рутина 5,010635 0,005881
гир 3,912023 0,004592
видимо 3,912023 0,004592
смотреть 2,066196 0,002425
нью 3,624341 0,004254
скорость 2,708050 0,003178
свой 0,020203 0,000047
шепард 5,010635 0,011762
буквальный 5,010635 0,005881
встретиться 3,218876 0,007556
гид 0,076161 0,000089
постмодернистский 5,010635 0,005881
толкнуть 5,010635 0,005881
американский 0,054808 0,000257
рождение 3,218876 0,003778
библиотека 4,317488 0,005067
биографический 5,010635 0,005881
дарование 5,010635 0,005881
кинокритик 5,010635 0,005881
сотрудник 0,068993 0,000081
другой 1,059392 0,002487
зеленский 0,054808 0,000129
мистический 4,317488 0,005067
работа 0,899761 0,003168
бедовый 5,010635 0,005881
рождественский 5,010635 0,005881
прийти 2,014903 0,002365
оставаться 1,875141 0,006603
перепост 5,010635 0,005881
знаменитый 2,525729 0,002964
эмоция 0,047791 0,000056
сеть 0,090654 0,000106
театр 3,064725 0,003597
кино 3,064725 0,014388
собственный 2,525729 0,002964
недостижимый 5,010635 0,005881
растерять 3,624341 0,004254
число 1,226446 0,002879
объяснять 2,525729 0,002964
столкновение 3,401197 0,003992
военнослужащий 0,068993 0,000081
режиссёр 3,912023 0,009183
накапливать 0,047791 0,000056
драмкружок 5,010635 0,005881
причина 1,484275 0,003484
похмельный 4,317488 0,005067
короткий 2,931194 0,003440
кроме 1,427116 0,001675
ребёнок 1,919593 0,002253
подход 3,218876 0,003778
внести 2,931194 0,003440
строго 3,912023 0,009183
диапазон 5,010635 0,005881
макклейн 5,010635 0,011762
боевик 2,931194 0,017202
фактура 5,010635 0,005881
снять 2,177422 0,002556
депутат 0,068993 0,000081
прогресс 0,090654 0,000106
паразит 4,317488 0,005067
форма 0,061875 0,000145
нажать 0,000000 0,000000
дом 0,061875 0,000073
культура 0,000000 0,000000
сыграть 2,813411 0,003302
королевство 3,912023 0,004592
ирак 4,317488 0,005067
прокат 5,010635 0,005881
съёмка 3,624341 0,012762
сибить 5,010635 0,011762
уиллисовский 5,010635 0,005881
статья 0,000000 0,000000
современный 2,066196 0,002425
ранимость 5,010635 0,005881
соответственно 3,064725 0,003597
роднить 5,010635 0,005881
верить 3,218876 0,003778
любой 2,120264 0,007466
пятый 3,218876 0,007556
подвиг 3,624341 0,004254
честь 2,813411 0,003302
посвятить 2,931194 0,003440
вписаться 5,010635 0,005881
карате 5,010635 0,005881
ходить 2,120264 0,002489
дамм 5,010635 0,005881
ридлить 3,401197 0,003992
казаться 2,177422 0,002556
хэлленбек 5,010635 0,005881
человечный 5,010635 0,005881
настоящий 2,445686 0,002871
заходить 4,317488 0,005067
закат 4,317488 0,005067
получить 1,059392 0,002487
кепка 4,317488 0,005067
доллар 2,708050 0,003178
тема 1,297063 0,001522
уиллис 3,218876 0,079338
пластический 5,010635 0,005881
оказаться 1,249435 0,001466
разборка 3,064725 0,003597
сделать 1,321756 0,001551
увлекательный 0,047791 0,000056
связанный 3,064725 0,003597
использованияполитик 0,000000 0,000000
здоровье 2,302585 0,010810
деменция 4,317488 0,005067
закрытый 2,612740 0,003067
деактивировать 0,013423 0,000016
мамонов 5,010635 0,005881
обстоятельство 3,912023 0,004592
рекомендательный 0,000000 0,000000
отцовский 5,010635 0,005881
прочий 3,912023 0,004592
юноша 3,912023 0,004592
разный 2,238047 0,005254
первенство 5,010635 0,005881
замес 5,010635 0,005881
переговоры 0,047791 0,000056
экран 3,912023 0,004592
будущее 2,066196 0,002425
год 0,521999 0,006739
фантомный 5,010635 0,005881
выдавать 3,218876 0,003778
жизненный 3,912023 0,004592
обратиться 0,076161 0,000089
приходиться 2,931194 0,003440
забота 0,000000 0,000000
сбер 0,040822 0,000048
резкий 3,218876 0,003778
пожаловать 0,013423 0,000016
трамп 0,054808 0,000129
клод 5,010635 0,005881
который 0,521999 0,006739
феномен 4,317488 0,005067
постоянный 2,371578 0,002784
крупный 0,054808 0,000129
например 1,791759 0,004206
агентство 2,302585 0,002703
любимец 4,317488 0,005067
корбина 5,010635 0,005881
победа 0,000000 0,000000
привести 1,427116 0,001675
уверенный 2,445686 0,002871
белоус 0,076161 0,000089
прибыть 0,083382 0,000098
сегодня 1,643339 0,001929
норрис 3,912023 0,004592
случай 1,484275 0,003484
сми 0,000000 0,000000
сильвестр 5,010635 0,005881
акция 0,047791 0,000056
классика 3,912023 0,004592
создать 2,120264 0,002489
шварценеггер 4,317488 0,010135
поколение 2,813411 0,003302
вместе 1,514128 0,001777
рассказывать 2,302585 0,002703
спасение 2,177422 0,002556
жилец 0,068993 0,000081
актёр 2,445686 0,017223
несколько 1,226446 0,001439
предречь 0,076161 0,000179
телевидение 3,218876 0,003778
герой 2,014903 0,011825
свет 0,054808 0,000257
место 0,027029 0,000063
отправить 2,066196 0,002425
порядочность 5,010635 0,005881
регион 0,076161 0,000089
мс 0,097980 0,000115
дух 2,612740 0,003067
боксёр 3,624341 0,004254
расширение 2,931194 0,003440
март 0,040822 0,000192
благодаря 2,238047 0,005254
широкий 2,813411 0,003302
лобный 5,010635 0,005881
военный 0,020203 0,000024
чтиво 5,010635 0,005881
летний 0,047791 0,000056
рада 0,068993 0,000081
экономика 0,000000 0,000000
йоркский 5,010635 0,005881
заработать 2,813411 0,003302
тот 1,427116 0,005025
опечатка 0,000000 0,000000
задний 3,624341 0,004254
кровь 2,612740 0,003067
золотой 2,931194 0,003440
разговаривать 5,010635 0,005881
десять 2,708050 0,003178
маленький 1,791759 0,002103
секс 2,177422 0,002556
вызвать 0,090654 0,000106
история 1,609438 0,005667
трагикомический 5,010635 0,005881
появление 2,813411 0,003302
скотт 3,401197 0,003992
звезда 1,919593 0,002253
совершенный 3,624341 0,004254
количество 1,576648 0,001851
массовка 5,010635 0,005881
поспешить 5,010635 0,005881
финансовый 2,813411 0,003302
либо 1,919593 0,002253
блокбастер 3,912023 0,004592
закусочный 5,010635 0,005881
детективный 4,317488 0,005067
бойскаут 5,010635 0,005881
реальный 0,013423 0,000016
амплуа 3,912023 0,004592
мужчина 1,576648 0,001851
тысяча 0,054808 0,000129
исполняться 4,317488 0,005067
дочка 4,317488 0,005067
затопить 0,076161 0,000089
обменивать 0,047791 0,000056
сведение 3,912023 0,004592
условие 0,033902 0,000080
смешно 3,912023 0,004592
фильм 2,238047 0,023641
правда 0,040822 0,000048
плохой 2,177422 0,005111
огромный 2,525729 0,002964
пританцовывать 5,010635 0,005881
видеть 0,013423 0,000016
ярослав 5,010635 0,005881
очень 1,347074 0,003162
скорый 2,525729 0,002964
двенадцать 5,010635 0,005881
наука 0,000000 0,000000
наличие 3,401197 0,003992
неслучайно 5,010635 0,005881
захватывать 3,064725 0,003597
печение 5,010635 0,005881
