ру 0,000000 0,000000
сутенёр 3,624341 0,003025
банк 0,068993 0,000058
специальный 2,525729 0,002108
терроризм 3,401197 0,002839
неонацист 4,317488 0,003604
похититель 4,317488 0,003604
новый 0,000000 0,000000
день 0,033902 0,000057
хватать 2,931194 0,002447
забрать 3,064725 0,002558
найти 1,678431 0,004203
перемирие 0,076161 0,000064
вынести 3,218876 0,002687
происходить 1,752539 0,001463
выйти 1,752539 0,001463
поджигатель 5,010635 0,004183
угрожать 3,064725 0,005116
бабушка 3,218876 0,002687
водоём 4,317488 0,003604
население 2,525729 0,002108
отвести 0,076161 0,000064
попросить 2,445686 0,002041
добро 0,013423 0,000034
согласие 0,047791 0,000040
центр 1,752539 0,001463
путешествие 0,000000 0,000000
петербург 3,218876 0,002687
пойти 2,120264 0,001770
охранять 4,317488 0,003604
наряд 3,624341 0,003025
возвратить 5,010635 0,004183
конфликт 0,061875 0,000052
пол 0,090654 0,000076
помощь 0,027029 0,000023
таможенник 4,317488 0,003604
исполнение 3,912023 0,003265
жертва 2,371578 0,001980
вода 0,054808 0,000046
человек 0,762140 0,000636
украинец 2,525729 0,002108
отказаться 1,832581 0,003059
фото 0,061875 0,000052
лес 3,064725 0,005116
политика 0,040822 0,000102
связь 1,714798 0,001431
минприрода 5,010635 0,004183
взрыв 2,302585 0,001922
подходить 2,612740 0,002181
выкуп 3,624341 0,006051
искупление 5,010635 0,004183
суд 1,832581 0,006119
средство 2,371578 0,001980
студент 2,931194 0,002447
экс 2,066196 0,001725
х 2,177422 0,003635
повидать 5,010635 0,004183
область 1,272966 0,003188
знакомый 2,612740 0,004362
земля 1,919593 0,004807
взорвать 3,064725 0,002558
сила 1,321756 0,001103
мир 0,000000 0,000000
мальчик 3,912023 0,003265
обеспечить 3,218876 0,002687
индия 0,076161 0,000064
весь 1,078810 0,000901
обмануть 2,931194 0,002447
структура 0,000000 0,000000
неугодный 3,912023 0,003265
невзоров 3,624341 0,003025
водитель 4,317488 0,003604
дело 1,249435 0,007301
житель 1,678431 0,001401
террористический 3,064725 0,005116
драка 3,064725 0,002558
вагнер 3,912023 0,003265
бывший 0,000000 0,000000
тюрьма 3,064725 0,005116
боец 1,875141 0,003130
конец 1,643339 0,001372
создавать 2,371578 0,001980
несовершеннолетний 4,317488 0,007208
маккартень 0,097980 0,000082
ооо 0,000000 0,000000
убийство 3,401197 0,008517
прислать 2,302585 0,003844
красноярский 2,931194 0,004893
очистить 4,317488 0,003604
готовить 2,445686 0,004083
главный 1,272966 0,003188
проблема 0,047791 0,000120
начальник 2,238047 0,001868
данные 1,678431 0,001401
потребовать 2,445686 0,004083
отрезать 3,064725 0,002558
фронт 2,708050 0,002260
пообещать 2,931194 0,002447
избить 5,010635 0,004183
появиться 1,373049 0,002292
пьяный 3,218876 0,002687
технологийминь 0,000000 0,000000
паника 3,064725 0,002558
город 0,047791 0,000120
украина 0,805943 0,004709
обсуждать 2,177422 0,001818
подробность 2,066196 0,003449
взыскать 5,010635 0,004183
погибнуть 2,612740 0,002181
отец 1,919593 0,001602
актив 3,064725 0,002558
галерея 0,000000 0,000000
внешность 0,097980 0,000082
пытаться 1,347074 0,002249
россиянин 1,321756 0,012136
возрождение 3,912023 0,003265
стрелять 4,317488 0,003604
территория 1,609438 0,002687
находиться 1,399717 0,001168
начаться 0,033902 0,000028
риелтор 3,912023 0,009796
немцов 5,010635 0,004183
вечный 3,624341 0,003025
начать 1,139434 0,000951
незаконный 3,218876 0,002687
силовой 0,000000 0,000000
закрытие 2,813411 0,002348
показать 1,484275 0,002478
пляжный 0,097980 0,000082
теракт 3,624341 0,003025
миллиард 2,612740 0,002181
кремль 2,177422 0,001818
исполнитель 3,218876 0,002687
приговор 3,401197 0,005678
диверсия 3,401197 0,008517
подмосковье 2,813411 0,002348
подземелье 5,010635 0,004183
выражать 0,047791 0,000080
девочка 2,708050 0,002260
подорвать 3,624341 0,003025
читать 0,040822 0,000034
минобороны 1,966113 0,003282
замдиректора 5,010635 0,004183
раненый 3,912023 0,003265
отказ 2,120264 0,001770
полиция 2,238047 0,007473
сумма 2,708050 0,002260
вражда 3,218876 0,002687
школьный 3,912023 0,003265
оценивать 0,047791 0,000040
художник 3,401197 0,002839
пожизненно 4,317488 0,003604
байконур 0,097980 0,000082
контрабанда 4,317488 0,003604
законсервировать 4,317488 0,003604
редакциярекламаконтактыпресс 0,000000 0,000000
видео 0,000000 0,000000
департамент 3,064725 0,002558
обыск 3,624341 0,003025
выявить 2,813411 0,002348
арестовать 2,931194 0,002447
громкий 2,708050 0,002260
солдат 2,371578 0,001980
остро 4,317488 0,003604
чвк 5,010635 0,004183
свобода 2,931194 0,002447
россиянка 1,875141 0,007826
тюремный 5,010635 0,004183
сумка 3,064725 0,002558
последний 0,083382 0,000070
колокольчик 5,010635 0,004183
московский 2,014903 0,005046
сторона 1,321756 0,001103
журналист 1,966113 0,001641
курировать 3,912023 0,003265
бежать 2,813411 0,002348
архив 0,000000 0,000000
помочь 1,714798 0,001431
нацпроект 5,010635 0,008365
подросток 3,218876 0,002687
борис 2,445686 0,002041
дотянуться 5,010635 0,004183
экстремистский 3,912023 0,003265
заказной 5,010635 0,004183
заявить 0,061875 0,000258
своевременно 3,912023 0,003265
колумбийский 5,010635 0,004183
букмекер 4,317488 0,003604
сша 0,040822 0,000068
природный 3,912023 0,003265
лидер 1,347074 0,001124
убегать 5,010635 0,004183
школьница 3,064725 0,025582
пошутить 2,931194 0,009787
заменить 2,931194 0,002447
бонус 0,047791 0,000080
среда 0,000000 0,000000
раскрытие 0,076161 0,000064
тыл 3,064725 0,002558
собственность 3,624341 0,003025
наркокартель 3,912023 0,003265
следствие 2,612740 0,004362
хранить 3,401197 0,002839
остаться 0,047791 0,000080
среди 1,714798 0,001431
боеприпас 3,218876 0,002687
внучка 4,317488 0,007208
лнр 4,317488 0,003604
эксклюзив 0,000000 0,000000
уволить 0,076161 0,000064
король 3,624341 0,003025
скидка 0,047791 0,000040
чиновник 2,931194 0,004893
москва 1,021651 0,002558
артёмовск 5,010635 0,004183
возле 3,912023 0,003265
росгвардеец 3,401197 0,002839
пресечь 5,010635 0,004183
врач 2,066196 0,001725
подорваться 3,064725 0,005116
погружаться 0,047791 0,000040
стрельба 5,010635 0,004183
известность 5,010635 0,004183
смерть 1,919593 0,001602
ноябрь 2,014903 0,010091
рынок 1,609438 0,002687
враг 3,064725 0,005116
большой 1,714798 0,001431
охватить 3,218876 0,002687
ликвидировать 3,401197 0,002839
уличный 3,912023 0,003265
всеследствие 2,525729 0,002108
выплатить 5,010635 0,008365
получать 0,033902 0,000028
высокопоставленный 4,317488 0,003604
хотеть 0,013423 0,000011
зона 2,371578 0,005939
расстрелять 4,317488 0,003604
просчёт 5,010635 0,004183
предстоять 3,401197 0,002839
решать 3,401197 0,005678
пенсионер 4,317488 0,007208
угроза 2,302585 0,001922
стать 0,499776 0,002086
устроить 2,014903 0,001682
террорист 3,064725 0,007675
работать 0,027029 0,000045
агент 2,931194 0,002447
условный 3,912023 0,003265
розыск 3,912023 0,003265
масхадов 3,624341 0,003025
силовик 3,624341 0,003025
операция 1,514128 0,001264
спецпроект 0,000000 0,000000
массовый 2,066196 0,003449
это 0,020203 0,000067
прогреметь 3,218876 0,002687
француз 5,010635 0,004183
украинский 0,047791 0,000319
рост 1,791759 0,004487
генпрокурор 5,010635 0,025095
два 0,033902 0,000085
курить 3,218876 0,002687
изрезанный 5,010635 0,004183
опрос 4,317488 0,003604
таксист 3,624341 0,003025
изучить 4,317488 0,003604
новость 0,000000 0,000000
тяга 3,912023 0,003265
туристка 0,076161 0,000064
гоша 5,010635 0,004183
мотор 0,000000 0,000000
алый 5,010635 0,008365
покушение 3,064725 0,005116
наслать 0,000000 0,000000
сентябрь 2,525729 0,002108
убить 2,612740 0,006543
цикл 2,708050 0,004521
жизнь 0,000000 0,000000
брат 2,525729 0,002108
окраина 4,317488 0,003604
спецслужбыпреступный 2,525729 0,002108
саркисян 5,010635 0,004183
обезвредить 4,317488 0,003604
жать 0,013423 0,000011
бочка 5,010635 0,004183
войти 0,000000 0,000000
держать 3,624341 0,003025
киллер 4,317488 0,003604
элитный 3,624341 0,003025
наёмник 3,624341 0,006051
наркотик 2,708050 0,002260
кпп 4,317488 0,003604
пробив 3,401197 0,002839
любовь 2,371578 0,001980
особо 3,624341 0,003025
идеально 3,912023 0,003265
защита 2,371578 0,001980
уход 0,076161 0,000064
почему 0,899761 0,002253
рубль 1,514128 0,008847
незнакомка 3,912023 0,003265
хороший 0,006689 0,000006
спор 0,097980 0,000082
домогательство 4,317488 0,003604
заключить 2,177422 0,001818
сизый 3,912023 0,003265
совершать 2,931194 0,002447
шпионаж 5,010635 0,004183
воевать 2,931194 0,002447
обычный 0,013423 0,000011
объединение 3,401197 0,002839
нарушение 2,931194 0,002447
конфиденциальность 0,047791 0,000040
пособник 3,401197 0,008517
подарить 2,931194 0,002447
вербовка 3,912023 0,003265
путин 0,967584 0,004038
офицер 2,708050 0,004521
назад 1,678431 0,002802
изнасиловать 0,076161 0,000191
продолжать 0,033902 0,000028
список 2,371578 0,001980
первый 0,883501 0,001475
полмиллиона 2,708050 0,002260
самара 5,010635 0,008365
ссср 0,000000 0,000000
техника 0,000000 0,000000
спецслужба 2,525729 0,014758
коррупционный 3,624341 0,006051
дед 3,624341 0,003025
пять 1,484275 0,002478
яд 3,912023 0,003265
февраль 1,160488 0,010656
жестокий 2,931194 0,004893
кладбище 3,064725 0,002558
вопрос 1,021651 0,000853
правонарушение 5,010635 0,004183
следователь 2,931194 0,004893
приревновать 5,010635 0,004183
игра 0,000000 0,000000
ичкерия 3,624341 0,003025
немало 3,912023 0,003265
набирать 3,218876 0,002687
собеседование 3,401197 0,002839
минь 0,000000 0,000000
переход 3,064725 0,002558
отойти 3,401197 0,002839
ваш 0,047791 0,000040
расправиться 2,931194 0,002447
главное 0,000000 0,000000
медитация 0,076161 0,000064
федерация 3,401197 0,005678
срок 1,966113 0,011488
похищение 3,401197 0,002839
повысить 3,401197 0,002839
кто 2,066196 0,001725
массово 2,371578 0,001980
возбудить 3,624341 0,006051
раскрыть 1,643339 0,002743
реакция 0,047791 0,000080
мина 2,708050 0,006781
самый 0,883501 0,002212
банда 5,010635 0,004183
вступление 3,401197 0,002839
беспилотник 2,177422 0,001818
увольнение 2,612740 0,002181
материал 0,000000 0,000000
сообщить 1,297063 0,001083
быть 1,399717 0,001168
камера 2,612740 0,004362
расправа 5,010635 0,008365
боевой 2,371578 0,001980
лента 0,000000 0,000000
мчс 4,317488 0,003604
отряд 2,931194 0,002447
арест 2,931194 0,002447
росгвардия 3,401197 0,005678
защищённость 5,010635 0,004183
съёмный 4,317488 0,003604
объединиться 4,317488 0,003604
сфера 2,612740 0,004362
взятка 5,010635 0,004183
спорт 0,000000 0,000000
радиостанция 4,317488 0,003604
харьков 5,010635 0,004183
попадать 2,708050 0,002260
мочь 0,836248 0,000698
натравить 5,010635 0,004183
сам 1,226446 0,001024
борьба 2,014903 0,001682
четыре 0,040822 0,000034
фонбета 3,912023 0,003265
арестант 5,010635 0,004183
убивать 3,218876 0,002687
конфиденциальностиправить 0,000000 0,000000
продать 3,064725 0,005116
глава 1,321756 0,004413
министерство 2,813411 0,002348
край 2,612740 0,002181
схема 2,612740 0,002181
применение 0,000000 0,000000
давление 2,302585 0,001922
дать 1,272966 0,003188
призвать 1,791759 0,001496
оружие 2,120264 0,003540
иск 4,317488 0,003604
зарабатывать 3,064725 0,002558
смочь 1,399717 0,001168
женщина 1,484275 0,002478
инвалид 2,813411 0,009394
признать 1,484275 0,001239
ценность 0,000000 0,000000
инфоцыганка 5,010635 0,004183
известно 1,297063 0,005413
вернуться 0,006689 0,000006
чужое 5,010635 0,004183
штурмовик 2,931194 0,002447
попытаться 2,238047 0,003736
стратегический 2,612740 0,002181
судкриминалполиция 2,525729 0,002108
российский 0,033902 0,000594
сво 2,445686 0,006124
обитание 0,000000 0,000000
экстремисткий 3,624341 0,003025
крыло 4,317488 0,003604
россия 0,000000 0,000000
интернет 0,000000 0,000000
возмутиться 3,064725 0,002558
свой 0,020203 0,000067
нужда 4,317488 0,003604
плен 2,813411 0,002348
взяться 2,813411 0,002348
январь 1,514128 0,008847
платить 2,813411 0,002348
назвать 1,021651 0,000853
пребывание 3,624341 0,003025
гид 0,076161 0,000064
отчим 5,010635 0,004183
дикий 3,064725 0,002558
принудительный 3,218876 0,002687
ехать 2,931194 0,002447
телефонный 1,643339 0,004115
американский 0,054808 0,000046
связать 2,066196 0,001725
куценко 5,010635 0,004183
записать 2,708050 0,002260
сотрудник 0,068993 0,000288
казна 5,010635 0,004183
выжечь 5,010635 0,004183
зеленский 0,054808 0,000091
справить 5,010635 0,004183
работа 0,899761 0,002253
пожизненный 3,912023 0,013062
прийти 2,014903 0,001682
давать 1,875141 0,001565
уголовный 3,218876 0,005374
трата 4,317488 0,003604
знаменитый 2,525729 0,002108
эмоция 0,047791 0,000040
сеть 0,090654 0,000151
чеченский 3,401197 0,002839
чёрный 1,919593 0,004807
запретить 2,066196 0,001725
психологический 3,064725 0,002558
наказание 3,218876 0,002687
грешник 5,010635 0,004183
дрон 1,832581 0,001530
рецидивист 5,010635 0,004183
военнослужащий 0,068993 0,000058
алабай 5,010635 0,004183
накапливать 0,047791 0,000040
причина 1,484275 0,001239
старый 2,371578 0,001980
братство 5,010635 0,004183
заподозрить 5,010635 0,004183
мошенник 2,371578 0,009898
бороться 2,525729 0,002108
ребёнок 1,919593 0,003205
жк 5,010635 0,008365
внести 2,931194 0,002447
спецназ 2,931194 0,002447
днр 4,317488 0,010812
попасть 1,678431 0,004203
доставить 2,177422 0,001818
растрата 5,010635 0,008365
сепаратист 3,624341 0,003025
избиение 3,624341 0,003025
ельцин 3,624341 0,003025
путь 2,066196 0,001725
прохожий 4,317488 0,003604
блогер 2,813411 0,002348
похитить 3,064725 0,015349
что 2,708050 0,004521
депутат 0,068993 0,000058
армен 5,010635 0,004183
аслан 3,624341 0,003025
отсидеть 5,010635 0,004183
прогресс 0,090654 0,000076
война 1,455287 0,001215
мэр 2,525729 0,004217
форма 0,061875 0,000052
парус 5,010635 0,008365
подземный 4,317488 0,003604
нажать 0,000000 0,000000
дом 0,061875 0,000052
конфискация 5,010635 0,004183
культура 0,000000 0,000000
пропасть 1,966113 0,008206
колония 3,064725 0,015349
агрессивный 5,010635 0,004183
одинокий 3,912023 0,003265
аферист 2,931194 0,002447
хищение 5,010635 0,004183
нато 3,624341 0,003025
виновный 3,912023 0,003265
статья 0,000000 0,000000
советский 1,752539 0,001463
отношение 1,226446 0,001024
оператор 3,218876 0,002687
недвижимость 3,064725 0,007675
бездомный 4,317488 0,003604
певец 2,813411 0,002348
мировой 1,752539 0,001463
ответить 1,832581 0,001530
полицейский 2,931194 0,004893
шереметьево 5,010635 0,004183
обман 2,525729 0,002108
граница 2,014903 0,001682
бурый 5,010635 0,004183
получить 1,059392 0,008843
язык 2,813411 0,002348
тягота 4,317488 0,003604
подозревать 2,445686 0,002041
сервис 2,445686 0,002041
оказаться 1,249435 0,002086
автобус 3,401197 0,002839
следить 2,813411 0,002348
передать 1,966113 0,001641
миграция 4,317488 0,003604
салон 3,912023 0,003265
увлекательный 0,047791 0,000040
квартира 2,371578 0,001980
призыв 3,218876 0,002687
использованияполитик 0,000000 0,000000
служба 2,120264 0,007079
тело 2,445686 0,004083
вмф 3,064725 0,002558
закрытый 2,612740 0,002181
деактивировать 0,013423 0,000011
рекомендательный 0,000000 0,000000
гособоронзаказ 5,010635 0,004183
противник 2,525729 0,002108
заповедный 5,010635 0,004183
переговоры 0,047791 0,000040
запорожец 5,010635 0,004183
стена 3,401197 0,002839
год 0,521999 0,005229
обратиться 0,076161 0,000064
террор 3,624341 0,003025
лечение 2,931194 0,002447
международный 1,875141 0,001565
забота 0,000000 0,000000
фсб 2,931194 0,012234
сбер 0,040822 0,000034
радиотехнический 3,624341 0,003025
пожаловать 0,013423 0,000011
супруг 2,931194 0,004893
кассетный 4,317488 0,003604
решить 1,791759 0,001496
трамп 0,054808 0,000046
задержание 2,931194 0,004893
турция 3,401197 0,002839
госизмена 3,624341 0,003025
крупный 0,054808 0,000091
задержать 1,875141 0,021913
криминал 3,401197 0,005678
ингушетия 3,912023 0,003265
победа 0,000000 0,000000
выплата 3,624341 0,003025
привести 1,427116 0,002382
белоус 0,076161 0,000064
прибыть 0,083382 0,000070
вор 3,624341 0,003025
рассказать 0,985284 0,002467
страх 2,238047 0,001868
сегодня 1,643339 0,001372
жена 2,238047 0,001868
страна 0,747955 0,000624
президент 0,851752 0,000711
тайна 3,064725 0,002558
попасться 3,218876 0,002687
сми 0,000000 0,000000
кошмар 3,912023 0,003265
акция 0,047791 0,000040
мвд 3,912023 0,003265
острый 3,218876 0,002687
такой 1,003302 0,000837
ненависть 3,624341 0,003025
понять 2,177422 0,001818
битва 3,401197 0,002839
вместе 1,514128 0,001264
отравление 4,317488 0,003604
жилец 0,068993 0,000058
нужный 2,302585 0,001922
предречь 0,076161 0,000127
несколько 1,226446 0,001024
пенсионерка 3,624341 0,003025
место 0,027029 0,000045
свет 0,054808 0,000046
отправить 2,066196 0,001725
регион 0,076161 0,000445
мс 0,097980 0,000082
коррупционер 5,010635 0,008365
пытать 3,624341 0,003025
необычный 3,624341 0,003025
поручить 2,931194 0,004893
ради 2,371578 0,005939
март 0,040822 0,000204
преступление 2,238047 0,009341
военный 0,020203 0,000101
летний 0,047791 0,000160
генпрокуратура 2,931194 0,014680
лишить 2,708050 0,002260
пинок 5,010635 0,004183
рада 0,068993 0,000058
сбросить 3,401197 0,002839
приговорить 5,010635 0,004183
экономика 0,000000 0,000000
попытка 1,609438 0,001343
роскошный 2,931194 0,004893
глаз 2,066196 0,001725
месть 2,931194 0,002447
опечатка 0,000000 0,000000
бухгалтер 3,624341 0,003025
организация 2,238047 0,001868
гражданин 3,401197 0,005678
кровь 2,612740 0,002181
охотиться 3,064725 0,007675
бомж 5,010635 0,004183
причастный 4,317488 0,003604
совращение 5,010635 0,004183
вызвать 0,090654 0,000076
история 1,609438 0,001343
ученица 4,317488 0,003604
осудить 2,813411 0,011742
столица 2,813411 0,002348
извинение 3,624341 0,003025
количество 1,576648 0,001316
школа 2,525729 0,004217
откупиться 5,010635 0,004183
федеральный 3,912023 0,003265
орган 2,177422 0,001818
командир 2,813411 0,002348
бой 2,066196 0,003449
реальный 0,013423 0,000022
армения 3,912023 0,003265
обязать 3,064725 0,002558
миллионер 5,010635 0,004183
тысяча 0,054808 0,000091
мужчина 1,576648 0,003948
семья 2,120264 0,001770
поиск 2,445686 0,002041
курский 1,791759 0,004487
показание 2,931194 0,002447
всу 1,373049 0,003438
останин 3,218876 0,005374
санитар 5,010635 0,004183
принуждать 3,912023 0,003265
митволя 5,010635 0,004183
затопить 0,076161 0,000064
бокс 4,317488 0,007208
учительница 3,912023 0,003265
схватка 5,010635 0,004183
правоохранитель 3,401197 0,002839
участник 2,371578 0,003959
шторм 3,624341 0,003025
обменивать 0,047791 0,000040
предостеречь 4,317488 0,003604
родитель 2,931194 0,007340
условие 0,033902 0,000057
фильм 2,238047 0,001868
правда 0,040822 0,000034
прокурор 3,401197 0,002839
гендиректор 4,317488 0,003604
мстительный 5,010635 0,004183
риск 2,120264 0,001770
видеть 0,013423 0,000011
отравитель 5,010635 0,004183
шпион 3,912023 0,003265
миллион 1,347074 0,004498
предприятие 3,064725 0,002558
вербовать 3,624341 0,009076
наука 0,000000 0,000000
комик 2,813411 0,011742
какой 1,203973 0,004020
ачинск 3,624341 0,018152
спч 3,401197 0,002839
второе 3,624341 0,003025
активно 2,708050 0,002260
