ру 0,000000 0,000000
специальный 2,525729 0,016951
банк 0,068993 0,000232
океан 3,064725 0,010284
лента 0,000000 0,000000
экипаж 3,218876 0,010802
новый 0,000000 0,000000
день 0,033902 0,000228
оборона 2,302585 0,007727
перемирие 0,076161 0,000256
спорт 0,000000 0,000000
район 2,120264 0,007115
выполнять 2,708050 0,009087
отвести 0,076161 0,000256
добро 0,013423 0,000135
согласие 0,047791 0,000160
путешествие 0,000000 0,000000
четыре 0,040822 0,000137
под 5,010635 0,016814
конфликт 0,061875 0,000208
конфиденциальностиправить 0,000000 0,000000
пол 0,090654 0,000304
помощь 0,027029 0,000091
глава 1,321756 0,008871
отметить 1,399717 0,014091
вода 0,054808 0,000184
женский 2,238047 0,007510
отмечаться 2,177422 0,007307
фото 0,061875 0,000208
политика 0,040822 0,000274
применение 0,000000 0,000000
пресс 2,708050 0,009087
женщина 1,484275 0,004981
отдел 0,579818 0,001946
ценность 0,000000 0,000000
сила 1,321756 0,004435
мир 0,000000 0,000000
вернуться 0,006689 0,000022
индия 0,076161 0,000256
структура 0,000000 0,000000
российский 0,033902 0,000341
дело 1,249435 0,004193
ролик 3,218876 0,010802
цель 1,875141 0,006292
обитание 0,000000 0,000000
бывший 0,000000 0,000000
россия 0,000000 0,000000
интернет 0,000000 0,000000
адресат 5,010635 0,016814
маккартень 0,097980 0,000329
ооо 0,000000 0,000000
поражать 3,064725 0,010284
свой 0,020203 0,000068
ранее 1,003302 0,003367
проблема 0,047791 0,000160
гид 0,076161 0,000256
технологийминь 0,000000 0,000000
украина 0,805943 0,002705
проведение 3,064725 0,010284
город 0,047791 0,000160
записать 2,708050 0,018175
американский 0,054808 0,000184
напомнить 2,445686 0,008207
галерея 0,000000 0,000000
внешность 0,097980 0,000329
сотрудник 0,068993 0,000232
подлодка 4,317488 0,028976
начаться 0,033902 0,000114
зеленский 0,054808 0,000368
босиковы 5,010635 0,016814
силовой 0,000000 0,000000
пляжный 0,097980 0,000329
эмоция 0,047791 0,000160
сеть 0,090654 0,000304
видеообращение 5,010635 0,033628
задача 2,066196 0,006934
вооружённый 1,678431 0,005632
ход 1,678431 0,005632
выражать 0,047791 0,000321
алан 4,317488 0,014488
праздник 2,813411 0,018882
число 1,226446 0,008231
читать 0,040822 0,000137
военнослужащий 0,068993 0,001158
минобороны 1,966113 0,013195
накапливать 0,047791 0,000160
оценивать 0,047791 0,000160
байконур 0,097980 0,000329
редакциярекламаконтактыпресс 0,000000 0,000000
видео 0,000000 0,000000
депутат 0,068993 0,000232
прогресс 0,090654 0,000304
форма 0,061875 0,000831
моряк 3,912023 0,013128
нажать 0,000000 0,000000
россиянка 1,875141 0,006292
последний 0,083382 0,000280
дом 0,061875 0,000208
культура 0,000000 0,000000
обсудить 0,415515 0,001394
архив 0,000000 0,000000
образцово 5,010635 0,016814
статья 0,000000 0,000000
заявить 0,061875 0,000208
сша 0,040822 0,000137
бонус 0,047791 0,000321
среда 0,000000 0,000000
раскрытие 0,076161 0,000256
мировой 1,752539 0,005881
редактор 0,556288 0,001867
остаться 0,047791 0,000160
ракета 2,813411 0,009441
эксклюзив 0,000000 0,000000
уволить 0,076161 0,000256
скидка 0,047791 0,000160
возложить 4,317488 0,014488
погружаться 0,047791 0,000160
увлекательный 0,047791 0,000160
использованияполитик 0,000000 0,000000
служба 2,120264 0,021345
арктика 5,010635 0,016814
деактивировать 0,013423 0,000045
вклад 3,218876 0,021603
рекомендательный 0,000000 0,000000
переговоры 0,047791 0,000160
тяжесть 4,317488 0,014488
получать 0,033902 0,000114
чей 3,624341 0,012162
обратиться 0,076161 0,001022
хотеть 0,013423 0,000045
министр 2,302585 0,015454
международный 1,875141 0,006292
забота 0,000000 0,000000
андрей 3,064725 0,020569
сбер 0,040822 0,000137
пожаловать 0,013423 0,000045
стать 0,499776 0,001677
трамп 0,054808 0,000184
работать 0,027029 0,000091
который 0,521999 0,003503
вносить 4,317488 0,014488
крупный 0,054808 0,000368
обращение 3,218876 0,010802
операция 1,514128 0,010162
спецпроект 0,000000 0,000000
это 0,020203 0,000068
победа 0,000000 0,000000
украинский 0,047791 0,000160
ответственность 2,931194 0,009836
белоус 0,076161 0,002045
прибыть 0,083382 0,000280
два 0,033902 0,000228
страна 0,747955 0,002510
новость 0,000000 0,000000
туристка 0,076161 0,000256
мотор 0,000000 0,000000
сми 0,000000 0,000000
акция 0,047791 0,000160
лёд 3,912023 0,013128
наслать 0,000000 0,000000
жизнь 0,000000 0,000000
жилец 0,068993 0,000232
предречь 0,076161 0,000511
жать 0,013423 0,000045
войти 0,000000 0,000000
отдельно 3,401197 0,011413
место 0,027029 0,000091
свет 0,054808 0,000184
поздравить 2,931194 0,009836
регион 0,076161 0,000256
мс 0,097980 0,000329
проходить 2,445686 0,008207
ведомство 2,066196 0,006934
жзл 3,401197 0,011413
март 0,040822 0,000274
военный 0,020203 0,000475
летний 0,047791 0,000160
рада 0,068993 0,000232
экономика 0,000000 0,000000
уход 0,076161 0,000256
опечатка 0,000000 0,000000
указать 1,966113 0,006598
хороший 0,006689 0,000022
сердечно 3,912023 0,013128
спор 0,097980 0,000329
заключить 2,177422 0,007307
вызвать 0,090654 0,000304
обычный 0,013423 0,000045
конфиденциальность 0,047791 0,000160
параллельмыть 2,177422 0,007307
общий 1,714798 0,005754
изнасиловать 0,076161 0,000256
продолжать 0,033902 0,000114
реальный 0,013423 0,000045
ссср 0,000000 0,000000
техника 0,000000 0,000000
тысяча 0,054808 0,000184
опубликовать 1,875141 0,006292
затопить 0,076161 0,000256
игра 0,000000 0,000000
крылатый 5,010635 0,016814
обменивать 0,047791 0,000160
минь 0,000000 0,000000
калибр 3,624341 0,012162
условие 0,033902 0,000228
ваш 0,047791 0,000160
главное 0,000000 0,000000
профессиональный 2,931194 0,019672
медитация 0,076161 0,000256
правда 0,040822 0,000137
поздравлять 5,010635 0,016814
видеть 0,013423 0,000045
реакция 0,047791 0,000321
материал 0,000000 0,000000
наука 0,000000 0,000000
высокий 1,455287 0,004884
подводник 5,010635 0,050443
запускаться 5,010635 0,016814
