долгий 2,371578 0,002261
ру 0,000000 0,000000
личный 1,791759 0,001708
банк 0,068993 0,000066
масленица 5,010635 0,004777
укачивание 5,010635 0,004777
новый 0,000000 0,000000
день 0,033902 0,000065
соска 4,317488 0,004116
поведение 2,813411 0,002682
ягодица 3,218876 0,003069
перемирие 0,076161 0,000073
удаваться 2,931194 0,002794
прогулка 3,401197 0,003242
рот 2,708050 0,005163
инвалидный 5,010635 0,004777
угрожать 3,064725 0,002922
отвести 0,076161 0,000073
мигрень 3,912023 0,003729
добро 0,013423 0,000038
согласие 0,047791 0,000046
путешествие 0,000000 0,000000
удар 1,455287 0,001387
эпидемия 3,064725 0,005843
полный 1,875141 0,003575
расстройство 3,624341 0,003455
конфликт 0,061875 0,000059
пол 0,090654 0,000086
помощь 0,027029 0,000052
декабрь 1,966113 0,003749
аллергия 3,624341 0,003455
человек 0,762140 0,003633
вода 0,054808 0,000052
отказаться 1,832581 0,003494
фото 0,061875 0,000059
полгода 2,525729 0,002408
политика 0,040822 0,000039
москвич 3,912023 0,007459
к 3,064725 0,002922
женатый 4,317488 0,004116
глуповатый 5,010635 0,009553
лысеть 5,010635 0,004777
запах 3,218876 0,003069
вставать 3,624341 0,003455
клещ 3,912023 0,003729
сезон 2,813411 0,002682
суп 2,708050 0,005163
засыпание 5,010635 0,004777
гениталии 4,317488 0,004116
потенциальный 3,401197 0,003242
мир 0,000000 0,000000
укол 4,317488 0,004116
эксперимент 3,912023 0,007459
весь 1,078810 0,001028
индия 0,076161 0,000073
структура 0,000000 0,000000
миф 2,813411 0,010728
распознать 3,624341 0,010365
русский 1,919593 0,001830
дело 1,249435 0,001191
влечение 5,010635 0,004777
сперма 4,317488 0,004116
визит 5,010635 0,004777
бывший 0,000000 0,000000
время 0,693147 0,001322
маккартень 0,097980 0,000093
ооо 0,000000 0,000000
выходить 2,612740 0,002491
тренд 3,064725 0,002922
бактериологический 5,010635 0,004777
проблема 0,047791 0,000228
главный 1,272966 0,002427
чипсы 5,010635 0,004777
резко 2,371578 0,002261
технологийминь 0,000000 0,000000
город 0,047791 0,000046
подать 2,813411 0,002682
кока 5,010635 0,004777
приправа 5,010635 0,009553
галерея 0,000000 0,000000
внешность 0,097980 0,000093
зависимость 2,525729 0,004815
вызывающий 2,931194 0,005589
россиянин 1,321756 0,020160
начаться 0,033902 0,000065
вред 3,624341 0,006910
симптом 3,624341 0,010365
изменение 2,612740 0,002491
королева 3,912023 0,003729
требовать 2,813411 0,002682
подтяжка 5,010635 0,004777
отучить 5,010635 0,004777
силовой 0,000000 0,000000
переживать 2,708050 0,002582
продление 3,401197 0,003242
обожать 2,813411 0,002682
пляжный 0,097980 0,000093
отсутствие 2,612740 0,002491
филлер 5,010635 0,004777
нищета 3,912023 0,003729
уменьшить 5,010635 0,004777
скрываться 2,525729 0,002408
почка 3,401197 0,003242
последствие 1,875141 0,001788
себя 2,014903 0,001921
выражать 0,047791 0,000091
серьёзный 2,302585 0,004390
читать 0,040822 0,000039
изменить 2,066196 0,001970
насторожиться 5,010635 0,004777
хищник 2,931194 0,002794
оценивать 0,047791 0,000046
байконур 0,097980 0,000093
один 0,836248 0,005580
нормальный 4,317488 0,004116
редакциярекламаконтактыпресс 0,000000 0,000000
совет 1,714798 0,004904
видео 0,000000 0,000000
беззаботный 5,010635 0,004777
научить 5,010635 0,004777
сметана 5,010635 0,004777
оценить 2,066196 0,001970
хирург 3,912023 0,003729
оскар 3,624341 0,003455
последний 0,083382 0,000159
трус 3,401197 0,003242
возродить 3,912023 0,003729
едва 2,177422 0,002076
невозможность 4,317488 0,004116
срочный 3,401197 0,003242
спортзал 5,010635 0,004777
некоторый 1,576648 0,003006
архив 0,000000 0,000000
подросток 3,218876 0,003069
лобок 5,010635 0,004777
половой 3,912023 0,003729
пробудить 5,010635 0,004777
любимый 2,371578 0,004522
укус 4,317488 0,004116
заявить 0,061875 0,000059
сша 0,040822 0,000039
бюджетный 4,317488 0,004116
избежать 2,813411 0,002682
потерять 2,238047 0,002134
июль 2,708050 0,002582
минимизировать 5,010635 0,004777
свидание 5,010635 0,009553
привычка 3,624341 0,003455
бонус 0,047791 0,000091
прыщ 3,064725 0,005843
наркоман 5,010635 0,004777
среда 0,000000 0,000000
раскрытие 0,076161 0,000073
кожа 3,218876 0,003069
делать 1,752539 0,006683
забеременеть 5,010635 0,004777
ошибочно 5,010635 0,004777
подобный 2,120264 0,002021
остаться 0,047791 0,000046
уйти 2,014903 0,003842
девушка 2,238047 0,002134
эксклюзив 0,000000 0,000000
уволить 0,076161 0,000073
сонуход 3,401197 0,003242
случиться 2,612740 0,002491
вычислить 3,912023 0,003729
скидка 0,047791 0,000091
косметический 3,912023 0,003729
приём 2,445686 0,004663
замена 3,218876 0,003069
взрослый 2,931194 0,005589
врач 2,066196 0,027576
обрушиться 5,010635 0,004777
погружаться 0,047791 0,000046
скандал 3,218876 0,003069
опыт 2,813411 0,002682
выглядеть 1,752539 0,001671
мёртвый 3,912023 0,003729
ноябрь 2,014903 0,003842
пожалеть 3,912023 0,007459
рынок 1,609438 0,001534
закуска 3,624341 0,003455
поставить 2,238047 0,002134
опасность 2,371578 0,004522
получать 0,033902 0,000032
вредность 3,912023 0,003729
новогодний 4,317488 0,004116
предок 5,010635 0,004777
хотеть 0,013423 0,000013
планета 2,931194 0,002794
открывать 3,401197 0,003242
зона 2,371578 0,002261
потратить 3,401197 0,003242
перейти 2,445686 0,002331
нормально 4,317488 0,004116
старение 4,317488 0,004116
стать 0,499776 0,000953
похмелие 3,912023 0,007459
анатомия 4,317488 0,004116
работать 0,027029 0,000026
червь 5,010635 0,004777
спецпроект 0,000000 0,000000
это 0,020203 0,000173
молодость 5,010635 0,004777
фай 5,010635 0,004777
украинский 0,047791 0,000046
сустав 3,912023 0,003729
депрессия 3,624341 0,006910
обнаружить 2,445686 0,004663
два 0,033902 0,000065
страшилка 5,010635 0,004777
разница 3,218876 0,003069
новость 0,000000 0,000000
туристка 0,076161 0,000073
мотор 0,000000 0,000000
стоить 1,714798 0,004904
наслать 0,000000 0,000000
вылечиться 5,010635 0,004777
справиться 2,708050 0,002582
цикл 2,708050 0,002582
доступный 2,708050 0,002582
неприятный 3,401197 0,003242
жизнь 0,000000 0,000000
губа 3,912023 0,003729
пожаловаться 2,931194 0,005589
жать 0,013423 0,000013
войти 0,000000 0,000000
каприо 4,317488 0,004116
удивиться 3,912023 0,003729
водка 3,624341 0,003455
чих 5,010635 0,004777
мур 4,317488 0,004116
возраст 2,708050 0,002582
спираль 5,010635 0,004777
канцероген 4,317488 0,004116
крем 3,064725 0,002922
точно 3,064725 0,002922
подсказать 5,010635 0,004777
защита 2,371578 0,002261
испытать 3,912023 0,003729
корзина 4,317488 0,004116
считать 1,373049 0,001309
уролог 4,317488 0,004116
коляска 4,317488 0,004116
уход 0,076161 0,000073
почему 0,899761 0,004289
восстановление 3,218876 0,003069
быстрый 2,708050 0,002582
хороший 0,006689 0,000026
забытый 4,317488 0,004116
спор 0,097980 0,000093
муж 2,612740 0,004981
собойокружающий 3,401197 0,003242
леонардо 4,317488 0,004116
призывать 3,624341 0,003455
потолстеть 5,010635 0,004777
профилактика 3,912023 0,007459
карьера 3,912023 0,003729
эскортница 4,317488 0,004116
обычный 0,013423 0,000026
эякуляция 5,010635 0,004777
затем 1,875141 0,001788
конфиденциальность 0,047791 0,000046
отход 4,317488 0,004116
соль 3,401197 0,003242
путин 0,967584 0,000922
детский 3,218876 0,003069
изнасиловать 0,076161 0,000073
ночь 2,525729 0,004815
болезнь 2,931194 0,011177
продолжать 0,033902 0,000032
здоровьеотношение 3,401197 0,003242
первый 0,883501 0,002527
вещество 2,612740 0,002491
пост 2,612740 0,002491
ссср 0,000000 0,000000
техника 0,000000 0,000000
продлить 3,218876 0,003069
отсрочить 3,624341 0,003455
норма 3,064725 0,002922
пять 1,484275 0,002830
февраль 1,160488 0,007744
ошибка 2,525729 0,002408
психика 4,317488 0,004116
идти 1,297063 0,002473
галлюцинация 3,912023 0,003729
вопрос 1,021651 0,000974
игра 0,000000 0,000000
объяснение 3,624341 0,003455
неудача 4,317488 0,004116
установка 3,912023 0,003729
минь 0,000000 0,000000
ваш 0,047791 0,000046
главное 0,000000 0,000000
ответ 1,678431 0,001600
медитация 0,076161 0,000145
рекомендация 3,624341 0,003455
блюдо 2,813411 0,002682
считаться 2,238047 0,002134
раскрыть 1,643339 0,017232
столкнуться 2,177422 0,002076
зафиксировать 3,624341 0,003455
джастин 5,010635 0,004777
реакция 0,047791 0,000091
счастливый 4,317488 0,008232
пора 2,177422 0,002076
самый 0,883501 0,006738
материал 0,000000 0,000000
символ 2,445686 0,004663
минус 3,401197 0,003242
устать 3,912023 0,003729
точка 2,445686 0,002331
дерматолог 5,010635 0,009553
вредный 2,612740 0,009963
лента 0,000000 0,000000
частота 3,912023 0,011188
клава 5,010635 0,004777
яйцо 3,912023 0,003729
исключение 3,912023 0,003729
слабоумие 5,010635 0,004777
завтрак 3,912023 0,003729
свингер 4,317488 0,004116
спорт 0,000000 0,000000
транспорт 3,401197 0,003242
вазэктомия 5,010635 0,004777
мочь 0,836248 0,001594
сай 5,010635 0,004777
стыдно 5,010635 0,004777
пиво 3,912023 0,003729
сам 1,226446 0,001169
бибер 5,010635 0,004777
борьба 2,014903 0,001921
четыре 0,040822 0,000039
психический 3,912023 0,003729
друг 1,791759 0,001708
звёздочка 5,010635 0,004777
конфиденциальностиправить 0,000000 0,000000
правило 2,445686 0,004663
сохранить 2,302585 0,002195
женский 2,238047 0,002134
палочка 5,010635 0,004777
тяжёлый 1,791759 0,001708
стресс 3,401197 0,003242
известный 1,714798 0,001635
заново 3,401197 0,003242
применение 0,000000 0,000000
дать 1,272966 0,004854
призвать 1,791759 0,001708
увлечение 3,912023 0,003729
носка 5,010635 0,004777
оружие 2,120264 0,002021
всепитание 3,401197 0,003242
век 1,919593 0,001830
сигурня 5,010635 0,004777
женщина 1,484275 0,022639
инвалид 2,813411 0,002682
готовый 1,791759 0,001708
душа 3,401197 0,003242
опасно 2,813411 0,002682
ценность 0,000000 0,000000
известно 1,297063 0,001236
мужской 2,708050 0,005163
вернуться 0,006689 0,000006
раз 2,371578 0,004522
очередь 2,014903 0,001921
рак 2,708050 0,007745
бойфренд 5,010635 0,004777
российский 0,033902 0,000097
гастроэнтеролог 3,912023 0,003729
сексуальный 2,813411 0,002682
номинация 3,912023 0,003729
весенний 3,401197 0,003242
стол 2,931194 0,002794
откуда 3,064725 0,002922
обитание 0,000000 0,000000
сырой 5,010635 0,009553
чувствовать 2,445686 0,002331
россия 0,000000 0,000000
интернет 0,000000 0,000000
втроём 4,317488 0,004116
спустя 1,832581 0,001747
диас 5,010635 0,009553
простой 2,238047 0,002134
спать 3,401197 0,003242
волос 2,708050 0,002582
смотреть 2,066196 0,001970
бикини 4,317488 0,004116
диетолог 4,317488 0,004116
порно 3,218876 0,006137
возмутиться 3,064725 0,002922
свой 0,020203 0,000019
вейперов 5,010635 0,004777
тревожный 3,064725 0,002922
популярный 1,791759 0,008540
опробовать 5,010635 0,004777
взяться 2,813411 0,002682
январь 1,514128 0,008660
простатит 5,010635 0,004777
назвать 1,021651 0,022400
рацион 3,624341 0,003455
гид 0,076161 0,000073
пара 2,813411 0,002682
облысение 4,317488 0,004116
отклонить 4,317488 0,004116
ди 4,317488 0,004116
правильно 2,813411 0,002682
американский 0,054808 0,000052
полезный 3,624341 0,013820
бесполезный 2,931194 0,002794
излишний 4,317488 0,004116
ударить 2,525729 0,002408
проколоть 5,010635 0,004777
постель 5,010635 0,004777
сотрудник 0,068993 0,000066
ежедневный 3,624341 0,003455
рыба 2,931194 0,002794
зеленский 0,054808 0,000104
другой 1,059392 0,001010
клетка 4,317488 0,004116
алкоголик 4,317488 0,004116
европа 1,791759 0,001708
знаменитый 2,525729 0,002408
магний 4,317488 0,004116
эмоция 0,047791 0,000046
сеть 0,090654 0,000086
развеять 5,010635 0,009553
кино 3,064725 0,005843
пожилой 3,624341 0,003455
телефон 2,120264 0,002021
чёрный 1,919593 0,001830
психологический 3,064725 0,002922
позыв 5,010635 0,004777
питание 2,708050 0,002582
болеутоляющий 5,010635 0,004777
голливуд 3,218876 0,006137
факт 2,813411 0,002682
военнослужащий 0,068993 0,000066
либидо 5,010635 0,004777
накапливать 0,047791 0,000046
причина 1,484275 0,005660
контроль 1,714798 0,001635
психолог 3,064725 0,002922
учёный 2,525729 0,002408
специя 4,317488 0,004116
пенсия 5,010635 0,004777
бороться 2,525729 0,002408
животрепещущий 5,010635 0,004777
лёгкий 2,612740 0,002491
ребёнок 1,919593 0,001830
превращаться 3,624341 0,003455
парадоксальный 5,010635 0,004777
свойство 3,912023 0,003729
масло 3,218876 0,003069
офтальмолог 5,010635 0,004777
фрукт 3,064725 0,002922
депутат 0,068993 0,000066
девственница 5,010635 0,004777
фетиш 5,010635 0,009553
прогресс 0,090654 0,000086
неправильный 4,317488 0,004116
деметь 5,010635 0,004777
форма 0,061875 0,000059
рейтинг 3,912023 0,003729
нажать 0,000000 0,000000
дом 0,061875 0,000059
культура 0,000000 0,000000
несмотря 2,120264 0,002021
процедура 3,064725 0,002922
статья 0,000000 0,000000
справляться 3,064725 0,002922
хорошенький 5,010635 0,004777
смелый 3,912023 0,003729
отношение 1,226446 0,002338
организм 3,064725 0,002922
из 3,401197 0,003242
вещий 3,912023 0,003729
бриджито 4,317488 0,004116
поза 3,624341 0,003455
глухота 5,010635 0,004777
мясо 3,401197 0,003242
пространствоментальный 3,401197 0,003242
заклеить 4,317488 0,004116
объяснить 1,484275 0,002830
оказаться 1,249435 0,003573
предложение 1,919593 0,001830
антибиотик 4,317488 0,004116
увлекательный 0,047791 0,000046
мочекаменный 5,010635 0,004777
использованияполитик 0,000000 0,000000
здоровье 2,302585 0,008780
заниматься 2,302585 0,002195
диета 3,912023 0,007459
деменция 4,317488 0,004116
деактивировать 0,013423 0,000013
предупредить 2,302585 0,008780
рекомендательный 0,000000 0,000000
алкоголь 2,612740 0,007472
переговоры 0,047791 0,000046
год 0,521999 0,004479
распространить 3,401197 0,003242
защитить 3,064725 0,002922
лосось 5,010635 0,004777
обратиться 0,076161 0,000073
лечение 2,931194 0,002794
забота 0,000000 0,000000
кишечный 3,912023 0,003729
опровергнуть 2,931194 0,002794
сбер 0,040822 0,000039
пожаловать 0,013423 0,000013
сексуальность 2,931194 0,002794
кофе 3,912023 0,007459
безопасность 2,014903 0,001921
трамп 0,054808 0,000052
постоянный 2,371578 0,002261
токсичный 3,912023 0,003729
крупный 0,054808 0,000104
блин 3,218876 0,003069
синдром 3,624341 0,003455
семь 2,708050 0,002582
победа 0,000000 0,000000
пища 3,624341 0,003455
белоус 0,076161 0,000073
прибыть 0,083382 0,000079
внутриматочный 5,010635 0,004777
рассказать 0,985284 0,006575
страна 0,747955 0,000713
жена 2,238047 0,002134
улучшить 3,624341 0,003455
случай 1,484275 0,001415
сми 0,000000 0,000000
продуктовый 4,317488 0,004116
акция 0,047791 0,000046
ток 3,912023 0,003729
такой 1,003302 0,000956
разбирать 2,931194 0,002794
одиночество 5,010635 0,004777
поколение 2,813411 0,002682
жить 1,643339 0,003133
жилец 0,068993 0,000066
актёр 2,445686 0,002331
предречь 0,076161 0,000145
несколько 1,226446 0,001169
неожиданный 2,813411 0,008046
место 0,027029 0,000026
свет 0,054808 0,000052
начало 1,399717 0,001334
регион 0,076161 0,000073
оптимальный 3,912023 0,003729
мс 0,097980 0,000093
ради 2,371578 0,004522
март 0,040822 0,002529
пересадка 4,317488 0,004116
военный 0,020203 0,000019
летний 0,047791 0,000091
перечислить 3,064725 0,008765
рада 0,068993 0,000066
экономика 0,000000 0,000000
сужение 5,010635 0,004777
джонс 4,317488 0,004116
запороть 5,010635 0,004777
глаз 2,066196 0,003939
тот 1,427116 0,001360
смешной 5,010635 0,009553
опечатка 0,000000 0,000000
самостоятельно 3,218876 0,003069
каждый 1,576648 0,001503
чудовищный 4,317488 0,004116
госдума 2,302585 0,002195
возненавидеть 2,708050 0,002582
запой 4,317488 0,004116
золотой 2,931194 0,002794
смартфон 3,624341 0,003455
неочевидный 3,624341 0,013820
любитель 3,624341 0,003455
секс 2,177422 0,024909
вызвать 0,090654 0,000086
поход 5,010635 0,004777
идеальный 3,912023 0,003729
осудить 2,813411 0,002682
количество 1,576648 0,001503
туалет 3,401197 0,006485
влияние 1,919593 0,001830
рискованный 3,912023 0,003729
реальный 0,013423 0,000013
накрыть 3,064725 0,002922
мужчина 1,576648 0,010521
тысяча 0,054808 0,000052
поделиться 2,708050 0,002582
молодой 2,525729 0,002408
затопить 0,076161 0,000073
любовница 4,317488 0,004116
усталость 3,912023 0,003729
оргазм 5,010635 0,009553
сон 3,064725 0,014608
вернуть 2,371578 0,002261
инициатива 2,525729 0,002408
обменивать 0,047791 0,000046
предостеречь 4,317488 0,012347
условие 0,033902 0,000065
помогать 2,120264 0,004042
разочароваться 4,317488 0,004116
правда 0,040822 0,000078
встреча 1,832581 0,001747
фильм 2,238047 0,002134
уивер 5,010635 0,004777
серьёзно 3,624341 0,003455
аптечный 3,064725 0,002922
гаджет 3,064725 0,002922
скрывать 2,931194 0,005589
опасный 2,238047 0,012801
ожирение 3,624341 0,006910
риск 2,120264 0,002021
видеть 0,013423 0,000013
кэмерон 5,010635 0,009553
способ 1,919593 0,025619
жёсткий 2,931194 0,002794
миллион 1,347074 0,001284
наука 0,000000 0,000000
объедаться 4,317488 0,004116
обострение 3,624341 0,003455
вирусолог 5,010635 0,004777
произойти 1,791759 0,001708
продукт 2,120264 0,008085
грядка 4,317488 0,004116
