состояться 2,014903 0,007045
ру 0,000000 0,000000
банк 0,068993 0,000241
лента 0,000000 0,000000
парламент 3,401197 0,059461
новый 0,000000 0,000000
день 0,033902 0,000237
образ 1,514128 0,005294
перемирие 0,076161 0,000266
спорт 0,000000 0,000000
сад 3,912023 0,013678
отвести 0,076161 0,000266
добро 0,013423 0,000141
согласие 0,047791 0,000167
путешествие 0,000000 0,000000
четыре 0,040822 0,000143
конфликт 0,061875 0,000216
конфиденциальностиправить 0,000000 0,000000
вокзал 3,912023 0,013678
пол 0,090654 0,000317
помощь 0,027029 0,000095
отметить 1,399717 0,004894
глава 1,321756 0,004622
вода 0,054808 0,000192
отмечаться 2,177422 0,007613
фото 0,061875 0,000433
политика 0,040822 0,000285
применение 0,000000 0,000000
сербский 5,010635 0,035039
новь 5,010635 0,017520
отдел 0,579818 0,002027
ценность 0,000000 0,000000
дата 2,612740 0,009135
мир 0,000000 0,000000
вернуться 0,006689 0,000023
спикер 3,624341 0,012673
индия 0,076161 0,000266
структура 0,000000 0,000000
российский 0,033902 0,000237
вучевич 5,010635 0,070079
необходимо 2,120264 0,007414
обитание 0,000000 0,000000
протест 3,912023 0,013678
полномочие 4,317488 0,015096
бывший 0,000000 0,000000
россия 0,000000 0,000000
интернет 0,000000 0,000000
маккартень 0,097980 0,000343
ооо 0,000000 0,000000
свой 0,020203 0,000071
проблема 0,047791 0,000167
премьера 3,064725 0,021432
гид 0,076161 0,000266
технологийминь 0,000000 0,000000
город 0,047791 0,000334
американский 0,054808 0,000192
галерея 0,000000 0,000000
внешность 0,097980 0,000343
сотрудник 0,068993 0,000241
начаться 0,033902 0,000119
зеленский 0,054808 0,000383
соответствие 4,317488 0,015096
силовой 0,000000 0,000000
пляжный 0,097980 0,000343
эмоция 0,047791 0,000167
завтра 3,401197 0,011892
сеть 0,090654 0,000317
иначе 3,401197 0,011892
выражать 0,047791 0,000334
период 2,014903 0,007045
должный 1,714798 0,011992
читать 0,040822 0,000143
военнослужащий 0,068993 0,000241
накапливать 0,047791 0,000167
оценивать 0,047791 0,000167
байконур 0,097980 0,000343
редакциярекламаконтактыпресс 0,000000 0,000000
правительство 3,624341 0,038018
видео 0,000000 0,000000
конституция 3,401197 0,011892
отставка 3,064725 0,053579
кит 4,317488 0,015096
депутат 0,068993 0,000482
прогресс 0,090654 0,000317
мэр 2,525729 0,008831
форма 0,061875 0,000216
нажать 0,000000 0,000000
последний 0,083382 0,000292
дом 0,061875 0,000216
культура 0,000000 0,000000
формирование 3,624341 0,012673
обсудить 0,415515 0,001453
архив 0,000000 0,000000
статья 0,000000 0,000000
брнабич 5,010635 0,017520
заявить 0,061875 0,000216
сша 0,040822 0,000143
повод 2,708050 0,009469
всеполитикаобществопроисшествияконфликтыпреступность 2,014903 0,007045
бонус 0,047791 0,000334
среда 0,000000 0,000000
раскрытие 0,076161 0,000266
редактор 0,556288 0,001945
остаться 0,047791 0,000167
эксклюзив 0,000000 0,000000
уволить 0,076161 0,000266
скидка 0,047791 0,000167
сформировать 3,064725 0,010716
погружаться 0,047791 0,000167
официально 2,931194 0,010249
увлекательный 0,047791 0,000167
использованияполитик 0,000000 0,000000
назначить 2,708050 0,009469
обрушение 4,317488 0,015096
деактивировать 0,013423 0,000047
рекомендательный 0,000000 0,000000
антиправительственный 5,010635 0,017520
переговоры 0,047791 0,000167
получать 0,033902 0,000119
год 0,521999 0,001825
распустить 5,010635 0,017520
провиниться 3,218876 0,022510
хотеть 0,013423 0,000047
обратиться 0,076161 0,000266
министр 2,302585 0,024153
забота 0,000000 0,000000
сбер 0,040822 0,000143
пожаловать 0,013423 0,000047
стать 0,499776 0,001747
сербия 3,624341 0,063363
трамп 0,054808 0,000192
работать 0,027029 0,000095
который 0,521999 0,003650
крупный 0,054808 0,000383
спецпроект 0,000000 0,000000
массовый 2,066196 0,007224
это 0,020203 0,000071
победа 0,000000 0,000000
украинский 0,047791 0,000167
белоус 0,076161 0,000266
бетонный 3,912023 0,013678
прибыть 0,083382 0,000292
два 0,033902 0,000237
страна 0,747955 0,002615
новость 0,000000 0,000000
туристка 0,076161 0,000266
мотор 0,000000 0,000000
сми 0,000000 0,000000
начинаться 2,931194 0,010249
акция 0,047791 0,000167
наслать 0,000000 0,000000
такой 1,003302 0,003508
жизнь 0,000000 0,000000
жилец 0,068993 0,000241
предречь 0,076161 0,000533
жать 0,013423 0,000047
телевидение 3,218876 0,011255
войти 0,000000 0,000000
место 0,027029 0,000095
свет 0,054808 0,000192
отправить 2,066196 0,014449
государство 1,919593 0,006712
регион 0,076161 0,000266
мс 0,097980 0,000343
внеочередной 5,010635 0,017520
градоначальство 5,010635 0,017520
март 0,040822 0,000285
военный 0,020203 0,000071
летний 0,047791 0,000167
радио 3,912023 0,013678
рада 0,068993 0,000241
экономика 0,000000 0,000000
утвердить 3,624341 0,012673
уход 0,076161 0,000266
опечатка 0,000000 0,000000
реконструкция 5,010635 0,017520
хороший 0,006689 0,000023
спор 0,097980 0,000343
вызвать 0,090654 0,000317
апрель 2,525729 0,008831
обычный 0,013423 0,000047
конфиденциальность 0,047791 0,000167
изнасиловать 0,076161 0,000266
продолжать 0,033902 0,000119
владислав 3,912023 0,013678
реальный 0,013423 0,000047
пост 2,612740 0,009135
козырёк 5,010635 0,017520
ссср 0,000000 0,000000
техника 0,000000 0,000000
тысяча 0,054808 0,000192
идти 1,297063 0,004535
затопить 0,076161 0,000266
игра 0,000000 0,000000
ана 5,010635 0,017520
обменивать 0,047791 0,000167
минь 0,000000 0,000000
условие 0,033902 0,000237
именно 1,875141 0,006556
ваш 0,047791 0,000167
премьер 2,525729 0,026494
главное 0,000000 0,000000
завершиться 3,218876 0,011255
медитация 0,076161 0,000266
правда 0,040822 0,000143
срок 1,966113 0,013749
занимать 2,813411 0,009837
принять 1,678431 0,011737
милош 5,010635 0,052559
видеть 0,013423 0,000047
реакция 0,047791 0,000334
материал 0,000000 0,000000
наука 0,000000 0,000000
сообщить 1,297063 0,004535
выборы 2,813411 0,009837
произойти 1,791759 0,006265
