вникать 4,317488 0,003522
ру 0,000000 0,000000
отличительный 3,912023 0,003191
личный 1,791759 0,002923
кишко 4,317488 0,003522
банк 0,068993 0,000056
доставка 4,317488 0,028173
новый 0,000000 0,000000
корректно 4,317488 0,003522
день 0,033902 0,000111
образ 1,514128 0,001235
найти 1,678431 0,002738
перемирие 0,076161 0,000062
преференция 4,317488 0,003522
происходить 1,752539 0,001429
выйти 1,752539 0,001429
местный 2,066196 0,003371
население 2,525729 0,002060
отвести 0,076161 0,000062
успех 2,238047 0,001825
добро 0,013423 0,000033
делиться 3,401197 0,002774
согласие 0,047791 0,000039
центр 1,752539 0,002859
путешествие 0,000000 0,000000
сортировочный 4,317488 0,003522
умение 2,813411 0,002295
важный 1,875141 0,001529
доступ 3,064725 0,002500
корпорация 3,624341 0,002956
задание 3,624341 0,002956
множество 2,813411 0,002295
конфликт 0,061875 0,000050
встретить 2,612740 0,002131
нести 2,525729 0,002060
пол 0,090654 0,000074
помощь 0,027029 0,000022
готовность 2,931194 0,004782
человек 0,762140 0,003730
вода 0,054808 0,000045
г 3,064725 0,002500
подробный 3,064725 0,002500
помещение 2,612740 0,002131
реклама 2,525729 0,002060
фото 0,061875 0,000303
отказаться 1,832581 0,001495
пункт 1,966113 0,004811
полгода 2,525729 0,002060
политика 0,040822 0,000033
связь 1,714798 0,002797
к 3,064725 0,002500
добиться 2,813411 0,002295
м 2,066196 0,001685
подходить 2,612740 0,002131
средство 2,371578 0,001934
нога 2,302585 0,001878
график 3,624341 0,011825
мастерство 3,624341 0,002956
они 2,302585 0,001878
знакомый 2,612740 0,002131
сезон 2,813411 0,002295
дополнительный 2,931194 0,002391
собрать 2,931194 0,004782
резюмировать 3,218876 0,002626
обращаться 3,401197 0,002774
мир 0,000000 0,000000
весь 1,078810 0,004400
индия 0,076161 0,000062
пройти 1,427116 0,002328
структура 0,000000 0,000000
успеть 2,525729 0,004120
возникновение 4,317488 0,003522
ящик 3,912023 0,003191
возвратный 4,317488 0,010565
входить 2,931194 0,002391
этап 2,931194 0,002391
опытный 2,813411 0,002295
абсолютно 3,064725 0,002500
бывший 0,000000 0,000000
небольшой 2,177422 0,001776
быстро 2,813411 0,004590
время 0,693147 0,002827
домодедово 3,912023 0,009573
посмотреть 2,525729 0,002060
социальный 2,371578 0,003869
запредельный 4,317488 0,003522
собраться 3,624341 0,002956
ооо 0,000000 0,000000
маккартень 0,097980 0,000080
внутренний 3,401197 0,011097
отменить 2,525729 0,002060
сильный 1,678431 0,001369
ситуация 1,484275 0,001211
проблема 0,047791 0,000078
начальник 2,238047 0,003651
максимально 3,218876 0,002626
заботиться 3,912023 0,003191
также 0,762140 0,003108
туда 2,813411 0,002295
появиться 1,373049 0,001120
технологийминь 0,000000 0,000000
получение 3,624341 0,002956
город 0,047791 0,000078
подать 2,813411 0,002295
честно 3,401197 0,005548
понравиться 3,064725 0,007499
следовать 1,966113 0,001604
удобно 3,624341 0,002956
подработка 4,317488 0,003522
метр 2,931194 0,002391
руслан 3,912023 0,015954
региональный 3,401197 0,002774
штатный 3,401197 0,002774
галерея 0,000000 0,000000
снова 2,813411 0,002295
внешность 0,097980 0,000080
вырасти 2,371578 0,001934
россиянин 1,321756 0,002156
сначала 2,445686 0,003990
витрина 4,317488 0,003522
находиться 1,399717 0,002283
кадровый 3,401197 0,002774
начаться 0,033902 0,000055
викторина 4,317488 0,003522
начать 1,139434 0,000929
зевать 4,317488 0,003522
всегосэкономикабизнесрынкикапиталсоциальный 1,966113 0,001604
профессионал 3,401197 0,002774
увидеть 1,752539 0,001429
силовой 0,000000 0,000000
упрощение 3,624341 0,002956
крутой 3,624341 0,002956
пляжный 0,097980 0,000080
отследить 3,912023 0,003191
обеспечивать 2,813411 0,002295
инна 3,218876 0,002626
основный 2,525729 0,002060
задача 2,066196 0,010112
скрываться 2,525729 0,004120
полина 4,317488 0,003522
размещать 3,912023 0,003191
даркстор 4,317488 0,003522
повышать 2,708050 0,002209
выражать 0,047791 0,000078
дружеский 4,317488 0,003522
завод 3,218876 0,002626
система 1,643339 0,002681
читать 0,040822 0,000033
размещение 3,218876 0,002626
довезти 3,912023 0,003191
рассматривать 3,912023 0,003191
крошечный 3,912023 0,003191
отзыв 4,317488 0,003522
июнь 2,371578 0,001934
оценивать 0,047791 0,000039
открываться 3,064725 0,002500
байконур 0,097980 0,000080
озон 4,317488 0,017608
командный 3,401197 0,005548
гарнир 3,912023 0,003191
редакциярекламаконтактыпресс 0,000000 0,000000
иметь 1,832581 0,001495
отгружать 4,317488 0,003522
видео 0,000000 0,000000
интересный 2,525729 0,008241
приёмка 4,317488 0,007043
пример 2,371578 0,001934
сильно 2,445686 0,001995
заявка 3,624341 0,005912
часть 1,484275 0,002421
должность 2,813411 0,006884
последний 0,083382 0,000136
шерлок 4,317488 0,007043
сторона 1,321756 0,001078
мой 2,371578 0,003869
одинаково 4,317488 0,003522
некоторый 1,576648 0,001286
момент 1,399717 0,003425
доброжелательный 4,317488 0,003522
архив 0,000000 0,000000
помочь 1,714798 0,005595
труд 3,401197 0,005548
бренд 2,445686 0,003990
изнутри 4,317488 0,003522
любимый 2,371578 0,001934
курс 3,218876 0,002626
заявить 0,061875 0,000050
сша 0,040822 0,000033
процесс 2,302585 0,005634
прислушиваться 3,912023 0,003191
запустить 2,302585 0,001878
карта 2,014903 0,001643
бонус 0,047791 0,000078
среда 0,000000 0,000000
раскрытие 0,076161 0,000062
делать 1,752539 0,002859
говорить 1,160488 0,002840
обработать 4,317488 0,003522
остаться 0,047791 0,000078
пикать 4,317488 0,003522
отзывчивый 4,317488 0,003522
профессия 3,064725 0,002500
эксклюзив 0,000000 0,000000
уволить 0,076161 0,000062
развивать 3,624341 0,002956
качество 1,832581 0,002990
скидка 0,047791 0,000039
секрет 2,302585 0,005634
масштабный 2,612740 0,002131
москва 1,021651 0,001667
предоставлять 3,624341 0,002956
резерв 3,624341 0,002956
подойти 2,813411 0,004590
столько 2,525729 0,002060
погружаться 0,047791 0,000039
оформление 3,218876 0,002626
превышать 3,218876 0,002626
меняться 3,064725 0,002500
нравиться 2,931194 0,004782
климат 1,875141 0,001529
отдельный 2,525729 0,004120
результат 1,347074 0,002198
посчитать 3,401197 0,002774
опыт 2,813411 0,006884
влиять 2,525729 0,002060
средаклимат 1,966113 0,001604
склад 3,401197 0,058259
особенно 2,302585 0,001878
команда 1,919593 0,003131
рынок 1,609438 0,001313
охватить 3,218876 0,002626
свыше 3,401197 0,005548
поставить 2,238047 0,001825
довольный 3,401197 0,002774
оплатить 3,912023 0,003191
выдача 3,912023 0,015954
устроиться 3,401197 0,008323
проводиться 3,624341 0,002956
получать 0,033902 0,000055
сферанедвижимостьгородский 1,966113 0,001604
секунда 2,931194 0,002391
гигантский 3,912023 0,003191
открыто 3,912023 0,003191
хотеть 0,013423 0,000033
селлера 4,317488 0,003522
открывать 3,401197 0,002774
зона 2,371578 0,001934
эффективность 3,401197 0,002774
ачивок 4,317488 0,003522
перейти 2,445686 0,001995
перекантоваться 4,317488 0,003522
устроить 2,014903 0,003287
нужно 1,791759 0,005846
стать 0,499776 0,001631
работать 0,027029 0,000309
квадратный 3,624341 0,002956
пролететь 4,317488 0,003522
отличный 2,708050 0,002209
десятка 2,302585 0,001878
спецпроект 0,000000 0,000000
это 0,020203 0,000412
обработка 4,317488 0,007043
умный 3,624341 0,002956
украинский 0,047791 0,000039
ответственность 2,931194 0,004782
слово 0,820981 0,000670
желаемый 4,317488 0,003522
рост 1,791759 0,007307
встать 3,064725 0,002500
тара 4,317488 0,003522
смена 2,708050 0,006627
два 0,033902 0,000083
удобство 4,317488 0,003522
прямой 2,302585 0,001878
дашборд 4,317488 0,003522
разобраться 3,624341 0,002956
процент 1,678431 0,004107
новость 0,000000 0,000000
рядом 2,813411 0,002295
туристка 0,076161 0,000062
мотор 0,000000 0,000000
привлекать 2,813411 0,002295
стоить 1,714798 0,001399
стабильность 3,218876 0,002626
наслать 0,000000 0,000000
поработать 3,912023 0,003191
жизнь 0,000000 0,000000
научиться 3,624341 0,002956
проблемный 3,401197 0,005548
средний 2,813411 0,002295
жать 0,013423 0,000011
войти 0,000000 0,000000
отслеживать 3,624341 0,002956
целый 2,525729 0,004120
затрата 4,317488 0,007043
относиться 2,302585 0,001878
считать 1,373049 0,003360
канал 1,791759 0,001461
успевать 3,912023 0,003191
восток 2,177422 0,001776
уход 0,076161 0,000062
почему 0,899761 0,000734
каневский 3,912023 0,003191
быстрый 2,708050 0,002209
хороший 0,006689 0,000033
спор 0,097980 0,000080
объект 1,832581 0,001495
отключить 1,514128 0,001235
доехать 4,317488 0,003522
вдохновлять 4,317488 0,003522
обычный 0,013423 0,000011
разместить 3,064725 0,002500
затем 1,875141 0,001529
фулфилмент 4,317488 0,007043
программа 2,371578 0,001934
почувствовать 3,064725 0,002500
конфиденциальность 0,047791 0,000039
ребята 2,931194 0,002391
изнасиловать 0,076161 0,000062
продолжать 0,033902 0,000083
первый 0,883501 0,001441
масса 2,931194 0,002391
ссср 0,000000 0,000000
техника 0,000000 0,000000
локальный 3,624341 0,002956
работник 2,612740 0,004262
пять 1,484275 0,001211
идти 1,297063 0,001058
приобрести 3,401197 0,002774
личностный 4,317488 0,003522
калининград 3,912023 0,003191
вопрос 1,021651 0,000833
отметка 3,912023 0,003191
игра 0,000000 0,000000
компания 1,714798 0,016784
сборка 3,401197 0,002774
размер 2,525729 0,002060
минь 0,000000 0,000000
клиент 2,813411 0,006884
доступность 4,317488 0,003522
именно 1,875141 0,004588
сортировать 3,624341 0,002956
ваш 0,047791 0,000078
главное 0,000000 0,000000
профессиональный 2,931194 0,002391
старший 2,445686 0,003990
мнение 1,643339 0,001340
медитация 0,076161 0,000062
блюдо 2,813411 0,002295
развиваться 3,912023 0,006382
больший 1,373049 0,001120
срок 1,966113 0,001604
наверное 2,931194 0,002391
отсортировать 4,317488 0,003522
сократиться 3,218876 0,002626
активный 2,120264 0,005188
выслушать 4,317488 0,003522
значимость 2,931194 0,002391
раскрыть 1,643339 0,002681
напрямую 3,401197 0,002774
пользователь 2,371578 0,003869
позволять 2,177422 0,001776
экологияделовой 1,966113 0,001604
продавец 3,401197 0,005548
алгоритм 3,401197 0,002774
реакция 0,047791 0,000078
пора 2,177422 0,001776
неделя 1,919593 0,001566
самый 0,883501 0,004324
щупать 4,317488 0,003522
материал 0,000000 0,000000
укрепить 3,624341 0,002956
товар 3,401197 0,024968
беседа 1,752539 0,001429
точка 2,445686 0,003990
снижаться 3,064725 0,002500
камера 2,612740 0,002131
отмечать 1,966113 0,003207
хранитель 4,317488 0,003522
лента 0,000000 0,000000
распределить 3,912023 0,003191
назначение 3,401197 0,002774
вести 2,014903 0,001643
приятно 3,218876 0,002626
внимательно 3,401197 0,002774
складской 4,317488 0,003522
сфера 2,612740 0,004262
роль 1,714798 0,001399
спорт 0,000000 0,000000
твой 3,218876 0,002626
транспорт 3,401197 0,002774
комиссаров 4,317488 0,003522
атмосфера 3,401197 0,002774
попадать 2,708050 0,002209
месяц 1,714798 0,001399
мочь 0,836248 0,003410
сам 1,226446 0,001000
мухаммад 4,317488 0,024651
четыре 0,040822 0,000067
сказать 1,919593 0,001566
переехать 3,624341 0,002956
приложение 3,218876 0,005251
друг 1,791759 0,008769
увеличиться 3,064725 0,002500
конфиденциальностиправить 0,000000 0,000000
посёлок 3,912023 0,003191
монтажник 4,317488 0,003522
удаться 1,678431 0,001369
тарный 4,317488 0,003522
взаимодействие 3,218876 0,002626
рекламодатель 3,624341 0,002956
применение 0,000000 0,000000
дать 1,272966 0,001038
английский 3,401197 0,002774
сортировка 3,912023 0,003191
ценить 3,218876 0,005251
рубеж 3,064725 0,002500
третий 2,120264 0,005188
уметь 3,064725 0,002500
готовый 1,791759 0,001461
важно 2,302585 0,001878
отдел 0,579818 0,001892
многое 3,064725 0,002500
ценность 0,000000 0,000000
хранение 3,624341 0,002956
стремиться 2,708050 0,002209
вернуться 0,006689 0,000016
раз 2,371578 0,001934
цвет 2,931194 0,002391
партнёр 2,612740 0,002131
российский 0,033902 0,000055
отсканировать 4,317488 0,003522
обитание 0,000000 0,000000
просто 1,678431 0,002738
условно 4,317488 0,003522
давно 2,445686 0,001995
уехать 2,813411 0,002295
чувствовать 2,445686 0,001995
узнать 2,014903 0,001643
уголок 3,624341 0,002956
россия 0,000000 0,000000
интернет 0,000000 0,000000
спустя 1,832581 0,001495
сутки 2,445686 0,001995
скорость 2,708050 0,002209
шесть 1,966113 0,001604
свой 0,020203 0,000165
гид 0,076161 0,000062
формировать 3,624341 0,002956
логистический 4,317488 0,010565
оплата 3,401197 0,002774
правильно 2,813411 0,002295
выполнение 2,525729 0,004120
американский 0,054808 0,000045
сложный 2,302585 0,001878
тренинг 4,317488 0,003522
особенность 2,813411 0,002295
предприниматель 2,931194 0,002391
сотрудник 0,068993 0,000563
руководство 2,302585 0,003756
представить 2,525729 0,004120
другой 1,059392 0,003456
зеленский 0,054808 0,000089
сюда 3,401197 0,002774
работа 0,899761 0,010275
наработать 4,317488 0,003522
прийти 2,014903 0,004930
интересно 2,813411 0,002295
давать 1,875141 0,004588
передача 2,708050 0,002209
эмоция 0,047791 0,000039
черта 3,401197 0,002774
сеть 0,090654 0,000148
регулярно 3,218876 0,002626
пока 1,678431 0,001369
период 2,014903 0,003287
объяснять 2,525729 0,002060
факт 2,813411 0,002295
сей 2,177422 0,001776
военнослужащий 0,068993 0,000056
знать 1,576648 0,001286
накапливать 0,047791 0,000039
саморазвитие 3,912023 0,003191
причина 1,484275 0,002421
возврат 3,218876 0,007877
сообщение 2,445686 0,001995
короткий 2,931194 0,002391
вид 1,514128 0,001235
кроме 1,427116 0,002328
подольск 4,317488 0,003522
доход 2,445686 0,003990
попасть 1,678431 0,001369
наесться 4,317488 0,003522
путь 2,066196 0,003371
пвз 4,317488 0,007043
договор 3,218876 0,005251
депутат 0,068993 0,000056
повезти 3,064725 0,002500
упаковывать 4,317488 0,003522
прогресс 0,090654 0,000074
форма 0,061875 0,000050
нажать 0,000000 0,000000
среднее 3,401197 0,002774
дом 0,061875 0,000101
оперативный 2,014903 0,001643
брать 2,445686 0,001995
обучаться 4,317488 0,003522
культура 0,000000 0,000000
курьер 4,317488 0,003522
мероприятие 3,401197 0,002774
поток 3,064725 0,005000
маркетплейс 3,624341 0,008869
шаговый 4,317488 0,003522
коллега 1,791759 0,002923
набор 2,708050 0,002209
статья 0,000000 0,000000
развить 4,317488 0,003522
современный 2,066196 0,001685
поддержать 2,177422 0,001776
автоматизированный 4,317488 0,003522
позиция 1,832581 0,002990
принцип 2,931194 0,004782
любой 2,120264 0,003459
отношение 1,226446 0,002001
пикинг 4,317488 0,003522
временной 2,612740 0,002131
оператор 3,218876 0,002626
наш 1,347074 0,003296
адаптироваться 3,218876 0,005251
отдалить 4,317488 0,003522
ответственный 3,218876 0,002626
ранний 2,120264 0,001729
удобный 3,401197 0,005548
многие 1,714798 0,001399
получить 1,059392 0,000864
заказ 3,624341 0,029562
комментарий 1,427116 0,001164
коллектив 3,401197 0,002774
покупка 2,525729 0,006180
сервис 2,445686 0,003990
передать 1,966113 0,001604
настолько 3,624341 0,002956
сделать 1,321756 0,003234
надолго 3,401197 0,002774
увлекательный 0,047791 0,000039
уважать 3,624341 0,002956
различный 2,525729 0,004120
использованияполитик 0,000000 0,000000
заметить 2,120264 0,001729
заниматься 2,302585 0,001878
технический 2,931194 0,002391
деактивировать 0,013423 0,000011
класть 4,317488 0,003522
рекомендательный 0,000000 0,000000
разный 2,238047 0,001825
переговоры 0,047791 0,000039
год 0,521999 0,002980
пакет 3,401197 0,002774
обратиться 0,076161 0,000062
вперёд 2,931194 0,002391
непосредственный 3,912023 0,003191
забота 0,000000 0,000000
мессенджер 3,218876 0,002626
сбер 0,040822 0,000033
круглый 3,624341 0,002956
пожаловать 0,013423 0,000011
трамп 0,054808 0,000045
повседневный 3,624341 0,002956
который 0,521999 0,005535
постоянный 2,371578 0,003869
идея 1,714798 0,001399
участок 3,218876 0,007877
крупный 0,054808 0,000089
курьерский 4,317488 0,003522
например 1,791759 0,004384
перспектива 2,371578 0,001934
прим 2,813411 0,002295
победа 0,000000 0,000000
корпоративный 3,624341 0,002956
вещь 2,445686 0,003990
знание 3,624341 0,002956
подчинение 4,317488 0,003522
изучать 3,624341 0,002956
учиться 2,708050 0,004418
белоус 0,076161 0,000062
прибыть 0,083382 0,000068
поступление 3,912023 0,003191
выбрать 2,612740 0,002131
рассказать 0,985284 0,004018
текущий 2,525729 0,002060
пикнуть 4,317488 0,003522
сегодня 1,643339 0,004021
страна 0,747955 0,001220
инструмент 3,401197 0,002774
случай 1,484275 0,001211
сми 0,000000 0,000000
акция 0,047791 0,000039
командировка 4,317488 0,003522
покупатель 3,624341 0,014781
создать 2,120264 0,001729
дальний 3,218876 0,002626
такой 1,003302 0,002455
руководитель 2,445686 0,005985
цифра 2,813411 0,002295
посылка 3,064725 0,012499
понять 2,177422 0,005328
вместе 1,514128 0,001235
правильный 2,931194 0,002391
жилец 0,068993 0,000056
заработок 3,218876 0,005251
подобать 4,317488 0,003522
инфраструктура 2,014903 0,004930
предречь 0,076161 0,000124
герой 2,014903 0,001643
место 0,027029 0,000066
отправление 4,317488 0,007043
юлия 3,218876 0,007877
свет 0,054808 0,000045
отправить 2,066196 0,003371
регион 0,076161 0,000186
решение 1,544899 0,001260
мс 0,097980 0,000080
рука 2,066196 0,001685
дух 2,612740 0,002131
проходить 2,445686 0,001995
расширение 2,931194 0,002391
март 0,040822 0,000033
координатор 3,912023 0,003191
благодаря 2,238047 0,001825
военный 0,020203 0,000016
включать 3,064725 0,002500
корреспондент 2,445686 0,001995
мы 2,238047 0,001825
партнёрский 4,317488 0,003522
огрн 3,624341 0,002956
летний 0,047791 0,000039
участие 2,014903 0,001643
рада 0,068993 0,000056
экономика 0,000000 0,000000
заработать 2,813411 0,002295
подсказывать 4,317488 0,003522
тот 1,427116 0,006984
использовать 1,919593 0,001566
опечатка 0,000000 0,000000
уверенность 2,813411 0,002295
самостоятельно 3,218876 0,002626
каждый 1,576648 0,005144
сложно 2,525729 0,002060
расти 2,708050 0,006627
отправиться 2,445686 0,001995
розыгрыш 3,912023 0,003191
поздний 1,832581 0,001495
маленький 1,791759 0,001461
писать 1,752539 0,001429
поставщик 3,912023 0,003191
вызвать 0,090654 0,000074
история 1,609438 0,002626
три 1,919593 0,001566
категория 3,064725 0,002500
обрабатывать 4,317488 0,007043
количество 1,576648 0,001286
университет 3,218876 0,002626
уровень 1,643339 0,001340
увеличиваться 3,401197 0,002774
азорабек 4,317488 0,003522
либо 1,919593 0,001566
механизм 2,371578 0,001934
непонятно 3,624341 0,002956
формат 2,813411 0,002295
называться 3,624341 0,002956
реальный 0,013423 0,000011
развитие 2,120264 0,001729
сотрудничество 3,064725 0,002500
тысяча 0,054808 0,000224
карьерный 3,624341 0,002956
поиск 2,445686 0,001995
предлагать 2,813411 0,004590
поделиться 2,708050 0,006627
логистика 3,912023 0,003191
затопить 0,076161 0,000062
понимать 2,708050 0,002209
открытость 4,317488 0,003522
слышать 2,931194 0,002391
попробовать 3,064725 0,002500
обменивать 0,047791 0,000039
принимать 2,445686 0,001995
видно 2,708050 0,002209
условие 0,033902 0,000138
коммуницировать 4,317488 0,003522
помогать 2,120264 0,008647
возможность 1,714798 0,008392
отвечать 2,302585 0,001878
правда 0,040822 0,000033
внимательность 4,317488 0,003522
думать 1,791759 0,001461
огромный 2,525729 0,002060
род 3,218876 0,002626
достижение 2,302585 0,001878
череповец 4,317488 0,003522
принять 1,678431 0,002738
немой 2,371578 0,001934
подмосковный 3,912023 0,003191
постоянно 2,525729 0,002060
холмс 4,317488 0,003522
видеть 0,013423 0,000022
очень 1,347074 0,004395
миллион 1,347074 0,006593
наука 0,000000 0,000000
товаровед 4,317488 0,010565
высокий 1,455287 0,001187
какой 1,203973 0,000982
обратный 2,813411 0,004590
продукт 2,120264 0,001729
второй 1,643339 0,001340
клик 4,317488 0,003522
