бригада 2,813411 0,005400
красноармейский 3,401197 0,026113
ру 0,000000 0,000000
рф 1,514128 0,002906
отмечать 1,966113 0,007547
боевой 2,371578 0,004552
банк 0,068993 0,000132
лента 0,000000 0,000000
экипаж 3,218876 0,006178
новый 0,000000 0,000000
день 0,033902 0,000065
оборона 2,302585 0,004420
охота 3,912023 0,007509
формулировка 5,010635 0,009617
перемирие 0,076161 0,000146
служить 3,401197 0,006528
штурм 3,401197 0,006528
спорт 0,000000 0,000000
ряд 2,525729 0,004848
выполнять 2,708050 0,005198
мочь 0,836248 0,001605
отвести 0,076161 0,000146
добро 0,013423 0,000077
сам 1,226446 0,002354
согласие 0,047791 0,000092
центр 1,752539 0,003364
путешествие 0,000000 0,000000
прошлое 2,813411 0,005400
остановить 2,525729 0,004848
четыре 0,040822 0,000078
удар 1,455287 0,002793
призывник 4,317488 0,008287
конфликт 0,061875 0,000119
конфиденциальностиправить 0,000000 0,000000
нести 2,525729 0,004848
пол 0,090654 0,000174
помощь 0,027029 0,000052
человек 0,762140 0,001463
вода 0,054808 0,000105
женский 2,238047 0,021478
отмечаться 2,177422 0,004179
министерство 2,813411 0,005400
черновицкий 5,010635 0,009617
фото 0,061875 0,000475
минюст 3,401197 0,006528
политика 0,040822 0,000078
артиллерия 3,064725 0,005882
разговор 1,160488 0,002227
применение 0,000000 0,000000
станислав 3,218876 0,006178
область 1,272966 0,002443
дополнительный 2,931194 0,005626
гарантия 2,708050 0,005198
запас 3,064725 0,011765
женщина 1,484275 0,042733
бросить 3,218876 0,012357
вс 2,371578 0,004552
отдел 0,579818 0,001113
ценность 0,000000 0,000000
известно 1,297063 0,002490
сила 1,321756 0,007611
мир 0,000000 0,000000
вернуться 0,006689 0,000013
индия 0,076161 0,000146
штурмовик 2,931194 0,045009
структура 0,000000 0,000000
смертельный 3,912023 0,007509
российский 0,033902 0,000325
вдова 5,010635 0,009617
обитание 0,000000 0,000000
просто 1,678431 0,009665
бывший 0,000000 0,000000
боец 1,875141 0,007198
приехать 2,238047 0,004296
россия 0,000000 0,000000
интернет 0,000000 0,000000
го 2,302585 0,004420
социальный 2,371578 0,004552
командование 3,218876 0,012357
гончаров 3,912023 0,007509
маккартень 0,097980 0,000188
ооо 0,000000 0,000000
свой 0,020203 0,000039
республика 2,371578 0,004552
проблема 0,047791 0,000092
уклонист 5,010635 0,009617
данные 1,678431 0,003222
составлять 2,302585 0,004420
январь 1,514128 0,002906
также 0,762140 0,004389
назвать 1,021651 0,001961
гид 0,076161 0,000146
технологийминь 0,000000 0,000000
украина 0,805943 0,012375
город 0,047791 0,000092
националист 5,010635 0,009617
американский 0,054808 0,000105
галерея 0,000000 0,000000
внешность 0,097980 0,000188
пытаться 1,347074 0,005171
вырасти 2,371578 0,004552
сотрудник 0,068993 0,000132
десант 3,064725 0,011765
находиться 1,399717 0,002687
начаться 0,033902 0,000065
зеленский 0,054808 0,000210
южнодонецкий 5,010635 0,009617
начать 1,139434 0,002187
уничтожение 3,401197 0,006528
силовой 0,000000 0,000000
пляжный 0,097980 0,000188
эмоция 0,047791 0,000092
сеть 0,090654 0,000174
алехин 5,010635 0,009617
направление 2,302585 0,008839
кандидат 3,401197 0,006528
основный 2,525729 0,004848
задача 2,066196 0,007932
вооружённый 1,678431 0,009665
азия 2,445686 0,004694
всеприбалтикаукраинабелоруссиямолдавиязакавказьесредний 2,525729 0,004848
порядок 2,066196 0,003966
константинополь 5,010635 0,009617
выражать 0,047791 0,000183
дрон 1,832581 0,003517
число 1,226446 0,007062
читать 0,040822 0,000078
военнослужащий 0,068993 0,000132
минобороны 1,966113 0,007547
накапливать 0,047791 0,000092
оценивать 0,047791 0,000092
дно 3,624341 0,006957
байконур 0,097980 0,000188
один 0,836248 0,001605
попасть 1,678431 0,003222
редакциярекламаконтактыпресс 0,000000 0,000000
доставить 2,177422 0,004179
иметь 1,832581 0,003517
видео 0,000000 0,000000
эксперт 1,966113 0,007547
геннадий 3,912023 0,015017
депутат 0,068993 0,000132
мобилизация 2,813411 0,010800
алехинвоенный 5,010635 0,009617
прогресс 0,090654 0,000174
численность 3,912023 0,007509
часть 1,484275 0,005698
лишь 2,238047 0,004296
должность 2,813411 0,005400
хмельницкий 5,010635 0,009617
форма 0,061875 0,000119
нажать 0,000000 0,000000
оперативный 2,014903 0,003867
последний 0,083382 0,000160
дом 0,061875 0,000119
полковник 3,218876 0,012357
культура 0,000000 0,000000
лето 2,612740 0,005015
момент 1,399717 0,002687
бежать 2,813411 0,005400
красильников 3,624341 0,006957
архив 0,000000 0,000000
несмотря 2,120264 0,004070
набор 2,708050 0,005198
статья 0,000000 0,000000
позиция 1,832581 0,003517
заявить 0,061875 0,000119
сша 0,040822 0,000078
бонус 0,047791 0,000183
среда 0,000000 0,000000
раскрытие 0,076161 0,000146
редактор 0,556288 0,001068
среди 1,714798 0,006583
остаться 0,047791 0,000092
тернопольский 5,010635 0,009617
близкий 1,875141 0,003599
многие 1,714798 0,003291
получить 1,059392 0,002033
эксклюзив 0,000000 0,000000
уволить 0,076161 0,000146
рекрутинг 5,010635 0,009617
скидка 0,047791 0,000092
комментарий 1,427116 0,002739
штурмовой 3,401197 0,013056
тема 1,297063 0,002490
строка 4,317488 0,008287
оказаться 1,249435 0,004796
заталкивать 5,010635 0,009617
алина 3,401197 0,006528
погружаться 0,047791 0,000092
скала 3,912023 0,007509
отдельный 2,525729 0,004848
сделать 1,321756 0,005074
увлекательный 0,047791 0,000092
использованияполитик 0,000000 0,000000
спрыгнуть 4,317488 0,008287
служба 2,120264 0,008139
риа 1,272966 0,002443
деактивировать 0,013423 0,000026
рекомендательный 0,000000 0,000000
поставить 2,238047 0,004296
право 2,445686 0,004694
опасность 2,371578 0,004552
являться 1,714798 0,003291
переговоры 0,047791 0,000092
получать 0,033902 0,000065
год 0,521999 0,002004
сравнение 3,912023 0,007509
хотеть 0,013423 0,000026
обратиться 0,076161 0,000292
контракт 3,912023 0,015017
армия 2,014903 0,007735
забота 0,000000 0,000000
сбер 0,040822 0,000078
пожаловать 0,013423 0,000026
верховный 2,708050 0,005198
стать 0,499776 0,000959
потеря 2,014903 0,007735
трамп 0,054808 0,000105
работать 0,027029 0,000052
который 0,521999 0,004008
украинка 5,010635 0,009617
крупный 0,054808 0,000210
обращение 3,218876 0,006178
например 1,791759 0,003439
передовой 3,624341 0,013913
группа 1,514128 0,023250
подразделение 2,813411 0,010800
спецпроект 0,000000 0,000000
это 0,020203 0,000310
рамка 2,371578 0,004552
массовый 2,066196 0,007932
равный 3,624341 0,006957
победа 0,000000 0,000000
закон 3,912023 0,007509
украинский 0,047791 0,000550
военком 5,010635 0,009617
привести 1,427116 0,002739
рост 1,791759 0,003439
белоус 0,076161 0,000146
прибыть 0,083382 0,000160
два 0,033902 0,000130
процент 1,678431 0,006443
страна 0,747955 0,001436
новость 0,000000 0,000000
четверть 4,317488 0,008287
туристка 0,076161 0,000146
мотор 0,000000 0,000000
сми 0,000000 0,000000
акция 0,047791 0,000092
наслать 0,000000 0,000000
такой 1,003302 0,001926
цифра 2,813411 0,005400
вместе 1,514128 0,002906
жизнь 0,000000 0,000000
жилец 0,068993 0,000132
уничтожить 2,120264 0,012209
несколько 1,226446 0,002354
предречь 0,076161 0,000292
предоставить 3,218876 0,006178
жать 0,013423 0,000026
войти 0,000000 0,000000
уточняться 3,218876 0,006178
место 0,027029 0,000052
свет 0,054808 0,000105
элитный 3,624341 0,006957
регион 0,076161 0,000146
мс 0,097980 0,000188
село 2,708050 0,005198
обещать 2,525729 0,004848
дезертирство 4,317488 0,008287
ведомство 2,066196 0,007932
март 0,040822 0,000157
сбежать 3,401197 0,006528
военный 0,020203 0,000233
летний 0,047791 0,000092
участие 2,014903 0,003867
рада 0,068993 0,000265
экономика 0,000000 0,000000
попытка 1,609438 0,003089
тот 1,427116 0,002739
уход 0,076161 0,000146
опечатка 0,000000 0,000000
почему 0,899761 0,001727
гражданин 3,401197 0,006528
хороший 0,006689 0,000013
удивление 3,912023 0,007509
десять 2,708050 0,005198
спор 0,097980 0,000188
полка 3,401197 0,006528
заключить 2,177422 0,016717
добавить 1,966113 0,003774
служащий 3,624341 0,006957
отключить 1,514128 0,002906
вызвать 0,090654 0,000174
осудить 2,813411 0,005400
обычный 0,013423 0,000026
категория 3,064725 0,005882
конфиденциальность 0,047791 0,000092
количество 1,576648 0,003026
подписать 2,708050 0,005198
действие 1,714798 0,006583
покровск 5,010635 0,009617
изнасиловать 0,076161 0,000146
продолжать 0,033902 0,000065
бой 2,066196 0,007932
реальный 0,013423 0,000026
накрыть 3,064725 0,017647
название 2,813411 0,005400
ссср 0,000000 0,000000
техника 0,000000 0,000000
мужчина 1,576648 0,006052
тысяча 0,054808 0,000316
карьерный 3,624341 0,006957
всу 1,373049 0,036896
предусматривать 5,010635 0,009617
соединение 3,624341 0,006957
идти 1,297063 0,002490
статистика 3,912023 0,007509
контингент 3,912023 0,015017
затопить 0,076161 0,000146
никто 2,014903 0,003867
игра 0,000000 0,000000
набирать 3,218876 0,006178
волновать 4,317488 0,008287
обменивать 0,047791 0,000092
минь 0,000000 0,000000
условие 0,033902 0,000130
ваш 0,047791 0,000092
главное 0,000000 0,000000
угодный 3,624341 0,006957
медитация 0,076161 0,000146
правда 0,040822 0,000078
развалиться 3,912023 0,007509
информация 1,514128 0,005812
принять 1,678431 0,003222
видеть 0,013423 0,000026
сообщать 1,791759 0,003439
реакция 0,047791 0,000183
материал 0,000000 0,000000
наука 0,000000 0,000000
высокий 1,455287 0,002793
уходить 2,813411 0,005400
спешиться 5,010635 0,009617
