долгий 2,371578 0,007030
ру 0,000000 0,000000
приводить 2,931194 0,002896
банк 0,068993 0,000068
девять 2,931194 0,002896
новый 0,000000 0,000000
день 0,033902 0,000067
патология 4,317488 0,012799
таблетка 5,010635 0,004951
образ 1,514128 0,001496
перемирие 0,076161 0,000075
таисия 5,010635 0,004951
жуткий 3,912023 0,003866
происходить 1,752539 0,001732
расширить 3,624341 0,003581
болеть 3,624341 0,003581
река 3,218876 0,003181
марафон 5,010635 0,004951
стаж 5,010635 0,004951
эффективный 3,064725 0,003028
включение 3,401197 0,003361
отвести 0,076161 0,000075
добро 0,013423 0,000040
нефропротектор 5,010635 0,009902
согласие 0,047791 0,000047
центр 1,752539 0,001732
путешествие 0,000000 0,000000
петербург 3,218876 0,006361
доступ 3,064725 0,003028
пойти 2,120264 0,006285
эпидемия 3,064725 0,003028
наблюдательный 4,317488 0,004266
конфликт 0,061875 0,000061
помощь 0,027029 0,000053
пол 0,090654 0,000090
куча 3,912023 0,003866
человек 0,762140 0,006778
вода 0,054808 0,000054
неспецифичный 5,010635 0,004951
концентрация 5,010635 0,004951
заболевание 3,624341 0,017907
нефротоксичный 5,010635 0,004951
фото 0,061875 0,000306
политика 0,040822 0,000040
л 5,010635 0,004951
вплоть 3,624341 0,003581
ухудшение 3,064725 0,003028
санкт 3,218876 0,006361
нога 2,302585 0,004551
лекарство 2,931194 0,014482
редкость 4,317488 0,004266
фиброз 5,010635 0,004951
стикс 5,010635 0,004951
диагноз 3,912023 0,003866
отечь 5,010635 0,004951
сила 1,321756 0,001306
мир 0,000000 0,000000
искать 2,302585 0,004551
весь 1,078810 0,001066
индия 0,076161 0,000075
пройти 1,427116 0,001410
структура 0,000000 0,000000
льгота 5,010635 0,004951
необходимый 2,708050 0,002676
житель 1,678431 0,004976
дело 1,249435 0,001235
слабость 4,317488 0,012799
входить 2,931194 0,002896
карман 3,912023 0,003866
обосновать 5,010635 0,004951
бывший 0,000000 0,000000
слишком 2,371578 0,002343
время 0,693147 0,002740
называть 1,791759 0,001771
единственный 2,708050 0,002676
обезболивать 4,317488 0,004266
добиваться 3,218876 0,003181
поверить 3,624341 0,003581
маккартень 0,097980 0,000097
ооо 0,000000 0,000000
мощный 3,064725 0,003028
проблема 0,047791 0,000425
главный 1,272966 0,001258
терапевт 4,317488 0,004266
причём 2,708050 0,002676
данные 1,678431 0,001659
режим 1,966113 0,001943
составлять 2,302585 0,002275
также 0,762140 0,002259
статин 5,010635 0,004951
появиться 1,373049 0,002714
технологийминь 0,000000 0,000000
подать 2,813411 0,002780
город 0,047791 0,000047
глюкоза 5,010635 0,009902
подпись 4,317488 0,004266
подробность 2,066196 0,002042
прошлый 3,064725 0,006057
следовать 1,966113 0,001943
час 1,455287 0,004314
галерея 0,000000 0,000000
внешность 0,097980 0,000097
диагностироваться 5,010635 0,004951
недорогой 5,010635 0,004951
пытаться 1,347074 0,001331
россиянин 1,321756 0,009143
начаться 0,033902 0,000033
успокоиться 3,624341 0,003581
симптом 3,624341 0,017907
сидеть 2,612740 0,005164
чудодейственный 5,010635 0,004951
чреватый 3,912023 0,003866
однажды 3,624341 0,003581
силовой 0,000000 0,000000
показать 1,484275 0,001467
пляжный 0,097980 0,000097
здравоохранение 4,317488 0,008533
реанимация 3,401197 0,006722
отсутствие 2,612740 0,002582
подбирать 4,317488 0,004266
требоваться 3,064725 0,003028
задача 2,066196 0,002042
редкий 2,371578 0,002343
хотя 2,445686 0,002417
почка 3,401197 0,087383
однако 1,249435 0,002469
выражать 0,047791 0,000094
нефрологово 5,010635 0,009902
почечный 4,317488 0,004266
читать 0,040822 0,000040
полчаса 3,912023 0,003866
съедать 4,317488 0,004266
мгмс 5,010635 0,004951
выявлять 5,010635 0,009902
оценивать 0,047791 0,000047
диабетический 5,010635 0,004951
переболеть 5,010635 0,004951
байконур 0,097980 0,000097
один 0,836248 0,002479
революция 3,401197 0,006722
редакциярекламаконтактыпресс 0,000000 0,000000
председатель 2,302585 0,002275
совет 1,714798 0,001694
видео 0,000000 0,000000
выявить 2,813411 0,002780
заявка 3,624341 0,003581
замечать 3,912023 0,007731
выясниться 2,371578 0,002343
лишь 2,238047 0,004423
последний 0,083382 0,000165
кстати 3,401197 0,003361
медикамент 4,317488 0,004266
дорогой 2,813411 0,005560
некоторый 1,576648 0,001558
часто 2,525729 0,009983
обсудить 0,415515 0,000411
архив 0,000000 0,000000
помочь 1,714798 0,003389
выписать 3,624341 0,007163
судорога 4,317488 0,004266
своевременно 3,912023 0,003866
заявить 0,061875 0,000061
сша 0,040822 0,000040
метод 3,064725 0,003028
процесс 2,302585 0,002275
аппарат 3,401197 0,006722
разбитый 3,912023 0,003866
злоупотреблять 4,317488 0,008533
выше 3,064725 0,003028
бонус 0,047791 0,000094
среда 0,000000 0,000000
раскрытие 0,076161 0,000075
говорить 1,160488 0,003440
делать 1,752539 0,003464
всемирный 3,912023 0,007731
травматичный 5,010635 0,004951
остаться 0,047791 0,000094
прежний 2,371578 0,002343
эксклюзив 0,000000 0,000000
уволить 0,076161 0,000075
качество 1,832581 0,001811
скидка 0,047791 0,000047
узнавать 3,912023 0,007731
комплексно 5,010635 0,004951
выписка 5,010635 0,004951
специфический 3,912023 0,003866
взрослый 2,931194 0,002896
девятый 3,912023 0,003866
врач 2,066196 0,006125
погружаться 0,047791 0,000047
хбп 5,010635 0,004951
значимый 3,912023 0,003866
влиять 2,525729 0,002496
нефрология 5,010635 0,009902
деньга 1,875141 0,001853
лицо 1,966113 0,001943
встречаться 3,624341 0,003581
затормозить 5,010635 0,004951
поставить 2,238047 0,002212
тасс 2,371578 0,002343
являться 1,714798 0,003389
получать 0,033902 0,000033
смертность 5,010635 0,004951
длиться 2,931194 0,005793
хотеть 0,013423 0,000013
решать 3,401197 0,003361
половина 2,177422 0,002152
сморщиваться 5,010635 0,004951
нужно 1,791759 0,001771
рассосаться 5,010635 0,004951
медицинский 3,064725 0,006057
работать 0,027029 0,000027
питаться 3,912023 0,011597
группа 1,514128 0,005985
спецпроект 0,000000 0,000000
это 0,020203 0,000240
большинство 2,371578 0,004687
скрытно 5,010635 0,014854
поддерживать 2,612740 0,002582
гулять 5,010635 0,004951
украинский 0,047791 0,000047
слово 0,820981 0,002434
недуг 5,010635 0,004951
рост 1,791759 0,001771
два 0,033902 0,000100
научно 4,317488 0,004266
процент 1,678431 0,003317
ковид 5,010635 0,009902
новость 0,000000 0,000000
туристка 0,076161 0,000075
мотор 0,000000 0,000000
стоить 1,714798 0,001694
наслать 0,000000 0,000000
остальной 2,612740 0,002582
жизнь 0,000000 0,000000
диабет 3,912023 0,007731
проблемный 3,401197 0,003361
жать 0,013423 0,000013
перечислять 5,010635 0,004951
войти 0,000000 0,000000
функция 3,401197 0,003361
сериал 2,445686 0,002417
четырёхлетний 5,010635 0,004951
возраст 2,708050 0,005352
питьевой 4,317488 0,004266
относиться 2,302585 0,004551
считать 1,373049 0,002714
включить 3,218876 0,003181
кардиология 5,010635 0,004951
уход 0,076161 0,000075
почему 0,899761 0,001778
белок 4,317488 0,004266
директор 2,445686 0,002417
хороший 0,006689 0,000013
распространённость 5,010635 0,004951
спор 0,097980 0,000097
мкмоль 5,010635 0,004951
столб 5,010635 0,004951
добавить 1,966113 0,001943
терминальный 5,010635 0,004951
профилактика 3,912023 0,007731
значит 3,218876 0,006361
страдать 2,813411 0,002780
обычный 0,013423 0,000013
программа 2,371578 0,007030
конфиденциальность 0,047791 0,000047
фгб 5,010635 0,004951
танк 2,708050 0,002676
параллельмыть 2,177422 0,002152
общий 1,714798 0,001694
изнасиловать 0,076161 0,000075
болезнь 2,931194 0,046343
продолжать 0,033902 0,000033
список 2,371578 0,004687
первый 0,883501 0,000873
переместиться 5,010635 0,004951
ссср 0,000000 0,000000
техника 0,000000 0,000000
состояние 2,238047 0,004423
продлить 3,218876 0,003181
норма 3,064725 0,006057
пять 1,484275 0,001467
обязательный 3,064725 0,003028
осень 3,912023 0,003866
ошибка 2,525729 0,002496
практически 2,525729 0,004992
идти 1,297063 0,001282
искусственный 2,931194 0,011586
бюджет 5,010635 0,004951
целевой 3,912023 0,003866
игра 0,000000 0,000000
наблюдаться 3,624341 0,003581
объяснение 3,624341 0,003581
минь 0,000000 0,000000
необратимый 5,010635 0,004951
именно 1,875141 0,001853
ваш 0,047791 0,000047
общество 2,177422 0,006455
главное 0,000000 0,000000
медитация 0,076161 0,000075
развиваться 3,912023 0,003866
больший 1,373049 0,001357
активный 2,120264 0,002095
событие 1,919593 0,001897
трансплантация 5,010635 0,014854
позволять 2,177422 0,002152
привыкнуть 3,218876 0,003181
реакция 0,047791 0,000094
неделя 1,919593 0,003794
пора 2,177422 0,004303
самый 0,883501 0,000873
материал 0,000000 0,000000
гранин 5,010635 0,004951
быть 1,399717 0,001383
гватемала 5,010635 0,004951
определение 5,010635 0,004951
сигарета 3,624341 0,007163
лента 0,000000 0,000000
хронически 5,010635 0,004951
спорт 0,000000 0,000000
майоров 5,010635 0,004951
аптека 4,317488 0,004266
мочь 0,836248 0,001653
месяц 1,714798 0,001694
этот 1,427116 0,004231
сам 1,226446 0,002424
четыре 0,040822 0,000081
друг 1,791759 0,001771
конфиденциальностиправить 0,000000 0,000000
прогрессировать 4,317488 0,004266
сбор 3,624341 0,003581
правило 2,445686 0,002417
тяжёлый 1,791759 0,001771
моча 4,317488 0,004266
нестероидный 4,317488 0,004266
летальный 3,912023 0,003866
применение 0,000000 0,000000
давление 2,302585 0,015927
альтернативный 3,218876 0,003181
призвать 1,791759 0,001771
действовать 2,238047 0,002212
ртутный 5,010635 0,004951
использоваться 4,317488 0,004266
вес 3,218876 0,003181
отдел 0,579818 0,000573
шило 4,317488 0,021331
ценность 0,000000 0,000000
креатинин 5,010635 0,009902
стремиться 2,708050 0,002676
чужой 4,317488 0,004266
вернуться 0,006689 0,000007
больной 2,708050 0,002676
открытие 3,218876 0,003181
раз 2,371578 0,002343
свободно 4,317488 0,004266
диагностика 4,317488 0,008533
российский 0,033902 0,000134
недооценивать 4,317488 0,004266
исход 3,624341 0,007163
необходимо 2,120264 0,002095
обитание 0,000000 0,000000
пациент 3,401197 0,016804
соблюдать 2,931194 0,002896
профессор 3,218876 0,009542
просто 1,678431 0,001659
чувствовать 2,445686 0,007250
узнать 2,014903 0,001991
снижать 4,317488 0,008533
россия 0,000000 0,000000
интернет 0,000000 0,000000
лечить 3,624341 0,007163
шесть 1,966113 0,001943
поражать 3,064725 0,003028
нарушаться 5,010635 0,004951
свой 0,020203 0,000060
популярный 1,791759 0,001771
получиться 2,708050 0,002676
гид 0,076161 0,000075
мальгавкий 5,010635 0,004951
словно 4,317488 0,004266
правильно 2,813411 0,008340
американский 0,054808 0,000054
героиня 5,010635 0,004951
похудение 3,401197 0,003361
стационар 5,010635 0,009902
наблюдать 3,064725 0,003028
сотрудник 0,068993 0,000068
другой 1,059392 0,002094
зеленский 0,054808 0,000108
работа 0,899761 0,000889
тактика 3,624341 0,003581
европа 1,791759 0,001771
тяжело 2,931194 0,002896
утро 3,064725 0,006057
оставаться 1,875141 0,001853
эмоция 0,047791 0,000047
скорее 2,708050 0,008028
сеть 0,090654 0,000090
пожилой 3,624341 0,003581
терапия 4,317488 0,004266
пока 1,678431 0,001659
профилактический 5,010635 0,004951
должный 1,714798 0,001694
проживать 4,317488 0,004266
объяснять 2,525729 0,004992
сей 2,177422 0,002152
военнослужащий 0,068993 0,000068
накапливать 0,047791 0,000047
причина 1,484275 0,002933
ассоциация 3,624341 0,003581
накопиться 5,010635 0,004951
усыхать 5,010635 0,004951
неправильно 5,010635 0,004951
вид 1,514128 0,001496
кроме 1,427116 0,001410
сравнить 3,064725 0,003028
гемодиализ 5,010635 0,014854
подчёркивать 3,064725 0,009085
впереди 3,624341 0,003581
эксперт 1,966113 0,003886
депутат 0,068993 0,000068
прогресс 0,090654 0,000090
воронцов 5,010635 0,004951
форма 0,061875 0,000061
нажать 0,000000 0,000000
дом 0,061875 0,000061
сосуд 3,912023 0,007731
культура 0,000000 0,000000
включая 3,064725 0,003028
мероприятие 3,401197 0,003361
валерий 3,218876 0,009542
несмотря 2,120264 0,006285
процедура 3,064725 0,006057
статья 0,000000 0,000000
больница 2,931194 0,002896
современный 2,066196 0,002042
протекать 5,010635 0,014854
социально 5,010635 0,004951
пятый 3,218876 0,006361
чазов 5,010635 0,004951
осложнение 3,912023 0,007731
сахарный 5,010635 0,009902
погосов 5,010635 0,014854
наш 1,347074 0,001331
нефролог 4,317488 0,012799
явный 4,317488 0,008533
редактор 0,556288 0,000550
случайный 3,912023 0,003866
ранний 2,120264 0,012571
противовоспалительный 3,912023 0,003866
многий 2,708050 0,005352
настоящий 2,445686 0,004833
выявление 5,010635 0,004951
многие 1,714798 0,003389
получить 1,059392 0,001047
очищать 5,010635 0,009902
направить 2,612740 0,002582
подозревать 2,445686 0,002417
государственный 2,525729 0,002496
оказаться 1,249435 0,001235
фактор 2,931194 0,002896
следить 2,813411 0,002780
антибиотик 4,317488 0,004266
спасть 2,931194 0,002896
увлекательный 0,047791 0,000047
использованияполитик 0,000000 0,000000
риа 1,272966 0,002516
трясти 3,912023 0,003866
анализ 5,010635 0,029707
деактивировать 0,013423 0,000013
вроде 3,064725 0,003028
рекомендательный 0,000000 0,000000
алкоголь 2,612740 0,002582
заместитель 3,064725 0,003028
прорыв 3,064725 0,003028
берег 3,624341 0,003581
довести 3,912023 0,003866
диспансеризация 5,010635 0,009902
переговоры 0,047791 0,000047
минздрав 4,317488 0,004266
ежедневно 3,624341 0,003581
год 0,521999 0,004126
распространить 3,401197 0,003361
аналитический 4,317488 0,004266
поздно 3,218876 0,003181
десятый 3,401197 0,013443
обратиться 0,076161 0,000075
упаковка 5,010635 0,004951
лечение 2,931194 0,008689
международный 1,875141 0,001853
забота 0,000000 0,000000
сбер 0,040822 0,000040
пожаловать 0,013423 0,000013
диализ 4,317488 0,017065
стараться 2,813411 0,002780
манипуляция 5,010635 0,004951
нервозность 4,317488 0,004266
трамп 0,054808 0,000054
постоянный 2,371578 0,004687
который 0,521999 0,003095
поэтому 1,966113 0,001943
хронический 3,912023 0,019328
наталья 3,218876 0,003181
крупный 0,054808 0,000108
приезжать 3,624341 0,003581
например 1,791759 0,003541
нмицк 5,010635 0,004951
победа 0,000000 0,000000
белоус 0,076161 0,000075
семаглутид 5,010635 0,004951
шлаковый 5,010635 0,004951
прибыть 0,083382 0,000082
страна 0,747955 0,002956
повышенный 3,401197 0,006722
масштаб 3,218876 0,003181
случай 1,484275 0,004400
сми 0,000000 0,000000
больничный 5,010635 0,004951
сразу 2,066196 0,002042
акция 0,047791 0,000047
инфаркт 3,912023 0,011597
такой 1,003302 0,000991
жить 1,643339 0,001624
доктор 3,064725 0,003028
рассказывать 2,302585 0,002275
системный 5,010635 0,004951
жилец 0,068993 0,000068
отрицание 5,010635 0,004951
создание 2,120264 0,002095
облегчить 4,317488 0,004266
иван 2,931194 0,014482
несколько 1,226446 0,003636
предречь 0,076161 0,000151
мм 5,010635 0,009902
примерно 2,813411 0,005560
место 0,027029 0,000053
свет 0,054808 0,000108
регион 0,076161 0,000075
оптимальный 3,912023 0,003866
мс 0,097980 0,000097
никакой 2,302585 0,002275
генеральный 2,708050 0,002676
очистка 4,317488 0,004266
март 0,040822 0,000040
военный 0,020203 0,000020
летний 0,047791 0,000047
утверждать 2,525729 0,002496
рада 0,068993 0,000068
экономика 0,000000 0,000000
евдокимов 5,010635 0,004951
совершенно 2,813411 0,002780
тот 1,427116 0,002820
анна 3,912023 0,003866
опечатка 0,000000 0,000000
каждый 1,576648 0,007790
безусловно 2,708050 0,002676
организация 2,238047 0,006635
нана 5,010635 0,009902
кровь 2,612740 0,018072
сонливость 5,010635 0,004951
десять 2,708050 0,002676
советовать 3,218876 0,003181
вызвать 0,090654 0,000090
независимо 5,010635 0,004951
количество 1,576648 0,001558
уровень 1,643339 0,008119
либо 1,919593 0,003794
гипертония 5,010635 0,019805
орган 2,177422 0,004303
реальный 0,013423 0,000013
редко 3,624341 0,003581
развитие 2,120264 0,002095
он 3,218876 0,003181
треть 5,010635 0,004951
мужчина 1,576648 0,001558
умереть 2,708050 0,002676
тысяча 0,054808 0,000108
предлагать 2,813411 0,002780
тревога 3,218876 0,003181
молодой 2,525729 0,004992
бегать 3,624341 0,007163
статистика 3,912023 0,011597
затопить 0,076161 0,000075
предпосылка 4,317488 0,004266
способствовать 3,624341 0,003581
понимать 2,708050 0,002676
инициатива 2,525729 0,002496
обменивать 0,047791 0,000047
принимать 2,445686 0,004833
препарат 3,218876 0,012723
инвалидность 3,624341 0,003581
низкий 2,813411 0,002780
алексей 1,875141 0,001853
нефропатия 5,010635 0,004951
условие 0,033902 0,000067
помогать 2,120264 0,002095
мочевина 4,317488 0,004266
умирать 5,010635 0,004951
отсутствовать 3,912023 0,003866
правда 0,040822 0,000040
пенициллин 5,010635 0,004951
думать 1,791759 0,003541
артериальный 4,317488 0,012799
беспокоить 4,317488 0,004266
пересдавать 5,010635 0,004951
кафедра 3,912023 0,003866
постоянно 2,525729 0,004992
принять 1,678431 0,001659
продаваться 3,912023 0,003866
риск 2,120264 0,002095
видеть 0,013423 0,000013
очень 1,347074 0,002662
миллион 1,347074 0,002662
наука 0,000000 0,000000
высокий 1,455287 0,004314
какой 1,203973 0,001190
стадия 3,912023 0,023194
доцент 3,912023 0,003866
произойти 1,791759 0,001771
