росфинмониторинг 4,317488 0,031746
бонус 0,047791 0,000351
среда 0,000000 0,000000
раскрытие 0,076161 0,000280
ру 0,000000 0,000000
банк 0,068993 0,000254
лента 0,000000 0,000000
редактор 0,556288 0,002045
новый 0,000000 0,000000
день 0,033902 0,000125
остаться 0,047791 0,000176
перемирие 0,076161 0,000280
эксклюзив 0,000000 0,000000
уволить 0,076161 0,000280
спорт 0,000000 0,000000
скидка 0,047791 0,000176
оштрафовать 3,912023 0,014382
тема 1,297063 0,004769
отвести 0,076161 0,000280
добро 0,013423 0,000148
согласие 0,047791 0,000176
путешествие 0,000000 0,000000
четыре 0,040822 0,000150
погружаться 0,047791 0,000176
сказать 1,919593 0,007057
петербург 3,218876 0,011834
увлекательный 0,047791 0,000176
использованияполитик 0,000000 0,000000
конфликт 0,061875 0,000227
конфиденциальностиправить 0,000000 0,000000
деактивировать 0,013423 0,000049
александр 1,373049 0,015144
пол 0,090654 0,000333
помощь 0,027029 0,000099
рекомендательный 0,000000 0,000000
вода 0,054808 0,000202
являться 1,714798 0,006304
уроженец 5,010635 0,018421
переговоры 0,047791 0,000176
всеследствие 2,525729 0,009286
фото 0,061875 0,000455
получать 0,033902 0,000125
минюст 3,401197 0,012504
политика 0,040822 0,000150
год 0,521999 0,003838
применение 0,000000 0,000000
хотеть 0,013423 0,000049
обратиться 0,076161 0,000280
санкт 3,218876 0,011834
суд 1,832581 0,006737
забота 0,000000 0,000000
коммерсантъ 2,708050 0,009956
сбер 0,040822 0,000150
пожаловать 0,013423 0,000049
супруг 2,931194 0,064659
трамп 0,054808 0,000202
работать 0,027029 0,000099
который 0,521999 0,001919
признать 1,484275 0,016371
ценность 0,000000 0,000000
крупный 0,054808 0,000403
мир 0,000000 0,000000
вернуться 0,006689 0,000025
лидия 5,010635 0,018421
индия 0,076161 0,000280
структура 0,000000 0,000000
невзоров 3,624341 0,133248
спецпроект 0,000000 0,000000
это 0,020203 0,000074
победа 0,000000 0,000000
судкриминалполиция 2,525729 0,009286
российский 0,033902 0,000249
украинский 0,047791 0,000176
белоус 0,076161 0,000280
прибыть 0,083382 0,000307
два 0,033902 0,000249
террористический 3,064725 0,045069
экстремисткий 3,624341 0,039974
обитание 0,000000 0,000000
октябрьский 5,010635 0,018421
бывший 0,000000 0,000000
жена 2,238047 0,008228
россия 0,000000 0,000000
интернет 0,000000 0,000000
новость 0,000000 0,000000
туристка 0,076161 0,000280
мотор 0,000000 0,000000
сми 0,000000 0,000000
митин 4,317488 0,015873
акция 0,047791 0,000176
маккартень 0,097980 0,000360
ооо 0,000000 0,000000
наслать 0,000000 0,000000
алексеевич 5,010635 0,018421
свой 0,020203 0,000074
жизнь 0,000000 0,000000
варвар 3,218876 0,011834
ранее 1,003302 0,003689
проблема 0,047791 0,000176
жилец 0,068993 0,000254
спецслужбыпреступный 2,525729 0,009286
предречь 0,076161 0,000560
жать 0,013423 0,000049
член 2,612740 0,009606
войти 0,000000 0,000000
гид 0,076161 0,000280
технологийминь 0,000000 0,000000
город 0,047791 0,000527
место 0,027029 0,000099
свет 0,054808 0,000202
регион 0,076161 0,000280
мс 0,097980 0,000360
сайт 2,931194 0,021553
американский 0,054808 0,000202
ведомство 2,066196 0,007596
рождение 3,218876 0,023668
март 0,040822 0,000300
военный 0,020203 0,000074
галерея 0,000000 0,000000
внешность 0,097980 0,000360
летний 0,047791 0,000176
рада 0,068993 0,000254
сотрудник 0,068993 0,000254
экономика 0,000000 0,000000
начаться 0,033902 0,000125
зеленский 0,054808 0,000403
иноагент 3,912023 0,014382
уход 0,076161 0,000280
опечатка 0,000000 0,000000
силовой 0,000000 0,000000
хороший 0,006689 0,000025
пляжный 0,097980 0,000360
спор 0,097980 0,000360
эмоция 0,047791 0,000176
сеть 0,090654 0,000333
вызвать 0,090654 0,000333
запретить 2,066196 0,015193
глебович 5,010635 0,018421
обычный 0,013423 0,000049
объединение 3,401197 0,087531
уроженка 5,010635 0,018421
выражать 0,047791 0,000351
конфиденциальность 0,047791 0,000176
читать 0,040822 0,000150
военнослужащий 0,068993 0,000254
накапливать 0,047791 0,000176
изнасиловать 0,076161 0,000280
продолжать 0,033902 0,000125
полиция 2,238047 0,008228
список 2,371578 0,034876
реальный 0,013423 0,000049
спецслужба 2,525729 0,009286
ссср 0,000000 0,000000
техника 0,000000 0,000000
тысяча 0,054808 0,000202
оценивать 0,047791 0,000176
внести 2,931194 0,043106
байконур 0,097980 0,000360
редакциярекламаконтактыпресс 0,000000 0,000000
коряк 5,010635 0,018421
затопить 0,076161 0,000280
видео 0,000000 0,000000
деятельность 2,931194 0,010776
игра 0,000000 0,000000
депутат 0,068993 0,000254
обменивать 0,047791 0,000176
минь 0,000000 0,000000
ленинград 4,317488 0,031746
прогресс 0,090654 0,000333
условие 0,033902 0,000249
ваш 0,047791 0,000176
главное 0,000000 0,000000
медитация 0,076161 0,000280
форма 0,061875 0,000227
правда 0,040822 0,000150
нажать 0,000000 0,000000
последний 0,083382 0,000307
дом 0,061875 0,000227
сообщаться 2,371578 0,008719
культура 0,000000 0,000000
обсудить 0,415515 0,001528
архив 0,000000 0,000000
видеть 0,013423 0,000049
реакция 0,047791 0,000351
статья 0,000000 0,000000
экстремистский 3,912023 0,028765
материал 0,000000 0,000000
наука 0,000000 0,000000
заявить 0,061875 0,000227
сша 0,040822 0,000150
