ру 0,000000 0,000000
банк 0,068993 0,000249
лента 0,000000 0,000000
новый 0,000000 0,000000
день 0,033902 0,000122
перемирие 0,076161 0,000275
спорт 0,000000 0,000000
знаменитость 3,624341 0,013084
отвести 0,076161 0,000275
добровинский 5,010635 0,054267
добро 0,013423 0,000145
согласие 0,047791 0,000173
путешествие 0,000000 0,000000
четыре 0,040822 0,000147
сердце 2,813411 0,010157
народный 2,708050 0,009776
конфликт 0,061875 0,000223
конфиденциальностиправить 0,000000 0,000000
александр 1,373049 0,004957
пол 0,090654 0,000327
помощь 0,027029 0,000098
человек 0,762140 0,002751
вода 0,054808 0,000198
фото 0,061875 0,000447
коттедж 5,010635 0,018089
политика 0,040822 0,000147
м 2,066196 0,007459
применение 0,000000 0,000000
отдел 0,579818 0,002093
известно 1,297063 0,014048
ценность 0,000000 0,000000
мир 0,000000 0,000000
вернуться 0,006689 0,000024
индия 0,076161 0,000275
структура 0,000000 0,000000
болгария 3,912023 0,014123
российский 0,033902 0,000245
обитание 0,000000 0,000000
бывший 0,000000 0,000000
небольшой 2,177422 0,007861
россия 0,000000 0,000000
интернет 0,000000 0,000000
маккартень 0,097980 0,000354
ооо 0,000000 0,000000
новгород 3,064725 0,011064
свой 0,020203 0,000073
ранее 1,003302 0,003622
проблема 0,047791 0,000173
данные 1,678431 0,006059
гид 0,076161 0,000275
технологийминь 0,000000 0,000000
город 0,047791 0,000173
оставлять 3,064725 0,022128
американский 0,054808 0,000198
знак 3,218876 0,011620
отец 1,919593 0,013860
галерея 0,000000 0,000000
внешность 0,097980 0,000354
сотрудник 0,068993 0,000249
начаться 0,033902 0,000122
зеленский 0,054808 0,000396
всегосэкономикабизнесрынкикапиталсоциальный 1,966113 0,007098
силовой 0,000000 0,000000
пляжный 0,097980 0,000354
эмоция 0,047791 0,000173
сеть 0,090654 0,000327
филипп 2,931194 0,031746
выражать 0,047791 0,000345
ташевскай 3,912023 0,014123
читать 0,040822 0,000147
военнослужащий 0,068993 0,000249
знать 1,576648 0,005692
накапливать 0,047791 0,000173
причина 1,484275 0,005358
оценивать 0,047791 0,000173
нижний 2,612740 0,009432
байконур 0,097980 0,000354
редакциярекламаконтактыпресс 0,000000 0,000000
видео 0,000000 0,000000
депутат 0,068993 0,000249
многомиллионный 4,317488 0,015587
богатый 3,624341 0,013084
прогресс 0,090654 0,000327
оценить 2,066196 0,007459
форма 0,061875 0,000223
нажать 0,000000 0,000000
последний 0,083382 0,000301
дом 0,061875 0,000223
провинция 3,912023 0,028246
московский 2,014903 0,007274
мой 2,371578 0,008562
дорогой 2,813411 0,010157
культура 0,000000 0,000000
обсудить 0,415515 0,001500
архив 0,000000 0,000000
статья 0,000000 0,000000
мерка 4,317488 0,015587
заявить 0,061875 0,000223
сша 0,040822 0,000147
недвижимость 3,064725 0,022128
бонус 0,047791 0,000345
среда 0,000000 0,000000
певец 2,813411 0,020313
раскрытие 0,076161 0,000275
редактор 0,556288 0,002008
остаться 0,047791 0,000518
эксклюзив 0,000000 0,000000
уволить 0,076161 0,000275
скидка 0,047791 0,000173
бедросом 5,010635 0,018089
москва 1,021651 0,007377
бедроса 3,912023 0,056491
оказаться 1,249435 0,004511
кончина 3,912023 0,014123
погружаться 0,047791 0,000173
имущество 3,624341 0,013084
климат 1,875141 0,006769
увлекательный 0,047791 0,000173
квартира 2,371578 0,025685
использованияполитик 0,000000 0,000000
средаклимат 1,966113 0,007098
деактивировать 0,013423 0,000048
загородный 5,010635 0,018089
рекомендательный 0,000000 0,000000
адвокат 3,912023 0,028246
переговоры 0,047791 0,000173
получать 0,033902 0,000122
сферанедвижимостьгородский 1,966113 0,007098
год 0,521999 0,001884
хотеть 0,013423 0,000048
обратиться 0,076161 0,000275
забота 0,000000 0,000000
сын 2,120264 0,007654
сбер 0,040822 0,000147
пожаловать 0,013423 0,000048
стать 0,499776 0,007217
работать 0,027029 0,000195
трамп 0,054808 0,000198
который 0,521999 0,001884
крупный 0,054808 0,000396
спецпроект 0,000000 0,000000
это 0,020203 0,000073
победа 0,000000 0,000000
украинский 0,047791 0,000173
белоус 0,076161 0,000275
два 0,033902 0,000367
прибыть 0,083382 0,000301
новость 0,000000 0,000000
туристка 0,076161 0,000275
мотор 0,000000 0,000000
сми 0,000000 0,000000
акция 0,047791 0,000173
остановка 2,525729 0,009118
наслать 0,000000 0,000000
остальной 2,612740 0,009432
жизнь 0,000000 0,000000
жилец 0,068993 0,000249
предречь 0,076161 0,000550
жать 0,013423 0,000048
войти 0,000000 0,000000
место 0,027029 0,000098
свет 0,054808 0,000198
регион 0,076161 0,000275
мс 0,097980 0,000354
киркоров 3,218876 0,092964
март 0,040822 0,000295
военный 0,020203 0,000073
летний 0,047791 0,000173
рада 0,068993 0,000249
экономика 0,000000 0,000000
нина 3,912023 0,014123
нечего 3,218876 0,023241
уход 0,076161 0,000275
опечатка 0,000000 0,000000
хороший 0,006689 0,000024
шикарный 4,317488 0,031173
спор 0,097980 0,000354
писать 1,752539 0,006327
вызвать 0,090654 0,000327
обычный 0,013423 0,000048
конфиденциальность 0,047791 0,000173
изнасиловать 0,076161 0,000275
продолжать 0,033902 0,000122
реальный 0,013423 0,000048
ссср 0,000000 0,000000
техника 0,000000 0,000000
тысяча 0,054808 0,000198
поделиться 2,708050 0,009776
наследство 3,624341 0,052337
артист 2,931194 0,010582
затопить 0,076161 0,000275
юрист 3,624341 0,013084
игра 0,000000 0,000000
обменивать 0,047791 0,000173
минь 0,000000 0,000000
условие 0,033902 0,000245
ваш 0,047791 0,000173
главное 0,000000 0,000000
старший 2,445686 0,008829
медитация 0,076161 0,000275
правда 0,040822 0,000147
видеть 0,013423 0,000048
экологияделовой 1,966113 0,007098
реакция 0,047791 0,000345
очень 1,347074 0,004863
материал 0,000000 0,000000
наука 0,000000 0,000000
