подача 4,317488 0,013577
ру 0,000000 0,000000
банк 0,068993 0,000217
лента 0,000000 0,000000
новый 0,000000 0,000000
день 0,033902 0,000640
перемирие 0,076161 0,000240
квартировладелец 5,010635 0,015757
спорт 0,000000 0,000000
собственник 5,010635 0,015757
местный 2,066196 0,006497
мочь 0,836248 0,007889
отвести 0,076161 0,000240
этот 1,427116 0,004488
добро 0,013423 0,000127
согласие 0,047791 0,000150
четыре 0,040822 0,000770
путешествие 0,000000 0,000000
конфликт 0,061875 0,000195
конфиденциальностиправить 0,000000 0,000000
талый 4,317488 0,027154
пол 0,090654 0,000285
помощь 0,027029 0,000085
вода 0,054808 0,000345
фото 0,061875 0,000389
политика 0,040822 0,000128
применение 0,000000 0,000000
потолок 4,317488 0,013577
электрик 5,010635 0,015757
новосибирск 5,010635 0,031513
снег 2,931194 0,018435
ценность 0,000000 0,000000
мир 0,000000 0,000000
вернуться 0,006689 0,000021
индия 0,076161 0,000240
ук 3,401197 0,021391
структура 0,000000 0,000000
восстановить 3,218876 0,010122
российский 0,033902 0,000533
житель 1,678431 0,005278
обитание 0,000000 0,000000
бывший 0,000000 0,000000
жилой 3,401197 0,010696
конец 1,643339 0,010335
россия 0,000000 0,000000
интернет 0,000000 0,000000
маккартень 0,097980 0,000308
ооо 0,000000 0,000000
свой 0,020203 0,000064
госжилинспекция 5,010635 0,015757
ранее 1,003302 0,003155
проблема 0,047791 0,000301
замкнуть 5,010635 0,015757
клабукова 5,010635 0,015757
январь 1,514128 0,004761
отключение 4,317488 0,013577
пообещать 2,931194 0,009218
гид 0,076161 0,000240
технологийминь 0,000000 0,000000
город 0,047791 0,000601
котовский 5,010635 0,015757
американский 0,054808 0,000172
галерея 0,000000 0,000000
протечка 5,010635 0,031513
внешность 0,097980 0,000308
сотрудник 0,068993 0,000217
начаться 0,033902 0,000107
зеленский 0,054808 0,000345
потоп 4,317488 0,013577
сидеть 2,612740 0,008216
работа 0,899761 0,002829
начать 1,139434 0,003583
всегосэкономикабизнесрынкикапиталсоциальный 1,966113 0,006183
увидеть 1,752539 0,005511
силовой 0,000000 0,000000
утро 3,064725 0,009638
пляжный 0,097980 0,000308
эмоция 0,047791 0,000150
сеть 0,090654 0,000285
дырявый 4,317488 0,027154
телефон 2,120264 0,006667
вдобавок 3,912023 0,012302
продолжиться 4,317488 0,013577
пока 1,678431 0,005278
выражать 0,047791 0,000301
читать 0,040822 0,000128
военнослужащий 0,068993 0,000217
накапливать 0,047791 0,000150
городской 3,401197 0,010696
жаловаться 3,218876 0,010122
оценивать 0,047791 0,000150
байконур 0,097980 0,000308
прецедент 4,317488 0,013577
редакциярекламаконтактыпресс 0,000000 0,000000
везде 3,912023 0,012302
видео 0,000000 0,000000
мера 2,445686 0,007691
депутат 0,068993 0,000217
прогресс 0,090654 0,000285
форма 0,061875 0,000195
целиком 3,912023 0,012302
нажать 0,000000 0,000000
дом 0,061875 0,001557
последний 0,083382 0,000262
крыша 3,912023 0,024604
коммуникация 3,624341 0,011397
культура 0,000000 0,000000
затапливать 5,010635 0,015757
пропасть 1,966113 0,006183
обсудить 0,415515 0,001307
архив 0,000000 0,000000
электричество 3,624341 0,022795
статья 0,000000 0,000000
заявить 0,061875 0,000195
ресурс 3,064725 0,009638
сша 0,040822 0,000128
отношение 1,226446 0,003857
недвижимость 3,064725 0,009638
бонус 0,047791 0,000301
среда 0,000000 0,000000
раскрытие 0,076161 0,000240
зарядить 4,317488 0,013577
говорить 1,160488 0,003649
остаться 0,047791 0,000601
эксклюзив 0,000000 0,000000
уволить 0,076161 0,000240
скидка 0,047791 0,000150
погружаться 0,047791 0,000150
администрация 2,931194 0,009218
климат 1,875141 0,005897
результат 1,347074 0,004236
увлекательный 0,047791 0,000150
квартира 2,371578 0,007458
использованияполитик 0,000000 0,000000
средаклимат 1,966113 0,006183
деактивировать 0,013423 0,000042
рекомендательный 0,000000 0,000000
переговоры 0,047791 0,000150
виктория 4,317488 0,013577
заверить 3,218876 0,010122
получать 0,033902 0,000107
сферанедвижимостьгородский 1,966113 0,006183
хотеть 0,013423 0,000042
обратиться 0,076161 0,000479
приходиться 2,931194 0,009218
забота 0,000000 0,000000
сбер 0,040822 0,000128
пожаловать 0,013423 0,000042
девятиэтажный 5,010635 0,015757
работать 0,027029 0,000170
решить 1,791759 0,005634
трамп 0,054808 0,000172
постоянный 2,371578 0,007458
обои 5,010635 0,015757
крупный 0,054808 0,000345
спецпроект 0,000000 0,000000
это 0,020203 0,000064
победа 0,000000 0,000000
украинский 0,047791 0,000150
привести 1,427116 0,004488
белоус 0,076161 0,000240
прибыть 0,083382 0,000262
два 0,033902 0,000213
новость 0,000000 0,000000
туристка 0,076161 0,000240
мотор 0,000000 0,000000
горожанин 3,624341 0,022795
сми 0,000000 0,000000
акция 0,047791 0,000150
наслать 0,000000 0,000000
жизнь 0,000000 0,000000
жилец 0,068993 0,001302
предречь 0,076161 0,000479
отслоиться 5,010635 0,015757
жать 0,013423 0,000042
войти 0,000000 0,000000
улица 2,302585 0,007241
свет 0,054808 0,001034
управлять 2,612740 0,008216
место 0,027029 0,000085
регион 0,076161 0,000240
мс 0,097980 0,000308
март 0,040822 0,000128
военный 0,020203 0,000064
летний 0,047791 0,000150
лишить 2,708050 0,008516
рада 0,068993 0,000217
экономика 0,000000 0,000000
уход 0,076161 0,000240
опечатка 0,000000 0,000000
каждый 1,576648 0,004958
хороший 0,006689 0,000021
спор 0,097980 0,000308
писать 1,752539 0,005511
проводка 5,010635 0,015757
вызвать 0,090654 0,000285
обычный 0,013423 0,000042
конфиденциальность 0,047791 0,000150
девятиэтажка 5,010635 0,015757
сливать 5,010635 0,015757
изнасиловать 0,076161 0,000240
продолжать 0,033902 0,000107
реальный 0,013423 0,000042
просохнуть 5,010635 0,015757
ссср 0,000000 0,000000
техника 0,000000 0,000000
тысяча 0,054808 0,000172
ремонт 5,010635 0,015757
натяжной 5,010635 0,015757
затопить 0,076161 0,000958
игра 0,000000 0,000000
потолочный 5,010635 0,015757
компания 1,714798 0,005392
подвижка 5,010635 0,015757
обменивать 0,047791 0,000150
минь 0,000000 0,000000
условие 0,033902 0,000213
ваш 0,047791 0,000150
главное 0,000000 0,000000
плитка 5,010635 0,015757
медитация 0,076161 0,000240
правда 0,040822 0,000128
срок 1,966113 0,006183
прокуратура 3,401197 0,010696
издание 2,238047 0,007038
обвалиться 5,010635 0,015757
новосибирец 5,010635 0,015757
принять 1,678431 0,005278
видеть 0,013423 0,000042
экологияделовой 1,966113 0,006183
реакция 0,047791 0,000301
материал 0,000000 0,000000
наука 0,000000 0,000000
трёхмесячный 5,010635 0,015757
