ру 0,000000 0,000000
банк 0,068993 0,000249
лента 0,000000 0,000000
новый 0,000000 0,000000
день 0,033902 0,000122
улыбка 4,317488 0,015587
перемирие 0,076161 0,000275
спорт 0,000000 0,000000
выйти 1,752539 0,006327
любить 2,177422 0,007861
чесноков 5,010635 0,018089
отвести 0,076161 0,000275
добро 0,013423 0,000145
согласие 0,047791 0,000173
путешествие 0,000000 0,000000
четыре 0,040822 0,000147
конфликт 0,061875 0,000223
конфиденциальностиправить 0,000000 0,000000
пол 0,090654 0,000327
помощь 0,027029 0,000098
вода 0,054808 0,000198
соответствовать 2,813411 0,010157
фото 0,061875 0,000447
политика 0,040822 0,000147
применение 0,000000 0,000000
ценность 0,000000 0,000000
мир 0,000000 0,000000
вернуться 0,006689 0,000024
публиковать 3,624341 0,013084
индия 0,076161 0,000275
структура 0,000000 0,000000
цвет 2,931194 0,010582
российский 0,033902 0,000367
обитание 0,000000 0,000000
бывший 0,000000 0,000000
россия 0,000000 0,000000
интернет 0,000000 0,000000
маккартень 0,097980 0,000354
ооо 0,000000 0,000000
свой 0,020203 0,000146
данный 2,445686 0,008829
кулаева 5,010635 0,018089
проблема 0,047791 0,000173
гид 0,076161 0,000275
технологийминь 0,000000 0,000000
город 0,047791 0,000173
цена 2,302585 0,008313
американский 0,054808 0,000198
видявленияроскошьличность 2,813411 0,010157
галерея 0,000000 0,000000
внешность 0,097980 0,000354
стоматолог 5,010635 0,036178
сотрудник 0,068993 0,000249
начаться 0,033902 0,000122
зеленский 0,054808 0,000396
коронка 5,010635 0,018089
силовой 0,000000 0,000000
пляжный 0,097980 0,000354
эмоция 0,047791 0,000173
сеть 0,090654 0,000327
исполнитель 3,218876 0,011620
выражать 0,047791 0,000345
читать 0,040822 0,000147
военнослужащий 0,068993 0,000249
накапливать 0,047791 0,000173
баста 5,010635 0,018089
вид 1,514128 0,005466
оценивать 0,047791 0,000173
байконур 0,097980 0,000354
редакциярекламаконтактыпресс 0,000000 0,000000
видео 0,000000 0,000000
резец 5,010635 0,018089
обновить 3,912023 0,028246
зуб 2,525729 0,045591
депутат 0,068993 0,000249
прогресс 0,090654 0,000327
шляпа 3,912023 0,014123
форма 0,061875 0,000223
нажать 0,000000 0,000000
последний 0,083382 0,000301
дом 0,061875 0,000223
винир 5,010635 0,036178
культура 0,000000 0,000000
всестильвнешний 2,813411 0,010157
обсудить 0,415515 0,001500
архив 0,000000 0,000000
статья 0,000000 0,000000
обновлять 5,010635 0,018089
заявить 0,061875 0,000670
сша 0,040822 0,000147
выше 3,064725 0,011064
бонус 0,047791 0,000345
среда 0,000000 0,000000
певец 2,813411 0,020313
раскрытие 0,076161 0,000275
остаться 0,047791 0,000173
эксклюзив 0,000000 0,000000
уволить 0,076161 0,000275
скидка 0,047791 0,000173
комментарий 1,427116 0,005152
врач 2,066196 0,007459
алина 3,401197 0,012279
погружаться 0,047791 0,000173
увлекательный 0,047791 0,000173
кусаться 5,010635 0,018089
использованияполитик 0,000000 0,000000
риа 1,272966 0,004596
ноябрь 2,014903 0,007274
екатерина 2,612740 0,028297
деактивировать 0,013423 0,000048
рекомендательный 0,000000 0,000000
признаться 3,401197 0,024557
белый 1,609438 0,005810
переговоры 0,047791 0,000173
митя 3,624341 0,039253
пиджак 4,317488 0,015587
получать 0,033902 0,000122
год 0,521999 0,001884
хотеть 0,013423 0,000048
обратиться 0,076161 0,000275
забота 0,000000 0,000000
сбер 0,040822 0,000147
пожаловать 0,013423 0,000048
исполнительный 4,317488 0,015587
трамп 0,054808 0,000198
работать 0,027029 0,000098
который 0,521999 0,001884
поэтому 1,966113 0,007098
крупный 0,054808 0,000396
группа 1,514128 0,005466
спецпроект 0,000000 0,000000
это 0,020203 0,000146
победа 0,000000 0,000000
украинский 0,047791 0,000173
белоус 0,076161 0,000275
прибыть 0,083382 0,000301
два 0,033902 0,000245
выбрать 2,612740 0,009432
новость 0,000000 0,000000
туристка 0,076161 0,000275
мотор 0,000000 0,000000
случай 1,484275 0,005358
сми 0,000000 0,000000
акция 0,047791 0,000173
наслать 0,000000 0,000000
жизнь 0,000000 0,000000
жилец 0,068993 0,000249
предречь 0,076161 0,000550
жать 0,013423 0,000048
войти 0,000000 0,000000
свет 0,054808 0,000396
место 0,027029 0,000098
регион 0,076161 0,000275
мс 0,097980 0,000354
март 0,040822 0,000147
военный 0,020203 0,000073
летний 0,047791 0,000345
гнатолог 5,010635 0,018089
аверин 5,010635 0,018089
рада 0,068993 0,000249
экономика 0,000000 0,000000
канал 1,791759 0,006468
уход 0,076161 0,000275
опечатка 0,000000 0,000000
рубль 1,514128 0,016398
периодически 3,218876 0,011620
фомин 3,624341 0,065421
хороший 0,006689 0,000024
спор 0,097980 0,000354
ортопед 5,010635 0,018089
вызвать 0,090654 0,000327
звездача 5,010635 0,018089
внешний 2,525729 0,009118
обычный 0,013423 0,000048
звезда 1,919593 0,013860
конфиденциальность 0,047791 0,000173
составить 2,813411 0,020313
общий 1,714798 0,006191
изнасиловать 0,076161 0,000275
продолжать 0,033902 0,000122
реальный 0,013423 0,000048
ссср 0,000000 0,000000
техника 0,000000 0,000000
тысяча 0,054808 0,000198
ештокина 5,010635 0,018089
артист 2,931194 0,010582
продемонстрировать 3,912023 0,014123
затопить 0,076161 0,000275
игра 0,000000 0,000000
обменивать 0,047791 0,000173
минь 0,000000 0,000000
условие 0,033902 0,000245
ваш 0,047791 0,000173
главное 0,000000 0,000000
медитация 0,076161 0,000275
правда 0,040822 0,000147
стоимость 2,238047 0,048478
рубашка 3,912023 0,014123
раскрыть 1,643339 0,023731
видеть 0,013423 0,000048
реакция 0,047791 0,000345
миллион 1,347074 0,014589
материал 0,000000 0,000000
наука 0,000000 0,000000
достигать 4,317488 0,015587
