ру 0,000000 0,000000
банк 0,068993 0,000202
лента 0,000000 0,000000
новый 0,000000 0,000000
день 0,033902 0,000099
патология 4,317488 0,025248
перемирие 0,076161 0,000223
спорт 0,000000 0,000000
рот 2,708050 0,047510
дыхательный 4,317488 0,012624
отвести 0,076161 0,000223
добро 0,013423 0,000118
согласие 0,047791 0,000140
путешествие 0,000000 0,000000
четыре 0,040822 0,000119
конфликт 0,061875 0,000181
конфиденциальностиправить 0,000000 0,000000
пол 0,090654 0,000265
помощь 0,027029 0,000079
декабрь 1,966113 0,005749
отметить 1,399717 0,004093
человек 0,762140 0,006685
вода 0,054808 0,000160
фото 0,061875 0,000362
тяжёлый 1,791759 0,005239
моча 4,317488 0,012624
политика 0,040822 0,000119
применение 0,000000 0,000000
отнести 4,317488 0,012624
нога 2,302585 0,006733
всепитание 3,401197 0,009945
лекарство 2,931194 0,008571
запах 3,218876 0,084707
аппетит 5,010635 0,014651
иммунный 5,010635 0,014651
шило 4,317488 0,037873
отдел 0,579818 0,001695
ценность 0,000000 0,000000
мир 0,000000 0,000000
вернуться 0,006689 0,000020
снижение 2,612740 0,007640
индия 0,076161 0,000223
структура 0,000000 0,000000
распознать 3,624341 0,031792
российский 0,033902 0,000198
обитание 0,000000 0,000000
богатырёв 5,010635 0,014651
бывший 0,000000 0,000000
россия 0,000000 0,000000
интернет 0,000000 0,000000
оболочка 5,010635 0,014651
маккартень 0,097980 0,000286
ооо 0,000000 0,000000
обрядин 5,010635 0,014651
обычно 3,218876 0,009412
свой 0,020203 0,000059
ранее 1,003302 0,002934
проблема 0,047791 0,000559
назвать 1,021651 0,008962
гид 0,076161 0,000223
технологийминь 0,000000 0,000000
город 0,047791 0,000140
связать 2,066196 0,006042
американский 0,054808 0,000160
галерея 0,000000 0,000000
внешность 0,097980 0,000286
сотрудник 0,068993 0,000202
начаться 0,033902 0,000099
другой 1,059392 0,003098
вред 3,624341 0,010597
зеленский 0,054808 0,000321
изменение 2,612740 0,007640
переставать 4,317488 0,012624
симптом 3,624341 0,021195
пассивный 5,010635 0,014651
силовой 0,000000 0,000000
показать 1,484275 0,004340
пляжный 0,097980 0,000286
эмоция 0,047791 0,000140
сеть 0,090654 0,000265
кандидат 3,401197 0,009945
требоваться 3,064725 0,008961
чёрный 1,919593 0,005613
почка 3,401197 0,049725
однако 1,249435 0,003653
себя 2,014903 0,005892
выражать 0,047791 0,000279
серьёзный 2,302585 0,006733
число 1,226446 0,003586
почечный 4,317488 0,037873
читать 0,040822 0,000119
военнослужащий 0,068993 0,000202
накапливать 0,047791 0,000140
кроме 1,427116 0,004173
слизистый 5,010635 0,014651
жаловаться 3,218876 0,009412
польза 2,612740 0,007640
оценивать 0,047791 0,000140
байконур 0,097980 0,000286
редакциярекламаконтактыпресс 0,000000 0,000000
видео 0,000000 0,000000
путь 2,066196 0,006042
мочить 4,317488 0,012624
масло 3,218876 0,009412
депутат 0,068993 0,000202
прогресс 0,090654 0,000265
указывать 3,218876 0,018824
форма 0,061875 0,000181
нажать 0,000000 0,000000
последний 0,083382 0,000244
дом 0,061875 0,000181
культура 0,000000 0,000000
обсудить 0,415515 0,001215
архив 0,000000 0,000000
валерий 3,218876 0,009412
обмен 2,371578 0,006934
накопление 4,317488 0,012624
описывать 3,624341 0,010597
статья 0,000000 0,000000
справляться 3,064725 0,008961
азотистый 5,010635 0,014651
заявить 0,061875 0,000362
сша 0,040822 0,000119
организм 3,064725 0,008961
запустить 2,302585 0,006733
из 3,401197 0,059670
бонус 0,047791 0,000279
среда 0,000000 0,000000
раскрытие 0,076161 0,000223
говорить 1,160488 0,003393
недостаточность 4,317488 0,037873
нефролог 4,317488 0,037873
редактор 0,556288 0,001627
подобный 2,120264 0,006200
ранний 2,120264 0,006200
остаться 0,047791 0,000140
артур 5,010635 0,014651
эксклюзив 0,000000 0,000000
уволить 0,076161 0,000223
сонуход 3,401197 0,009945
напоминать 3,401197 0,009945
скидка 0,047791 0,000140
пространствоментальный 3,401197 0,009945
специфический 3,912023 0,011439
тема 1,297063 0,003793
объяснить 1,484275 0,004340
врач 2,066196 0,030208
погружаться 0,047791 0,000140
смерть 1,919593 0,005613
увлекательный 0,047791 0,000140
использованияполитик 0,000000 0,000000
лицо 1,966113 0,005749
деактивировать 0,013423 0,000039
предупредить 2,302585 0,006733
рекомендательный 0,000000 0,000000
отёк 5,010635 0,014651
переговоры 0,047791 0,000140
получать 0,033902 0,000099
хотеть 0,013423 0,000039
обратиться 0,076161 0,000223
тмин 5,010635 0,014651
забота 0,000000 0,000000
сбер 0,040822 0,000119
пожаловать 0,013423 0,000039
диализ 4,317488 0,012624
медицинский 3,064725 0,008961
трамп 0,054808 0,000160
работать 0,027029 0,000079
который 0,521999 0,001526
выведение 4,317488 0,012624
токсичный 3,912023 0,011439
наталья 3,218876 0,009412
крупный 0,054808 0,000321
спецпроект 0,000000 0,000000
это 0,020203 0,000118
победа 0,000000 0,000000
украинский 0,047791 0,000140
слово 0,820981 0,002401
белоус 0,076161 0,000223
прибыть 0,083382 0,000244
два 0,033902 0,000198
рассказать 0,985284 0,002881
новость 0,000000 0,000000
туристка 0,076161 0,000223
мотор 0,000000 0,000000
сми 0,000000 0,000000
акция 0,047791 0,000140
наслать 0,000000 0,000000
такой 1,003302 0,002934
сентябрь 2,525729 0,007385
неприятный 3,401197 0,009945
жизнь 0,000000 0,000000
жилец 0,068993 0,000202
предречь 0,076161 0,000445
жать 0,013423 0,000039
войти 0,000000 0,000000
место 0,027029 0,000079
свет 0,054808 0,000160
регион 0,076161 0,000223
мс 0,097980 0,000286
март 0,040822 0,000119
пересадка 4,317488 0,012624
военный 0,020203 0,000059
летний 0,047791 0,000140
рада 0,068993 0,000202
экономика 0,000000 0,000000
уролог 4,317488 0,012624
уход 0,076161 0,000445
опечатка 0,000000 0,000000
кровь 2,612740 0,015279
хороший 0,006689 0,000020
спор 0,097980 0,000286
неочевидный 3,624341 0,010597
собойокружающий 3,401197 0,009945
вызвать 0,090654 0,000265
аммиачный 5,010635 0,029302
появление 2,813411 0,008226
обычный 0,013423 0,000039
конфиденциальность 0,047791 0,000140
орган 2,177422 0,006367
изнасиловать 0,076161 0,000223
болезнь 2,931194 0,025712
продолжать 0,033902 0,000099
здоровьеотношение 3,401197 0,009945
реальный 0,013423 0,000039
вещество 2,612740 0,007640
андролог 5,010635 0,014651
ссср 0,000000 0,000000
техника 0,000000 0,000000
тысяча 0,054808 0,000160
соединение 3,624341 0,010597
вопрос 1,021651 0,002987
появляться 2,612740 0,007640
затопить 0,076161 0,000223
игра 0,000000 0,000000
обменивать 0,047791 0,000140
минь 0,000000 0,000000
условие 0,033902 0,000198
ваш 0,047791 0,000140
главное 0,000000 0,000000
мочевина 4,317488 0,012624
медитация 0,076161 0,000223
правда 0,040822 0,000119
кто 2,066196 0,006042
видеть 0,013423 0,000039
реакция 0,047791 0,000279
иммунизация 5,010635 0,014651
способ 1,919593 0,016839
выводиться 5,010635 0,014651
материал 0,000000 0,000000
наука 0,000000 0,000000
стадия 3,912023 0,022877
наличие 3,401197 0,009945
продукт 2,120264 0,006200
