ру 0,000000 0,000000
банк 0,068993 0,000190
автоследование 5,010635 0,006892
новый 0,000000 0,000000
данилов 5,010635 0,034461
день 0,033902 0,000047
юаневыя 5,010635 0,006892
найти 1,678431 0,002309
перемирие 0,076161 0,000105
инвестор 5,010635 0,048245
полугодие 5,010635 0,006892
советник 2,931194 0,008064
санкция 2,014903 0,002772
выйти 1,752539 0,002411
переток 5,010635 0,006892
отвести 0,076161 0,000105
ставка 3,064725 0,046371
добро 0,013423 0,000055
согласие 0,047791 0,000066
путешествие 0,000000 0,000000
важный 1,875141 0,005159
пойти 2,120264 0,002916
годовой 3,624341 0,004985
конфликт 0,061875 0,000170
пол 0,090654 0,000125
помощь 0,027029 0,000037
готовность 2,931194 0,004032
прибавить 5,010635 0,006892
человек 0,762140 0,001048
вода 0,054808 0,000075
фото 0,061875 0,000511
политика 0,040822 0,000112
полгода 2,525729 0,006948
депозит 5,010635 0,006892
средство 2,371578 0,003262
скачать 5,010635 0,006892
мир 0,000000 0,000000
конкретный 3,064725 0,004216
мосбиржа 5,010635 0,027569
индия 0,076161 0,000105
технологичный 5,010635 0,006892
структура 0,000000 0,000000
шаг 2,371578 0,003262
входить 2,931194 0,004032
опытный 2,813411 0,003870
котировка 5,010635 0,006892
бывший 0,000000 0,000000
время 0,693147 0,001907
конец 1,643339 0,002260
называть 1,791759 0,002465
денежный 3,401197 0,004678
маккартень 0,097980 0,000135
ооо 0,000000 0,000000
сильный 1,678431 0,002309
ситуация 1,484275 0,002042
проблема 0,047791 0,000066
причём 2,708050 0,003725
составлять 2,302585 0,006334
также 0,762140 0,002097
сергей 2,525729 0,013897
индивидуальный 3,064725 0,004216
технологийминь 0,000000 0,000000
украина 0,805943 0,001109
город 0,047791 0,000066
легко 2,813411 0,003870
региональный 3,401197 0,004678
актив 3,064725 0,004216
галерея 0,000000 0,000000
шанс 2,931194 0,004032
внешность 0,097980 0,000135
вырасти 2,371578 0,003262
начаться 0,033902 0,000047
вложить 4,317488 0,005939
начать 1,139434 0,006269
изменение 2,612740 0,003594
всегосэкономикабизнесрынкикапиталсоциальный 1,966113 0,002704
силовой 0,000000 0,000000
пляжный 0,097980 0,000135
обеспечивать 2,813411 0,003870
ключевой 2,445686 0,020184
миллиард 2,612740 0,007188
банковский 2,813411 0,007740
цб 5,010635 0,006892
порядок 2,066196 0,002842
выражать 0,047791 0,000131
акционер 3,624341 0,004985
читать 0,040822 0,000056
оценивать 0,047791 0,000066
поддержка 2,371578 0,003262
байконур 0,097980 0,000135
редакциярекламаконтактыпресс 0,000000 0,000000
видео 0,000000 0,000000
пример 2,371578 0,003262
триллион 5,010635 0,006892
пополнять 5,010635 0,006892
существенный 3,912023 0,005381
последний 0,083382 0,000115
выпустить 2,238047 0,003078
некоторый 1,576648 0,002169
момент 1,399717 0,005776
обсудить 0,415515 0,000572
архив 0,000000 0,000000
рассчитывать 3,624341 0,004985
геополитический 3,624341 0,009971
фондовый 3,912023 0,021524
привлекательный 3,624341 0,004985
ликвидность 5,010635 0,006892
заявить 0,061875 0,000085
сша 0,040822 0,000112
комбинация 4,317488 0,011878
бонус 0,047791 0,000131
среда 0,000000 0,000000
раскрытие 0,076161 0,000105
пояснять 3,624341 0,004985
говорить 1,160488 0,003193
делать 1,752539 0,002411
валютный 5,010635 0,006892
среди 1,714798 0,007076
остаться 0,047791 0,000066
налог 5,010635 0,006892
комфортный 3,624341 0,004985
эксклюзив 0,000000 0,000000
уволить 0,076161 0,000105
послать 3,064725 0,004216
качество 1,832581 0,002521
скидка 0,047791 0,000066
вычет 5,010635 0,006892
погружаться 0,047791 0,000066
отдача 5,010635 0,006892
климат 1,875141 0,002579
отдельный 2,525729 0,003474
опыт 2,813411 0,003870
средаклимат 1,966113 0,002704
рынок 1,609438 0,017710
вклад 3,218876 0,026566
новичок 3,624341 0,004985
дивидендный 5,010635 0,006892
являться 1,714798 0,002359
дисконт 3,624341 0,004985
получать 0,033902 0,000047
сферанедвижимостьгородский 1,966113 0,002704
наоборот 2,813411 0,003870
хотеть 0,013423 0,000018
увеличивать 3,912023 0,005381
облигация 5,010635 0,068922
перейти 2,445686 0,003364
счёт 2,708050 0,014900
достаточно 2,813411 0,003870
вырост 5,010635 0,006892
работать 0,027029 0,000037
возможно 2,813411 0,003870
потенциал 3,401197 0,004678
иис 5,010635 0,006892
десятка 2,302585 0,003167
спецпроект 0,000000 0,000000
это 0,020203 0,000167
украинский 0,047791 0,000066
рост 1,791759 0,007394
два 0,033902 0,000140
процент 1,678431 0,011544
ограничить 3,912023 0,005381
новость 0,000000 0,000000
вполне 2,813411 0,003870
туристка 0,076161 0,000105
мотор 0,000000 0,000000
привлекать 2,813411 0,003870
долгосрочный 3,912023 0,010762
начинаться 2,931194 0,008064
наслать 0,000000 0,000000
удачный 3,912023 0,010762
доступный 2,708050 0,007450
жизнь 0,000000 0,000000
жать 0,013423 0,000018
войти 0,000000 0,000000
паевой 5,010635 0,006892
защита 2,371578 0,003262
охлаждение 3,624341 0,004985
уход 0,076161 0,000105
директор 2,445686 0,003364
рубль 1,514128 0,004165
восстановление 3,218876 0,004428
хороший 0,006689 0,000028
спор 0,097980 0,000135
добавить 1,966113 0,002704
окно 3,624341 0,004985
инфляция 4,317488 0,011878
готовиться 2,371578 0,003262
значит 3,218876 0,004428
обычный 0,013423 0,000018
разумно 4,317488 0,005939
конфиденциальность 0,047791 0,000066
общий 1,714798 0,002359
изнасиловать 0,076161 0,000105
продолжать 0,033902 0,000047
первый 0,883501 0,004861
ссср 0,000000 0,000000
техника 0,000000 0,000000
максимизировать 5,010635 0,006892
февраль 1,160488 0,001596
открыть 2,371578 0,003262
вложение 5,010635 0,013784
игра 0,000000 0,000000
зашить 5,010635 0,006892
компания 1,714798 0,011794
минь 0,000000 0,000000
клиент 2,813411 0,007740
кредитный 5,010635 0,013784
купон 4,317488 0,011878
умудрить 5,010635 0,006892
ваш 0,047791 0,000066
главное 0,000000 0,000000
медитация 0,076161 0,000105
срок 1,966113 0,002704
зафиксировать 3,624341 0,009971
позволять 2,177422 0,008985
предпочтение 3,624341 0,004985
экологияделовой 1,966113 0,002704
использование 2,813411 0,003870
реакция 0,047791 0,000131
самый 0,883501 0,002431
материал 0,000000 0,000000
выбирать 3,218876 0,004428
позитивный 3,401197 0,004678
аналитик 3,401197 0,004678
ценный 3,624341 0,019941
снижаться 3,064725 0,012647
полагать 2,445686 0,003364
отмечать 1,966113 0,002704
лента 0,000000 0,000000
распределить 3,912023 0,005381
диалог 2,813411 0,003870
спорт 0,000000 0,000000
отечественный 2,445686 0,006728
месяц 1,714798 0,002359
мочь 0,836248 0,004601
сам 1,226446 0,001687
четыре 0,040822 0,000056
приложение 3,218876 0,004428
еврооблигация 5,010635 0,006892
уверить 3,064725 0,004216
урегулирование 2,238047 0,003078
далёкий 2,525729 0,003474
конфиденциальностиправить 0,000000 0,000000
сохранить 2,302585 0,006334
рекордный 3,912023 0,005381
основной 2,813411 0,003870
фиксировать 4,317488 0,023755
демонтаж 5,010635 0,006892
применение 0,000000 0,000000
призвать 1,791759 0,002465
персональный 3,912023 0,005381
эмитент 5,010635 0,020677
зарабатывать 3,064725 0,004216
позволить 3,218876 0,004428
готовый 1,791759 0,002465
важно 2,302585 0,003167
доходность 5,010635 0,041353
ценность 0,000000 0,000000
вернуться 0,006689 0,000009
снижение 2,612740 0,014375
очередь 2,014903 0,002772
купонный 5,010635 0,006892
упустить 5,010635 0,006892
российский 0,033902 0,000187
цель 1,875141 0,005159
обитание 0,000000 0,000000
чувствовать 2,445686 0,003364
россия 0,000000 0,000000
интернет 0,000000 0,000000
инвестиционный 4,317488 0,017816
го 2,302585 0,003167
грамотный 4,317488 0,005939
сокращать 4,317488 0,005939
свой 0,020203 0,000083
биржа 4,317488 0,005939
убедиться 3,912023 0,005381
платить 2,813411 0,003870
гид 0,076161 0,000105
объём 3,218876 0,004428
услуга 2,813411 0,003870
доля 3,624341 0,004985
американский 0,054808 0,000075
сотрудник 0,068993 0,000095
зеленский 0,054808 0,000151
работа 0,899761 0,001238
давать 1,875141 0,002579
оставаться 1,875141 0,005159
эмоция 0,047791 0,000066
ожидание 2,931194 0,004032
скорее 2,708050 0,003725
сеть 0,090654 0,000249
проконсультироваться 5,010635 0,006892
суммарно 5,010635 0,006892
собственный 2,525729 0,003474
индекс 4,317488 0,011878
пока 1,678431 0,002309
складываться 3,624341 0,004985
нередко 5,010635 0,006892
число 1,226446 0,001687
военнослужащий 0,068993 0,000095
знать 1,576648 0,002169
накапливать 0,047791 0,000066
доходный 5,010635 0,006892
адекватный 3,912023 0,005381
фундаментальный 4,317488 0,005939
постепенный 4,317488 0,005939
доход 2,445686 0,010092
гунеев 5,010635 0,006892
щедрый 3,624341 0,004985
впереди 3,624341 0,004985
эксперт 1,966113 0,008113
депутат 0,068993 0,000095
бизнес 2,371578 0,003262
прогресс 0,090654 0,000125
замедление 5,010635 0,006892
форма 0,061875 0,000085
нажать 0,000000 0,000000
дом 0,061875 0,000085
культура 0,000000 0,000000
намного 4,317488 0,005939
подытоживать 5,010635 0,006892
статья 0,000000 0,000000
инвестпортфель 5,010635 0,013784
любой 2,120264 0,002916
бумага 4,317488 0,041571
многие 1,714798 0,002359
получить 1,059392 0,001457
компонент 3,401197 0,009357
фон 2,371578 0,006524
повышение 3,624341 0,004985
план 1,875141 0,002579
покупка 2,525729 0,003474
сервис 2,445686 0,003364
холдинг 4,317488 0,005939
фактор 2,931194 0,004032
поступать 3,218876 0,004428
инвестиция 2,931194 0,020160
разворот 5,010635 0,006892
около 1,678431 0,002309
ловить 3,624341 0,004985
надолго 3,401197 0,004678
увлекательный 0,047791 0,000066
портфель 5,010635 0,006892
использованияполитик 0,000000 0,000000
бкс 5,010635 0,034461
риа 1,272966 0,001751
деактивировать 0,013423 0,000018
рекомендательный 0,000000 0,000000
исключать 4,317488 0,005939
переговоры 0,047791 0,000066
актуальный 3,401197 0,004678
год 0,521999 0,006462
обратиться 0,076161 0,000105
вперёд 2,931194 0,004032
приходиться 2,931194 0,004032
забота 0,000000 0,000000
максимум 3,912023 0,005381
брокерский 5,010635 0,013784
сбер 0,040822 0,000056
пожаловать 0,013423 0,000018
квартал 4,317488 0,005939
трамп 0,054808 0,000075
который 0,521999 0,003590
идея 1,714798 0,002359
поэтому 1,966113 0,002704
надёжность 4,317488 0,005939
крупный 0,054808 0,000151
например 1,791759 0,002465
перспектива 2,371578 0,009786
потребительский 3,912023 0,005381
победа 0,000000 0,000000
корпоративный 3,624341 0,014956
выплата 3,624341 0,004985
подобрать 3,912023 0,005381
уверенный 2,445686 0,003364
белоус 0,076161 0,000105
прибыть 0,083382 0,000115
рассказать 0,985284 0,001355
последовать 3,064725 0,004216
текущий 2,525729 0,006948
сегодня 1,643339 0,004521
взамен 5,010635 0,006892
повышенный 3,401197 0,004678
улучшить 3,624341 0,004985
инструмент 3,401197 0,014035
случай 1,484275 0,004083
сми 0,000000 0,000000
акция 0,047791 0,000592
такой 1,003302 0,001380
сбережение 3,912023 0,005381
вниз 3,401197 0,009357
налоговый 5,010635 0,006892
геополитика 5,010635 0,006892
жилец 0,068993 0,000095
дивиденд 3,912023 0,005381
несколько 1,226446 0,003374
бонд 4,317488 0,005939
предречь 0,076161 0,000210
динамика 3,912023 0,005381
начало 1,399717 0,005776
место 0,027029 0,000037
свет 0,054808 0,000075
сохраняться 4,317488 0,005939
регион 0,076161 0,000105
оптимальный 3,912023 0,010762
решение 1,544899 0,004250
мс 0,097980 0,000135
кредитование 5,010635 0,006892
март 0,040822 0,000056
военный 0,020203 0,000028
летний 0,047791 0,000066
крайне 3,401197 0,004678
пик 5,010635 0,006892
фонд 3,064725 0,008431
рада 0,068993 0,000095
экономика 0,000000 0,000000
достигнуть 2,302585 0,009502
свежий 3,912023 0,005381
тот 1,427116 0,001963
использовать 1,919593 0,002640
опечатка 0,000000 0,000000
надёжный 3,401197 0,004678
каждый 1,576648 0,002169
отправиться 2,445686 0,003364
невыразительный 5,010635 0,006892
замещать 5,010635 0,006892
вызвать 0,090654 0,000125
уровень 1,643339 0,004521
финансовый 2,813411 0,019349
реальный 0,013423 0,000018
тысяча 0,054808 0,000075
целесообразно 4,317488 0,005939
статистика 3,912023 0,005381
затопить 0,076161 0,000105
обменивать 0,047791 0,000066
низкий 2,813411 0,003870
условие 0,033902 0,000093
помогать 2,120264 0,002916
возможность 1,714798 0,011794
правда 0,040822 0,000056
диверсификация 5,010635 0,006892
стоимость 2,238047 0,003078
немой 2,371578 0,003262
риск 2,120264 0,005833
видеть 0,013423 0,000018
физлицо 5,010635 0,006892
очень 1,347074 0,001853
улучшение 3,401197 0,004678
миллион 1,347074 0,003706
высокий 1,455287 0,012011
наука 0,000000 0,000000
какой 1,203973 0,003312
подбор 5,010635 0,006892
признак 2,612740 0,003594
продукт 2,120264 0,002916
второй 1,643339 0,004521
заранее 3,624341 0,004985
