состояться 2,014903 0,001317
поездка 2,931194 0,001916
метро 2,931194 0,001916
ру 0,000000 0,000000
банк 0,068993 0,000045
бензин 3,401197 0,002223
оснащение 3,624341 0,002369
день 0,033902 0,000066
лишиться 2,445686 0,001598
санкция 2,014903 0,003951
любить 2,177422 0,001423
отвести 0,076161 0,000050
попросить 2,445686 0,003197
согласие 0,047791 0,000031
путешествие 0,000000 0,000000
народный 2,708050 0,001770
заявление 2,066196 0,001350
жениться 3,218876 0,002104
удивлять 2,931194 0,001916
пол 0,090654 0,000059
проиграть 2,445686 0,001598
вода 0,054808 0,000072
человек 0,762140 0,000498
реклама 2,525729 0,006603
фото 0,061875 0,000040
отказаться 1,832581 0,002396
десятилетие 2,931194 0,001916
взрыв 2,302585 0,001505
разговор 1,160488 0,004551
наркоторговец 3,218876 0,002104
иностранный 1,919593 0,003764
суд 1,832581 0,003593
миллиардер 3,218876 0,002104
область 1,272966 0,008320
запах 3,218876 0,002104
многодетный 3,912023 0,002557
суп 2,708050 0,001770
наплыв 3,624341 0,002369
обвинять 2,525729 0,003302
индия 0,076161 0,000050
запад 1,919593 0,002509
весь 1,078810 0,003526
пройти 1,427116 0,001866
невзоров 3,624341 0,002369
распознать 3,624341 0,002369
житель 1,678431 0,002194
ус 2,931194 0,001916
драка 3,064725 0,002003
записывать 3,624341 0,002369
готовить 2,445686 0,001598
сильный 1,678431 0,001097
проблема 0,047791 0,000187
ситуация 1,484275 0,000970
главный 1,272966 0,001664
данные 1,678431 0,001097
турецкий 2,931194 0,001916
потребовать 2,445686 0,004795
туда 2,813411 0,001839
появиться 1,373049 0,002692
технологийминь 0,000000 0,000000
украина 0,805943 0,007375
паника 3,064725 0,002003
лукашенко 2,813411 0,001839
подробность 2,066196 0,002701
мебель 3,624341 0,002369
корабль 2,931194 0,001916
пытаться 1,347074 0,001761
россиянин 1,321756 0,006047
вызывающий 2,931194 0,001916
сначала 2,445686 0,003197
территория 1,609438 0,001052
начать 1,139434 0,002234
добрый 2,525729 0,001651
силовой 0,000000 0,000000
обожать 2,813411 0,001839
лётчик 2,931194 0,001916
заняться 2,813411 0,001839
рисковать 2,813411 0,001839
реанимация 3,401197 0,002223
инна 3,218876 0,008415
скрываться 2,525729 0,003302
массировать 2,931194 0,001916
цыган 3,912023 0,002557
почка 3,401197 0,002223
подруга 2,708050 0,001770
мирный 1,966113 0,005140
орёл 3,912023 0,002557
кубань 3,064725 0,004006
изменить 2,066196 0,001350
дрожать 2,931194 0,005747
приостановить 2,708050 0,001770
посоветовать 2,612740 0,001708
байконур 0,097980 0,000064
поддержка 2,371578 0,001550
один 0,836248 0,002186
неприемлемость 3,218876 0,002104
отставка 3,064725 0,002003
футболист 2,931194 0,003832
назло 3,064725 0,002003
громкий 2,708050 0,001770
выход 2,120264 0,001386
россиянка 1,875141 0,007353
едва 2,177422 0,002846
возродить 3,912023 0,002557
сторона 1,321756 0,000864
журналист 1,966113 0,001285
бежать 2,813411 0,001839
архив 0,000000 0,000000
неразлучный 3,064725 0,002003
заявить 0,061875 0,000121
сша 0,040822 0,000160
лидер 1,347074 0,001761
пошутить 2,931194 0,003832
раскрытие 0,076161 0,000050
говорить 1,160488 0,002275
продвижение 2,931194 0,001916
росгвардеец 3,401197 0,002223
врач 2,066196 0,001350
сдэк 4,317488 0,005644
погружаться 0,047791 0,000031
новостивсе 4,317488 0,002822
соблюдение 2,813411 0,001839
выглядеть 1,752539 0,001145
команда 1,919593 0,001255
закуска 3,624341 0,002369
вклад 3,218876 0,002104
ликвидировать 3,401197 0,002223
митя 3,624341 0,002369
получать 0,033902 0,000022
таймырец 4,317488 0,002822
провиниться 3,218876 0,002104
сын 2,120264 0,001386
удержать 2,612740 0,001708
золото 3,624341 0,002369
нужно 1,791759 0,001171
устроить 2,014903 0,001317
бить 2,445686 0,004795
крымский 2,813411 0,001839
бпнуть 2,931194 0,001916
масхадов 3,624341 0,002369
группа 1,514128 0,000990
огонь 1,609438 0,002104
спецпроект 0,000000 0,000000
обойти 2,813411 0,001839
прогреметь 3,218876 0,002104
труба 3,064725 0,002003
украинский 0,047791 0,000156
слово 0,820981 0,000537
рост 1,791759 0,002342
цех 3,064725 0,002003
милитаризация 3,624341 0,002369
туристка 0,076161 0,000050
мотор 0,000000 0,000000
наслать 0,000000 0,000000
баржа 3,624341 0,002369
жизнь 0,000000 0,000000
звание 2,813411 0,001839
менять 2,813411 0,001839
вероятный 3,624341 0,002369
жать 0,013423 0,000009
сериал 2,445686 0,003197
талантливый 3,401197 0,002223
обещать 2,525729 0,001651
пробив 3,401197 0,002223
стриптизер 2,931194 0,003832
дипломатия 2,931194 0,003832
сбить 2,813411 0,003678
почему 0,899761 0,003528
хороший 0,006689 0,000022
спор 0,097980 0,000064
отчитаться 2,813411 0,001839
красный 2,120264 0,001386
грудь 2,813411 0,001839
готовиться 2,371578 0,001550
отреагировать 1,966113 0,006425
объединение 3,401197 0,002223
конфиденциальность 0,047791 0,000031
назад 1,678431 0,003291
продолжать 0,033902 0,000022
истребитель 2,931194 0,001916
список 2,371578 0,001550
полмиллиона 2,708050 0,003540
кадр 1,544899 0,001010
царский 3,624341 0,002369
ссср 0,000000 0,000000
влюбить 2,931194 0,001916
спецслужба 2,525729 0,003302
коррупционный 3,624341 0,002369
отсрочить 3,624341 0,002369
наследство 3,624341 0,002369
опубликовать 1,875141 0,001226
строй 3,401197 0,002223
открыть 2,371578 0,001550
подвал 3,064725 0,004006
собеседование 3,401197 0,002223
минь 0,000000 0,000000
стратегия 3,624341 0,002369
брюс 3,218876 0,002104
против 1,791759 0,001171
расправиться 2,931194 0,001916
главное 0,000000 0,000000
кокаин 3,401197 0,002223
возникнуть 2,525729 0,001651
интервью 2,525729 0,001651
храм 3,912023 0,002557
метеозависимость 3,624341 0,002369
глобальный 2,813411 0,001839
значимость 2,931194 0,001916
раскрыть 1,643339 0,004296
столкнуться 2,177422 0,001423
мина 2,708050 0,001770
беспилотник 2,177422 0,002846
вторгнуться 2,813411 0,003678
символ 2,445686 0,001598
сообщить 1,297063 0,000848
быть 1,399717 0,000915
европейский 2,120264 0,001386
окко 4,317488 0,002822
автомобиль 2,177422 0,001423
океан 3,064725 0,002003
ранение 2,813411 0,003678
росгвардия 3,401197 0,002223
сквозь 2,931194 0,003832
спорт 0,000000 0,000000
одесса 3,624341 0,002369
разработать 2,612740 0,003415
защититься 2,931194 0,001916
рэпер 3,401197 0,002223
помешать 3,064725 0,002003
попадать 2,708050 0,001770
этот 1,427116 0,001866
сумах 3,401197 0,002223
четыре 0,040822 0,000053
кроссовер 4,317488 0,002822
краш 3,401197 0,002223
друг 1,791759 0,002342
конфиденциальностиправить 0,000000 0,000000
дракон 2,931194 0,003832
глава 1,321756 0,000864
сохранить 2,302585 0,001505
народ 2,708050 0,001770
тяжёлый 1,791759 0,003513
известный 1,714798 0,002242
рекламодатель 3,624341 0,002369
шутка 2,813411 0,001839
культяпковозка 3,401197 0,002223
легенда 3,064725 0,002003
женщина 1,484275 0,001940
мужской 2,708050 0,001770
впервые 1,919593 0,002509
бросать 2,708050 0,001770
облик 3,624341 0,002369
штурмовик 2,931194 0,003832
рак 2,708050 0,001770
теннисистка 3,912023 0,002557
российский 0,033902 0,000310
волна 2,302585 0,001505
фестиваль 3,624341 0,002369
обитание 0,000000 0,000000
уехать 2,813411 0,001839
приехать 2,238047 0,001463
интернет 0,000000 0,000000
подешеветь 3,064725 0,002003
зарегистрировать 3,218876 0,002104
требование 2,014903 0,002634
популярный 1,791759 0,005855
взяться 2,813411 0,001839
назвать 1,021651 0,006010
премьера 3,064725 0,002003
гид 0,076161 0,000050
цена 2,302585 0,003010
выполнение 2,525729 0,001651
фриц 3,624341 0,002369
усомниться 3,912023 0,002557
сложный 2,302585 0,001505
прекращение 1,714798 0,002242
ударить 2,525729 0,003302
страшный 2,525729 0,001651
сотрудник 0,068993 0,000180
альтернатива 3,624341 0,002369
представить 2,525729 0,001651
компьютер 3,624341 0,002369
работа 0,899761 0,003528
европа 1,791759 0,003513
обладатель 3,912023 0,002557
оставаться 1,875141 0,001226
эмоция 0,047791 0,000031
внутривенный 3,912023 0,002557
сеть 0,090654 0,000119
евро 2,931194 0,001916
телефон 2,120264 0,001386
чеченский 3,401197 0,002223
чёрный 1,919593 0,001255
запретить 2,066196 0,001350
полвека 2,931194 0,001916
гагарин 3,064725 0,002003
дрон 1,832581 0,002396
военнослужащий 0,068993 0,000045
накапливать 0,047791 0,000031
возврат 3,218876 0,002104
севастополь 3,064725 0,004006
польза 2,612740 0,001708
добросовестный 3,064725 0,002003
спецназ 2,931194 0,001916
внести 2,931194 0,001916
лебедев 3,401197 0,002223
подорожать 3,218876 0,002104
доставить 2,177422 0,002846
пушка 3,401197 0,002223
патовый 3,064725 0,002003
сепаратист 3,624341 0,002369
снять 2,177422 0,001423
фрукт 3,064725 0,002003
депутат 0,068993 0,000045
зуб 2,525729 0,004952
жест 2,371578 0,001550
война 1,455287 0,000951
звуковой 3,624341 0,002369
культура 0,000000 0,000000
пропасть 1,966113 0,002570
сумский 2,813411 0,003678
аферист 2,931194 0,001916
статья 0,000000 0,000000
современный 2,066196 0,001350
абхазия 3,624341 0,002369
медведев 3,218876 0,002104
сбивать 3,401197 0,002223
отношение 1,226446 0,000802
нефтяник 3,912023 0,002557
прощаться 3,064725 0,002003
комплимент 2,931194 0,003832
ответить 1,832581 0,001198
ридлить 3,401197 0,002223
выручка 3,912023 0,002557
начальство 3,064725 0,002003
внутри 2,445686 0,001598
фашист 3,218876 0,002104
контакт 1,919593 0,002509
фраза 2,931194 0,001916
пилот 2,708050 0,001770
разборка 3,064725 0,002003
атомный 3,064725 0,002003
сделать 1,321756 0,000864
увлекательный 0,047791 0,000031
квартира 2,371578 0,004650
договорённость 2,302585 0,003010
алкоголь 2,612740 0,001708
переговоры 0,047791 0,000219
воля 2,120264 0,001386
будущее 2,066196 0,001350
год 0,521999 0,002388
десятый 3,401197 0,002223
мать 2,445686 0,001598
фсб 2,931194 0,001916
сбер 0,040822 0,000027
радиотехнический 3,624341 0,002369
сексуальность 2,931194 0,001916
сербия 3,624341 0,004738
супруг 2,931194 0,001916
потеря 2,014903 0,003951
трамп 0,054808 0,000573
ведущий 2,371578 0,001550
мигрант 3,624341 0,002369
задержание 2,931194 0,001916
крупный 0,054808 0,000072
динамо 3,218876 0,002104
блин 3,218876 0,002104
леонов 3,401197 0,002223
белоус 0,076161 0,000050
стендапер 3,912023 0,002557
сегодня 1,643339 0,001074
страна 0,747955 0,001467
жена 2,238047 0,001463
кресло 3,401197 0,002223
акция 0,047791 0,000031
такой 1,003302 0,001967
разбирать 2,931194 0,001916
цифра 2,813411 0,001839
посылка 3,064725 0,004006
малый 3,218876 0,002104
распорядиться 3,624341 0,002369
предречь 0,076161 0,000100
неожиданный 2,813411 0,001839
отправить 2,066196 0,001350
регион 0,076161 0,000100
решение 1,544899 0,002019
накануне 2,238047 0,004388
историк 2,931194 0,001916
март 0,040822 0,001041
преступный 2,445686 0,004795
безутешный 3,064725 0,002003
военный 0,020203 0,000026
летний 0,047791 0,000125
лишить 2,708050 0,001770
рада 0,068993 0,000045
экономика 0,000000 0,000000
неизлечимый 3,401197 0,002223
свидетель 3,064725 0,002003
возненавидеть 2,708050 0,001770
охотиться 3,064725 0,002003
поздний 1,832581 0,001198
секс 2,177422 0,001423
три 1,919593 0,001255
звезда 1,919593 0,002509
бой 2,066196 0,001350
роскосмос 3,218876 0,002104
реальный 0,013423 0,000009
накрыть 3,064725 0,002003
тысяча 0,054808 0,000072
поиск 2,445686 0,001598
показание 2,931194 0,001916
мафия 2,708050 0,008850
останин 3,218876 0,002104
артист 2,931194 0,001916
затопить 0,076161 0,000050
турист 2,931194 0,003832
обменивать 0,047791 0,000031
алексей 1,875141 0,001226
родитель 2,931194 0,003832
условие 0,033902 0,000044
кеннеди 3,218876 0,002104
встреча 1,832581 0,001198
спустить 2,931194 0,003832
стоимость 2,238047 0,001463
неспособность 3,218876 0,002104
гаджет 3,064725 0,002003
видеть 0,013423 0,000009
упасть 3,064725 0,002003
способ 1,919593 0,002509
высокий 1,455287 0,002854
комик 2,813411 0,005516
признак 2,612740 0,001708
яркий 2,612740 0,001708
семейный 3,401197 0,002223
красноармейский 3,401197 0,002223
должок 3,624341 0,002369
сутенёр 3,624341 0,002369
новый 0,000000 0,000000
загадочный 2,931194 0,001916
костин 3,912023 0,002557
садовод 3,624341 0,002369
рпл 3,624341 0,002369
перемирие 0,076161 0,000050
происходить 1,752539 0,002291
советник 2,931194 0,001916
выйти 1,752539 0,003436
рот 2,708050 0,001770
теннис 3,624341 0,002369
голливудский 2,813411 0,001839
ставка 3,064725 0,002003
добро 0,013423 0,000026
анонсировать 2,371578 0,004650
петербург 3,218876 0,002104
удар 1,455287 0,000951
важный 1,875141 0,001226
пойти 2,120264 0,001386
рейс 3,064725 0,002003
нострый 2,931194 0,001916
открытый 2,371578 0,001550
конфликт 0,061875 0,000081
годовой 3,624341 0,002369
александр 1,373049 0,000897
спасать 2,612740 0,001708
помощь 0,027029 0,000035
украинец 2,525729 0,001651
г 3,064725 0,002003
политика 0,040822 0,000027
премиум 4,317488 0,002822
санкт 3,218876 0,002104
экс 2,066196 0,001350
отрастить 3,064725 0,002003
договориться 2,525729 0,003302
китай 2,612740 0,001708
сотка 3,624341 0,002369
оно 2,445686 0,001598
я 2,931194 0,001916
похороны 3,624341 0,002369
сила 1,321756 0,000864
мир 0,000000 0,000000
структура 0,000000 0,000000
миф 2,813411 0,001839
русский 1,919593 0,001255
бояться 2,120264 0,006929
неуправляемый 3,401197 0,002223
скот 2,931194 0,001916
террористический 3,064725 0,004006
бывший 0,000000 0,000000
боец 1,875141 0,003677
время 0,693147 0,000906
конец 1,643339 0,001074
активизировать 3,401197 0,002223
маккартень 0,097980 0,000064
ооо 0,000000 0,000000
малышок 3,912023 0,002557
прислать 2,302585 0,003010
выходить 2,612740 0,001708
аналог 3,218876 0,002104
красноярский 2,931194 0,003832
пробовать 2,931194 0,003832
существование 2,813411 0,001839
провокация 2,302585 0,003010
начальник 2,238047 0,001463
резко 2,371578 0,001550
контрразведывательный 2,931194 0,001916
город 0,047791 0,000094
обсуждать 2,177422 0,001423
понравиться 3,064725 0,002003
час 1,455287 0,003805
вывезти 2,931194 0,003832
отец 1,919593 0,005019
галерея 0,000000 0,000000
внешность 0,097980 0,000064
десант 3,064725 0,004006
начаться 0,033902 0,000066
зарубежный 2,371578 0,001550
закрытие 2,813411 0,001839
показать 1,484275 0,001940
победить 2,525729 0,001651
пляжный 0,097980 0,000064
выставка 3,401197 0,002223
задача 2,066196 0,001350
редкий 2,371578 0,001550
нелепый 2,931194 0,001916
банковский 2,813411 0,001839
подмосковье 2,813411 0,001839
последствие 1,875141 0,001226
выражать 0,047791 0,000062
девочка 2,708050 0,001770
читать 0,040822 0,000027
минобороны 1,966113 0,003855
полиция 2,238047 0,001463
хищник 2,931194 0,001916
оценивать 0,047791 0,000031
купить 2,931194 0,001916
признавать 2,708050 0,001770
редакциярекламаконтактыпресс 0,000000 0,000000
видео 0,000000 0,000000
интересный 2,525729 0,001651
выявить 2,813411 0,001839
солдат 2,371578 0,001550
оценить 2,066196 0,001350
антироссийский 2,813411 0,001839
коза 2,931194 0,001916
сумка 3,064725 0,002003
московский 2,014903 0,001317
выпустить 2,238047 0,001463
обсудить 0,415515 0,000543
бренд 2,445686 0,001598
любимый 2,371578 0,001550
школьница 3,064725 0,004006
карта 2,014903 0,001317
бонус 0,047791 0,000062
украсть 2,813411 0,001839
прыщ 3,064725 0,002003
среда 0,000000 0,000000
ахмедов 3,912023 0,002557
остаться 0,047791 0,000031
среди 1,714798 0,001121
прежний 2,371578 0,001550
девушка 2,238047 0,001463
эксклюзив 0,000000 0,000000
уволить 0,076161 0,000050
послать 3,064725 0,002003
скидка 0,047791 0,000031
секрет 2,302585 0,003010
москва 1,021651 0,002003
атака 1,966113 0,005140
главком 3,401197 0,002223
запорожский 3,064725 0,002003
подорваться 3,064725 0,002003
спецпосланник 2,931194 0,003832
нефтебаза 2,813411 0,003678
рынок 1,609438 0,003156
энергетика 2,371578 0,003100
утром 2,612740 0,003415
возвращение 2,014903 0,002634
документ 2,708050 0,001770
исповедь 2,931194 0,003832
хотеть 0,013423 0,000026
крид 3,218876 0,002104
угроза 2,302585 0,001505
половина 2,177422 0,002846
стать 0,499776 0,003920
террорист 3,064725 0,002003
работать 0,027029 0,000018
авторынок 4,317488 0,002822
андреев 3,912023 0,002557
провести 1,514128 0,003959
операция 1,514128 0,000990
это 0,020203 0,000119
массовый 2,066196 0,001350
легендарный 2,066196 0,004051
большинство 2,371578 0,001550
нарковор 3,401197 0,002223
минфин 3,218876 0,002104
два 0,033902 0,000066
египет 3,401197 0,002223
новость 0,000000 0,000000
покушение 3,064725 0,002003
справиться 2,708050 0,001770
доступный 2,708050 0,001770
таиланд 3,912023 0,002557
краска 3,912023 0,002557
войти 0,000000 0,000000
ссора 3,064725 0,002003
киркоров 3,218876 0,004208
любовь 2,371578 0,001550
крем 3,064725 0,002003
считать 1,373049 0,000897
политик 2,612740 0,001708
общение 2,612740 0,001708
минимум 2,708050 0,001770
уход 0,076161 0,000050
рубль 1,514128 0,002969
германия 2,066196 0,001350
объект 1,832581 0,002396
белгородский 2,445686 0,007992
пассажирский 3,401197 0,002223
употребить 3,401197 0,002223
обычный 0,013423 0,000009
затем 1,875141 0,001226
ждать 1,714798 0,001121
пособник 3,401197 0,006669
артемий 3,064725 0,002003
путин 0,967584 0,012648
действие 1,714798 0,001121
офицер 2,708050 0,003540
изнасиловать 0,076161 0,000050
авить 3,624341 0,002369
первый 0,883501 0,002310
вещество 2,612740 0,001708
техника 0,000000 0,000000
деградация 3,401197 0,002223
итог 1,678431 0,002194
пять 1,484275 0,000970
работник 2,612740 0,001708
февраль 1,160488 0,000758
кладбище 3,064725 0,004006
вопрос 1,021651 0,000668
драгоценность 3,401197 0,002223
игра 0,000000 0,000000
ичкерия 3,624341 0,002369
компания 1,714798 0,004483
коллегия 3,624341 0,002369
ваш 0,047791 0,000062
губернатор 2,708050 0,003540
ответ 1,678431 0,001097
купол 3,912023 0,002557
исчезать 3,064725 0,002003
порт 3,401197 0,002223
медитация 0,076161 0,000050
больший 1,373049 0,001795
букет 3,401197 0,002223
высказаться 2,238047 0,001463
массово 2,371578 0,001550
зайти 2,813411 0,001839
пользователь 2,371578 0,001550
группировка 2,445686 0,001598
реакция 0,047791 0,000094
автоваз 3,401197 0,002223
неделя 1,919593 0,001255
пора 2,177422 0,001423
самый 0,883501 0,002310
увольнение 2,612740 0,001708
посмешище 3,624341 0,002369
материал 0,000000 0,000000
красить 3,624341 0,002369
вывести 2,931194 0,001916
вредный 2,612740 0,003415
снижаться 3,064725 0,002003
лента 0,000000 0,000000
арест 2,931194 0,001916
аэропорт 2,813411 0,001839
угон 2,931194 0,001916
роль 1,714798 0,001121
отечественный 2,445686 0,001598
мочь 0,836248 0,000547
борьба 2,014903 0,001317
женский 2,238047 0,004388
небо 2,525729 0,001651
созвониться 3,624341 0,002369
колготки 3,624341 0,002369
применение 0,000000 0,000000
призвать 1,791759 0,001171
космос 2,813411 0,001839
оружие 2,120264 0,001386
действовать 2,238047 0,001463
организовать 2,612740 0,001708
прорваться 2,813411 0,003678
век 1,919593 0,005019
смочь 1,399717 0,001830
затяжной 3,912023 0,002557
производитель 3,064725 0,002003
кубок 3,912023 0,002557
оргия 3,401197 0,002223
инвалид 2,813411 0,003678
готовый 1,791759 0,001171
вс 2,371578 0,001550
признать 1,484275 0,003880
ценность 0,000000 0,000000
известно 1,297063 0,003391
дата 2,612740 0,001708
вернуться 0,006689 0,000026
извинить 3,912023 0,002557
больной 2,708050 0,001770
цвет 2,931194 0,001916
жалеть 2,813411 0,001839
китайский 2,813411 0,001839
экстремисткий 3,624341 0,002369
узнать 2,014903 0,001317
потребление 3,401197 0,002223
россия 0,000000 0,000000
пошлина 3,624341 0,002369
эвакуировать 2,931194 0,001916
хлопок 3,912023 0,002557
рекорд 2,931194 0,001916
возмутиться 3,064725 0,002003
свой 0,020203 0,000066
осознанный 3,912023 0,002557
ехать 2,931194 0,001916
предупреждать 2,612740 0,001708
перед 3,401197 0,002223
американский 0,054808 0,000107
телефонный 1,643339 0,006444
утратить 3,064725 0,002003
великий 2,238047 0,001463
бесполезный 2,931194 0,001916
дотянуть 3,624341 0,002369
мирра 3,912023 0,002557
зеленский 0,054808 0,000251
другой 1,059392 0,000692
прийти 2,014903 0,001317
давать 1,875141 0,001226
отдать 2,813411 0,001839
филипп 2,931194 0,003832
пленный 2,612740 0,001708
ход 1,678431 0,001097
лондон 2,445686 0,003197
ес 2,708050 0,003540
питание 2,708050 0,001770
число 1,226446 0,000802
сей 2,177422 0,001423
контроль 1,714798 0,003362
причина 1,484275 0,000970
династия 3,624341 0,002369
флаг 3,401197 0,002223
вид 1,514128 0,000990
мошенник 2,371578 0,004650
волшебный 3,624341 0,002369
доход 2,445686 0,001598
боевик 2,931194 0,001916
пришелец 3,064725 0,002003
что 2,708050 0,001770
аслан 3,624341 0,002369
прогресс 0,090654 0,000059
безногий 3,624341 0,002369
пво 3,401197 0,002223
мэр 2,525729 0,001651
взбудоражить 3,064725 0,002003
форма 0,061875 0,000040
нажать 0,000000 0,000000
дом 0,061875 0,000202
ожидать 2,445686 0,001598
обмен 2,371578 0,001550
коллега 1,791759 0,001171
обстрел 3,218876 0,002104
советский 1,752539 0,002291
босс 2,525729 0,004952
великобритания 2,612740 0,001708
окружение 2,525729 0,001651
позиция 1,832581 0,001198
из 3,401197 0,002223
ходить 2,120264 0,001386
казаться 2,177422 0,001423
обман 2,525729 0,001651
море 2,612740 0,003415
граница 2,014903 0,001317
домой 2,612740 0,001708
уиллис 3,218876 0,002104
объяснить 1,484275 0,001940
егор 3,218876 0,002104
хоккей 4,317488 0,002822
зоопарк 2,931194 0,001916
сервис 2,445686 0,001598
оказаться 1,249435 0,000817
предложение 1,919593 0,001255
спасть 2,931194 0,001916
оккупация 2,525729 0,001651
использованияполитик 0,000000 0,000000
съесть 2,525729 0,003302
служба 2,120264 0,001386
приказ 2,238047 0,002926
вмф 3,064725 0,004006
деактивировать 0,013423 0,000009
точный 2,813411 0,001839
гробница 3,401197 0,002223
рекомендательный 0,000000 0,000000
электростанция 3,401197 0,002223
белый 1,609438 0,004208
обратиться 0,076161 0,000050
спасти 2,371578 0,006200
распродажа 3,401197 0,002223
забота 0,000000 0,000000
пожаловать 0,013423 0,000009
который 0,521999 0,000682
лететь 2,931194 0,001916
задержать 1,875141 0,006128
поплатиться 3,624341 0,002369
победа 0,000000 0,000000
привести 1,427116 0,001866
стамбул 2,931194 0,001916
прибыть 0,083382 0,000054
глобал 4,317488 0,002822
рассказать 0,985284 0,003220
страх 2,238047 0,002926
президент 0,851752 0,000557
сми 0,000000 0,000000
эрекция 2,931194 0,003832
пехота 3,624341 0,002369
атлантика 3,624341 0,002369
понять 2,177422 0,002846
вниз 3,401197 0,002223
жилец 0,068993 0,000045
спасение 2,177422 0,001423
актёр 2,445686 0,001598
союз 1,966113 0,001285
нужный 2,302585 0,001505
создание 2,120264 0,001386
несколько 1,226446 0,002405
суджа 2,612740 0,006831
герой 2,014903 0,002634
место 0,027029 0,000053
свет 0,054808 0,000072
начало 1,399717 0,001830
мс 0,097980 0,000064
дух 2,612740 0,001708
поручить 2,931194 0,003832
икра 3,624341 0,002369
преступление 2,238047 0,002926
выругаться 3,912023 0,002557
огрн 3,624341 0,002369
генпрокуратура 2,931194 0,003832
попытка 1,609438 0,004208
скафандр 3,401197 0,002223
предсказание 3,064725 0,002003
месть 2,931194 0,001916
использовать 1,919593 0,001255
опечатка 0,000000 0,000000
каждый 1,576648 0,001030
фомин 3,624341 0,002369
сицилийский 2,708050 0,008850
вызвать 0,090654 0,000119
прослыть 3,401197 0,002223
скотт 3,401197 0,002223
ванг 3,064725 0,002003
совершить 2,371578 0,001550
подводный 3,401197 0,002223
туалет 3,401197 0,002223
модель 3,064725 0,002003
уровень 1,643339 0,002148
механизм 2,371578 0,003100
влияние 1,919593 0,005019
орган 2,177422 0,001423
он 3,218876 0,002104
умереть 2,708050 0,001770
сдержать 2,813411 0,001839
курский 1,791759 0,003513
всу 1,373049 0,014359
политолог 2,708050 0,001770
сотня 2,014903 0,003951
вернуть 2,371578 0,001550
бербок 3,401197 0,002223
возможность 1,714798 0,001121
правда 0,040822 0,000053
проникнуть 2,371578 0,003100
уникальный 2,525729 0,001651
аптечный 3,064725 0,002003
тихий 3,401197 0,002223
полуторагодовалый 3,912023 0,002557
ввести 2,120264 0,001386
одежда 2,445686 0,001598
миллион 1,347074 0,003522
наука 0,000000 0,000000
сообщество 2,445686 0,004795
спч 3,401197 0,002223
слониха 3,064725 0,002003
захватывать 3,064725 0,002003
