вывести 2,931194 0,005225
перевалка 4,317488 0,015392
ру 0,000000 0,000000
рф 1,514128 0,005398
банк 0,068993 0,000123
лента 0,000000 0,000000
новый 0,000000 0,000000
день 0,033902 0,000060
перемирие 0,076161 0,000136
внимательно 3,401197 0,006063
спорт 0,000000 0,000000
район 2,120264 0,003779
отвести 0,076161 0,000136
добро 0,013423 0,000072
согласие 0,047791 0,000085
путешествие 0,000000 0,000000
четыре 0,040822 0,000073
удар 1,455287 0,012970
урегулирование 2,238047 0,003989
упавший 4,317488 0,007696
конфликт 0,061875 0,000110
конфиденциальностиправить 0,000000 0,000000
помощь 0,027029 0,000096
пол 0,090654 0,000162
глава 1,321756 0,002356
секретарь 2,708050 0,004827
вода 0,054808 0,000098
край 2,612740 0,004657
трубопроводный 5,010635 0,017863
фото 0,061875 0,000441
пункт 1,966113 0,003505
политика 0,040822 0,000146
небо 2,525729 0,004502
связь 1,714798 0,003057
живой 2,525729 0,004502
разговор 1,160488 0,006206
применение 0,000000 0,000000
иностранный 1,919593 0,003422
пресс 2,708050 0,004827
возможный 2,066196 0,003683
анастасия 3,401197 0,006063
потушить 4,317488 0,007696
договориться 2,525729 0,004502
киевский 3,218876 0,005738
область 1,272966 0,002269
вс 2,371578 0,012682
станица 4,317488 0,007696
отдел 0,579818 0,001034
панцирь 5,010635 0,008932
ценность 0,000000 0,000000
хранение 3,624341 0,006461
сила 1,321756 0,007068
мир 0,000000 0,000000
вернуться 0,006689 0,000024
весь 1,078810 0,003846
индия 0,076161 0,000136
структура 0,000000 0,000000
срыв 3,624341 0,012921
летательный 5,010635 0,008932
российский 0,033902 0,000665
бояться 2,120264 0,003779
цель 1,875141 0,003342
обитание 0,000000 0,000000
краснодарский 3,624341 0,006461
речь 2,445686 0,004360
бывший 0,000000 0,000000
время 0,693147 0,002471
россия 0,000000 0,000000
интернет 0,000000 0,000000
маккартень 0,097980 0,000175
ооо 0,000000 0,000000
нефтеперекачивающий 5,010635 0,008932
свой 0,020203 0,000144
данный 2,445686 0,017438
проблема 0,047791 0,000085
соответствующий 4,317488 0,007696
режим 1,966113 0,003505
провокация 2,302585 0,012313
также 0,762140 0,002717
гид 0,076161 0,000136
технологийминь 0,000000 0,000000
украина 0,805943 0,011493
алимпиев 3,912023 0,006973
город 0,047791 0,000085
дежурный 3,624341 0,006461
дмитрий 2,238047 0,003989
следовать 1,966113 0,003505
телефонный 1,643339 0,011717
американский 0,054808 0,000293
метр 2,931194 0,005225
галерея 0,000000 0,000000
прекращение 1,714798 0,006113
ударить 2,525729 0,009004
внешность 0,097980 0,000175
пытаться 1,347074 0,004802
наблюдать 3,064725 0,005463
сотрудник 0,068993 0,000123
территория 1,609438 0,002869
намерение 3,401197 0,006063
начаться 0,033902 0,000060
зеленский 0,054808 0,000195
вразрез 5,010635 0,008932
силовой 0,000000 0,000000
европа 1,791759 0,003194
пляжный 0,097980 0,000175
эмоция 0,047791 0,000085
сеть 0,090654 0,000162
обеспечивать 2,813411 0,005015
вооружённый 1,678431 0,005984
кремль 2,177422 0,003881
однако 1,249435 0,002227
ход 1,678431 0,002992
выражать 0,047791 0,000170
мирный 1,966113 0,017523
дрон 1,832581 0,006533
число 1,226446 0,002186
система 1,643339 0,002929
читать 0,040822 0,000073
военнослужащий 0,068993 0,000123
кубань 3,064725 0,016389
минобороны 1,966113 0,014019
накапливать 0,047791 0,000085
дональд 1,544899 0,002754
сюжетракетный 5,010635 0,008932
дрожать 2,931194 0,005225
оборонный 3,401197 0,012125
нефтетранспортный 5,010635 0,008932
оценивать 0,047791 0,000085
гавриил 5,010635 0,008932
байконур 0,097980 0,000175
один 0,836248 0,001491
повреждение 3,401197 0,006063
редакциярекламаконтактыпресс 0,000000 0,000000
поражение 3,624341 0,006461
прислушаться 4,317488 0,007696
видео 0,000000 0,000000
несвязанный 5,010635 0,008932
разгерметизация 4,317488 0,007696
депутат 0,068993 0,000123
прогресс 0,090654 0,000162
зенитный 4,317488 0,007696
согласиться 2,066196 0,003683
выход 2,120264 0,003779
форма 0,061875 0,000110
нажать 0,000000 0,000000
оперативный 2,014903 0,003592
последний 0,083382 0,000149
дом 0,061875 0,000110
сторона 1,321756 0,004712
выпустить 2,238047 0,007979
культура 0,000000 0,000000
вкс 5,010635 0,008932
момент 1,399717 0,004990
обсудить 0,415515 0,000741
очередной 2,708050 0,004827
архив 0,000000 0,000000
несмотря 2,120264 0,007559
коллега 1,791759 0,003194
статья 0,000000 0,000000
специально 3,401197 0,006063
заявить 0,061875 0,000221
скопление 4,317488 0,007696
сша 0,040822 0,000146
лидер 1,347074 0,004802
аппарат 3,401197 0,006063
временной 2,612740 0,004657
бонус 0,047791 0,000170
среда 0,000000 0,000000
раскрытие 0,076161 0,000136
прекратить 2,708050 0,004827
редактор 0,556288 0,000992
подобный 2,120264 0,003779
боеприпас 3,218876 0,005738
остаться 0,047791 0,000085
получить 1,059392 0,001888
эксклюзив 0,000000 0,000000
уволить 0,076161 0,000136
направить 2,612740 0,009315
скидка 0,047791 0,000085
москва 1,021651 0,003642
атака 1,966113 0,010514
план 1,875141 0,003342
преднамеренный 5,010635 0,008932
тема 1,297063 0,002312
объяснить 1,484275 0,002646
предложение 1,919593 0,003422
погружаться 0,047791 0,000085
имущество 3,624341 0,006461
нефтебаза 2,813411 0,025075
результат 1,347074 0,007204
сделать 1,321756 0,002356
увлекательный 0,047791 0,000085
сорвать 2,371578 0,004227
использованияполитик 0,000000 0,000000
риа 1,272966 0,002269
склад 3,401197 0,006063
приказ 2,238047 0,011968
команда 1,919593 0,003422
нанести 2,813411 0,010030
деактивировать 0,013423 0,000024
энергетика 2,371578 0,012682
рекомендательный 0,000000 0,000000
ликвидировать 3,401197 0,006063
переговоры 0,047791 0,000256
эксплуатация 3,624341 0,006461
получать 0,033902 0,000060
исключить 3,401197 0,006063
усилие 2,813411 0,005015
хотеть 0,013423 0,000024
обратиться 0,076161 0,000136
международный 1,875141 0,003342
армия 2,014903 0,003592
забота 0,000000 0,000000
сбер 0,040822 0,000073
нефть 3,912023 0,013947
пожаловать 0,013423 0,000024
стать 0,499776 0,000891
бить 2,445686 0,008719
трамп 0,054808 0,000782
станция 3,401197 0,006063
работать 0,027029 0,000048
квадратный 3,624341 0,006461
бпнуть 2,931194 0,015675
который 0,521999 0,000930
навести 4,317488 0,007696
вывод 2,708050 0,004827
крупный 0,054808 0,000195
пожар 3,624341 0,006461
провести 1,514128 0,002699
огонь 1,609438 0,005738
спецпроект 0,000000 0,000000
это 0,020203 0,000144
семь 2,708050 0,004827
победа 0,000000 0,000000
украинский 0,047791 0,000170
слово 0,820981 0,001463
белоус 0,076161 0,000136
прибыть 0,083382 0,000149
два 0,033902 0,000121
страх 2,238047 0,003989
русло 3,624341 0,006461
сегодня 1,643339 0,002929
страна 0,747955 0,001333
президент 0,851752 0,004555
новость 0,000000 0,000000
вашингтон 2,066196 0,003683
туристка 0,076161 0,000136
мотор 0,000000 0,000000
сми 0,000000 0,000000
акция 0,047791 0,000085
наслать 0,000000 0,000000
жизнь 0,000000 0,000000
понятно 3,401197 0,006063
жилец 0,068993 0,000123
уничтожить 2,120264 0,003779
менять 2,813411 0,005015
инфраструктура 2,014903 0,010775
пояснить 2,931194 0,005225
предречь 0,076161 0,000272
жать 0,013423 0,000024
войти 0,000000 0,000000
место 0,027029 0,000096
свет 0,054808 0,000098
мо 5,010635 0,008932
регион 0,076161 0,000136
решение 1,544899 0,011015
наёмник 3,624341 0,006461
мс 0,097980 0,000175
цистерна 5,010635 0,008932
беспилотный 4,317488 0,007696
оглашенный 5,010635 0,008932
накануне 2,238047 0,003989
ведомство 2,066196 0,007366
март 0,040822 0,000291
военный 0,020203 0,000108
летний 0,047791 0,000085
рада 0,068993 0,000123
экономика 0,000000 0,000000
резервуар 5,010635 0,008932
попытка 1,609438 0,002869
совершенно 2,813411 0,005015
энергетический 2,371578 0,012682
считать 1,373049 0,002448
комплекс 3,401197 0,006063
дипломатия 2,931194 0,005225
сбить 2,813411 0,010030
уход 0,076161 0,000136
опечатка 0,000000 0,000000
указать 1,966113 0,007009
хороший 0,006689 0,000012
отчитаться 2,813411 0,005015
спор 0,097980 0,000175
наносить 3,912023 0,006973
григор 5,010635 0,008932
добавить 1,966113 0,007009
объект 1,832581 0,029400
белгородский 2,445686 0,004360
вызвать 0,090654 0,000323
киев 1,714798 0,009170
отреагировать 1,966113 0,003505
отменять 5,010635 0,008932
обычный 0,013423 0,000024
ждать 1,714798 0,003057
власть 1,609438 0,002869
атаковать 2,931194 0,005225
конфиденциальность 0,047791 0,000085
площадь 3,912023 0,006973
кропоткинский 5,010635 0,008932
кавказский 4,317488 0,007696
уровень 1,643339 0,002929
путин 0,967584 0,015523
параллельмыть 2,177422 0,003881
владимир 1,160488 0,002069
действие 1,714798 0,003057
изнасиловать 0,076161 0,000136
продолжать 0,033902 0,000121
истребитель 2,931194 0,005225
консорциум 5,010635 0,008932
реальный 0,013423 0,000024
ссср 0,000000 0,000000
техника 0,000000 0,000000
тысяча 0,054808 0,000195
всу 1,373049 0,019580
итог 1,678431 0,002992
аналогичный 3,401197 0,006063
идти 1,297063 0,004624
дневный 2,612740 0,004657
подчеркнуть 2,066196 0,003683
придерживаться 3,624341 0,006461
затопить 0,076161 0,000136
каспийский 5,010635 0,008932
игра 0,000000 0,000000
уточнить 2,708050 0,004827
компания 1,714798 0,003057
инициатива 2,525729 0,018009
обменивать 0,047791 0,000085
минь 0,000000 0,000000
аэродром 3,912023 0,006973
условие 0,033902 0,000121
ваш 0,047791 0,000085
железнодорожный 3,401197 0,006063
главное 0,000000 0,000000
мнение 1,643339 0,002929
медитация 0,076161 0,000136
правда 0,040822 0,000073
информация 1,514128 0,002699
подготовить 3,401197 0,006063
песок 2,931194 0,015675
принять 1,678431 0,002992
реакция 0,047791 0,000256
видеть 0,013423 0,000024
сообщать 1,791759 0,003194
беспилотник 2,177422 0,003881
энергоинфраструктура 5,010635 0,008932
вторгнуться 2,813411 0,005015
материал 0,000000 0,000000
наука 0,000000 0,000000
высокий 1,455287 0,002594
произойти 1,791759 0,006388
