складывание 5,010635 0,004705
ёмкий 5,010635 0,004705
поездка 2,931194 0,002752
метро 2,931194 0,002752
ру 0,000000 0,000000
банк 0,068993 0,000065
аварийный 4,317488 0,004054
новый 0,000000 0,000000
день 0,033902 0,000127
плавный 5,010635 0,009410
перемирие 0,076161 0,000072
герц 5,010635 0,004705
совокупность 3,624341 0,003403
происходить 1,752539 0,001646
физический 2,813411 0,007925
снимать 3,624341 0,010209
обзор 3,912023 0,003673
отвести 0,076161 0,000072
антенна 5,010635 0,004705
добро 0,013423 0,000038
согласие 0,047791 0,000045
путешествие 0,000000 0,000000
автоматически 5,010635 0,004705
открытый 2,371578 0,002227
удивлять 2,931194 0,002752
конфликт 0,061875 0,000058
перископический 5,010635 0,004705
помощь 0,027029 0,000051
стабильный 3,218876 0,009067
пол 0,090654 0,000085
стекло 3,912023 0,003673
человек 0,762140 0,000716
вода 0,054808 0,000051
помещение 2,612740 0,002453
фото 0,061875 0,000523
политика 0,040822 0,000038
связь 1,714798 0,001610
показывать 2,931194 0,002752
контрастный 4,317488 0,004054
разговор 1,160488 0,001090
ультратонкий 5,010635 0,009410
вплоть 3,624341 0,003403
поезд 4,317488 0,008108
течение 1,966113 0,001846
дополнительный 2,931194 0,002752
объектив 5,010635 0,004705
долговечность 5,010635 0,004705
самолёт 2,302585 0,002162
владелец 3,064725 0,002878
вариант 3,064725 0,002878
природа 3,218876 0,003022
роскошь 5,010635 0,004705
мир 0,000000 0,000000
скоростной 5,010635 0,004705
весь 1,078810 0,002026
индия 0,076161 0,000072
структура 0,000000 0,000000
успеть 2,525729 0,002372
сценарий 3,064725 0,005755
шаг 2,371578 0,002227
оптимизация 4,317488 0,004054
тонкий 3,401197 0,009581
карман 3,912023 0,007347
профи 5,010635 0,004705
бывший 0,000000 0,000000
время 0,693147 0,003254
звездочный 5,010635 0,004705
единственный 2,708050 0,002543
сегодняшний 3,624341 0,003403
миллиметр 3,912023 0,018366
маккартень 0,097980 0,000092
ооо 0,000000 0,000000
соцсеть 2,708050 0,002543
тренд 3,064725 0,002878
аналог 3,218876 0,012090
недавно 3,218876 0,003022
миллиампер 5,010635 0,004705
главный 1,272966 0,001195
проблема 0,047791 0,000090
режим 1,966113 0,012923
составлять 2,302585 0,008648
максимально 3,218876 0,003022
вручную 4,317488 0,004054
перезагружать 5,010635 0,004705
также 0,762140 0,001431
трансформироваться 5,010635 0,004705
появиться 1,373049 0,002578
технологийминь 0,000000 0,000000
город 0,047791 0,000045
комфорт 5,010635 0,004705
резкость 5,010635 0,004705
фотография 3,218876 0,003022
вращаться 4,317488 0,004054
час 1,455287 0,004099
удобно 3,624341 0,006806
легко 2,813411 0,002642
галерея 0,000000 0,000000
мегапиксель 5,010635 0,009410
разложить 5,010635 0,014114
внешность 0,097980 0,000092
зависимость 2,525729 0,002372
зал 3,218876 0,003022
начаться 0,033902 0,000064
отработать 5,010635 0,004705
всегосэкономикабизнесрынкикапиталсоциальный 1,966113 0,001846
василий 3,401197 0,003194
профессионал 3,401197 0,006387
силовой 0,000000 0,000000
переживать 2,708050 0,005086
пляжный 0,097980 0,000092
обеспечивать 2,813411 0,010567
основный 2,525729 0,002372
задача 2,066196 0,001940
креативный 3,912023 0,003673
детализировать 5,010635 0,014114
освещение 4,317488 0,004054
принципиально 4,317488 0,004054
парковка 4,317488 0,004054
выражать 0,047791 0,000090
селфи 5,010635 0,009410
офис 3,064725 0,002878
коммерческий 3,401197 0,003194
система 1,643339 0,003086
читать 0,040822 0,000038
база 2,931194 0,005505
стабилизация 5,010635 0,009410
оценивать 0,047791 0,000045
художник 3,401197 0,003194
приятный 5,010635 0,009410
поддержка 2,371578 0,002227
байконур 0,097980 0,000092
один 0,836248 0,002356
повреждение 3,401197 0,003194
складный 4,317488 0,028378
цвета 4,317488 0,004054
редакциярекламаконтактыпресс 0,000000 0,000000
иметь 1,832581 0,003441
полностью 2,525729 0,004743
видео 0,000000 0,000000
графический 5,010635 0,004705
доставать 5,010635 0,004705
сильно 2,445686 0,002296
задавать 3,401197 0,009581
оценить 2,066196 0,001940
часть 1,484275 0,002787
последний 0,083382 0,000078
волокно 5,010635 0,004705
класс 3,401197 0,003194
приносить 3,218876 0,003022
минута 2,177422 0,002045
высококачественный 5,010635 0,004705
загрузка 2,931194 0,002752
беспрерывно 5,010635 0,004705
обсудить 0,415515 0,000390
архив 0,000000 0,000000
закрывание 5,010635 0,004705
специально 3,401197 0,003194
заявить 0,061875 0,000058
сша 0,040822 0,000038
аппарат 3,401197 0,003194
высокоскоростной 5,010635 0,004705
цветопередача 5,010635 0,004705
бонус 0,047791 0,000090
способный 2,612740 0,004907
среда 0,000000 0,000000
раскрытие 0,076161 0,000072
делать 1,752539 0,009873
одновременно 3,218876 0,003022
технология 2,525729 0,016601
мегапиксельный 5,010635 0,004705
остаться 0,047791 0,000045
батарея 3,912023 0,011020
функциональность 4,317488 0,004054
комфортный 3,624341 0,003403
линси 5,010635 0,004705
эксклюзив 0,000000 0,000000
уволить 0,076161 0,000072
предотвращать 5,010635 0,004705
качество 1,832581 0,008604
скидка 0,047791 0,000045
приём 2,445686 0,002296
перегрев 5,010635 0,004705
мпа 5,010635 0,004705
погружаться 0,047791 0,000045
климат 1,875141 0,001761
результат 1,347074 0,001265
инновация 4,317488 0,008108
средаклимат 1,966113 0,001846
рынок 1,609438 0,003022
павел 2,612740 0,014720
большой 1,714798 0,004830
удивить 3,064725 0,002878
сигнал 3,912023 0,011020
получать 0,033902 0,000064
сферанедвижимостьгородский 1,966113 0,001846
влогово 5,010635 0,004705
единый 3,401197 0,003194
вердикт 4,317488 0,004054
расчёт 4,317488 0,004054
хотеть 0,013423 0,000013
переключение 5,010635 0,004705
портативный 4,317488 0,008108
фотоаппарат 5,010635 0,004705
стать 0,499776 0,001877
достаточно 2,813411 0,007925
счёт 2,708050 0,002543
обладать 3,624341 0,003403
работать 0,027029 0,000102
отличный 2,708050 0,002543
напряжение 5,010635 0,004705
изысканный 5,010635 0,004705
спецпроект 0,000000 0,000000
это 0,020203 0,000266
поддерживать 2,612740 0,007360
зарядка 5,010635 0,028229
украинский 0,047791 0,000045
код 4,317488 0,008108
два 0,033902 0,000064
раскрываться 3,912023 0,003673
насыщенный 3,624341 0,003403
лифт 5,010635 0,004705
покрытие 5,010635 0,004705
новость 0,000000 0,000000
синий 4,317488 0,004054
туристка 0,076161 0,000072
мотор 0,000000 0,000000
настроить 4,317488 0,004054
стабильность 3,218876 0,003022
ткачук 5,010635 0,028229
наслать 0,000000 0,000000
интеллектуально 5,010635 0,004705
цикл 2,708050 0,002543
доступный 2,708050 0,005086
чехол 5,010635 0,004705
эффект 3,401197 0,006387
жизнь 0,000000 0,000000
двойной 4,317488 0,004054
многозадачность 5,010635 0,004705
жать 0,013423 0,000013
войти 0,000000 0,000000
ночью 3,218876 0,003022
функция 3,401197 0,003194
дорога 2,525729 0,002372
отображение 5,010635 0,014114
отслеживать 3,624341 0,003403
талантливый 3,401197 0,003194
любовь 2,371578 0,002227
открывание 5,010635 0,004705
точно 3,064725 0,005755
охлаждение 3,624341 0,003403
уход 0,076161 0,000072
почему 0,899761 0,001690
периодически 3,218876 0,003022
рубль 1,514128 0,001422
быстрый 2,708050 0,007628
хороший 0,006689 0,000013
спор 0,097980 0,000092
регулировать 4,317488 0,008108
революционный 4,317488 0,004054
красный 2,120264 0,001991
рассчитать 4,317488 0,004054
обычный 0,013423 0,000013
разместить 3,064725 0,002878
конфиденциальность 0,047791 0,000045
глубина 4,317488 0,004054
великолепный 3,912023 0,007347
проводной 5,010635 0,004705
изнасиловать 0,076161 0,000072
продолжать 0,033902 0,000032
первый 0,883501 0,004148
кадр 1,544899 0,002901
ссср 0,000000 0,000000
техника 0,000000 0,000000
желание 2,612740 0,002453
состояние 2,238047 0,002101
непревзойдённый 5,010635 0,004705
корпус 3,912023 0,007347
февраль 1,160488 0,003269
значение 3,912023 0,003673
слабый 4,317488 0,008108
появляться 2,612740 0,002453
выполнить 2,931194 0,002752
дизайн 3,912023 0,014693
искусственный 2,931194 0,005505
игра 0,000000 0,000000
заряд 4,317488 0,008108
поскольку 2,238047 0,006304
переключать 5,010635 0,004705
статус 3,218876 0,006045
реалистичность 4,317488 0,004054
минь 0,000000 0,000000
именно 1,875141 0,001761
ваш 0,047791 0,000045
главное 0,000000 0,000000
профессиональный 2,931194 0,005505
медитация 0,076161 0,000072
швейцарский 4,317488 0,004054
больший 1,373049 0,001289
кто 2,066196 0,001940
активный 2,120264 0,001991
арамидный 5,010635 0,004705
раскрыть 1,643339 0,001543
пользователь 2,371578 0,004454
позволять 2,177422 0,006134
привыкнуть 3,218876 0,003022
экологияделовой 1,966113 0,001846
использование 2,813411 0,013209
алгоритм 3,401197 0,006387
реакция 0,047791 0,000090
самый 0,883501 0,001659
материал 0,000000 0,000000
ресурсоёмкий 5,010635 0,004705
технологический 3,218876 0,003022
скриншот 4,317488 0,004054
камера 2,612740 0,022079
лента 0,000000 0,000000
частота 3,912023 0,003673
аккумулятор 5,010635 0,009410
воплощение 3,912023 0,003673
нагрузка 3,624341 0,003403
аэропорт 2,813411 0,005283
приятно 3,218876 0,003022
стабильно 4,317488 0,004054
ощупь 5,010635 0,004705
продвинуть 5,010635 0,004705
установить 2,931194 0,005505
спорт 0,000000 0,000000
разработать 2,612740 0,002453
просмотр 3,912023 0,007347
поворотный 5,010635 0,004705
ультрачёткий 5,010635 0,004705
этот 1,427116 0,001340
сам 1,226446 0,001152
четыре 0,040822 0,000077
интеллект 3,218876 0,006045
сказать 1,919593 0,001802
приложение 3,218876 0,009067
встроить 5,010635 0,004705
кремниевый 5,010635 0,004705
конфиденциальностиправить 0,000000 0,000000
разнообразный 4,317488 0,004054
отметить 1,399717 0,001314
основной 2,813411 0,002642
инновационный 5,010635 0,018819
схема 2,612740 0,002453
применение 0,000000 0,000000
погружение 5,010635 0,004705
конструкция 5,010635 0,004705
существующий 5,010635 0,009410
сочетать 4,317488 0,008108
хронометр 5,010635 0,004705
возможный 2,066196 0,001940
ёмкость 5,010635 0,009410
ценить 3,218876 0,006045
стандарт 4,317488 0,008108
трикладушка 5,010635 0,009410
вес 3,218876 0,003022
интерактивный 5,010635 0,004705
готовый 1,791759 0,003365
вт 5,010635 0,004705
ценность 0,000000 0,000000
вернуться 0,006689 0,000006
снижение 2,612740 0,002453
раз 2,371578 0,002227
российский 0,033902 0,000127
обитание 0,000000 0,000000
производительность 4,317488 0,016216
просто 1,678431 0,006304
версия 2,708050 0,002543
россия 0,000000 0,000000
интернет 0,000000 0,000000
адаптировать 3,624341 0,006806
простой 2,238047 0,002101
скорость 2,708050 0,005086
шесть 1,966113 0,003692
свой 0,020203 0,000095
убедиться 3,912023 0,007347
беспроводный 5,010635 0,014114
эстетический 5,010635 0,004705
платить 2,813411 0,002642
гид 0,076161 0,000072
устройство 3,218876 0,018135
нерабочий 5,010635 0,004705
экокожа 5,010635 0,004705
цена 2,302585 0,002162
необходимость 2,525729 0,002372
эргономичность 5,010635 0,004705
плавно 3,624341 0,003403
американский 0,054808 0,000051
файл 5,010635 0,004705
подвальный 5,010635 0,004705
эксклюзивность 5,010635 0,004705
сотрудник 0,068993 0,000065
ежедневный 3,624341 0,003403
другой 1,059392 0,000995
зеленский 0,054808 0,000103
сертификат 4,317488 0,004054
работа 0,899761 0,003379
фишка 3,912023 0,003673
давать 1,875141 0,005282
блок 3,912023 0,003673
рабочий 2,708050 0,002543
передача 2,708050 0,002543
эмоция 0,047791 0,000045
ожидание 2,931194 0,005505
сеть 0,090654 0,000255
телефон 2,120264 0,003982
оптик 5,010635 0,004705
редакция 4,317488 0,012162
чёрный 1,919593 0,001802
диафрагма 5,010635 0,018819
ультрапрочный 5,010635 0,009410
сочетание 3,912023 0,003673
объективность 5,010635 0,004705
складываться 3,624341 0,006806
определять 3,912023 0,003673
операционный 3,912023 0,003673
военнослужащий 0,068993 0,000065
накапливать 0,047791 0,000045
фронтальный 5,010635 0,004705
окружающий 3,624341 0,006806
вид 1,514128 0,004265
кроме 1,427116 0,004020
зум 5,010635 0,004705
дюйм 5,010635 0,014114
сложить 4,317488 0,008108
превращаться 3,624341 0,003403
оба 2,445686 0,002296
подчёркивать 3,064725 0,005755
картинка 5,010635 0,009410
впереди 3,624341 0,003403
реализация 3,064725 0,002878
длительный 3,218876 0,003022
депутат 0,068993 0,000065
бизнес 2,371578 0,002227
прогресс 0,090654 0,000085
удовольствие 3,912023 0,003673
форма 0,061875 0,000116
оптический 5,010635 0,014114
продумать 5,010635 0,004705
подземный 4,317488 0,004054
нажать 0,000000 0,000000
дом 0,061875 0,000058
совершенство 5,010635 0,004705
максимальный 4,317488 0,004054
культура 0,000000 0,000000
включая 3,064725 0,005755
воспроизведение 5,010635 0,004705
размытие 5,010635 0,004705
съёмка 3,624341 0,003403
получаться 3,624341 0,006806
статья 0,000000 0,000000
существовать 2,445686 0,002296
справляться 3,064725 0,002878
любой 2,120264 0,003982
отличаться 3,912023 0,003673
наш 1,347074 0,001265
адаптироваться 3,218876 0,003022
естественный 3,624341 0,003403
ватт 5,010635 0,009410
редактор 0,556288 0,000522
многий 2,708050 0,002543
подставка 5,010635 0,004705
удобный 3,401197 0,003194
настоящий 2,445686 0,011482
высококлассный 5,010635 0,004705
преувеличение 5,010635 0,009410
получить 1,059392 0,001989
фон 2,371578 0,002227
повышение 3,624341 0,003403
тема 1,297063 0,001218
мечтать 3,912023 0,003673
следить 2,813411 0,002642
увлекательный 0,047791 0,000045
распределение 4,317488 0,004054
различный 2,525729 0,004743
использованияполитик 0,000000 0,000000
изображение 3,912023 0,007347
эстетика 4,317488 0,004054
дорисовывать 5,010635 0,004705
трясти 3,912023 0,003673
деактивировать 0,013423 0,000013
рекомендательный 0,000000 0,000000
премиальный 3,912023 0,011020
разный 2,238047 0,002101
переговоры 0,047791 0,000045
экран 3,912023 0,051426
выдавать 3,218876 0,003022
тройной 5,010635 0,023524
защитить 3,064725 0,002878
обратиться 0,076161 0,000072
забота 0,000000 0,000000
сбер 0,040822 0,000038
мгновенно 5,010635 0,014114
пожаловать 0,013423 0,000013
завоевать 4,317488 0,004054
закрываться 3,912023 0,003673
трамп 0,054808 0,000051
который 0,521999 0,006372
идея 1,714798 0,001610
поэтому 1,966113 0,001846
звонок 2,931194 0,002752
крупный 0,054808 0,000103
передовой 3,624341 0,010209
например 1,791759 0,006730
приближать 3,912023 0,003673
победа 0,000000 0,000000
универсальный 4,317488 0,004054
впечатлять 3,912023 0,011020
белоус 0,076161 0,000072
промежуток 3,912023 0,003673
прибыть 0,083382 0,000078
страна 0,747955 0,000702
телеобъектив 5,010635 0,009410
дюймовый 5,010635 0,009410
сми 0,000000 0,000000
сразу 2,066196 0,001940
кратное 5,010635 0,004705
акция 0,047791 0,000045
радость 3,401197 0,003194
флагман 5,010635 0,004705
такой 1,003302 0,000942
полноценный 4,317488 0,012162
анод 5,010635 0,004705
жилец 0,068993 0,000065
предречь 0,076161 0,000143
отличать 3,624341 0,003403
ступенчатый 5,010635 0,004705
свет 0,054808 0,000154
место 0,027029 0,000051
регион 0,076161 0,000072
успешный 3,218876 0,003022
мс 0,097980 0,000092
рука 2,066196 0,001940
натуральный 4,317488 0,004054
ради 2,371578 0,002227
март 0,040822 0,000038
благодаря 2,238047 0,010507
лежать 3,401197 0,003194
отдых 3,064725 0,002878
военный 0,020203 0,000019
корреспондент 2,445686 0,002296
летний 0,047791 0,000045
пиксель 5,010635 0,004705
разрешение 3,624341 0,010209
рада 0,068993 0,000065
экономика 0,000000 0,000000
видеоряд 5,010635 0,004705
роскошный 2,931194 0,002752
глаз 2,066196 0,001940
тот 1,427116 0,004020
раскладной 5,010635 0,004705
использовать 1,919593 0,007210
выбор 2,708050 0,002543
опечатка 0,000000 0,000000
безусловно 2,708050 0,005086
надёжный 3,401197 0,003194
сложно 2,525729 0,002372
смартфон 3,624341 0,071466
киселёв 5,010635 0,004705
маленький 1,791759 0,001682
датчик 5,010635 0,004705
выпускаться 5,010635 0,004705
вызвать 0,090654 0,000085
внешний 2,525729 0,007115
три 1,919593 0,003605
непосредственно 5,010635 0,004705
дисплей 5,010635 0,004705
царапина 5,010635 0,004705
прикасаться 5,010635 0,004705
увеличиваться 3,401197 0,003194
уровень 1,643339 0,001543
механизм 2,371578 0,004454
либо 1,919593 0,001802
мощность 3,912023 0,003673
панель 5,010635 0,004705
формат 2,813411 0,005283
бок 4,317488 0,004054
реальный 0,013423 0,000013
интенсивный 5,010635 0,004705
ультраширокоугольный 5,010635 0,004705
тысяча 0,054808 0,000103
настройка 4,317488 0,004054
ос 4,317488 0,004054
карманный 4,317488 0,004054
соединение 3,624341 0,006806
планшет 5,010635 0,023524
затопить 0,076161 0,000072
невозможно 2,708050 0,002543
обменивать 0,047791 0,000045
низкий 2,813411 0,005283
условие 0,033902 0,000159
тыльный 5,010635 0,004705
продажа 2,708050 0,002543
возможность 1,714798 0,004830
снимок 3,624341 0,006806
фильм 2,238047 0,002101
взгляд 3,624341 0,003403
правда 0,040822 0,000038
устойчивый 3,912023 0,003673
безопасный 2,813411 0,002642
уникальный 2,525729 0,007115
достижение 2,302585 0,002162
гаджет 3,064725 0,031654
немой 2,371578 0,002227
шарнир 5,010635 0,004705
контент 5,010635 0,004705
видеть 0,013423 0,000013
раскладываться 5,010635 0,004705
очень 1,347074 0,010119
толщина 5,010635 0,014114
наука 0,000000 0,000000
высокий 1,455287 0,005466
какой 1,203973 0,001130
обратный 2,813411 0,005283
сканирование 5,010635 0,004705
аксессуар 3,912023 0,003673
яркий 2,612740 0,002453
проверить 3,064725 0,002878
захватывать 3,064725 0,002878
