воскресенский 4,317488 0,021061
майшева 5,010635 0,024442
среда 0,000000 0,000000
ру 0,000000 0,000000
ленинский 4,317488 0,021061
лента 0,000000 0,000000
редактор 0,556288 0,002714
новый 0,000000 0,000000
эксклюзив 0,000000 0,000000
целое 2,813411 0,013724
спорт 0,000000 0,000000
пострадать 2,813411 0,013724
москва 1,021651 0,034886
комментарий 1,427116 0,006962
атака 1,966113 0,038363
добро 0,013423 0,000196
неизвестно 3,401197 0,016591
путешествие 0,000000 0,000000
использованияполитик 0,000000 0,000000
риа 1,272966 0,024838
конфиденциальностиправить 0,000000 0,000000
деактивировать 0,013423 0,000065
рекомендательный 0,000000 0,000000
разный 2,238047 0,010917
тасс 2,371578 0,023137
фото 0,061875 0,003018
пункт 1,966113 0,009591
год 0,521999 0,002546
применение 0,000000 0,000000
илья 3,064725 0,029900
хотеть 0,013423 0,000065
сапроново 5,010635 0,024442
забота 0,000000 0,000000
пожаловать 0,013423 0,000065
область 1,272966 0,037258
рубеж 3,064725 0,014950
питалевый 3,624341 0,035359
бпнуть 2,931194 0,028597
земля 1,919593 0,009364
лететь 2,931194 0,014299
отдел 0,579818 0,002828
ценность 0,000000 0,000000
отбить 3,624341 0,035359
мир 0,000000 0,000000
вернуться 0,006689 0,000033
структура 0,000000 0,000000
спецпроект 0,000000 0,000000
победа 0,000000 0,000000
сво 2,445686 0,011930
обитание 0,000000 0,000000
калугин 5,010635 0,024442
бывший 0,000000 0,000000
россия 0,000000 0,000000
интернет 0,000000 0,000000
новость 0,000000 0,000000
мотор 0,000000 0,000000
домодедово 3,912023 0,057249
сми 0,000000 0,000000
ооо 0,000000 0,000000
наслать 0,000000 0,000000
михаил 2,445686 0,011930
жизнь 0,000000 0,000000
главный 1,272966 0,018629
также 0,762140 0,003718
серегей 5,010635 0,024442
жать 0,013423 0,000065
сергей 2,525729 0,012321
войти 0,000000 0,000000
технологийминь 0,000000 0,000000
начало 1,399717 0,006828
погибнуть 2,612740 0,012745
истомин 5,010635 0,024442
март 0,040822 0,000398
галерея 0,000000 0,000000
подлёт 5,010635 0,048884
сотрудник 0,068993 0,000337
экономика 0,000000 0,000000
другой 1,059392 0,005168
канал 1,791759 0,008740
сбить 2,813411 0,027448
опечатка 0,000000 0,000000
силовой 0,000000 0,000000
зорин 5,010635 0,024442
хороший 0,006689 0,000033
собянин 5,010635 0,048884
отключить 1,514128 0,007386
массировать 2,931194 0,042896
подмосковье 2,813411 0,013724
обычный 0,013423 0,000065
совершить 2,371578 0,011569
столица 2,813411 0,013724
вероника 3,624341 0,017680
дрон 1,832581 0,017879
число 1,226446 0,005983
минобороны 1,966113 0,009591
раменское 5,010635 0,024442
реальный 0,013423 0,000065
кадр 1,544899 0,022608
ссср 0,000000 0,000000
техника 0,000000 0,000000
мираторг 5,010635 0,024442
повреждение 3,401197 0,016591
сотня 2,014903 0,019658
населить 2,525729 0,012321
редакциярекламаконтактыпресс 0,000000 0,000000
видео 0,000000 0,000000
игра 0,000000 0,000000
минь 0,000000 0,000000
алексей 1,875141 0,009147
общество 2,177422 0,010622
главное 0,000000 0,000000
мэр 2,525729 0,012321
нажать 0,000000 0,000000
московский 2,014903 0,058973
сторона 1,321756 0,006448
сообщаться 2,371578 0,011569
культура 0,000000 0,000000
подмосковный 3,912023 0,019083
архив 0,000000 0,000000
валерий 3,218876 0,015702
видеть 0,013423 0,000065
самый 0,883501 0,012929
беспилотник 2,177422 0,021243
статья 0,000000 0,000000
материал 0,000000 0,000000
наука 0,000000 0,000000
сообщить 1,297063 0,006327
заявить 0,061875 0,000302
произойти 1,791759 0,008740
раменский 5,010635 0,048884
