состояться 2,014903 0,001936
ру 0,000000 0,000000
банк 0,068993 0,000066
терроризм 3,401197 0,006534
новый 0,000000 0,000000
парламент 3,401197 0,003267
кгб 3,401197 0,003267
день 0,033902 0,000065
забрать 3,064725 0,002944
разведка 2,612740 0,002510
перемирие 0,076161 0,000293
советник 2,931194 0,002816
дружить 4,317488 0,004147
санкция 2,014903 0,003871
угрожать 3,064725 0,002944
вокруг 2,525729 0,002426
отвести 0,076161 0,000073
включение 3,401197 0,003267
успех 2,238047 0,002150
финский 3,401197 0,003267
добро 0,013423 0,000039
согласие 0,047791 0,000046
путешествие 0,000000 0,000000
анонсировать 2,371578 0,004556
удар 1,455287 0,002796
долго 2,612740 0,002510
эпидемия 3,064725 0,005888
полный 1,875141 0,001801
доверие 3,912023 0,003758
конфликт 0,061875 0,000476
проиграть 2,445686 0,002349
пол 0,090654 0,000087
помощь 0,027029 0,000104
радикал 4,317488 0,004147
готовность 2,931194 0,002816
вода 0,054808 0,000053
фото 0,061875 0,000059
политика 0,040822 0,000039
связь 1,714798 0,003295
разговор 1,160488 0,010033
макрон 3,401197 0,009802
суд 1,832581 0,005281
ядерный 2,931194 0,002816
экс 2,066196 0,001985
определить 2,612740 0,005020
договориться 2,525729 0,004853
область 1,272966 0,001223
китай 2,612740 0,002510
согласование 3,624341 0,003482
нетерпеливый 5,010635 0,004813
мир 0,000000 0,000000
обвинять 2,525729 0,002426
запад 1,919593 0,009220
унести 3,401197 0,003267
индия 0,076161 0,000073
весь 1,078810 0,001036
захлестнуть 5,010635 0,004813
пройти 1,427116 0,002742
структура 0,000000 0,000000
стрелка 3,912023 0,003758
бывший 0,000000 0,000000
слишком 2,371578 0,002278
время 0,693147 0,000666
близость 4,317488 0,004147
называть 1,791759 0,001721
оон 3,218876 0,003092
маккартень 0,097980 0,000094
ооо 0,000000 0,000000
убийство 3,401197 0,003267
прислать 2,302585 0,002212
отменить 2,525729 0,002426
существование 2,813411 0,002703
сильный 1,678431 0,003225
проблема 0,047791 0,000184
ситуация 1,484275 0,002852
победитель 3,624341 0,003482
развернуть 5,010635 0,004813
вторжение 3,401197 0,006534
развязывание 5,010635 0,004813
нелегал 5,010635 0,004813
технологийминь 0,000000 0,000000
контрразведывательный 2,931194 0,002816
украина 0,805943 0,022452
город 0,047791 0,000046
обсуждать 2,177422 0,002092
час 1,455287 0,002796
сектор 3,218876 0,003092
актив 3,064725 0,002944
галерея 0,000000 0,000000
корабль 2,931194 0,002816
внешность 0,097980 0,000094
россиянин 1,321756 0,001270
северный 2,371578 0,002278
построить 2,931194 0,002816
территория 1,609438 0,003092
начаться 0,033902 0,000130
выступить 2,238047 0,002150
силовой 0,000000 0,000000
показать 1,484275 0,001426
победить 2,525729 0,002426
пляжный 0,097980 0,000094
теракт 3,624341 0,003482
отсутствие 2,612740 0,002510
миллиард 2,612740 0,002510
кремль 2,177422 0,016733
себя 2,014903 0,001936
выражать 0,047791 0,000092
мирный 1,966113 0,003777
система 1,643339 0,001579
читать 0,040822 0,000039
выселить 5,010635 0,004813
расизм 3,912023 0,003758
размещение 3,218876 0,003092
минобороны 1,966113 0,001889
дональд 1,544899 0,002968
сколько 2,525729 0,002426
изменить 2,066196 0,001985
отказ 2,120264 0,002037
приостановить 2,708050 0,002601
база 2,931194 0,002816
оценивать 0,047791 0,000046
байконур 0,097980 0,000094
один 0,836248 0,002410
оценка 2,931194 0,005631
редакциярекламаконтактыпресс 0,000000 0,000000
британский 2,708050 0,002601
председатель 2,302585 0,002212
полностью 2,525729 0,002426
сокрыть 5,010635 0,004813
видео 0,000000 0,000000
польша 3,401197 0,003267
отставка 3,064725 0,005888
мера 2,445686 0,002349
перепалка 5,010635 0,009627
оценить 2,066196 0,003970
антироссийский 2,813411 0,002703
последний 0,083382 0,000160
япония 3,624341 0,003482
журналист 1,966113 0,001889
дорогой 2,813411 0,002703
мусульманин 5,010635 0,004813
обсудить 0,415515 0,000399
архив 0,000000 0,000000
британия 3,401197 0,003267
заявить 0,061875 0,000476
сша 0,040822 0,001176
грозить 2,708050 0,005203
всеполитикаобществопроисшествияконфликтыпреступность 2,014903 0,001936
карта 2,014903 0,001936
бонус 0,047791 0,000092
среда 0,000000 0,000000
раскрытие 0,076161 0,000146
говорить 1,160488 0,001115
остаться 0,047791 0,000046
уйти 2,014903 0,001936
эксклюзив 0,000000 0,000000
уволить 0,076161 0,000073
вычислить 3,912023 0,003758
скидка 0,047791 0,000046
секрет 2,302585 0,002212
погружаться 0,047791 0,000046
превышать 3,218876 0,003092
спецпосланник 2,931194 0,008447
результат 1,347074 0,001294
скандал 3,218876 0,003092
выглядеть 1,752539 0,001684
команда 1,919593 0,001844
большой 1,714798 0,001647
возвращение 2,014903 0,003871
крик 3,912023 0,003758
документ 2,708050 0,002601
получать 0,033902 0,000033
мешать 3,624341 0,003482
хотеть 0,013423 0,000039
провиниться 3,218876 0,003092
угроза 2,302585 0,004424
половина 2,177422 0,002092
устроить 2,014903 0,001936
стать 0,499776 0,000960
террорист 3,064725 0,002944
работать 0,027029 0,000026
неприемлемый 4,317488 0,004147
агент 2,931194 0,002816
провести 1,514128 0,002909
операция 1,514128 0,002909
огонь 1,609438 0,006184
спецпроект 0,000000 0,000000
массовый 2,066196 0,001985
это 0,020203 0,000136
экспертный 3,624341 0,003482
ускоренный 5,010635 0,004813
украинский 0,047791 0,000138
слово 0,820981 0,000789
миротворец 3,401197 0,003267
два 0,033902 0,000065
прямой 2,302585 0,002212
противопехотный 3,624341 0,003482
процент 1,678431 0,001612
консервативный 4,317488 0,004147
новость 0,000000 0,000000
туристка 0,076161 0,000073
газ 3,401197 0,003267
мотор 0,000000 0,000000
сделка 2,813411 0,002703
начинаться 2,931194 0,002816
покушение 3,064725 0,008832
советско 3,624341 0,003482
наслать 0,000000 0,000000
катастрофа 2,525729 0,002426
цикл 2,708050 0,005203
жизнь 0,000000 0,000000
рычаг 4,317488 0,004147
уничтожить 2,120264 0,002037
вероятный 3,624341 0,003482
пожаловаться 2,931194 0,002816
жать 0,013423 0,000013
войти 0,000000 0,000000
ссора 3,064725 0,002944
захаров 3,218876 0,003092
финляндия 2,931194 0,005631
наркотик 2,708050 0,002601
допустить 2,813411 0,002703
аравия 2,612740 0,002510
уход 0,076161 0,000073
нечто 3,912023 0,003758
почему 0,899761 0,006915
расшифровка 5,010635 0,004813
восстановление 3,218876 0,003092
хороший 0,006689 0,000006
спор 0,097980 0,000094
германия 2,066196 0,011909
затрагивать 5,010635 0,004813
готовиться 2,371578 0,004556
отреагировать 1,966113 0,007555
белоруссия 2,931194 0,002816
обычный 0,013423 0,000013
ждать 1,714798 0,001647
власть 1,609438 0,003092
конфиденциальность 0,047791 0,000046
задумать 4,317488 0,004147
путин 0,967584 0,017660
тайвань 3,912023 0,003758
действие 1,714798 0,001647
продержаться 4,317488 0,004147
изнасиловать 0,076161 0,000073
продолжать 0,033902 0,000033
отмена 3,401197 0,003267
первый 0,883501 0,000849
пост 2,612740 0,005020
обвинить 2,931194 0,002816
ссср 0,000000 0,000000
техника 0,000000 0,000000
ошибка 2,525729 0,002426
февраль 1,160488 0,012263
вопрос 1,021651 0,001963
продлиться 3,064725 0,002944
игра 0,000000 0,000000
набирать 3,218876 0,003092
минь 0,000000 0,000000
отойти 3,401197 0,003267
против 1,791759 0,006885
ваш 0,047791 0,000092
главное 0,000000 0,000000
ответ 1,678431 0,001612
губернатор 2,708050 0,005203
мнение 1,643339 0,001579
медитация 0,076161 0,000073
молодёжь 3,218876 0,003092
срок 1,966113 0,001889
высказаться 2,238047 0,004300
кто 2,066196 0,001985
песок 2,931194 0,005631
столкнуться 2,177422 0,002092
раскрыть 1,643339 0,012629
превосходство 4,317488 0,004147
одиночка 4,317488 0,004147
реакция 0,047791 0,000138
самый 0,883501 0,001697
мина 2,708050 0,002601
вступление 3,401197 0,003267
материал 0,000000 0,000000
шиит 5,010635 0,004813
восстать 5,010635 0,004813
израильский 4,317488 0,004147
беседа 1,752539 0,003367
позитивный 3,401197 0,003267
закончиться 2,612740 0,002510
необычно 5,010635 0,004813
ценный 3,624341 0,003482
лента 0,000000 0,000000
приготовить 3,624341 0,003482
гиперзвук 5,010635 0,004813
сирия 4,317488 0,004147
диалог 2,813411 0,002703
здравый 5,010635 0,004813
линия 2,445686 0,002349
партия 3,912023 0,003758
спорт 0,000000 0,000000
франция 2,931194 0,002816
четыре 0,040822 0,000078
остановить 2,525729 0,004853
сказать 1,919593 0,001844
далёкий 2,525729 0,002426
конфиденциальностиправить 0,000000 0,000000
твёрдый 4,317488 0,004147
диктатор 4,317488 0,004147
глава 1,321756 0,001270
удаться 1,678431 0,001612
применение 0,000000 0,000000
давление 2,302585 0,006636
опасение 3,401197 0,003267
дать 1,272966 0,002446
призвать 1,791759 0,001721
оружие 2,120264 0,004074
усеять 4,317488 0,004147
возможный 2,066196 0,003970
смысл 3,218876 0,003092
смочь 1,399717 0,002689
третий 2,120264 0,002037
готовый 1,791759 0,005164
насилие 2,931194 0,002816
признать 1,484275 0,002852
ценность 0,000000 0,000000
известно 1,297063 0,002492
дата 2,612740 0,002510
вернуться 0,006689 0,000006
впервые 1,919593 0,001844
попытаться 2,238047 0,004300
поворот 3,912023 0,003758
оставить 2,238047 0,002150
стратегический 2,612740 0,002510
байден 3,218876 0,003092
российский 0,033902 0,000098
га 3,912023 0,003758
паспорт 3,624341 0,003482
цель 1,875141 0,001801
необходимо 2,120264 0,002037
обитание 0,000000 0,000000
неформальный 5,010635 0,004813
россия 0,000000 0,000000
интернет 0,000000 0,000000
намеренный 3,624341 0,003482
превращение 4,317488 0,004147
контрразведка 4,317488 0,008295
выделить 3,912023 0,003758
нацбезопасность 4,317488 0,004147
свой 0,020203 0,000019
требование 2,014903 0,003871
убийца 3,912023 0,003758
канцлер 4,317488 0,004147
назвать 1,021651 0,011777
премьера 3,064725 0,002944
гид 0,076161 0,000073
договариваться 3,912023 0,003758
убедить 2,302585 0,002212
предупреждать 2,612740 0,002510
необходимость 2,525729 0,002426
американский 0,054808 0,000105
консерватор 5,010635 0,004813
прекращение 1,714798 0,009884
правый 3,624341 0,003482
маразм 5,010635 0,004813
сотрудник 0,068993 0,000066
альтернатива 3,624341 0,003482
зеленский 0,054808 0,000684
работа 0,899761 0,001729
популярность 2,813411 0,002703
европа 1,791759 0,003442
оставаться 1,875141 0,001801
отправка 4,317488 0,004147
эмоция 0,047791 0,000046
черта 3,401197 0,003267
сеть 0,090654 0,000087
евро 2,931194 0,002816
телефон 2,120264 0,002037
медицина 3,912023 0,003758
чёрный 1,919593 0,001844
мексика 4,317488 0,004147
ес 2,708050 0,010406
лондон 2,445686 0,004699
применить 3,912023 0,003758
кризис 2,813411 0,002703
саудовский 2,612740 0,002510
военнослужащий 0,068993 0,000066
знать 1,576648 0,001515
накапливать 0,047791 0,000046
причина 1,484275 0,001426
севастополь 3,064725 0,005888
бороться 2,525729 0,002426
адг 5,010635 0,004813
добросовестный 3,064725 0,002944
спецназ 2,931194 0,002816
некачественный 5,010635 0,004813
доставить 2,177422 0,002092
пушка 3,401197 0,003267
что 2,708050 0,002601
депутат 0,068993 0,000133
прогресс 0,090654 0,000087
цру 3,912023 0,003758
отравить 4,317488 0,004147
война 1,455287 0,002796
звуковой 3,624341 0,003482
канада 3,624341 0,003482
мэр 2,525729 0,004853
согласиться 2,066196 0,001985
форма 0,061875 0,000059
рейтинг 3,912023 0,003758
нажать 0,000000 0,000000
дом 0,061875 0,000416
разрушение 3,912023 0,003758
культура 0,000000 0,000000
поставка 3,218876 0,003092
крым 3,401197 0,003267
выдвинуть 3,218876 0,006184
коллега 1,791759 0,001721
статья 0,000000 0,000000
советский 1,752539 0,001684
современный 2,066196 0,003970
великобритания 2,612740 0,002510
евросоюз 3,064725 0,002944
повод 2,708050 0,005203
захотеть 2,708050 0,002601
отношение 1,226446 0,007069
прекратить 2,708050 0,002601
мировой 1,752539 0,001684
ответить 1,832581 0,001760
значить 3,912023 0,003758
геноцид 4,317488 0,004147
море 2,612740 0,002510
граница 2,014903 0,001936
фашист 3,218876 0,003092
западный 2,014903 0,001936
получить 1,059392 0,001018
контакт 1,919593 0,001844
направить 2,612740 0,002510
фраза 2,931194 0,002816
план 1,875141 0,003603
тема 1,297063 0,002492
объяснить 1,484275 0,001426
сформировать 3,064725 0,002944
предложение 1,919593 0,003688
восторг 4,317488 0,004147
курорт 3,401197 0,003267
сделать 1,321756 0,001270
увлекательный 0,047791 0,000046
сорвать 2,371578 0,002278
использованияполитик 0,000000 0,000000
фрг 3,912023 0,003758
деактивировать 0,013423 0,000013
выгода 4,317488 0,004147
договорённость 2,302585 0,004424
рекомендательный 0,000000 0,000000
белый 1,609438 0,009276
довести 3,912023 0,003758
переговоры 0,047791 0,000321
будущее 2,066196 0,005954
защитить 3,064725 0,002944
нюанс 3,218876 0,009276
обратиться 0,076161 0,000073
правота 4,317488 0,004147
министр 2,302585 0,002212
забота 0,000000 0,000000
опровергнуть 2,931194 0,002816
сбер 0,040822 0,000039
пожаловать 0,013423 0,000013
деталь 2,708050 0,002601
сербия 3,624341 0,006963
трамп 0,054808 0,002317
ведущий 2,371578 0,002278
решить 1,791759 0,005164
идея 1,714798 0,004942
соруководитель 5,010635 0,004813
задержание 2,931194 0,002816
крупный 0,054808 0,000105
волк 5,010635 0,004813
задержать 1,875141 0,001801
адекватно 5,010635 0,004813
перспектива 2,371578 0,004556
победа 0,000000 0,000000
привести 1,427116 0,001371
стамбул 2,931194 0,008447
белоус 0,076161 0,000073
крайний 4,317488 0,004147
прибыть 0,083382 0,000080
рассказать 0,985284 0,006625
сегодня 1,643339 0,001579
страна 0,747955 0,002874
президент 0,851752 0,002455
просить 2,708050 0,002601
сми 0,000000 0,000000
акция 0,047791 0,000046
америка 3,064725 0,002944
жилец 0,068993 0,000066
инфраструктура 2,014903 0,001936
предречь 0,076161 0,000146
место 0,027029 0,000104
начало 1,399717 0,001345
свет 0,054808 0,000053
отправить 2,066196 0,001985
регион 0,076161 0,000073
мс 0,097980 0,000094
рука 2,066196 0,001985
март 0,040822 0,000627
военный 0,020203 0,000078
летний 0,047791 0,000046
участие 2,014903 0,001936
рада 0,068993 0,000066
бесстыдство 5,010635 0,004813
экономика 0,000000 0,000000
попытка 1,609438 0,001546
обсуждение 2,931194 0,002816
опечатка 0,000000 0,000000
сложно 2,525729 0,002426
указать 1,966113 0,003777
соглашение 2,612740 0,002510
золотой 2,931194 0,002816
прокомментировать 2,525729 0,004853
вызвать 0,090654 0,000087
наркотический 5,010635 0,004813
школа 2,525729 0,002426
реальный 0,013423 0,000013
миграционный 5,010635 0,004813
христианин 3,912023 0,003758
завершение 3,218876 0,003092
тысяча 0,054808 0,000053
курский 1,791759 0,001721
политолог 2,708050 0,005203
поделиться 2,708050 0,002601
всу 1,373049 0,001319
затопить 0,076161 0,000073
радикальный 3,912023 0,003758
обменивать 0,047791 0,000046
бербок 3,401197 0,006534
условие 0,033902 0,000261
премьер 2,525729 0,002426
исламист 5,010635 0,004813
кеннеди 3,218876 0,012368
правда 0,040822 0,000078
встреча 1,832581 0,005281
думать 1,791759 0,001721
усилить 3,912023 0,003758
опасный 2,238047 0,004300
видеть 0,013423 0,000013
миллион 1,347074 0,001294
вербовать 3,624341 0,003482
способ 1,919593 0,001844
наука 0,000000 0,000000
какой 1,203973 0,002313
выборы 2,813411 0,005405
каков 3,624341 0,003482
