автомобиль 2,177422 0,007640
бригада 2,813411 0,019743
ру 0,000000 0,000000
боевой 2,371578 0,008321
рф 1,514128 0,005313
банк 0,068993 0,000242
лента 0,000000 0,000000
новый 0,000000 0,000000
день 0,033902 0,000119
перемирие 0,076161 0,000267
лишиться 2,445686 0,008581
спорт 0,000000 0,000000
район 2,120264 0,007440
отвести 0,076161 0,000267
добро 0,013423 0,000141
согласие 0,047791 0,000168
путешествие 0,000000 0,000000
четыре 0,040822 0,000143
север 3,912023 0,013726
конфликт 0,061875 0,000217
конфиденциальностиправить 0,000000 0,000000
пол 0,090654 0,000318
помощь 0,027029 0,000095
отметить 1,399717 0,004911
вода 0,054808 0,000192
фото 0,061875 0,000434
пункт 1,966113 0,013797
политика 0,040822 0,000286
применение 0,000000 0,000000
станислав 3,218876 0,011294
область 1,272966 0,026799
вс 2,371578 0,008321
абрам 4,317488 0,015149
отдел 0,579818 0,002034
ценность 0,000000 0,000000
сила 1,321756 0,009275
мир 0,000000 0,000000
вернуться 0,006689 0,000023
индия 0,076161 0,000267
структура 0,000000 0,000000
российский 0,033902 0,000595
обитание 0,000000 0,000000
бывший 0,000000 0,000000
боец 1,875141 0,006579
россия 0,000000 0,000000
интернет 0,000000 0,000000
сутки 2,445686 0,017163
маккартень 0,097980 0,000344
ооо 0,000000 0,000000
шесть 1,966113 0,020696
свой 0,020203 0,000071
проблема 0,047791 0,000168
вторжение 3,401197 0,011934
также 0,762140 0,002674
появиться 1,373049 0,009635
гид 0,076161 0,000267
технологийминь 0,000000 0,000000
украина 0,805943 0,002828
город 0,047791 0,000168
подробность 2,066196 0,014500
американский 0,054808 0,000192
галерея 0,000000 0,000000
ударить 2,525729 0,017724
внешность 0,097980 0,000344
сотрудник 0,068993 0,000242
находиться 1,399717 0,004911
начаться 0,033902 0,000119
зеленский 0,054808 0,000385
разгром 3,401197 0,011934
силовой 0,000000 0,000000
прошедшее 4,317488 0,015149
пляжный 0,097980 0,000344
эмоция 0,047791 0,000168
сеть 0,090654 0,000318
вооружённый 1,678431 0,011778
выражать 0,047791 0,000335
читать 0,040822 0,000143
военнослужащий 0,068993 0,000242
минобороны 1,966113 0,013797
накапливать 0,047791 0,000168
разгромный 5,010635 0,017581
оборонный 3,401197 0,011934
войско 2,371578 0,033285
оценивать 0,047791 0,000168
орудие 3,912023 0,013726
олешний 5,010635 0,017581
байконур 0,097980 0,000344
населить 2,525729 0,008862
редакциярекламаконтактыпресс 0,000000 0,000000
видео 0,000000 0,000000
депутат 0,068993 0,000242
прогресс 0,090654 0,000318
солдат 2,371578 0,008321
форма 0,061875 0,000217
нажать 0,000000 0,000000
последний 0,083382 0,000293
дом 0,061875 0,000217
журналист 1,966113 0,006899
культура 0,000000 0,000000
момент 1,399717 0,004911
завершать 4,317488 0,015149
обсудить 0,415515 0,001458
красильников 3,624341 0,012717
архив 0,000000 0,000000
никита 2,931194 0,010285
статья 0,000000 0,000000
заявить 0,061875 0,000434
сша 0,040822 0,000143
потерять 2,238047 0,007853
бонус 0,047791 0,000335
среда 0,000000 0,000000
раскрытие 0,076161 0,000267
редактор 0,556288 0,001952
остаться 0,047791 0,000168
эксклюзив 0,000000 0,000000
уволить 0,076161 0,000267
скидка 0,047791 0,000168
вели 3,401197 0,011934
погружаться 0,047791 0,000168
увлекательный 0,047791 0,000168
использованияполитик 0,000000 0,000000
горналя 4,317488 0,015149
риа 1,272966 0,004467
деактивировать 0,013423 0,000047
свыше 3,401197 0,011934
рекомендательный 0,000000 0,000000
противник 2,525729 0,008862
переговоры 0,047791 0,000168
получать 0,033902 0,000119
машина 1,875141 0,006579
хотеть 0,013423 0,000047
обратиться 0,076161 0,000267
забота 0,000000 0,000000
сбер 0,040822 0,000143
пожаловать 0,013423 0,000047
управление 2,525729 0,008862
трамп 0,054808 0,000192
работать 0,027029 0,000095
который 0,521999 0,001832
крупный 0,054808 0,000385
провести 1,514128 0,005313
подразделение 2,813411 0,009872
операция 1,514128 0,005313
спецпроект 0,000000 0,000000
это 0,020203 0,000071
семь 2,708050 0,009502
победа 0,000000 0,000000
украинский 0,047791 0,000335
белоус 0,076161 0,000267
прибыть 0,083382 0,000293
два 0,033902 0,000238
гоголёвка 4,317488 0,015149
страна 0,747955 0,002624
президент 0,851752 0,002989
новость 0,000000 0,000000
туристка 0,076161 0,000267
мотор 0,000000 0,000000
сми 0,000000 0,000000
акция 0,047791 0,000168
наслать 0,000000 0,000000
жизнь 0,000000 0,000000
жилец 0,068993 0,000242
несколько 1,226446 0,004303
предречь 0,076161 0,000534
жать 0,013423 0,000047
войти 0,000000 0,000000
место 0,027029 0,000095
свет 0,054808 0,000192
регион 0,076161 0,000534
мс 0,097980 0,000344
ведомство 2,066196 0,007250
март 0,040822 0,000286
военный 0,020203 0,000071
летний 0,047791 0,000168
рада 0,068993 0,000242
экономика 0,000000 0,000000
уход 0,076161 0,000267
опечатка 0,000000 0,000000
миномёт 5,010635 0,017581
хороший 0,006689 0,000023
спор 0,097980 0,000344
добавить 1,966113 0,006899
вызвать 0,090654 0,000318
обычный 0,013423 0,000047
бронировать 3,912023 0,013726
конфиденциальность 0,047791 0,000168
параллельмыть 2,177422 0,007640
владимир 1,160488 0,004072
путин 0,967584 0,003395
изнасиловать 0,076161 0,000267
продолжать 0,033902 0,000119
бой 2,066196 0,021749
реальный 0,013423 0,000047
ссср 0,000000 0,000000
техника 0,000000 0,000000
тысяча 0,054808 0,000192
курский 1,791759 0,037721
всу 1,373049 0,014453
затопить 0,076161 0,000267
игра 0,000000 0,000000
артиллерийский 3,912023 0,013726
обменивать 0,047791 0,000168
минь 0,000000 0,000000
условие 0,033902 0,000238
ваш 0,047791 0,000168
главное 0,000000 0,000000
медитация 0,076161 0,000267
правда 0,040822 0,000143
группировка 2,445686 0,017163
видеть 0,013423 0,000047
реакция 0,047791 0,000335
беспилотник 2,177422 0,007640
материал 0,000000 0,000000
наука 0,000000 0,000000
сообщить 1,297063 0,004551
гуево 4,317488 0,015149
