допросить 4,317488 0,010111
метро 2,931194 0,027458
ру 0,000000 0,000000
рф 1,514128 0,003546
специальный 2,525729 0,005915
банк 0,068993 0,000162
лента 0,000000 0,000000
новый 0,000000 0,000000
день 0,033902 0,000079
образ 1,514128 0,003546
перемирие 0,076161 0,000178
спорт 0,000000 0,000000
ск 5,010635 0,058673
отвести 0,076161 0,000178
этот 1,427116 0,003342
добро 0,013423 0,000094
сам 1,226446 0,002872
согласие 0,047791 0,000112
вероятно 2,813411 0,006589
путешествие 0,000000 0,000000
четыре 0,040822 0,000096
менее 2,014903 0,004719
трудоспособность 5,010635 0,011735
анисеева 4,317488 0,010111
конфликт 0,061875 0,000145
конфиденциальностиправить 0,000000 0,000000
александр 1,373049 0,003216
пол 0,090654 0,000212
помощь 0,027029 0,000063
вода 0,054808 0,000128
трифонов 5,010635 0,011735
фото 0,061875 0,000580
политика 0,040822 0,000096
отбывание 5,010635 0,011735
применение 0,000000 0,000000
продолжаться 2,708050 0,006342
пресс 2,708050 0,006342
суд 1,832581 0,004292
нога 2,302585 0,005392
коммерсантъ 2,708050 0,012684
станислав 3,218876 0,007538
шутка 2,813411 0,026355
культяпковозка 3,401197 0,023896
миридон 4,317488 0,010111
инвалид 2,813411 0,026355
выступление 2,708050 0,025368
отдел 0,579818 0,001358
ценность 0,000000 0,000000
мир 0,000000 0,000000
вернуться 0,006689 0,000016
весь 1,078810 0,002526
индия 0,076161 0,000178
ук 3,401197 0,007965
структура 0,000000 0,000000
судкриминалполиция 2,525729 0,005915
дело 1,249435 0,014630
российский 0,033902 0,000238
сво 2,445686 0,017183
обитание 0,000000 0,000000
речь 2,445686 0,005728
бывший 0,000000 0,000000
уехать 2,813411 0,006589
версия 2,708050 0,006342
время 0,693147 0,001623
россия 0,000000 0,000000
интернет 0,000000 0,000000
маккартень 0,097980 0,000229
ооо 0,000000 0,000000
шесть 1,966113 0,013813
свой 0,020203 0,000095
данный 2,445686 0,005728
проблема 0,047791 0,000112
назвать 1,021651 0,002393
гид 0,076161 0,000178
технологийминь 0,000000 0,000000
украина 0,805943 0,003775
город 0,047791 0,000224
подать 2,813411 0,006589
принудительный 3,218876 0,007538
подробность 2,066196 0,004839
связать 2,066196 0,004839
американский 0,054808 0,000128
утратить 3,064725 0,007177
скейт 5,010635 0,011735
галерея 0,000000 0,000000
внешность 0,097980 0,000229
пытаться 1,347074 0,003155
сотрудник 0,068993 0,000162
находиться 1,399717 0,003278
адрес 3,218876 0,007538
начаться 0,033902 0,000079
зеленский 0,054808 0,000257
работа 0,899761 0,002107
силовой 0,000000 0,000000
уголовный 3,218876 0,007538
пляжный 0,097980 0,000229
эмоция 0,047791 0,000112
сеть 0,090654 0,000425
увечье 4,317488 0,020222
ход 1,678431 0,007862
возбуждение 3,912023 0,009162
выражать 0,047791 0,000224
читать 0,040822 0,000096
военнослужащий 0,068993 0,000162
накапливать 0,047791 0,000112
причина 1,484275 0,003476
равно 2,931194 0,006865
вражда 3,218876 0,007538
оценивать 0,047791 0,000112
соус 5,010635 0,011735
байконур 0,097980 0,000229
подтвердить 2,238047 0,005241
редакциярекламаконтактыпресс 0,000000 0,000000
оскорбление 4,317488 0,010111
видео 0,000000 0,000000
блогер 2,813411 0,006589
унижение 3,624341 0,016976
депутат 0,068993 0,000162
мышление 4,317488 0,010111
прогресс 0,090654 0,000212
выясниться 2,371578 0,005554
часть 1,484275 0,003476
свобода 2,931194 0,006865
форма 0,061875 0,000145
нажать 0,000000 0,000000
оперативный 2,014903 0,004719
последний 0,083382 0,000195
дом 0,061875 0,000145
высказывать 4,317488 0,010111
московский 2,014903 0,004719
культура 0,000000 0,000000
колония 3,064725 0,014355
архив 0,000000 0,000000
враждебный 5,010635 0,011735
статья 0,000000 0,000000
попрошайка 5,010635 0,011735
разойтись 4,317488 0,010111
заявить 0,061875 0,000435
сша 0,040822 0,000096
грозить 2,708050 0,012684
отношение 1,226446 0,002872
пошутить 2,931194 0,020594
бонус 0,047791 0,000224
среда 0,000000 0,000000
раскрытие 0,076161 0,000178
редактор 0,556288 0,001303
кататься 3,912023 0,009162
следствие 2,612740 0,012238
допрос 4,317488 0,010111
остаться 0,047791 0,000112
граница 2,014903 0,004719
получить 1,059392 0,004962
эксклюзив 0,000000 0,000000
уволить 0,076161 0,000178
скидка 0,047791 0,000112
комментарий 1,427116 0,010027
москва 1,021651 0,004785
подозревать 2,445686 0,005728
погружаться 0,047791 0,000112
увлекательный 0,047791 0,000112
использованияполитик 0,000000 0,000000
служба 2,120264 0,004965
заметить 2,120264 0,004965
лицо 1,966113 0,004604
назначить 2,708050 0,006342
деактивировать 0,013423 0,000031
рекомендательный 0,000000 0,000000
изначально 3,064725 0,007177
переговоры 0,047791 0,000112
всеследствие 2,525729 0,005915
публичный 3,401197 0,007965
получать 0,033902 0,000079
год 0,521999 0,007335
осторожно 4,317488 0,010111
фигурант 5,010635 0,011735
хотеть 0,013423 0,000031
обратиться 0,076161 0,000178
забота 0,000000 0,000000
комитет 2,813411 0,006589
сбер 0,040822 0,000096
пожаловать 0,013423 0,000031
некрасов 5,010635 0,011735
человеческий 3,401197 0,015931
трамп 0,054808 0,000128
работать 0,027029 0,000063
который 0,521999 0,002445
штраф 3,912023 0,009162
задержание 2,931194 0,006865
наталья 3,218876 0,007538
пересечь 3,912023 0,009162
крупный 0,054808 0,000257
задержать 1,875141 0,017566
операция 1,514128 0,007092
спецпроект 0,000000 0,000000
это 0,020203 0,000047
победа 0,000000 0,000000
украинский 0,047791 0,000112
слово 0,820981 0,001923
критический 3,401197 0,007965
белоус 0,076161 0,000178
два 0,033902 0,000238
прибыть 0,083382 0,000195
стендапер 3,912023 0,054970
рассказать 0,985284 0,002307
страна 0,747955 0,001752
новость 0,000000 0,000000
туристка 0,076161 0,000178
мотор 0,000000 0,000000
сми 0,000000 0,000000
акция 0,047791 0,000112
наслать 0,000000 0,000000
ненависть 3,624341 0,008488
такой 1,003302 0,004699
жизнь 0,000000 0,000000
жилец 0,068993 0,000162
спецслужбыпреступный 2,525729 0,005915
предречь 0,076161 0,000357
жать 0,013423 0,000031
войти 0,000000 0,000000
останинстендап 5,010635 0,011735
место 0,027029 0,000063
свет 0,054808 0,000128
регион 0,076161 0,000178
мс 0,097980 0,000229
естественно 3,624341 0,008488
спецоперация 3,218876 0,007538
ведомство 2,066196 0,004839
март 0,040822 0,000191
военный 0,020203 0,000142
лишение 3,912023 0,009162
летний 0,047791 0,000112
рада 0,068993 0,000162
экономика 0,000000 0,000000
попытка 1,609438 0,003769
канал 1,791759 0,008392
уход 0,076161 0,000178
опечатка 0,000000 0,000000
сюжетспециальный 5,010635 0,011735
рубль 1,514128 0,003546
хороший 0,006689 0,000016
спор 0,097980 0,000229
поздний 1,832581 0,004292
следственный 3,912023 0,009162
отключить 1,514128 0,003546
вызвать 0,090654 0,000212
три 1,919593 0,004496
обычный 0,013423 0,000031
конфиденциальность 0,047791 0,000112
артемий 3,064725 0,014355
накинуться 5,010635 0,011735
либо 1,919593 0,004496
изнасиловать 0,076161 0,000178
продолжать 0,033902 0,000079
реальный 0,013423 0,000031
ссср 0,000000 0,000000
техника 0,000000 0,000000
тысяча 0,054808 0,000257
подключать 5,010635 0,011735
пять 1,484275 0,003476
останин 3,218876 0,052768
идти 1,297063 0,003038
подчеркнуть 2,066196 0,004839
вопрос 1,021651 0,002393
затопить 0,076161 0,000178
никто 2,014903 0,004719
игра 0,000000 0,000000
уточнить 2,708050 0,012684
правоохранитель 3,401197 0,007965
участник 2,371578 0,005554
размер 2,525729 0,005915
обменивать 0,047791 0,000112
минь 0,000000 0,000000
расследование 2,525729 0,011830
условие 0,033902 0,000159
ваш 0,047791 0,000112
главное 0,000000 0,000000
мнение 1,643339 0,003849
медитация 0,076161 0,000178
правда 0,040822 0,000096
достоинство 3,624341 0,016976
интервью 2,525729 0,005915
срок 1,966113 0,004604
информация 1,514128 0,010638
возбудить 3,624341 0,008488
видеть 0,013423 0,000031
реакция 0,047791 0,000224
скорый 2,525729 0,005915
влад 3,912023 0,009162
материал 0,000000 0,000000
комик 2,813411 0,039533
наука 0,000000 0,000000
подаваться 5,010635 0,011735
сообщить 1,297063 0,003038
никак 2,931194 0,013729
якобы 2,813411 0,006589
