ру 0,000000 0,000000
рф 1,514128 0,004673
банк 0,068993 0,000213
лента 0,000000 0,000000
новый 0,000000 0,000000
исходить 3,401197 0,010498
день 0,033902 0,000105
перемирие 0,076161 0,000235
спорт 0,000000 0,000000
местный 2,066196 0,006377
мочь 0,836248 0,005162
отвести 0,076161 0,000235
добро 0,013423 0,000124
велеть 5,010635 0,015465
согласие 0,047791 0,000148
путешествие 0,000000 0,000000
четыре 0,040822 0,000126
кулуар 5,010635 0,015465
конфликт 0,061875 0,000191
обратно 3,401197 0,010498
конфиденциальностиправить 0,000000 0,000000
пол 0,090654 0,000280
помощь 0,027029 0,000083
отметить 1,399717 0,008640
глава 1,321756 0,004079
вода 0,054808 0,000169
министерство 2,813411 0,008683
фото 0,061875 0,000382
политика 0,040822 0,000126
применение 0,000000 0,000000
иностранный 1,919593 0,023699
ниша 3,401197 0,010498
сложиться 2,931194 0,009047
прорабатывать 5,010635 0,015465
перечень 4,317488 0,013326
ценность 0,000000 0,000000
мир 0,000000 0,000000
вернуться 0,006689 0,000041
индия 0,076161 0,000235
структура 0,000000 0,000000
российский 0,033902 0,000419
обитание 0,000000 0,000000
бывший 0,000000 0,000000
россия 0,000000 0,000000
интернет 0,000000 0,000000
маккартень 0,097980 0,000302
ооо 0,000000 0,000000
свой 0,020203 0,000062
готовить 2,445686 0,015097
ранее 1,003302 0,003097
финансы 3,912023 0,012074
согласовать 3,401197 0,020995
ситуация 1,484275 0,009162
проблема 0,047791 0,000148
требование 2,014903 0,037313
также 0,762140 0,004705
вячеслав 3,401197 0,010498
гид 0,076161 0,000235
технологийминь 0,000000 0,000000
город 0,047791 0,000148
цена 2,302585 0,007107
американский 0,054808 0,000169
напомнить 2,445686 0,007548
галерея 0,000000 0,000000
прийтись 2,120264 0,006544
внешность 0,097980 0,000302
представитель 1,678431 0,005180
сотрудник 0,068993 0,000213
начаться 0,033902 0,000105
зеленский 0,054808 0,000338
начать 1,139434 0,010550
работа 0,899761 0,002777
минэнерго 5,010635 0,015465
всегосэкономикабизнесрынкикапиталсоциальный 1,966113 0,006068
силовой 0,000000 0,000000
интересно 2,813411 0,008683
цитировать 4,317488 0,013326
пляжный 0,097980 0,000302
эмоция 0,047791 0,000148
сеть 0,090654 0,000280
ключевой 2,445686 0,015097
агап 5,010635 0,015465
требоваться 3,064725 0,009459
федоренко 5,010635 0,015465
выражать 0,047791 0,000295
читать 0,040822 0,000126
военнослужащий 0,068993 0,000213
накапливать 0,047791 0,000148
возврат 3,218876 0,019870
возвращаться 3,064725 0,009459
оценивать 0,047791 0,000148
байконур 0,097980 0,000302
редакциярекламаконтактыпресс 0,000000 0,000000
правительство 3,624341 0,011186
видео 0,000000 0,000000
правительственный 3,624341 0,022372
депутат 0,068993 0,000213
бизнес 2,371578 0,014639
прогресс 0,090654 0,000280
форма 0,061875 0,000191
нажать 0,000000 0,000000
последний 0,083382 0,000257
дом 0,061875 0,000191
культура 0,000000 0,000000
момент 1,399717 0,004320
обсудить 0,415515 0,001282
архив 0,000000 0,000000
статья 0,000000 0,000000
соответственно 3,064725 0,009459
минпромторг 3,912023 0,012074
заявить 0,061875 0,000573
чебесков 5,010635 0,046395
сша 0,040822 0,000126
бонус 0,047791 0,000295
среда 0,000000 0,000000
раскрытие 0,076161 0,000235
остаться 0,047791 0,000148
внутри 2,445686 0,015097
уйти 2,014903 0,006219
западный 2,014903 0,006219
получить 1,059392 0,003270
эксклюзив 0,000000 0,000000
уволить 0,076161 0,000235
скидка 0,047791 0,000148
продавать 2,708050 0,008358
погружаться 0,047791 0,000148
климат 1,875141 0,005787
увлекательный 0,047791 0,000148
использованияполитик 0,000000 0,000000
средаклимат 1,966113 0,006068
риа 1,272966 0,007858
рынок 1,609438 0,019870
деактивировать 0,013423 0,000041
рекомендательный 0,000000 0,000000
возвращение 2,014903 0,012438
являться 1,714798 0,005293
переговоры 0,047791 0,000148
дисконт 3,624341 0,011186
получать 0,033902 0,000105
сферанедвижимостьгородский 1,966113 0,006068
год 0,521999 0,001611
заявитель 5,010635 0,015465
хотеть 0,013423 0,000041
обратиться 0,076161 0,000235
забота 0,000000 0,000000
сбер 0,040822 0,000126
пожаловать 0,013423 0,000041
работать 0,027029 0,000167
трамп 0,054808 0,000169
который 0,521999 0,001611
крупный 0,054808 0,000338
спецпроект 0,000000 0,000000
минсельхоз 5,010635 0,015465
это 0,020203 0,000125
победа 0,000000 0,000000
украинский 0,047791 0,000148
минфин 3,218876 0,039739
белоус 0,076161 0,000235
прибыть 0,083382 0,000257
два 0,033902 0,000209
замглавы 3,912023 0,012074
текущий 2,525729 0,007795
страна 0,747955 0,004617
президент 0,851752 0,002629
новость 0,000000 0,000000
туристка 0,076161 0,000235
мотор 0,000000 0,000000
сми 0,000000 0,000000
акция 0,047791 0,000148
наслать 0,000000 0,000000
проработать 3,064725 0,009459
жизнь 0,000000 0,000000
создаваться 3,064725 0,009459
жилец 0,068993 0,000213
выгоняться 3,912023 0,012074
иван 2,931194 0,009047
предречь 0,076161 0,000470
жать 0,013423 0,000041
войти 0,000000 0,000000
место 0,027029 0,000083
свет 0,054808 0,000169
государство 1,919593 0,005925
регион 0,076161 0,000235
мс 0,097980 0,000302
никакой 2,302585 0,007107
поручить 2,931194 0,009047
ведомство 2,066196 0,012754
март 0,040822 0,000126
занятый 3,401197 0,020995
военный 0,020203 0,000062
допустить 2,813411 0,008683
мы 2,238047 0,006908
летний 0,047791 0,000148
рада 0,068993 0,000213
экономика 0,000000 0,000000
тот 1,427116 0,004405
уход 0,076161 0,000235
опечатка 0,000000 0,000000
особый 2,708050 0,008358
хороший 0,006689 0,000021
столь 3,624341 0,011186
спор 0,097980 0,000302
вызвать 0,090654 0,000280
обычный 0,013423 0,000041
власть 1,609438 0,004967
конфиденциальность 0,047791 0,000148
владимир 1,160488 0,007164
путин 0,967584 0,005973
механизм 2,371578 0,007320
изнасиловать 0,076161 0,000235
продолжать 0,033902 0,000105
список 2,371578 0,014639
реальный 0,013423 0,000041
ссср 0,000000 0,000000
техника 0,000000 0,000000
тысяча 0,054808 0,000169
февраль 1,160488 0,003582
подчеркнуть 2,066196 0,006377
вопрос 1,021651 0,003153
затопить 0,076161 0,000235
подкомиссия 5,010635 0,046395
игра 0,000000 0,000000
компания 1,714798 0,031756
обменивать 0,047791 0,000148
минь 0,000000 0,000000
низкий 2,813411 0,008683
условие 0,033902 0,000314
ваш 0,047791 0,000148
главное 0,000000 0,000000
медитация 0,076161 0,000235
правда 0,040822 0,000126
видеть 0,013423 0,000041
экологияделовой 1,966113 0,006068
реакция 0,047791 0,000295
материал 0,000000 0,000000
наука 0,000000 0,000000
быть 1,399717 0,004320
