автомобиль 2,177422 0,005197
вредный 2,612740 0,006236
ру 0,000000 0,000000
отмечать 1,966113 0,004692
лента 0,000000 0,000000
космонавт 3,912023 0,009337
новый 0,000000 0,000000
день 0,033902 0,000566
найти 1,678431 0,012017
реалия 4,317488 0,010304
линия 2,445686 0,005837
целое 2,813411 0,006715
ловиться 5,010635 0,011959
спорт 0,000000 0,000000
санкция 2,014903 0,004809
супергерой 5,010635 0,011959
учитель 3,624341 0,008650
отечественный 2,445686 0,005837
мочь 0,836248 0,001996
добро 0,013423 0,000096
согласие 0,047791 0,000114
путешествие 0,000000 0,000000
стереотип 5,010635 0,023917
важный 1,875141 0,008951
мозг 3,624341 0,008650
народный 2,708050 0,006463
задать 4,317488 0,010304
конфиденциальностиправить 0,000000 0,000000
продать 3,064725 0,007314
помощь 0,027029 0,000065
отметить 1,399717 0,003341
человек 0,762140 0,005457
основной 2,813411 0,006715
политика 0,040822 0,000097
применение 0,000000 0,000000
дать 1,272966 0,012152
зож 4,317488 0,010304
космос 2,813411 0,013429
шкодливый 5,010635 0,011959
балдёж 5,010635 0,011959
студент 2,931194 0,006996
элемент 3,401197 0,008117
смочь 1,399717 0,003341
ты 3,064725 0,014629
забег 5,010635 0,011959
избиратель 4,317488 0,010304
собрать 2,931194 0,020987
готовый 1,791759 0,004276
ценность 0,000000 0,000000
накормить 4,317488 0,010304
мир 0,000000 0,000000
вернуться 0,006689 0,000032
весь 1,078810 0,005149
пройти 1,427116 0,006812
структура 0,000000 0,000000
успеть 2,525729 0,012056
оставить 2,238047 0,005341
дело 1,249435 0,008946
российский 0,033902 0,000081
сражаться 3,624341 0,008650
цель 1,875141 0,004475
обитание 0,000000 0,000000
трактор 4,317488 0,010304
давно 2,445686 0,005837
бывший 0,000000 0,000000
время 0,693147 0,003309
морской 3,218876 0,007682
узнать 2,014903 0,009618
россия 0,000000 0,000000
интернет 0,000000 0,000000
тест 4,317488 0,010304
ооо 0,000000 0,000000
свой 0,020203 0,000193
препятствие 5,010635 0,011959
подарок 3,218876 0,015365
сильный 1,678431 0,004006
ситуация 1,484275 0,003542
голосование 4,317488 0,010304
пара 2,813411 0,006715
технологийминь 0,000000 0,000000
город 0,047791 0,000342
совесть 4,317488 0,010304
поле 3,064725 0,014629
правильно 2,813411 0,006715
мудрость 4,317488 0,010304
рождение 3,218876 0,007682
галерея 0,000000 0,000000
вырасти 2,371578 0,011320
пытаться 1,347074 0,003215
вложить 4,317488 0,010304
силовой 0,000000 0,000000
полёт 2,931194 0,006996
вовремя 5,010635 0,011959
эмоция 0,047791 0,000114
кринжов 5,010635 0,011959
олимблинский 5,010635 0,011959
кандидат 3,401197 0,008117
иначе 3,401197 0,008117
закрыть 3,218876 0,007682
порядок 2,066196 0,004931
выражать 0,047791 0,000228
праздник 2,813411 0,020144
параллельный 5,010635 0,011959
девочка 2,708050 0,006463
читать 0,040822 0,000195
знать 1,576648 0,003763
накапливать 0,047791 0,000114
довезти 3,912023 0,009337
старый 2,371578 0,005660
учёный 2,525729 0,006028
флаг 3,401197 0,024352
её 5,010635 0,023917
единство 5,010635 0,011959
оценивать 0,047791 0,000114
сказка 3,912023 0,009337
мастер 3,624341 0,008650
попасть 1,678431 0,004006
редакциярекламаконтактыпресс 0,000000 0,000000
масленичный 5,010635 0,011959
поднять 2,931194 0,006996
раскинуть 5,010635 0,011959
видео 0,000000 0,000000
путь 2,066196 0,004931
конституция 3,401197 0,008117
жар 5,010635 0,011959
бизнес 2,371578 0,005660
суперпрофи 5,010635 0,011959
часть 1,484275 0,003542
нажать 0,000000 0,000000
минута 2,177422 0,005197
культура 0,000000 0,000000
преодолеть 3,064725 0,007314
архив 0,000000 0,000000
монстр 4,317488 0,020609
помочь 1,714798 0,028648
статья 0,000000 0,000000
современный 2,066196 0,004931
добраться 3,064725 0,007314
честь 2,813411 0,020144
карта 2,014903 0,004809
привычка 3,624341 0,008650
бонус 0,047791 0,000228
среда 0,000000 0,000000
наш 1,347074 0,003215
ледоколь 5,010635 0,011959
эксклюзив 0,000000 0,000000
беларусь 4,317488 0,010304
направить 2,612740 0,006236
скидка 0,047791 0,000114
чиновник 2,931194 0,006996
домой 2,612740 0,006236
государственный 2,525729 0,006028
экзамен 3,912023 0,009337
наставник 5,010635 0,011959
погружаться 0,047791 0,000114
инвестиция 2,931194 0,006996
курорт 3,401197 0,008117
рунет 4,317488 0,010304
ловить 3,624341 0,008650
сделать 1,321756 0,003155
увлекательный 0,047791 0,000114
сорвать 2,371578 0,005660
использованияполитик 0,000000 0,000000
гость 3,218876 0,007682
большой 1,714798 0,004093
деактивировать 0,013423 0,000032
рекомендательный 0,000000 0,000000
довести 3,912023 0,009337
богач 4,317488 0,010304
переговоры 0,047791 0,000114
бывать 3,064725 0,007314
угадать 5,010635 0,011959
заразить 4,317488 0,010304
получать 0,033902 0,000162
год 0,521999 0,003737
хотеть 0,013423 0,000064
жизненный 3,912023 0,009337
спасти 2,371578 0,011320
закинуть 5,010635 0,011959
подготовка 2,302585 0,005495
забота 0,000000 0,000000
сын 2,120264 0,005060
сбер 0,040822 0,000097
прямо 2,525729 0,006028
пожаловать 0,013423 0,000032
тыковка 5,010635 0,011959
стать 0,499776 0,003578
работать 0,027029 0,000065
который 0,521999 0,001246
крымский 2,813411 0,006715
избавиться 3,401197 0,008117
потенциал 3,401197 0,008117
возможно 2,813411 0,006715
уведомление 5,010635 0,011959
отечество 4,317488 0,020609
спецпроект 0,000000 0,000000
это 0,020203 0,000193
обойти 2,813411 0,013429
победа 0,000000 0,000000
отбиваться 4,317488 0,010304
знание 3,624341 0,017300
слово 0,820981 0,001959
присылать 5,010635 0,011959
прямой 2,302585 0,005495
страна 0,747955 0,001785
сразиться 5,010635 0,011959
президент 0,851752 0,004066
новость 0,000000 0,000000
мотор 0,000000 0,000000
сми 0,000000 0,000000
кошмар 3,912023 0,018673
акция 0,047791 0,000114
кот 3,912023 0,018673
создать 2,120264 0,005060
наслать 0,000000 0,000000
ль 5,010635 0,011959
профан 5,010635 0,011959
обучиться 4,317488 0,010304
посылка 3,064725 0,007314
вместе 1,514128 0,003614
преобразовать 3,912023 0,009337
жизнь 0,000000 0,000000
правильный 2,931194 0,013991
поболтать 5,010635 0,011959
жать 0,013423 0,000032
сдавать 3,401197 0,008117
войти 0,000000 0,000000
герой 2,014903 0,009618
надоесть 5,010635 0,011959
дорога 2,525729 0,006028
пересаживать 5,010635 0,011959
место 0,027029 0,000065
вирус 3,912023 0,018673
покориться 5,010635 0,011959
любовь 2,371578 0,005660
экономика 0,000000 0,000000
дипломатия 2,931194 0,006996
опечатка 0,000000 0,000000
надёжный 3,401197 0,008117
владивосток 4,317488 0,010304
онлайн 3,401197 0,008117
отправиться 2,445686 0,005837
халява 5,010635 0,011959
хороший 0,006689 0,000016
стереть 5,010635 0,011959
испортить 3,218876 0,007682
история 1,609438 0,003841
вкусный 4,317488 0,010304
фрагмент 4,317488 0,010304
обычный 0,013423 0,000032
почувствовать 3,064725 0,007314
конфиденциальность 0,047791 0,000114
защитник 3,624341 0,008650
продолжать 0,033902 0,000081
первый 0,883501 0,002109
реальный 0,013423 0,000064
поиграть 4,317488 0,010304
расставить 5,010635 0,011959
ссср 0,000000 0,000000
техника 0,000000 0,000000
семья 2,120264 0,015181
молодой 2,525729 0,006028
соединять 4,317488 0,010304
ошибка 2,525729 0,006028
кодструктор 5,010635 0,011959
калининград 3,912023 0,009337
птица 3,624341 0,008650
отыскать 5,010635 0,011959
вопрос 1,021651 0,002438
игра 0,000000 0,000000
тыквагоча 5,010635 0,011959
нейросеть 3,912023 0,009337
па 5,010635 0,011959
вернуть 2,371578 0,005660
вспомнить 2,813411 0,020144
обменивать 0,047791 0,000114
минь 0,000000 0,000000
голос 3,218876 0,015365
просыпаться 5,010635 0,011959
условие 0,033902 0,000162
ваш 0,047791 0,000114
сниться 5,010635 0,011959
главное 0,000000 0,000000
отвечать 2,302585 0,005495
проголосовать 5,010635 0,011959
проникнуть 2,371578 0,005660
понятный 3,218876 0,007682
кто 2,066196 0,004931
стрела 5,010635 0,011959
достижение 2,302585 0,005495
закидать 5,010635 0,011959
засыпать 4,317488 0,010304
переубедить 5,010635 0,011959
событие 1,919593 0,004581
видеть 0,013423 0,000032
алгоритм 3,401197 0,008117
погребок 4,317488 0,010304
сказочный 4,317488 0,010304
реакция 0,047791 0,000228
самый 0,883501 0,002109
мем 3,624341 0,008650
материал 0,000000 0,000000
наука 0,000000 0,000000
конкурс 5,010635 0,011959
ученик 4,317488 0,030913
выборы 2,813411 0,013429
проверить 3,064725 0,007314
общественный 3,624341 0,008650
источник 2,708050 0,006463
каков 3,624341 0,008650
