долгий 2,371578 0,002227
придумать 2,525729 0,002372
ру 0,000000 0,000000
банк 0,068993 0,000065
велосипед 3,912023 0,003673
новый 0,000000 0,000000
загадочный 2,931194 0,002752
день 0,033902 0,000095
образ 1,514128 0,005687
ухо 3,624341 0,003403
перемирие 0,076161 0,000072
газета 2,302585 0,002162
происходить 1,752539 0,001646
рот 2,708050 0,002543
знаменитость 3,624341 0,010209
бьютя 5,010635 0,004705
голливудский 2,813411 0,010567
лохматый 5,010635 0,004705
си 3,912023 0,007347
стиль 3,912023 0,018366
отвести 0,076161 0,000072
успех 2,238047 0,002101
добро 0,013423 0,000038
согласие 0,047791 0,000045
бунтарство 5,010635 0,004705
центр 1,752539 0,001646
путешествие 0,000000 0,000000
стилист 5,010635 0,004705
колмана 5,010635 0,004705
арт 4,317488 0,004054
жиголо 5,010635 0,004705
полный 1,875141 0,001761
конфликт 0,061875 0,000058
помощь 0,027029 0,000076
сапог 4,317488 0,004054
пол 0,090654 0,000170
запоминаться 5,010635 0,004705
александр 1,373049 0,001289
человек 0,762140 0,000716
вода 0,054808 0,000051
флешмоб 5,010635 0,004705
немного 2,813411 0,002642
фото 0,061875 0,000349
элорди 5,010635 0,004705
неугасающий 5,010635 0,004705
политика 0,040822 0,000038
волосатый 4,317488 0,004054
подкрутить 5,010635 0,004705
наркоторговец 3,218876 0,003022
подходить 2,612740 0,002453
сводить 5,010635 0,004705
отрастить 3,064725 0,005755
х 2,177422 0,012267
течение 1,966113 0,001846
малгод 5,010635 0,009410
индивидуальность 5,010635 0,009410
ресница 5,010635 0,004705
эдди 5,010635 0,004705
природа 3,218876 0,003022
мир 0,000000 0,000000
пропорция 5,010635 0,004705
искать 2,302585 0,004324
запад 1,919593 0,001802
эксперимент 3,912023 0,007347
читатель 3,912023 0,003673
домохозяйка 5,010635 0,004705
весь 1,078810 0,001013
индия 0,076161 0,000072
заголовок 3,401197 0,003194
структура 0,000000 0,000000
ум 3,064725 0,002878
бум 5,010635 0,004705
тонкий 3,401197 0,009581
дело 1,249435 0,002346
ус 2,931194 0,088073
бывший 0,000000 0,000000
время 0,693147 0,003254
называть 1,791759 0,003365
забыть 2,708050 0,002543
создавать 2,371578 0,002227
социальный 2,371578 0,004454
рональд 5,010635 0,004705
маккартень 0,097980 0,000092
ооо 0,000000 0,000000
вечеринка 3,912023 0,003673
тренд 3,064725 0,014388
насмешка 5,010635 0,004705
скуфома 4,317488 0,004054
главный 1,272966 0,002391
мендес 5,010635 0,004705
проблема 0,047791 0,000135
также 0,762140 0,000716
обучать 4,317488 0,004054
пирамидальный 5,010635 0,004705
член 2,612740 0,002453
технологийминь 0,000000 0,000000
город 0,047791 0,000045
оставлять 3,064725 0,002878
мода 3,218876 0,018135
носить 2,813411 0,013209
поддержание 3,624341 0,003403
галерея 0,000000 0,000000
внешность 0,097980 0,000460
пытаться 1,347074 0,001265
делаться 5,010635 0,004705
начаться 0,033902 0,000032
начать 1,139434 0,003210
профессионал 3,401197 0,003194
требовать 2,813411 0,002642
силовой 0,000000 0,000000
лётчик 2,931194 0,002752
пляжный 0,097980 0,000092
приходить 2,708050 0,002543
впоследствии 3,401197 0,003194
подбирать 4,317488 0,004054
татуировка 5,010635 0,004705
затылок 5,010635 0,004705
хотя 2,445686 0,004593
креативный 3,912023 0,003673
нелепый 2,931194 0,008257
однако 1,249435 0,001173
платформа 2,931194 0,002752
выражать 0,047791 0,000090
серьёзный 2,302585 0,002162
читать 0,040822 0,000038
крошечный 3,912023 0,007347
храбрый 4,317488 0,004054
оценивать 0,047791 0,000045
кларк 3,912023 0,011020
художник 3,401197 0,006387
геллер 5,010635 0,004705
байконур 0,097980 0,000092
один 0,836248 0,002356
редакциярекламаконтактыпресс 0,000000 0,000000
противоречие 4,317488 0,004054
иметь 1,832581 0,001721
видео 0,000000 0,000000
пример 2,371578 0,004454
сильно 2,445686 0,002296
часть 1,484275 0,002787
горизонтальный 5,010635 0,004705
берт 5,010635 0,004705
персонаж 3,401197 0,003194
последний 0,083382 0,000235
мятежный 5,010635 0,009410
бросаться 4,317488 0,004054
журналист 1,966113 0,001846
часто 2,525729 0,004743
верхний 4,317488 0,008108
архив 0,000000 0,000000
эпоха 3,401197 0,003194
помочь 1,714798 0,001610
бренд 2,445686 0,002296
вручение 4,317488 0,004054
привлекательный 3,624341 0,003403
заявить 0,061875 0,000058
детектив 3,624341 0,003403
сша 0,040822 0,000038
запустить 2,302585 0,002162
бонус 0,047791 0,000090
среда 0,000000 0,000000
волосяной 5,010635 0,004705
раскрытие 0,076161 0,000072
делать 1,752539 0,003291
определённо 5,010635 0,004705
маллета 5,010635 0,004705
современно 5,010635 0,004705
подобный 2,120264 0,001991
естественность 5,010635 0,004705
остаться 0,047791 0,000045
повторить 5,010635 0,004705
сбрить 5,010635 0,004705
эксклюзив 0,000000 0,000000
уволить 0,076161 0,000072
похожий 2,371578 0,002227
скидка 0,047791 0,000045
косметический 3,912023 0,003673
узнавать 3,912023 0,003673
моника 5,010635 0,004705
подойти 2,813411 0,002642
тимоти 4,317488 0,024324
погружаться 0,047791 0,000045
хендлбар 5,010635 0,004705
меняться 3,064725 0,002878
вычурный 5,010635 0,004705
особенно 2,302585 0,004324
выглядеть 1,752539 0,004937
лицо 1,966113 0,014769
отращивать 5,010635 0,018819
ноябрьский 4,317488 0,004054
массивный 5,010635 0,004705
получать 0,033902 0,000064
усилие 2,813411 0,002642
жидкий 4,317488 0,004054
хотеть 0,013423 0,000038
грэм 5,010635 0,004705
стать 0,499776 0,003285
устроить 2,014903 0,001892
интерес 2,525729 0,002372
подкручивать 5,010635 0,004705
работать 0,027029 0,000025
потенциал 3,401197 0,003194
придавать 4,317488 0,004054
кончик 5,010635 0,009410
желать 3,064725 0,002878
безразличие 5,010635 0,004705
вызывать 2,708050 0,005086
спецпроект 0,000000 0,000000
это 0,020203 0,000133
рембрандт 5,010635 0,004705
украинский 0,047791 0,000045
слово 0,820981 0,000771
депрессия 3,624341 0,003403
два 0,033902 0,000064
новость 0,000000 0,000000
туристка 0,076161 0,000072
мотор 0,000000 0,000000
графичный 5,010635 0,004705
джейс 5,010635 0,004705
наслать 0,000000 0,000000
эркюля 5,010635 0,004705
жизнь 0,000000 0,000000
звание 2,813411 0,002642
губа 3,912023 0,011020
обрамлять 5,010635 0,004705
жать 0,013423 0,000013
покров 4,317488 0,004054
войти 0,000000 0,000000
кристи 4,317488 0,004054
сериал 2,445686 0,002296
измениться 2,177422 0,004089
трое 2,931194 0,002752
идеально 3,912023 0,003673
считать 1,373049 0,002578
будоражить 5,010635 0,004705
включить 3,218876 0,003022
уход 0,076161 0,000072
почему 0,899761 0,001690
директор 2,445686 0,004593
фрая 5,010635 0,004705
хороший 0,006689 0,000006
гарри 3,912023 0,003673
спор 0,097980 0,000092
колено 4,317488 0,004054
призывать 3,624341 0,003403
отключить 1,514128 0,001422
пуарый 5,010635 0,004705
страдать 2,813411 0,002642
обычный 0,013423 0,000013
вверх 4,317488 0,008108
ван 4,317488 0,004054
конфиденциальность 0,047791 0,000045
косичка 5,010635 0,004705
общий 1,714798 0,001610
назад 1,678431 0,001576
великолепный 3,912023 0,003673
осведомлённость 5,010635 0,004705
изнасиловать 0,076161 0,000072
продолжать 0,033902 0,000032
глобус 5,010635 0,004705
зритель 2,931194 0,002752
истребитель 2,931194 0,002752
список 2,371578 0,002227
первый 0,883501 0,001659
ссср 0,000000 0,000000
техника 0,000000 0,000000
обрести 3,624341 0,003403
норма 3,064725 0,002878
итог 1,678431 0,001576
след 3,401197 0,003194
опубликовать 1,875141 0,005282
практически 2,525729 0,002372
кисть 4,317488 0,004054
идти 1,297063 0,003654
эдвардс 5,010635 0,004705
продемонстрировать 3,912023 0,003673
ширина 5,010635 0,004705
франко 5,010635 0,009410
престижный 5,010635 0,004705
покорить 3,401197 0,003194
подкова 5,010635 0,004705
мягкий 4,317488 0,004054
перекочевать 5,010635 0,004705
никто 2,014903 0,001892
игра 0,000000 0,000000
мескал 5,010635 0,004705
заслуга 4,317488 0,004054
наблюдаться 3,624341 0,003403
поскольку 2,238047 0,002101
компания 1,714798 0,001610
минь 0,000000 0,000000
против 1,791759 0,001682
ваш 0,047791 0,000045
похоже 2,931194 0,002752
главное 0,000000 0,000000
мнение 1,643339 0,001543
медитация 0,076161 0,000072
впечатление 3,624341 0,003403
остин 5,010635 0,004705
больший 1,373049 0,001289
личность 3,401197 0,003194
издание 2,238047 0,002101
повысить 3,401197 0,003194
спросить 3,218876 0,003022
массово 2,371578 0,002227
укоротить 5,010635 0,004705
считаться 2,238047 0,004203
глобальный 2,813411 0,002642
событие 1,919593 0,001802
предпочтение 3,624341 0,003403
реакция 0,047791 0,000090
вновь 3,218876 0,006045
самый 0,883501 0,004977
обзавестись 5,010635 0,004705
вечером 3,064725 0,002878
материал 0,000000 0,000000
символ 2,445686 0,009186
укрепить 3,624341 0,003403
публика 3,218876 0,006045
слава 3,218876 0,003022
выбирать 3,218876 0,003022
карандаш 3,912023 0,011020
нынешний 3,064725 0,002878
ниточка 5,010635 0,009410
парикмахерская 5,010635 0,004705
отмечать 1,966113 0,001846
лента 0,000000 0,000000
сюрреализм 5,010635 0,004705
последователь 5,010635 0,004705
заодно 4,317488 0,004054
линия 2,445686 0,002296
роль 1,714798 0,003220
ввс 4,317488 0,004054
бар 4,317488 0,004054
спорт 0,000000 0,000000
сальвадор 5,010635 0,004705
легкомысленный 5,010635 0,004705
шон 5,010635 0,004705
броский 3,912023 0,003673
мочь 0,836248 0,001570
месяц 1,714798 0,001610
шоу 2,813411 0,005283
сам 1,226446 0,002303
прошлое 2,813411 0,002642
четыре 0,040822 0,000038
сказать 1,919593 0,001802
отражать 5,010635 0,004705
сердце 2,813411 0,002642
бегун 4,317488 0,004054
друг 1,791759 0,003365
дик 5,010635 0,004705
би 5,010635 0,018819
преобразить 4,317488 0,004054
конфиденциальностиправить 0,000000 0,000000
стрижка 3,912023 0,014693
известный 1,714798 0,001610
растительность 3,912023 0,018366
применение 0,000000 0,000000
символизировать 4,317488 0,004054
дать 1,272966 0,002391
английский 3,401197 0,003194
немецкий 3,064725 0,002878
смочь 1,399717 0,002629
век 1,919593 0,005407
шутка 2,813411 0,002642
легенда 3,064725 0,002878
женщина 1,484275 0,001394
законодатель 5,010635 0,004705
признать 1,484275 0,001394
ценность 0,000000 0,000000
церемония 3,912023 0,003673
мужской 2,708050 0,012714
вернуться 0,006689 0,000013
впервые 1,919593 0,001802
подтекст 5,010635 0,004705
неряшливый 5,010635 0,004705
оставить 2,238047 0,002101
рейнольдс 5,010635 0,004705
закрутить 5,010635 0,004705
российский 0,033902 0,000064
волна 2,302585 0,002162
испания 3,912023 0,003673
сексуальный 2,813411 0,002642
борода 4,317488 0,008108
откуда 3,064725 0,002878
обитание 0,000000 0,000000
речь 2,445686 0,002296
просто 1,678431 0,003152
экономический 2,525729 0,002372
комментировать 3,401197 0,003194
уголок 3,624341 0,013613
расслабить 3,912023 0,003673
россия 0,000000 0,000000
интернет 0,000000 0,000000
спустя 1,832581 0,001721
перестать 3,064725 0,002878
волос 2,708050 0,002543
аккуратно 3,401197 0,003194
джимми 5,010635 0,004705
свой 0,020203 0,000133
прядь 5,010635 0,004705
ретро 5,010635 0,004705
популярный 1,791759 0,001682
взяться 2,813411 0,002642
тео 5,010635 0,004705
назвать 1,021651 0,000959
лёгкость 5,010635 0,004705
гид 0,076161 0,000072
стайлз 5,010635 0,004705
глейзер 5,010635 0,004705
американский 0,054808 0,000154
видявленияроскошьличность 2,813411 0,002642
усов 5,010635 0,047048
олриджбарбер 5,010635 0,004705
сотрудник 0,068993 0,000065
другой 1,059392 0,001989
стайлс 5,010635 0,004705
представить 2,525729 0,004743
зеленский 0,054808 0,000103
австралийский 5,010635 0,004705
работа 0,899761 0,002535
гримёрка 3,912023 0,003673
популярность 2,813411 0,007925
давать 1,875141 0,001761
знаменитый 2,525729 0,004743
эмоция 0,047791 0,000045
сеть 0,090654 0,000170
связывать 3,401197 0,003194
театр 3,064725 0,002878
выпивка 5,010635 0,004705
блог 5,010635 0,004705
сочетание 3,912023 0,011020
индустрия 3,624341 0,006806
лондон 2,445686 0,002296
запрещаться 4,317488 0,004054
манчестер 5,010635 0,004705
стендап 5,010635 0,004705
голливуд 3,218876 0,006045
гейбнуть 5,010635 0,009410
должный 1,714798 0,001610
заседание 3,912023 0,003673
клуб 2,813411 0,005283
кризис 2,813411 0,002642
сей 2,177422 0,002045
военнослужащий 0,068993 0,000065
режиссёр 3,912023 0,003673
знать 1,576648 0,001480
накапливать 0,047791 0,000045
порекомендовать 5,010635 0,004705
неконтролируемый 5,010635 0,004705
вид 1,514128 0,002843
происшествие 2,813411 0,002642
вдохновение 5,010635 0,004705
мастер 3,624341 0,003403
всплеск 4,317488 0,004054
никки 5,010635 0,004705
попасть 1,678431 0,001576
путь 2,066196 0,001940
самовыражение 5,010635 0,004705
неуместный 4,317488 0,004054
эксперт 1,966113 0,001846
депутат 0,068993 0,000065
возродиться 3,912023 0,003673
придаток 5,010635 0,004705
бизнес 2,371578 0,004454
стильный 3,624341 0,006806
прогресс 0,090654 0,000085
шейх 4,317488 0,004054
жёстко 4,317488 0,004054
война 1,455287 0,001366
форма 0,061875 0,000349
нажать 0,000000 0,000000
дом 0,061875 0,000058
дон 4,317488 0,004054
брать 2,445686 0,002296
культура 0,000000 0,000000
сыграть 2,813411 0,002642
заканчиваться 2,931194 0,002752
всестильвнешний 2,813411 0,002642
пространство 3,218876 0,003022
очередной 2,708050 0,002543
статья 0,000000 0,000000
современный 2,066196 0,001940
позиция 1,832581 0,001721
уоррен 5,010635 0,004705
помешаться 5,010635 0,004705
мировой 1,752539 0,006582
эффектно 5,010635 0,004705
ответить 1,832581 0,001721
мерфь 5,010635 0,004705
многие 1,714798 0,003220
получить 1,059392 0,001989
эррол 5,010635 0,004705
похвалить 3,624341 0,003403
исключительно 3,624341 0,003403
комментарий 1,427116 0,001340
пилот 2,708050 0,002543
тема 1,297063 0,001218
объяснить 1,484275 0,001394
сервис 2,445686 0,002296
грязный 4,317488 0,008108
сделать 1,321756 0,001241
увлекательный 0,047791 0,000045
использованияполитик 0,000000 0,000000
вона 5,010635 0,004705
лондонский 5,010635 0,009410
заметить 2,120264 0,001991
здоровье 2,302585 0,002162
деактивировать 0,013423 0,000013
рекомендательный 0,000000 0,000000
причёска 5,010635 0,009410
переговоры 0,047791 0,000045
мауи 5,010635 0,004705
актуальный 3,401197 0,003194
заверить 3,218876 0,003022
скопировать 5,010635 0,004705
год 0,521999 0,008332
движение 2,708050 0,005086
выдавать 3,218876 0,003022
обратиться 0,076161 0,000143
батлер 5,010635 0,004705
забота 0,000000 0,000000
андрей 3,064725 0,002878
сбер 0,040822 0,000038
резкий 3,218876 0,006045
пожаловать 0,013423 0,000013
деталь 2,708050 0,005086
прозвать 3,624341 0,006806
стараться 2,813411 0,002642
сексуальность 2,931194 0,002752
ведущий 2,371578 0,004454
руль 5,010635 0,018819
флинна 5,010635 0,004705
трамп 0,054808 0,000051
который 0,521999 0,006372
вывод 2,708050 0,002543
поэтому 1,966113 0,001846
крупный 0,054808 0,000154
мелтон 5,010635 0,004705
например 1,791759 0,001682
следующий 2,612740 0,004907
королевский 5,010635 0,004705
победа 0,000000 0,000000
икона 3,912023 0,011020
белоус 0,076161 0,000072
бородин 5,010635 0,004705
иронично 5,010635 0,004705
прибыть 0,083382 0,000078
выбрать 2,612740 0,004907
чарльз 5,010635 0,009410
дайк 5,010635 0,004705
предстоящий 2,931194 0,002752
частный 3,218876 0,003022
сегодня 1,643339 0,001543
роман 2,813411 0,002642
просить 2,708050 0,002543
сми 0,000000 0,000000
сразу 2,066196 0,001940
акция 0,047791 0,000045
живописец 5,010635 0,004705
острый 3,218876 0,003022
такой 1,003302 0,001884
вниз 3,401197 0,003194
магнум 5,010635 0,004705
жилец 0,068993 0,000065
актёр 2,445686 0,025261
подводить 5,010635 0,004705
шеврон 5,010635 0,009410
джейкоб 5,010635 0,004705
несколько 1,226446 0,003455
олридж 5,010635 0,009410
предречь 0,076161 0,000143
неожиданный 2,813411 0,002642
герой 2,014903 0,003784
атрибут 3,912023 0,007347
агата 5,010635 0,004705
начало 1,399717 0,005257
место 0,027029 0,000025
свет 0,054808 0,000051
регион 0,076161 0,000072
мс 0,097980 0,000092
рука 2,066196 0,001940
дух 2,612740 0,004907
недоумение 5,010635 0,004705
упомянуть 4,317488 0,004054
селлек 5,010635 0,018819
ради 2,371578 0,002227
март 0,040822 0,000038
тенденция 3,624341 0,006806
благодаря 2,238047 0,002101
вакансия 4,317488 0,004054
военный 0,020203 0,000019
включать 3,064725 0,002878
летний 0,047791 0,000090
том 4,317488 0,004054
нетрадиционный 4,317488 0,004054
рада 0,068993 0,000065
экономика 0,000000 0,000000
отчёт 3,912023 0,003673
небрежный 5,010635 0,014114
свежий 3,912023 0,003673
глаз 2,066196 0,001940
тот 1,427116 0,004020
корнеев 5,010635 0,004705
выбор 2,708050 0,002543
опечатка 0,000000 0,000000
уверенность 2,813411 0,007925
лоутон 5,010635 0,004705
каждый 1,576648 0,001480
золотой 2,931194 0,005505
премия 3,218876 0,006045
маленький 1,791759 0,001682
секс 2,177422 0,002045
писать 1,752539 0,004937
советовать 3,218876 0,003022
вызвать 0,090654 0,000085
история 1,609438 0,003022
сценический 5,010635 0,004705
гейбл 5,010635 0,004705
внешний 2,525729 0,002372
барбершоп 5,010635 0,004705
звезда 1,919593 0,007210
процветать 4,317488 0,004054
начинать 3,064725 0,002878
харизматичный 5,010635 0,004705
детективный 4,317488 0,004054
реальный 0,013423 0,000013
отвязный 5,010635 0,004705
название 2,813411 0,002642
накрыть 3,064725 0,002878
мужчина 1,576648 0,007402
тысяча 0,054808 0,000051
джеймс 4,317488 0,012162
молодой 2,525729 0,007115
вдохновить 5,010635 0,004705
подчеркнуть 2,066196 0,001940
затопить 0,076161 0,000072
длинный 3,624341 0,003403
рестлер 5,010635 0,004705
шалам 4,317488 0,036486
маскулинный 5,010635 0,004705
вернуть 2,371578 0,004454
участник 2,371578 0,002227
внимание 1,966113 0,001846
обменивать 0,047791 0,000045
челюсть 5,010635 0,004705
привносить 5,010635 0,004705
рекламный 4,317488 0,004054
условие 0,033902 0,000064
помогать 2,120264 0,001991
фильм 2,238047 0,004203
правда 0,040822 0,000038
спустить 2,931194 0,002752
прилагаться 5,010635 0,004705
поцеловать 5,010635 0,004705
видеть 0,013423 0,000025
одежда 2,445686 0,002296
очень 1,347074 0,001265
каникулы 4,317488 0,004054
наука 0,000000 0,000000
комик 2,813411 0,007925
рыбак 4,317488 0,004054
какой 1,203973 0,001130
аксессуар 3,912023 0,003673
признак 2,612740 0,002453
достигать 4,317488 0,004054
худощавый 4,317488 0,004054
яркий 2,612740 0,002453
книга 2,708050 0,002543
второй 1,643339 0,001543
кампания 3,624341 0,003403
