ру 0,000000 0,000000
рф 1,514128 0,004602
банк 0,068993 0,000210
лента 0,000000 0,000000
новый 0,000000 0,000000
день 0,033902 0,000103
оборона 2,302585 0,013997
перемирие 0,076161 0,000463
спорт 0,000000 0,000000
услышать 3,218876 0,009784
отвести 0,076161 0,000231
зампред 4,317488 0,013123
добро 0,013423 0,000122
согласие 0,047791 0,000145
путешествие 0,000000 0,000000
четыре 0,040822 0,000124
заявление 2,066196 0,031401
конфликт 0,061875 0,000188
предложить 2,177422 0,013237
конфиденциальностиправить 0,000000 0,000000
пол 0,090654 0,000276
помощь 0,027029 0,000082
вода 0,054808 0,000167
фото 0,061875 0,000376
политика 0,040822 0,000248
разговор 1,160488 0,003527
применение 0,000000 0,000000
отдел 0,579818 0,001762
ценность 0,000000 0,000000
мир 0,000000 0,000000
вернуться 0,006689 0,000020
индия 0,076161 0,000231
пройти 1,427116 0,004338
структура 0,000000 0,000000
дело 1,249435 0,003798
российский 0,033902 0,000206
обитание 0,000000 0,000000
абсолютно 3,064725 0,009315
бывший 0,000000 0,000000
россия 0,000000 0,000000
интернет 0,000000 0,000000
странно 4,317488 0,026246
маккартень 0,097980 0,000298
ооо 0,000000 0,000000
свой 0,020203 0,000061
ранее 1,003302 0,003050
проблема 0,047791 0,000145
требование 2,014903 0,030622
режим 1,966113 0,005976
гид 0,076161 0,000231
технологийминь 0,000000 0,000000
украина 0,805943 0,012248
город 0,047791 0,000145
американский 0,054808 0,000167
напомнить 2,445686 0,007434
галерея 0,000000 0,000000
прекращение 1,714798 0,020849
внешность 0,097980 0,000298
сотрудник 0,068993 0,000210
начаться 0,033902 0,000103
зеленский 0,054808 0,000333
силовой 0,000000 0,000000
прошедшее 4,317488 0,013123
введение 4,317488 0,013123
пляжный 0,097980 0,000298
эмоция 0,047791 0,000145
сеть 0,090654 0,000276
ход 1,678431 0,005102
выражать 0,047791 0,000291
мирный 1,966113 0,011952
читать 0,040822 0,000124
саудовский 2,612740 0,015883
военнослужащий 0,068993 0,000210
накапливать 0,047791 0,000145
дональд 1,544899 0,004696
оценивать 0,047791 0,000145
байконур 0,097980 0,000298
неприемлемость 3,218876 0,029351
редакциярекламаконтактыпресс 0,000000 0,000000
видео 0,000000 0,000000
трефил 5,010635 0,015230
углубляться 5,010635 0,015230
депутат 0,068993 0,000839
длительный 3,218876 0,009784
прогресс 0,090654 0,000276
форма 0,061875 0,000188
нажать 0,000000 0,000000
оперативный 2,014903 0,006124
последний 0,083382 0,000253
дом 0,061875 0,000188
культура 0,000000 0,000000
обсудить 0,415515 0,001263
архив 0,000000 0,000000
коллега 1,791759 0,005446
борис 2,445686 0,014867
статья 0,000000 0,000000
заявить 0,061875 0,000564
сша 0,040822 0,000620
временной 2,612740 0,023824
бонус 0,047791 0,000291
среда 0,000000 0,000000
раскрытие 0,076161 0,000231
говорить 1,160488 0,003527
ответить 1,832581 0,016710
редактор 0,556288 0,001691
остаться 0,047791 0,000145
эксклюзив 0,000000 0,000000
уволить 0,076161 0,000231
скидка 0,047791 0,000145
москва 1,021651 0,006211
объяснить 1,484275 0,004511
предложение 1,919593 0,005835
погружаться 0,047791 0,000145
чеп 5,010635 0,045690
результат 1,347074 0,004094
увлекательный 0,047791 0,000145
использованияполитик 0,000000 0,000000
фрг 3,912023 0,023781
риа 1,272966 0,003869
деактивировать 0,013423 0,000041
рекомендательный 0,000000 0,000000
разный 2,238047 0,006803
переговоры 0,047791 0,000581
получать 0,033902 0,000103
хотеть 0,013423 0,000041
обратиться 0,076161 0,000231
министр 2,302585 0,013997
международный 1,875141 0,005700
забота 0,000000 0,000000
комитет 2,813411 0,008551
сбер 0,040822 0,000124
пожаловать 0,013423 0,000041
раскритиковать 2,931194 0,008909
трамп 0,054808 0,000333
работать 0,027029 0,000082
неприемлемый 4,317488 0,026246
делегация 3,401197 0,010338
который 0,521999 0,001587
крупный 0,054808 0,000333
огонь 1,609438 0,019568
отнестись 4,317488 0,013123
спецпроект 0,000000 0,000000
это 0,020203 0,000246
победа 0,000000 0,000000
украинский 0,047791 0,000291
вещь 2,445686 0,007434
белоус 0,076161 0,000231
прибыть 0,083382 0,000253
два 0,033902 0,000206
страна 0,747955 0,002273
президент 0,851752 0,007767
новость 0,000000 0,000000
вашингтон 2,066196 0,006280
туристка 0,076161 0,000231
мотор 0,000000 0,000000
сми 0,000000 0,000000
акция 0,047791 0,000145
наслать 0,000000 0,000000
жизнь 0,000000 0,000000
варвар 3,218876 0,009784
жилец 0,068993 0,000210
предречь 0,076161 0,000463
жать 0,013423 0,000041
войти 0,000000 0,000000
место 0,027029 0,000082
свет 0,054808 0,000167
удивиться 3,912023 0,011891
регион 0,076161 0,000231
мс 0,097980 0,000298
март 0,040822 0,000248
военный 0,020203 0,000061
аравия 2,612740 0,015883
летний 0,047791 0,000145
крайне 3,401197 0,010338
рада 0,068993 0,000210
экономика 0,000000 0,000000
уход 0,076161 0,000231
опечатка 0,000000 0,000000
соглашение 2,612740 0,015883
госдума 2,302585 0,006999
хороший 0,006689 0,000020
спор 0,097980 0,000298
германия 2,066196 0,018841
заключить 2,177422 0,006618
вызвать 0,090654 0,000276
киев 1,714798 0,005212
писториус 5,010635 0,045690
обычный 0,013423 0,000041
конфиденциальность 0,047791 0,000145
параллельмыть 2,177422 0,006618
владимир 1,160488 0,007055
путин 0,967584 0,002941
кошечкина 3,624341 0,011016
изнасиловать 0,076161 0,000231
продолжать 0,033902 0,000103
первый 0,883501 0,002685
реальный 0,013423 0,000041
ссср 0,000000 0,000000
техника 0,000000 0,000000
тысяча 0,054808 0,000167
дневный 2,612740 0,023824
затопить 0,076161 0,000231
игра 0,000000 0,000000
обменивать 0,047791 0,000145
минь 0,000000 0,000000
алексей 1,875141 0,005700
условие 0,033902 0,000412
ваш 0,047791 0,000145
главное 0,000000 0,000000
встреча 1,832581 0,005570
медитация 0,076161 0,000231
правда 0,040822 0,000124
информация 1,514128 0,004602
принять 1,678431 0,005102
видеть 0,013423 0,000041
поверхностно 5,010635 0,015230
реакция 0,047791 0,000291
очень 1,347074 0,008189
материал 0,000000 0,000000
наука 0,000000 0,000000
быть 1,399717 0,004254
