ру 0,000000 0,000000
банк 0,068993 0,000257
лента 0,000000 0,000000
новый 0,000000 0,000000
день 0,033902 0,000126
перемирие 0,076161 0,000284
спорт 0,000000 0,000000
отвести 0,076161 0,000284
добро 0,013423 0,000150
согласие 0,047791 0,000178
путешествие 0,000000 0,000000
четыре 0,040822 0,000152
добросовестно 5,010635 0,074786
конфликт 0,061875 0,000231
конфиденциальностиправить 0,000000 0,000000
пол 0,090654 0,000338
помощь 0,027029 0,000101
отметить 1,399717 0,005223
вода 0,054808 0,000205
фото 0,061875 0,000462
политика 0,040822 0,000305
разговор 1,160488 0,004330
применение 0,000000 0,000000
действовать 2,238047 0,033404
отдел 0,579818 0,002164
ценность 0,000000 0,000000
мир 0,000000 0,000000
вернуться 0,006689 0,000025
индия 0,076161 0,000284
структура 0,000000 0,000000
российский 0,033902 0,000632
обитание 0,000000 0,000000
бывший 0,000000 0,000000
время 0,693147 0,002586
россия 0,000000 0,000000
интернет 0,000000 0,000000
маккартень 0,097980 0,000366
ооо 0,000000 0,000000
свой 0,020203 0,000151
данный 2,445686 0,009126
ранее 1,003302 0,003744
проблема 0,047791 0,000178
также 0,762140 0,002844
назвать 1,021651 0,007624
гид 0,076161 0,000284
технологийминь 0,000000 0,000000
украина 0,805943 0,012029
город 0,047791 0,000178
телефонный 1,643339 0,006132
американский 0,054808 0,000409
галерея 0,000000 0,000000
внешность 0,097980 0,000366
сотрудник 0,068993 0,000257
намерение 3,401197 0,012691
начаться 0,033902 0,000126
зеленский 0,054808 0,000409
силовой 0,000000 0,000000
пляжный 0,097980 0,000366
эмоция 0,047791 0,000178
сеть 0,090654 0,000338
выражать 0,047791 0,000357
дрон 1,832581 0,006838
читать 0,040822 0,000152
военнослужащий 0,068993 0,000257
накапливать 0,047791 0,000178
дональд 1,544899 0,005765
войско 2,371578 0,008849
оценивать 0,047791 0,000178
добросовестный 3,064725 0,022871
байконур 0,097980 0,000366
редакциярекламаконтактыпресс 0,000000 0,000000
уиткофф 3,064725 0,034307
видео 0,000000 0,000000
сбитие 5,010635 0,018696
депутат 0,068993 0,000257
прогресс 0,090654 0,000338
форма 0,061875 0,000231
нажать 0,000000 0,000000
последний 0,083382 0,000311
дом 0,061875 0,000231
сторона 1,321756 0,009864
выпустить 2,238047 0,008351
культура 0,000000 0,000000
обсудить 0,415515 0,001550
архив 0,000000 0,000000
статья 0,000000 0,000000
заявить 0,061875 0,000462
сша 0,040822 0,000305
верить 3,218876 0,024021
лидер 1,347074 0,010053
всеполитикаобществопроисшествияконфликтыпреступность 2,014903 0,007518
бонус 0,047791 0,000357
среда 0,000000 0,000000
раскрытие 0,076161 0,000284
редактор 0,556288 0,002076
остаться 0,047791 0,000178
эксклюзив 0,000000 0,000000
уволить 0,076161 0,000284
скидка 0,047791 0,000178
москва 1,021651 0,003812
погружаться 0,047791 0,000178
спецпосланник 2,931194 0,065624
стив 3,064725 0,011436
результат 1,347074 0,005026
увлекательный 0,047791 0,000178
использованияполитик 0,000000 0,000000
приказ 2,238047 0,008351
деактивировать 0,013423 0,000050
рекомендательный 0,000000 0,000000
переговоры 0,047791 0,000535
получать 0,033902 0,000126
хотеть 0,013423 0,000050
обратиться 0,076161 0,000284
забота 0,000000 0,000000
сбер 0,040822 0,000152
пожаловать 0,013423 0,000050
трамп 0,054808 0,001023
работать 0,027029 0,000101
лететь 2,931194 0,010937
крупный 0,054808 0,000409
спецпроект 0,000000 0,000000
рамка 2,371578 0,008849
это 0,020203 0,000075
уведомить 4,317488 0,016110
победа 0,000000 0,000000
украинский 0,047791 0,000178
слово 0,820981 0,006127
белоус 0,076161 0,000284
прибыть 0,083382 0,000311
два 0,033902 0,000253
президент 0,851752 0,006356
новость 0,000000 0,000000
вашингтон 2,066196 0,007710
туристка 0,076161 0,000284
мотор 0,000000 0,000000
сми 0,000000 0,000000
акция 0,047791 0,000178
наслать 0,000000 0,000000
жизнь 0,000000 0,000000
жилец 0,068993 0,000257
уничтожить 2,120264 0,007911
несколько 1,226446 0,004576
предречь 0,076161 0,000568
жать 0,013423 0,000050
войти 0,000000 0,000000
место 0,027029 0,000101
свет 0,054808 0,000205
регион 0,076161 0,000284
решение 1,544899 0,005765
мс 0,097980 0,000366
март 0,040822 0,000152
военный 0,020203 0,000075
летний 0,047791 0,000178
рада 0,068993 0,000257
экономика 0,000000 0,000000
уход 0,076161 0,000284
опечатка 0,000000 0,000000
хороший 0,006689 0,000025
спор 0,097980 0,000366
добавить 1,966113 0,007336
объект 1,832581 0,006838
вызвать 0,090654 0,000338
обычный 0,013423 0,000050
конфиденциальность 0,047791 0,000178
владимир 1,160488 0,004330
путин 0,967584 0,007221
действие 1,714798 0,012797
изнасиловать 0,076161 0,000284
продолжать 0,033902 0,000126
реальный 0,013423 0,000050
ссср 0,000000 0,000000
техника 0,000000 0,000000
тысяча 0,054808 0,000205
затопить 0,076161 0,000284
игра 0,000000 0,000000
обменивать 0,047791 0,000178
минь 0,000000 0,000000
условие 0,033902 0,000253
ваш 0,047791 0,000178
главное 0,000000 0,000000
елизавета 3,624341 0,013524
медитация 0,076161 0,000284
правда 0,040822 0,000152
интервью 2,525729 0,009424
склонный 5,010635 0,018696
принять 1,678431 0,006263
видеть 0,013423 0,000050
реакция 0,047791 0,000357
беспилотник 2,177422 0,008125
материал 0,000000 0,000000
наука 0,000000 0,000000
мытарев 3,912023 0,014597
сообщить 1,297063 0,009680
