придумать 2,525729 0,002985
ру 0,000000 0,000000
личный 1,791759 0,006354
банк 0,068993 0,000408
новый 0,000000 0,000000
день 0,033902 0,000080
образ 1,514128 0,001790
найти 1,678431 0,001984
перемирие 0,076161 0,000090
промышленный 3,912023 0,004624
происходить 1,752539 0,002072
всероссийский 4,317488 0,005103
вуз 4,317488 0,005103
детдом 5,010635 0,005923
отвести 0,076161 0,000090
мигрень 3,912023 0,004624
добро 0,013423 0,000048
согласие 0,047791 0,000056
придумывать 5,010635 0,005923
путешествие 0,000000 0,000000
переутомление 5,010635 0,005923
важный 1,875141 0,002216
расстройство 3,624341 0,004284
конфликт 0,061875 0,000073
мало 3,064725 0,003623
встретить 2,612740 0,003088
пол 0,090654 0,000107
спасать 2,612740 0,003088
помощь 0,027029 0,000032
декабрь 1,966113 0,009296
жертва 2,371578 0,002803
человек 0,762140 0,009009
вода 0,054808 0,000065
сладкий 3,912023 0,004624
фото 0,061875 0,000073
пункт 1,966113 0,002324
политика 0,040822 0,000048
буря 3,624341 0,004284
вероятность 3,912023 0,004624
средство 2,371578 0,002803
студент 2,931194 0,006930
определить 2,612740 0,003088
они 2,302585 0,010887
наступление 3,218876 0,003805
пищевой 5,010635 0,005923
собрать 2,931194 0,006930
природа 3,218876 0,003805
мир 0,000000 0,000000
весь 1,078810 0,003826
индия 0,076161 0,000090
пройти 1,427116 0,003374
структура 0,000000 0,000000
житель 1,678431 0,001984
бояться 2,120264 0,002506
бывший 0,000000 0,000000
время 0,693147 0,000819
маккартень 0,097980 0,000116
ооо 0,000000 0,000000
выбрасывать 5,010635 0,005923
проблема 0,047791 0,000113
режим 1,966113 0,002324
заботиться 3,912023 0,004624
чистый 3,218876 0,007610
появиться 1,373049 0,003246
технологийминь 0,000000 0,000000
город 0,047791 0,000169
получение 3,624341 0,004284
мода 3,218876 0,003805
поддержание 3,624341 0,004284
благотворительность 5,010635 0,011845
магнитный 4,317488 0,005103
отпраздновать 3,912023 0,004624
написать 1,966113 0,002324
галерея 0,000000 0,000000
внешность 0,097980 0,000116
россиянин 1,321756 0,026560
охрана 4,317488 0,005103
начаться 0,033902 0,000040
начать 1,139434 0,004041
изменение 2,612740 0,003088
увидеть 1,752539 0,002072
силовой 0,000000 0,000000
победить 2,525729 0,002985
заняться 2,813411 0,003326
пляжный 0,097980 0,000116
миллиард 2,612740 0,003088
банковский 2,813411 0,003326
подмосковье 2,813411 0,006651
последствие 1,875141 0,002216
выражать 0,047791 0,000113
нинья 5,010635 0,005923
читать 0,040822 0,000048
уберечь 4,317488 0,005103
изменить 2,066196 0,002442
июнь 2,371578 0,008410
оценивать 0,047791 0,000056
сидячий 5,010635 0,005923
байконур 0,097980 0,000116
поддержка 2,371578 0,002803
один 0,836248 0,001977
прецедент 4,317488 0,005103
редакциярекламаконтактыпресс 0,000000 0,000000
совет 1,714798 0,004054
снизить 3,064725 0,003623
видео 0,000000 0,000000
посетить 3,064725 0,003623
оценить 2,066196 0,007327
последний 0,083382 0,000099
активность 3,401197 0,004020
обезопасить 4,317488 0,005103
старость 5,010635 0,005923
архив 0,000000 0,000000
помочь 1,714798 0,006081
экомарафон 5,010635 0,005923
проезд 3,624341 0,004284
скачка 4,317488 0,005103
частый 2,525729 0,002985
заявить 0,061875 0,000073
сша 0,040822 0,000048
метод 3,064725 0,007245
июль 2,708050 0,006402
запустить 2,302585 0,002722
карта 2,014903 0,002382
привычка 3,624341 0,008568
бонус 0,047791 0,000113
среда 0,000000 0,000000
кардинально 5,010635 0,005923
раскрытие 0,076161 0,000090
говорить 1,160488 0,004115
уборка 4,317488 0,005103
делать 1,752539 0,004143
углекислый 5,010635 0,005923
остаться 0,047791 0,000056
платёж 3,912023 0,004624
самочувствие 3,624341 0,004284
каток 5,010635 0,005923
профессия 3,064725 0,007245
эксклюзив 0,000000 0,000000
уволить 0,076161 0,000090
скидка 0,047791 0,000056
москва 1,021651 0,001208
приём 2,445686 0,002891
переработка 5,010635 0,005923
кайф 5,010635 0,005923
врач 2,066196 0,012212
становиться 2,525729 0,002985
погружаться 0,047791 0,000056
меняться 3,064725 0,003623
климат 1,875141 0,002216
бизоновый 5,010635 0,005923
деньга 1,875141 0,004433
ноябрь 2,014903 0,009527
опасность 2,371578 0,008410
конференция 3,218876 0,003805
получать 0,033902 0,000040
новогодний 4,317488 0,005103
обманывать 3,624341 0,004284
хотеть 0,013423 0,000048
планета 2,931194 0,010394
подготовка 2,302585 0,002722
устроить 2,014903 0,002382
стать 0,499776 0,000591
работать 0,027029 0,000032
обучение 3,401197 0,004020
вложиться 5,010635 0,005923
обращение 3,218876 0,003805
десятка 2,302585 0,002722
пересаживаться 5,010635 0,005923
спецпроект 0,000000 0,000000
это 0,020203 0,000191
украинский 0,047791 0,000056
слово 0,820981 0,000970
рост 1,791759 0,002118
два 0,033902 0,000080
манжерок 5,010635 0,017768
новость 0,000000 0,000000
туристка 0,076161 0,000090
газ 3,401197 0,004020
мотор 0,000000 0,000000
стоить 1,714798 0,002027
наслать 0,000000 0,000000
справиться 2,708050 0,003201
сентябрь 2,525729 0,107478
жизнь 0,000000 0,000000
менять 2,813411 0,009977
алюминиевый 5,010635 0,005923
привлечь 3,624341 0,004284
мусоросортировочный 5,010635 0,005923
жать 0,013423 0,000016
войти 0,000000 0,000000
дорога 2,525729 0,002985
измениться 2,177422 0,002574
особенный 3,912023 0,004624
экологически 5,010635 0,011845
общение 2,612740 0,003088
изучение 4,317488 0,005103
уход 0,076161 0,000090
почему 0,899761 0,003191
рубль 1,514128 0,001790
хороший 0,006689 0,000008
спор 0,097980 0,000116
страдать 2,813411 0,009977
обычный 0,013423 0,000032
ждать 1,714798 0,002027
конфиденциальность 0,047791 0,000056
отход 4,317488 0,015310
подарить 2,931194 0,003465
контейнер 5,010635 0,011845
рекордно 4,317488 0,005103
изнасиловать 0,076161 0,000090
болезнь 2,931194 0,003465
продолжать 0,033902 0,000040
пост 2,612740 0,003088
полмиллиона 2,708050 0,003201
изобретать 5,010635 0,005923
ссср 0,000000 0,000000
техника 0,000000 0,000000
состояние 2,238047 0,002645
сбервместе 5,010635 0,005923
февраль 1,160488 0,020576
открыть 2,371578 0,005607
никто 2,014903 0,002382
стимулировать 4,317488 0,005103
игра 0,000000 0,000000
набирать 3,218876 0,003805
компания 1,714798 0,006081
минь 0,000000 0,000000
расследование 2,525729 0,002985
ваш 0,047791 0,000113
сортировать 3,624341 0,004284
главное 0,000000 0,000000
медитация 0,076161 0,000090
больший 1,373049 0,001623
кто 2,066196 0,002442
сократиться 3,218876 0,003805
метеозависимость 3,624341 0,004284
инклюзивный 4,317488 0,010207
глобальный 2,813411 0,003326
раскрыть 1,643339 0,001942
электромобиль 5,010635 0,005923
реакция 0,047791 0,000113
самый 0,883501 0,003133
материал 0,000000 0,000000
соревнование 5,010635 0,011845
мегапроект 5,010635 0,005923
вредный 2,612740 0,003088
лента 0,000000 0,000000
нейтральность 5,010635 0,005923
документальный 5,010635 0,005923
заодно 4,317488 0,005103
разработка 3,401197 0,004020
установить 2,931194 0,003465
спорт 0,000000 0,000000
метан 5,010635 0,005923
защититься 2,931194 0,003465
цемент 5,010635 0,005923
мочь 0,836248 0,000988
ментальный 4,317488 0,005103
шоу 2,813411 0,003326
борьба 2,014903 0,004763
четыре 0,040822 0,000048
психический 3,912023 0,004624
стартап 5,010635 0,005923
конфиденциальностиправить 0,000000 0,000000
сбор 3,624341 0,004284
двигать 4,317488 0,020414
осенний 5,010635 0,005923
рекордный 3,912023 0,004624
характер 3,624341 0,004284
стресс 3,401197 0,004020
применение 0,000000 0,000000
дать 1,272966 0,003009
сортировка 3,912023 0,004624
текстиль 5,010635 0,005923
зарабатывать 3,064725 0,003623
картофель 3,401197 0,004020
женщина 1,484275 0,001754
важно 2,302585 0,005443
ценность 0,000000 0,000000
вернуться 0,006689 0,000008
важность 3,912023 0,004624
углеродный 5,010635 0,005923
гардероб 4,317488 0,005103
российский 0,033902 0,000441
солнечный 3,218876 0,003805
обитание 0,000000 0,000000
эмоциональный 4,317488 0,005103
дерево 3,912023 0,004624
россия 0,000000 0,000000
интернет 0,000000 0,000000
полигон 3,912023 0,009248
адаптировать 3,624341 0,004284
сдать 3,218876 0,003805
простой 2,238047 0,002645
врать 5,010635 0,005923
сокращать 4,317488 0,005103
антарктида 4,317488 0,005103
свой 0,020203 0,000119
популярный 1,791759 0,002118
январь 1,514128 0,010738
назвать 1,021651 0,019322
гид 0,076161 0,000090
дикий 3,064725 0,003623
грамотность 5,010635 0,005923
объём 3,218876 0,003805
оплата 3,401197 0,004020
правильно 2,813411 0,003326
американский 0,054808 0,000194
сложный 2,302585 0,002722
экологичный 4,317488 0,005103
волонтёр 3,912023 0,009248
сотрудник 0,068993 0,000082
другой 1,059392 0,001252
зеленский 0,054808 0,000130
работа 0,899761 0,002127
популярность 2,813411 0,003326
выгорание 4,317488 0,010207
экологичность 5,010635 0,005923
эмоция 0,047791 0,000056
сеть 0,090654 0,000107
металлолом 5,010635 0,005923
перекус 4,317488 0,005103
питание 2,708050 0,006402
защищать 3,624341 0,004284
шум 3,912023 0,004624
отрасль 2,931194 0,006930
военнослужащий 0,068993 0,000082
накапливать 0,047791 0,000056
психолог 3,064725 0,010868
причина 1,484275 0,003509
старый 2,371578 0,002803
учёный 2,525729 0,014927
вид 1,514128 0,001790
мошенник 2,371578 0,008410
польза 2,612740 0,003088
ребёнок 1,919593 0,006807
горный 4,317488 0,005103
отвлечься 5,010635 0,005923
обновить 3,912023 0,004624
снять 2,177422 0,002574
депутат 0,068993 0,000082
спрос 3,624341 0,004284
бизнес 2,371578 0,002803
прогресс 0,090654 0,000107
сенсорный 5,010635 0,005923
гаражный 5,010635 0,005923
форма 0,061875 0,000073
нажать 0,000000 0,000000
дом 0,061875 0,000146
работодатель 3,912023 0,004624
культура 0,000000 0,000000
бесплатно 3,912023 0,004624
тревожность 4,317488 0,005103
статья 0,000000 0,000000
захотеть 2,708050 0,003201
гринвошинг 5,010635 0,005923
банальный 4,317488 0,005103
мировой 1,752539 0,002072
обман 2,525729 0,002985
получить 1,059392 0,001252
углублённый 5,010635 0,005923
язык 2,813411 0,003326
ия 3,624341 0,004284
ведро 4,317488 0,005103
доллар 2,708050 0,006402
сервис 2,445686 0,002891
оказаться 1,249435 0,001477
следить 2,813411 0,003326
алтай 5,010635 0,005923
выброс 5,010635 0,011845
курорт 3,401197 0,020102
увлекательный 0,047791 0,000056
квартира 2,371578 0,002803
топливо 3,912023 0,009248
недосып 5,010635 0,005923
использованияполитик 0,000000 0,000000
здоровье 2,302585 0,013609
заниматься 2,302585 0,002722
тонна 5,010635 0,011845
деактивировать 0,013423 0,000016
предупредить 2,302585 0,002722
рекомендательный 0,000000 0,000000
деменции 5,010635 0,011845
переговоры 0,047791 0,000056
будущее 2,066196 0,002442
год 0,521999 0,000617
защитить 3,064725 0,003623
обратиться 0,076161 0,000180
распродажа 3,401197 0,004020
забота 0,000000 0,000000
сбер 0,040822 0,000434
октябрь 2,612740 0,012353
пожаловать 0,013423 0,000016
безопасность 2,014903 0,002382
потеря 2,014903 0,002382
трамп 0,054808 0,000065
избавиться 3,401197 0,004020
стремительно 3,912023 0,004624
крупный 0,054808 0,000130
мусорный 5,010635 0,023691
ла 3,912023 0,004624
май 2,813411 0,009977
потребительский 3,912023 0,004624
победа 0,000000 0,000000
видеонаблюдение 5,010635 0,005923
учиться 2,708050 0,003201
белоус 0,076161 0,000090
прибыть 0,083382 0,000099
поступление 3,912023 0,004624
рассказать 0,985284 0,006988
страна 0,747955 0,000884
сми 0,000000 0,000000
доклад 5,010635 0,005923
акция 0,047791 0,000056
лёд 3,912023 0,004624
такой 1,003302 0,001186
понять 2,177422 0,005148
таяние 4,317488 0,005103
правильный 2,931194 0,003465
жить 1,643339 0,001942
мусор 3,912023 0,009248
спасение 2,177422 0,002574
жилец 0,068993 0,000082
грань 3,064725 0,003623
туристический 3,624341 0,004284
создание 2,120264 0,002506
предречь 0,076161 0,000180
неожиданный 2,813411 0,006651
выгорать 5,010635 0,005923
место 0,027029 0,000032
свет 0,054808 0,000065
регион 0,076161 0,000720
мс 0,097980 0,000116
алтайский 3,912023 0,018497
ради 2,371578 0,002803
март 0,040822 0,000483
военный 0,020203 0,000024
рекультивировать 5,010635 0,011845
летний 0,047791 0,000056
перечислить 3,064725 0,003623
рада 0,068993 0,000082
экономика 0,000000 0,000000
достигнуть 2,302585 0,002722
комплекс 3,401197 0,004020
комната 3,218876 0,003805
опечатка 0,000000 0,000000
самостоятельно 3,218876 0,003805
расти 2,708050 0,003201
маленький 1,791759 0,002118
баланс 3,912023 0,004624
вызвать 0,090654 0,000107
сосна 4,317488 0,005103
потепление 4,317488 0,005103
совершить 2,371578 0,002803
высадить 5,010635 0,005923
количество 1,576648 0,003727
школа 2,525729 0,002985
финансовый 2,813411 0,003326
навредить 3,624341 0,004284
влияние 1,919593 0,002269
продолжительность 5,010635 0,005923
реальный 0,013423 0,000016
развитие 2,120264 0,002506
тысяча 0,054808 0,000194
мужчина 1,576648 0,001864
незрячий 5,010635 0,005923
сотня 2,014903 0,004763
бегать 3,624341 0,004284
затопить 0,076161 0,000090
турист 2,931194 0,003465
обменивать 0,047791 0,000056
инвалидность 3,624341 0,012852
условие 0,033902 0,000080
помогать 2,120264 0,005012
правда 0,040822 0,000048
плохой 2,177422 0,002574
уникальный 2,525729 0,002985
гаджет 3,064725 0,007245
ожирение 3,624341 0,004284
опасный 2,238047 0,002645
видеть 0,013423 0,000016
одежда 2,445686 0,002891
очень 1,347074 0,001592
улучшение 3,401197 0,004020
миллион 1,347074 0,012738
способ 1,919593 0,018152
наука 0,000000 0,000000
упростить 5,010635 0,005923
какой 1,203973 0,002846
продукт 2,120264 0,005012
активно 2,708050 0,003201
семейный 3,401197 0,004020
