перевалка 4,317488 0,004208
тушение 5,010635 0,004884
ру 0,000000 0,000000
банк 0,068993 0,000067
формула 2,931194 0,002857
новый 0,000000 0,000000
кгб 3,401197 0,006630
день 0,033902 0,000099
перемирие 0,076161 0,000074
паводок 3,912023 0,003813
невероятный 3,912023 0,003813
склонение 5,010635 0,004884
бабушка 3,218876 0,003137
иностранец 3,218876 0,003137
попросить 2,445686 0,002384
отвести 0,076161 0,000074
финский 3,401197 0,003315
успех 2,238047 0,002181
добро 0,013423 0,000039
согласие 0,047791 0,000047
путешествие 0,000000 0,000000
анонсировать 2,371578 0,002311
удар 1,455287 0,009929
бесплатный 3,912023 0,003813
долго 2,612740 0,002547
заявление 2,066196 0,004028
полный 1,875141 0,001828
конфликт 0,061875 0,000121
помощь 0,027029 0,000132
проиграть 2,445686 0,002384
басков 3,401197 0,003315
жертва 2,371578 0,004623
человек 0,762140 0,002228
вода 0,054808 0,000053
секретарь 2,708050 0,002639
продираться 5,010635 0,004884
украинец 2,525729 0,002462
лес 3,064725 0,002987
пункт 1,966113 0,003833
политика 0,040822 0,000040
культурный 3,401197 0,003315
взрыв 2,302585 0,002244
разговор 1,160488 0,006786
макрон 3,401197 0,003315
суд 1,832581 0,001786
экс 2,066196 0,002014
студент 2,931194 0,002857
течение 1,966113 0,001916
х 2,177422 0,002122
область 1,272966 0,013648
они 2,302585 0,002244
реформатор 5,010635 0,004884
родина 2,813411 0,002742
самолёт 2,302585 0,002244
мир 0,000000 0,000000
индия 0,076161 0,000074
искать 2,302585 0,002244
запад 1,919593 0,001871
пройти 1,427116 0,001391
структура 0,000000 0,000000
срыв 3,624341 0,003532
тяжелобольной 5,010635 0,004884
житель 1,678431 0,004908
бояться 2,120264 0,004133
этап 2,931194 0,002857
выживать 4,317488 0,004208
неуправляемый 3,401197 0,003315
бывший 0,000000 0,000000
боец 1,875141 0,003655
время 0,693147 0,001351
ооо 0,000000 0,000000
малышок 3,912023 0,011439
отменить 2,525729 0,004923
проблема 0,047791 0,000093
главный 1,272966 0,001241
саботаж 4,317488 0,004208
провокация 2,302585 0,002244
составлять 2,302585 0,002244
появиться 1,373049 0,002677
пьяный 3,218876 0,003137
технологийминь 0,000000 0,000000
контрразведывательный 2,931194 0,002857
одобрить 5,010635 0,004884
ксюша 5,010635 0,004884
украина 0,805943 0,010212
город 0,047791 0,000373
подробность 2,066196 0,004028
погибнуть 2,612740 0,005093
следовать 1,966113 0,001916
наводнение 5,010635 0,004884
вывезти 2,931194 0,002857
восемь 3,064725 0,002987
галерея 0,000000 0,000000
вырасти 2,371578 0,002311
россиянин 1,321756 0,005153
сначала 2,445686 0,002384
построить 2,931194 0,002857
десант 3,064725 0,002987
отбиться 3,912023 0,003813
начаться 0,033902 0,000033
родить 3,912023 0,003813
разгром 3,401197 0,003315
добрый 2,525729 0,002462
выступить 2,238047 0,002181
силовой 0,000000 0,000000
реанимация 3,401197 0,003315
разногласие 5,010635 0,004884
массировать 2,931194 0,002857
кремль 2,177422 0,004244
лайнер 3,912023 0,003813
подмосковье 2,813411 0,002742
последствие 1,875141 0,001828
законопроект 3,912023 0,007626
выражать 0,047791 0,000093
мирный 1,966113 0,003833
девочка 2,708050 0,007918
читать 0,040822 0,000040
минобороны 1,966113 0,011498
кубань 3,064725 0,005974
изменить 2,066196 0,004028
отказ 2,120264 0,002067
генерал 3,218876 0,003137
оценивать 0,047791 0,000047
один 0,836248 0,002445
неприемлемость 3,218876 0,003137
пережить 2,302585 0,004488
беженец 3,624341 0,007065
редакциярекламаконтактыпресс 0,000000 0,000000
подавить 4,317488 0,004208
видео 0,000000 0,000000
решётка 3,401197 0,003315
польша 3,401197 0,003315
жвачка 3,912023 0,003813
заявка 3,624341 0,003532
громкий 2,708050 0,002639
солдат 2,371578 0,002311
дерзкий 4,317488 0,004208
выход 2,120264 0,002067
россиянка 1,875141 0,007310
последний 0,083382 0,000081
московский 2,014903 0,001964
сторона 1,321756 0,001288
срочный 3,401197 0,006630
дорогой 2,813411 0,002742
момент 1,399717 0,001364
бежать 2,813411 0,002742
мираж 3,401197 0,003315
архив 0,000000 0,000000
помочь 1,714798 0,001671
борис 2,445686 0,002384
заявить 0,061875 0,000241
сша 0,040822 0,000199
грозить 2,708050 0,002639
подвести 3,624341 0,003532
запустить 2,302585 0,002244
оздоровительный 5,010635 0,004884
карта 2,014903 0,001964
бонус 0,047791 0,000093
среда 0,000000 0,000000
раскрытие 0,076161 0,000074
газовый 5,010635 0,004884
дубинка 5,010635 0,004884
остаться 0,047791 0,000047
русфонд 5,010635 0,004884
эксклюзив 0,000000 0,000000
уволить 0,076161 0,000074
скидка 0,047791 0,000047
москва 1,021651 0,005975
атака 1,966113 0,017247
приём 2,445686 0,002384
возле 3,912023 0,003813
генсек 5,010635 0,004884
жизненно 4,317488 0,004208
становиться 2,525729 0,002462
погружаться 0,047791 0,000047
нефтебаза 2,813411 0,013711
смерть 1,919593 0,001871
результат 1,347074 0,002626
соблюдение 2,813411 0,002742
поступить 2,708050 0,002639
выглядеть 1,752539 0,005124
маниакально 5,010635 0,004884
команда 1,919593 0,001871
энергетика 2,371578 0,004623
утром 2,612740 0,002547
бункер 3,912023 0,003813
возвращение 2,014903 0,001964
получать 0,033902 0,000033
страшно 3,401197 0,003315
хотеть 0,013423 0,000026
дыра 4,317488 0,004208
освободить 2,708050 0,007918
армия 2,014903 0,001964
сын 2,120264 0,002067
солистка 3,218876 0,003137
нефть 3,912023 0,003813
раскритиковать 2,931194 0,002857
стать 0,499776 0,001948
бить 2,445686 0,004767
работать 0,027029 0,000079
бпнуть 2,931194 0,002857
позвоночник 4,317488 0,004208
несправедливый 5,010635 0,004884
пожар 3,624341 0,007065
десятка 2,302585 0,002244
неделька 5,010635 0,004884
провести 1,514128 0,001476
операция 1,514128 0,005903
спецпроект 0,000000 0,000000
осуждение 5,010635 0,004884
это 0,020203 0,000118
обойти 2,813411 0,002742
массовый 2,066196 0,002014
большинство 2,371578 0,002311
труба 3,064725 0,005974
украинский 0,047791 0,000186
два 0,033902 0,000099
противопехотный 3,624341 0,003532
ветеран 3,401197 0,003315
разница 3,218876 0,003137
фотомодель 5,010635 0,004884
новость 0,000000 0,000000
туристка 0,076161 0,000074
мотор 0,000000 0,000000
советско 3,624341 0,003532
наслать 0,000000 0,000000
остановка 2,525729 0,002462
косыгин 4,317488 0,004208
убить 2,612740 0,002547
цикл 2,708050 0,007918
баржа 3,624341 0,003532
жизнь 0,000000 0,000000
конкурент 3,064725 0,002987
брат 2,525729 0,002462
жать 0,013423 0,000013
войти 0,000000 0,000000
чтение 4,317488 0,004208
финляндия 2,931194 0,002857
обещать 2,525729 0,002462
сожитель 5,010635 0,004884
судьба 2,708050 0,002639
боинг 5,010635 0,004884
подбить 4,317488 0,004208
дипломатия 2,931194 0,002857
уход 0,076161 0,000074
сбить 2,813411 0,008226
почему 0,899761 0,003508
трагедия 3,912023 0,003813
хороший 0,006689 0,000007
наделение 5,010635 0,004884
обида 3,401197 0,003315
отчитаться 2,813411 0,002742
муж 2,612740 0,002547
германия 2,066196 0,002014
жестоко 4,317488 0,004208
прятаться 3,624341 0,003532
объект 1,832581 0,001786
белгородский 2,445686 0,004767
пассажирский 3,401197 0,003315
отреагировать 1,966113 0,007665
обычный 0,013423 0,000013
разместить 3,064725 0,002987
программа 2,371578 0,002311
власть 1,609438 0,001569
грядущий 3,401197 0,003315
конфиденциальность 0,047791 0,000047
совфедя 3,912023 0,007626
подарить 2,931194 0,002857
корейский 5,010635 0,004884
параллельмыть 2,177422 0,002122
путин 0,967584 0,014146
трёхметровый 5,010635 0,004884
спасский 4,317488 0,004208
детский 3,218876 0,006275
назад 1,678431 0,006544
изнасиловать 0,076161 0,000074
шахматы 4,317488 0,004208
продолжать 0,033902 0,000033
первый 0,883501 0,001722
кадр 1,544899 0,003011
ссср 0,000000 0,000000
техника 0,000000 0,000000
озвучить 3,064725 0,002987
тотальный 5,010635 0,004884
итог 1,678431 0,004908
пять 1,484275 0,001447
ошибка 2,525729 0,002462
опубликовать 1,875141 0,001828
февраль 1,160488 0,001131
жестокий 2,931194 0,002857
идти 1,297063 0,001264
газель 5,010635 0,004884
вопрос 1,021651 0,000996
открыть 2,371578 0,002311
подвал 3,064725 0,002987
ям 5,010635 0,004884
никто 2,014903 0,001964
игра 0,000000 0,000000
статус 3,218876 0,003137
минь 0,000000 0,000000
коллегия 3,624341 0,003532
наблюдение 3,624341 0,003532
ваш 0,047791 0,000233
против 1,791759 0,001746
главное 0,000000 0,000000
медитация 0,076161 0,000074
больший 1,373049 0,001338
высказаться 2,238047 0,004363
срочно 3,401197 0,003315
фишер 5,010635 0,004884
активный 2,120264 0,002067
зайти 2,813411 0,002742
раскрыть 1,643339 0,004805
реакция 0,047791 0,000140
август 2,445686 0,004767
самый 0,883501 0,000861
мина 2,708050 0,002639
беспилотник 2,177422 0,006367
полиграф 5,010635 0,004884
материал 0,000000 0,000000
сообщить 1,297063 0,003793
слава 3,218876 0,003137
снести 4,317488 0,004208
автомобиль 2,177422 0,002122
омон 5,010635 0,004884
продолжение 2,813411 0,002742
потерпеть 4,317488 0,004208
океан 3,064725 0,002987
лента 0,000000 0,000000
отряд 2,931194 0,002857
глупость 4,317488 0,004208
мчс 4,317488 0,004208
ранение 2,813411 0,005484
аэропорт 2,813411 0,002742
сквозь 2,931194 0,002857
штурм 3,401197 0,003315
спорт 0,000000 0,000000
ряд 2,525729 0,002462
сани 5,010635 0,004884
мочь 0,836248 0,000815
четыре 0,040822 0,000080
остановить 2,525729 0,002462
урегулирование 2,238047 0,002181
друг 1,791759 0,003493
перевозка 4,317488 0,004208
убивать 3,218876 0,003137
далёкий 2,525729 0,002462
конфиденциальностиправить 0,000000 0,000000
отметить 1,399717 0,001364
дракон 2,931194 0,002857
край 2,612740 0,002547
тяжёлый 1,791759 0,005239
небо 2,525729 0,002462
удаться 1,678431 0,001636
эмиграция 5,010635 0,004884
применение 0,000000 0,000000
действовать 2,238047 0,002181
возможный 2,066196 0,002014
женщина 1,484275 0,002893
опасно 2,813411 0,002742
насилие 2,931194 0,008571
ценность 0,000000 0,000000
известно 1,297063 0,002528
вернуться 0,006689 0,000013
важность 3,912023 0,003813
впервые 1,919593 0,001871
штурмовик 2,931194 0,002857
магазин 2,813411 0,002742
патриарх 5,010635 0,004884
кирилл 2,708050 0,002639
пожалуйста 4,317488 0,004208
российский 0,033902 0,000363
сво 2,445686 0,002384
еле 4,317488 0,004208
необходимо 2,120264 0,002067
обитание 0,000000 0,000000
краснодарский 3,624341 0,003532
пациент 3,401197 0,003315
протест 3,912023 0,003813
узнать 2,014903 0,001964
россия 0,000000 0,000000
интернет 0,000000 0,000000
эвакуировать 2,931194 0,002857
дамба 5,010635 0,004884
смотреть 2,066196 0,002014
скорость 2,708050 0,002639
хлопок 3,912023 0,003813
шесть 1,966113 0,001916
свой 0,020203 0,000079
требование 2,014903 0,003928
назвать 1,021651 0,002987
гид 0,076161 0,000074
отражение 3,624341 0,003532
телефонный 1,643339 0,003203
выполнение 2,525729 0,002462
американский 0,054808 0,000053
связать 2,066196 0,002014
джидда 3,624341 0,003532
великий 2,238047 0,002181
прекращение 1,714798 0,001671
ударить 2,525729 0,004923
сотрудник 0,068993 0,000134
зеленский 0,054808 0,000160
работа 0,899761 0,000877
эмоция 0,047791 0,000047
внутривенный 3,912023 0,011439
ожидание 2,931194 0,002857
воинский 3,624341 0,003532
орск 5,010635 0,004884
собственный 2,525729 0,002462
магнит 5,010635 0,004884
запретить 2,066196 0,002014
пленный 2,612740 0,005093
питание 2,708050 0,007918
дрон 1,832581 0,007145
столкновение 3,401197 0,003315
военнослужащий 0,068993 0,000134
накапливать 0,047791 0,000047
контроль 1,714798 0,001671
войско 2,371578 0,006934
жительница 3,218876 0,003137
ребёнок 1,919593 0,001871
подтвердить 2,238047 0,002181
населить 2,525729 0,002462
попасть 1,678431 0,004908
девчонка 3,912023 0,003813
избиение 3,624341 0,003532
ельцин 3,624341 0,003532
снять 2,177422 0,006367
депутат 0,068993 0,000134
зуб 2,525729 0,002462
мобилизация 2,813411 0,002742
гастроль 5,010635 0,004884
жест 2,371578 0,002311
война 1,455287 0,001418
простить 5,010635 0,004884
домашний 4,317488 0,004208
мэр 2,525729 0,002462
форма 0,061875 0,000121
нажать 0,000000 0,000000
дом 0,061875 0,000121
культура 0,000000 0,000000
крым 3,401197 0,003315
энергообъект 3,218876 0,009412
завершать 4,317488 0,004208
поток 3,064725 0,002987
колония 3,064725 0,002987
вооружаться 3,912023 0,003813
обмен 2,371578 0,004623
статья 0,000000 0,000000
советский 1,752539 0,001708
больница 2,931194 0,002857
окружение 2,525729 0,002462
позиция 1,832581 0,001786
повод 2,708050 0,002639
жалоба 3,064725 0,002987
медведев 3,218876 0,006275
отношение 1,226446 0,001195
ограничение 2,813411 0,002742
прекратить 2,708050 0,002639
ответить 1,832581 0,003572
мировой 1,752539 0,001708
наш 1,347074 0,001313
ходить 2,120264 0,002067
граница 2,014903 0,001964
получить 1,059392 0,001033
пострадать 2,813411 0,008226
план 1,875141 0,001828
объяснить 1,484275 0,001447
оказаться 1,249435 0,001218
автобус 3,401197 0,003315
очевидец 3,624341 0,003532
увлекательный 0,047791 0,000047
призыв 3,218876 0,006275
оккупация 2,525729 0,007385
использованияполитик 0,000000 0,000000
служба 2,120264 0,002067
съесть 2,525729 0,002462
приказ 2,238047 0,006544
тело 2,445686 0,002384
горбачёв 5,010635 0,009767
деактивировать 0,013423 0,000013
договорённость 2,302585 0,004488
рекомендательный 0,000000 0,000000
прорыв 3,064725 0,002987
переговоры 0,047791 0,000140
воля 2,120264 0,002067
год 0,521999 0,003561
десятый 3,401197 0,003315
обратиться 0,076161 0,000148
спасти 2,371578 0,013869
международный 1,875141 0,001828
забота 0,000000 0,000000
сбер 0,040822 0,000040
пожаловать 0,013423 0,000013
супруг 2,931194 0,002857
трамп 0,054808 0,000427
выжить 2,813411 0,002742
лететь 2,931194 0,002857
военкор 3,064725 0,002987
крупный 0,054808 0,000107
слежка 4,317488 0,004208
победа 0,000000 0,000000
привести 1,427116 0,002782
белоус 0,076161 0,000148
страх 2,238047 0,002181
рассказать 0,985284 0,002881
сегодня 1,643339 0,001602
страна 0,747955 0,002187
президент 0,851752 0,000830
роман 2,813411 0,002742
сми 0,000000 0,000000
сразу 2,066196 0,002014
акция 0,047791 0,000047
такой 1,003302 0,001956
руководитель 2,445686 0,002384
жить 1,643339 0,004805
палец 4,317488 0,004208
жилец 0,068993 0,000067
спасение 2,177422 0,002122
нужный 2,302585 0,008977
концепция 4,317488 0,004208
жигули 5,010635 0,004884
предречь 0,076161 0,000223
суджа 2,612740 0,022919
начало 1,399717 0,002728
место 0,027029 0,000026
свет 0,054808 0,000053
развал 5,010635 0,004884
регион 0,076161 0,000074
село 2,708050 0,002639
генеральный 2,708050 0,002639
март 0,040822 0,000676
военный 0,020203 0,000079
летний 0,047791 0,000047
генпрокуратура 2,931194 0,002857
псих 5,010635 0,004884
участие 2,014903 0,001964
рада 0,068993 0,000067
экономика 0,000000 0,000000
попытка 1,609438 0,003137
глаз 2,066196 0,002014
слушать 3,401197 0,003315
опечатка 0,000000 0,000000
каждый 1,576648 0,001537
госдума 2,302585 0,008977
соглашение 2,612740 0,002547
охотиться 3,064725 0,002987
киев 1,714798 0,003343
история 1,609438 0,001569
совершить 2,371578 0,004623
площадь 3,912023 0,003813
тыкать 5,010635 0,004884
навредить 3,624341 0,003532
орган 2,177422 0,002122
бой 2,066196 0,004028
реальный 0,013423 0,000013
он 3,218876 0,003137
мужчина 1,576648 0,001537
тысяча 0,054808 0,000053
умереть 2,708050 0,002639
курский 1,791759 0,013971
чемпион 4,317488 0,004208
всу 1,373049 0,025427
форум 5,010635 0,004884
сотня 2,014903 0,003928
лагерь 3,912023 0,003813
исторический 3,064725 0,002987
голод 3,401197 0,003315
затопить 0,076161 0,000074
интернат 3,912023 0,003813
установление 4,317488 0,004208
слышать 2,931194 0,002857
холод 3,624341 0,003532
инициатива 2,525729 0,002462
обменивать 0,047791 0,000047
аэродром 3,912023 0,003813
условие 0,033902 0,000066
гореть 4,317488 0,004208
помогать 2,120264 0,002067
лихой 3,912023 0,003813
давка 5,010635 0,004884
правда 0,040822 0,000040
проникнуть 2,371578 0,002311
спустить 2,931194 0,002857
аборт 5,010635 0,004884
тихий 3,401197 0,003315
принять 1,678431 0,001636
полуторагодовалый 3,912023 0,007626
ввести 2,120264 0,002067
видеть 0,013423 0,000013
очень 1,347074 0,001313
шпион 3,912023 0,007626
миллион 1,347074 0,002626
наука 0,000000 0,000000
выборы 2,813411 0,002742
