ру 0,000000 0,000000
рф 1,514128 0,003010
банк 0,068993 0,000137
лента 0,000000 0,000000
новый 0,000000 0,000000
день 0,033902 0,000067
развиться 5,010635 0,009962
перемирие 0,076161 0,000151
послушать 5,010635 0,009962
установить 2,931194 0,005827
спорт 0,000000 0,000000
шок 3,624341 0,007205
выйти 1,752539 0,003484
любить 2,177422 0,004329
мочь 0,836248 0,001663
отвести 0,076161 0,000151
этот 1,427116 0,002837
добро 0,013423 0,000080
согласие 0,047791 0,000095
путешествие 0,000000 0,000000
четыре 0,040822 0,000081
сказать 1,919593 0,003816
филиппович 5,010635 0,009962
переехать 3,624341 0,007205
сердце 2,813411 0,027966
народный 2,708050 0,032303
конфликт 0,061875 0,000123
конфиденциальностиправить 0,000000 0,000000
пол 0,090654 0,000180
помощь 0,027029 0,000054
декабрь 1,966113 0,003909
человек 0,762140 0,001515
грампластинка 5,010635 0,009962
вода 0,054808 0,000218
фото 0,061875 0,000492
тяжёлый 1,791759 0,003562
политика 0,040822 0,000081
м 2,066196 0,004108
применение 0,000000 0,000000
двусторонний 3,624341 0,014411
ухудшение 3,064725 0,006093
пресс 2,708050 0,005384
нога 2,302585 0,009155
х 2,177422 0,004329
стеноз 5,010635 0,009962
сотка 3,624341 0,014411
отдел 0,579818 0,001153
ценность 0,000000 0,000000
мир 0,000000 0,000000
вернуться 0,006689 0,000027
индия 0,076161 0,000151
структура 0,000000 0,000000
российский 0,033902 0,000202
слабость 4,317488 0,008583
обитание 0,000000 0,000000
пациент 3,401197 0,006762
одышка 5,010635 0,009962
соблюдать 2,931194 0,005827
просто 1,678431 0,003337
бывший 0,000000 0,000000
челюскин 4,317488 0,008583
россия 0,000000 0,000000
интернет 0,000000 0,000000
го 2,302585 0,004578
маккартень 0,097980 0,000195
ооо 0,000000 0,000000
утомляемость 5,010635 0,009962
оркестр 3,912023 0,007777
свой 0,020203 0,000040
перекачивание 5,010635 0,009962
сильный 1,678431 0,003337
вытащить 3,912023 0,007777
ранее 1,003302 0,001995
проблема 0,047791 0,000285
ситуация 1,484275 0,002951
резко 2,371578 0,004715
получиться 2,708050 0,005384
гид 0,076161 0,000151
технологийминь 0,000000 0,000000
город 0,047791 0,000190
честно 3,401197 0,006762
ансамбль 5,010635 0,009962
американский 0,054808 0,000109
отец 1,919593 0,011449
жалко 5,010635 0,009962
опора 4,317488 0,008583
галерея 0,000000 0,000000
трава 5,010635 0,009962
внешность 0,097980 0,000195
дотянуть 3,624341 0,014411
выступать 2,525729 0,005021
сотрудник 0,068993 0,000137
начаться 0,033902 0,000067
зеленский 0,054808 0,000218
начать 1,139434 0,004531
симптом 3,624341 0,007205
силовой 0,000000 0,000000
папа 5,010635 0,009962
пляжный 0,097980 0,000195
эмоция 0,047791 0,000095
сеть 0,090654 0,000180
медицина 3,912023 0,015555
исполнитель 3,218876 0,019198
запретить 2,066196 0,004108
филипп 2,931194 0,023310
сапожник 5,010635 0,009962
однако 1,249435 0,002484
выражать 0,047791 0,000190
праздник 2,813411 0,005593
читать 0,040822 0,000081
описать 3,401197 0,006762
застойный 5,010635 0,009962
военнослужащий 0,068993 0,000137
накапливать 0,047791 0,000095
причина 1,484275 0,005902
сколько 2,525729 0,005021
кардиостимулятор 5,010635 0,009962
гкд 5,010635 0,009962
июнь 2,371578 0,004715
городской 3,401197 0,006762
мария 2,525729 0,005021
жаловаться 3,218876 0,012799
оценивать 0,047791 0,000095
ребёнок 1,919593 0,003816
лёгкий 2,612740 0,005194
киркоровпевец 5,010635 0,009962
родиться 3,064725 0,006093
байконур 0,097980 0,000195
попасть 1,678431 0,003337
метаться 4,317488 0,008583
редакциярекламаконтактыпресс 0,000000 0,000000
видео 0,000000 0,000000
снять 2,177422 0,004329
перенести 3,218876 0,006399
выявить 2,813411 0,005593
депутат 0,068993 0,000137
маргарита 3,912023 0,007777
хор 4,317488 0,008583
прогресс 0,090654 0,000180
выясниться 2,371578 0,004715
болгарский 3,912023 0,007777
форма 0,061875 0,000123
нажать 0,000000 0,000000
оперативный 2,014903 0,004006
дом 0,061875 0,000246
последний 0,083382 0,000166
культура 0,000000 0,000000
пригожин 3,912023 0,015555
клапан 5,010635 0,009962
архив 0,000000 0,000000
процедура 3,064725 0,006093
статья 0,000000 0,000000
советский 1,752539 0,006968
справляться 3,064725 0,006093
больница 2,931194 0,011655
заявить 0,061875 0,000123
сша 0,040822 0,000081
осложнение 3,912023 0,007777
музыка 3,401197 0,006762
бонус 0,047791 0,000190
среда 0,000000 0,000000
певец 2,813411 0,016780
сердечный 3,624341 0,007205
раскрытие 0,076161 0,000151
наш 1,347074 0,005356
ходить 2,120264 0,004215
недостаточность 4,317488 0,008583
казаться 2,177422 0,012987
редактор 0,556288 0,001106
остаться 0,047791 0,000095
уйти 2,014903 0,008012
получить 1,059392 0,002106
эксклюзив 0,000000 0,000000
уволить 0,076161 0,000151
фон 2,371578 0,004715
скидка 0,047791 0,000095
домой 2,612740 0,005194
москва 1,021651 0,002031
комментарий 1,427116 0,002837
бедроса 3,912023 0,069996
тема 1,297063 0,002579
климентьев 5,010635 0,009962
кончина 3,912023 0,007777
врач 2,066196 0,012323
погружаться 0,047791 0,000095
смерть 1,919593 0,007633
увлекательный 0,047791 0,000095
различный 2,525729 0,005021
поступить 2,708050 0,005384
использованияполитик 0,000000 0,000000
служба 2,120264 0,004215
риа 1,272966 0,005061
деньга 1,875141 0,003728
откачать 5,010635 0,009962
здоровье 2,302585 0,004578
деактивировать 0,013423 0,000027
рекомендательный 0,000000 0,000000
признаться 3,401197 0,013524
тасс 2,371578 0,004715
переговоры 0,047791 0,000095
тепло 3,912023 0,007777
иосиф 3,401197 0,006762
получать 0,033902 0,000067
год 0,521999 0,009340
эстрадный 5,010635 0,009962
хотеть 0,013423 0,000027
обратиться 0,076161 0,000303
террор 3,624341 0,007205
клиника 5,010635 0,009962
забота 0,000000 0,000000
сын 2,120264 0,004215
октябрь 2,612740 0,005194
сбер 0,040822 0,000081
пожаловать 0,013423 0,000027
уродить 5,010635 0,009962
стать 0,499776 0,000994
передвигаться 4,317488 0,008583
решить 1,791759 0,003562
трамп 0,054808 0,000109
работать 0,027029 0,000054
сиделка 5,010635 0,009962
крупный 0,054808 0,000218
провести 1,514128 0,006020
операция 1,514128 0,003010
спецпроект 0,000000 0,000000
это 0,020203 0,000040
победа 0,000000 0,000000
массаж 3,624341 0,007205
украинский 0,047791 0,000095
петь 3,912023 0,007777
привести 1,427116 0,002837
слово 0,820981 0,001632
учиться 2,708050 0,005384
белоус 0,076161 0,000151
прибыть 0,083382 0,000166
два 0,033902 0,000135
прогревание 5,010635 0,009962
сегодня 1,643339 0,003267
жена 2,238047 0,004449
новость 0,000000 0,000000
туристка 0,076161 0,000151
мотор 0,000000 0,000000
суриков 5,010635 0,009962
сми 0,000000 0,000000
акция 0,047791 0,000095
гитис 5,010635 0,009962
остановка 2,525729 0,010043
трость 4,317488 0,008583
наслать 0,000000 0,000000
катастрофа 2,525729 0,005021
вместе 1,514128 0,003010
михаил 2,445686 0,004862
диагностировать 4,317488 0,017167
жизнь 0,000000 0,000000
звание 2,813411 0,005593
жилец 0,068993 0,000137
прожить 2,931194 0,005827
союз 1,966113 0,003909
шевченко 5,010635 0,009962
несколько 1,226446 0,002438
пожаловаться 2,931194 0,005827
предречь 0,076161 0,000303
продюсер 3,218876 0,006399
поспелов 5,010635 0,009962
жать 0,013423 0,000027
войти 0,000000 0,000000
начало 1,399717 0,002783
свет 0,054808 0,000218
место 0,027029 0,000054
сериал 2,445686 0,004862
регион 0,076161 0,000151
мс 0,097980 0,000195
киркоров 3,218876 0,076792
очистка 4,317488 0,008583
март 0,040822 0,000243
военный 0,020203 0,000080
летний 0,047791 0,000190
нетрадиционный 4,317488 0,008583
рада 0,068993 0,000137
экономика 0,000000 0,000000
роскошный 2,931194 0,005827
глаз 2,066196 0,004108
аортальный 5,010635 0,009962
использовать 1,919593 0,003816
уход 0,076161 0,000151
опечатка 0,000000 0,000000
кровь 2,612740 0,010389
быстрый 2,708050 0,005384
хороший 0,006689 0,000040
спор 0,097980 0,000195
поздний 1,832581 0,003643
осложнять 5,010635 0,009962
секс 2,177422 0,004329
тибетский 5,010635 0,009962
отключить 1,514128 0,006020
боль 3,064725 0,006093
вызвать 0,090654 0,000180
история 1,609438 0,003200
литр 3,912023 0,007777
обычный 0,013423 0,000027
конфиденциальность 0,047791 0,000095
светлана 3,912023 0,007777
отдышка 5,010635 0,009962
общий 1,714798 0,003409
медик 3,912023 0,007777
орган 2,177422 0,004329
крикорянин 5,010635 0,009962
изнасиловать 0,076161 0,000151
болезнь 2,931194 0,005827
продолжать 0,033902 0,000067
первый 0,883501 0,001756
реальный 0,013423 0,000027
ссср 0,000000 0,000000
техника 0,000000 0,000000
умереть 2,708050 0,016151
мужчина 1,576648 0,003134
тысяча 0,054808 0,000109
состояние 2,238047 0,022247
замёрзнуть 5,010635 0,009962
варна 5,010635 0,009962
богема 4,317488 0,008583
всекиносериалымузыкакнигиискусствотеатрфотография 3,401197 0,006762
февраль 1,160488 0,002307
артист 2,931194 0,058274
затопить 0,076161 0,000151
пиявка 5,010635 0,009962
игра 0,000000 0,000000
попробовать 3,064725 0,006093
пневмония 5,010635 0,019923
обменивать 0,047791 0,000095
минь 0,000000 0,000000
условие 0,033902 0,000135
ваш 0,047791 0,000095
главное 0,000000 0,000000
ответ 1,678431 0,003337
старший 2,445686 0,009724
медитация 0,076161 0,000151
правда 0,040822 0,000081
рекомендация 3,624341 0,007205
возникнуть 2,525729 0,005021
занимать 2,813411 0,005593
информация 1,514128 0,003010
ухудшиться 3,912023 0,007777
видеть 0,013423 0,000027
реакция 0,047791 0,000190
неделя 1,919593 0,003816
очень 1,347074 0,010712
улучшение 3,401197 0,006762
дожить 3,912023 0,007777
материал 0,000000 0,000000
наука 0,000000 0,000000
символ 2,445686 0,004862
сообщить 1,297063 0,002579
какой 1,203973 0,002394
