ру 0,000000 0,000000
банк 0,068993 0,000217
лента 0,000000 0,000000
частота 3,912023 0,012302
новый 0,000000 0,000000
день 0,033902 0,000107
найти 1,678431 0,005278
перемирие 0,076161 0,000240
тестировать 5,010635 0,015757
спорт 0,000000 0,000000
санкция 2,014903 0,006336
страница 3,218876 0,010122
месяц 1,714798 0,005392
отвести 0,076161 0,000240
добро 0,013423 0,000127
неизвестно 3,401197 0,010696
согласие 0,047791 0,000150
путешествие 0,000000 0,000000
четыре 0,040822 0,000128
касаться 2,445686 0,015382
важный 1,875141 0,005897
всенаукать 3,064725 0,009638
корпорация 3,624341 0,022795
конфликт 0,061875 0,000195
предложить 2,177422 0,006847
конфиденциальностиправить 0,000000 0,000000
пол 0,090654 0,000285
помощь 0,027029 0,000085
вода 0,054808 0,000172
отмечаться 2,177422 0,006847
фото 0,061875 0,000389
политика 0,040822 0,000128
применение 0,000000 0,000000
подходить 2,612740 0,008216
течение 1,966113 0,006183
отдел 0,579818 0,001823
ценность 0,000000 0,000000
мир 0,000000 0,000000
вернуться 0,006689 0,000021
индия 0,076161 0,000240
структура 0,000000 0,000000
российский 0,033902 0,000213
китайский 2,813411 0,008847
обитание 0,000000 0,000000
бывший 0,000000 0,000000
версия 2,708050 0,017032
россиикосмосоружиеисторияздоровьебудущеетехникагаджетыигрысофт 3,064725 0,009638
россия 0,000000 0,000000
интернет 0,000000 0,000000
посмотреть 2,525729 0,007943
адаптировать 3,624341 0,011397
перестать 3,064725 0,009638
справочный 5,010635 0,015757
маккартень 0,097980 0,000308
ооо 0,000000 0,000000
соцсеть 2,708050 0,008516
скорость 2,708050 0,008516
обычно 3,218876 0,010122
свой 0,020203 0,000064
ранее 1,003302 0,003155
проблема 0,047791 0,000150
иной 2,708050 0,008516
гид 0,076161 0,000240
технологийминь 0,000000 0,000000
устройство 3,218876 0,010122
город 0,047791 0,000150
американский 0,054808 0,000172
галерея 0,000000 0,000000
внешность 0,097980 0,000308
сотрудник 0,068993 0,000217
начаться 0,033902 0,000107
зеленский 0,054808 0,000345
компьютер 3,624341 0,079781
работа 0,899761 0,002829
силовой 0,000000 0,000000
блок 3,912023 0,012302
пляжный 0,097980 0,000308
эмоция 0,047791 0,000150
сеть 0,090654 0,000285
софт 5,010635 0,015757
бета 4,317488 0,013577
питание 2,708050 0,008516
выражать 0,047791 0,000301
система 1,643339 0,015503
читать 0,040822 0,000128
операционный 3,912023 0,024604
военнослужащий 0,068993 0,000217
накапливать 0,047791 0,000150
говориться 2,931194 0,009218
посоветовать 2,612740 0,008216
выяснить 3,401197 0,010696
оценивать 0,047791 0,000150
байконур 0,097980 0,000308
редакциярекламаконтактыпресс 0,000000 0,000000
иметь 1,832581 0,005763
видео 0,000000 0,000000
пример 2,371578 0,007458
депутат 0,068993 0,000217
фирма 3,624341 0,011397
задавать 3,401197 0,010696
прогресс 0,090654 0,000285
форма 0,061875 0,000195
нажать 0,000000 0,000000
оперативный 2,014903 0,012672
последний 0,083382 0,000262
дом 0,061875 0,000195
журналист 1,966113 0,012365
культура 0,000000 0,000000
часто 2,525729 0,007943
обсудить 0,415515 0,001307
архив 0,000000 0,000000
статья 0,000000 0,000000
ставицкий 5,010635 0,015757
заявить 0,061875 0,000389
сша 0,040822 0,000257
основа 3,064725 0,009638
бонус 0,047791 0,000301
среда 0,000000 0,000000
раскрытие 0,076161 0,000240
редактор 0,556288 0,001749
подобный 2,120264 0,013335
остаться 0,047791 0,000150
эксклюзив 0,000000 0,000000
номер 2,931194 0,009218
компонент 3,401197 0,010696
уволить 0,076161 0,000240
качество 1,832581 0,005763
скидка 0,047791 0,000150
продавать 2,708050 0,008516
погружаться 0,047791 0,000150
сделать 1,321756 0,004156
добавлять 3,624341 0,011397
увлекательный 0,047791 0,000150
использованияполитик 0,000000 0,000000
влиять 2,525729 0,007943
деактивировать 0,013423 0,000042
далее 2,708050 0,008516
рекомендательный 0,000000 0,000000
переговоры 0,047791 0,000150
гигабайт 5,010635 0,015757
публичный 3,401197 0,010696
получать 0,033902 0,000107
хотеть 0,013423 0,000042
обратиться 0,076161 0,000240
забота 0,000000 0,000000
андрей 3,064725 0,009638
сбер 0,040822 0,000128
пожаловать 0,013423 0,000042
трамп 0,054808 0,000172
работать 0,027029 0,000085
тормозить 4,317488 0,013577
крупный 0,054808 0,000345
спецпроект 0,000000 0,000000
это 0,020203 0,000127
победа 0,000000 0,000000
украинский 0,047791 0,000150
белоус 0,076161 0,000240
обнаружить 2,445686 0,007691
прибыть 0,083382 0,000262
два 0,033902 0,000213
рассказать 0,985284 0,009295
вместо 2,708050 0,008516
новость 0,000000 0,000000
туристка 0,076161 0,000240
мотор 0,000000 0,000000
случай 1,484275 0,004668
сми 0,000000 0,000000
акция 0,047791 0,000150
наслать 0,000000 0,000000
жизнь 0,000000 0,000000
жилец 0,068993 0,000217
несколько 1,226446 0,003857
предречь 0,076161 0,000479
жать 0,013423 0,000042
войти 0,000000 0,000000
функция 3,401197 0,010696
место 0,027029 0,000085
свет 0,054808 0,000172
регион 0,076161 0,000240
мс 0,097980 0,000308
накопитель 5,010635 0,015757
март 0,040822 0,000128
память 3,064725 0,028913
военный 0,020203 0,000064
летний 0,047791 0,000150
процессор 5,010635 0,015757
рада 0,068993 0,000217
экономика 0,000000 0,000000
энтузиаст 4,317488 0,013577
уход 0,076161 0,000240
опечатка 0,000000 0,000000
почему 0,899761 0,002829
каждый 1,576648 0,009916
хороший 0,006689 0,000021
чип 5,010635 0,015757
спор 0,097980 0,000308
маленький 1,791759 0,005634
добавить 1,966113 0,018548
статичный 5,010635 0,015757
раздел 4,317488 0,081462
вызвать 0,090654 0,000285
обычный 0,013423 0,000042
конфиденциальность 0,047791 0,000150
обратить 2,931194 0,009218
быстродействие 5,010635 0,031513
изнасиловать 0,076161 0,000240
продолжать 0,033902 0,000107
реальный 0,013423 0,000042
техника 0,000000 0,000000
ссср 0,000000 0,000000
тысяча 0,054808 0,000172
настройка 4,317488 0,027154
ос 4,317488 0,054308
вопрос 1,021651 0,009638
затопить 0,076161 0,000240
игра 0,000000 0,000000
объяснение 3,624341 0,011397
сборка 3,401197 0,010696
внимание 1,966113 0,006183
обменивать 0,047791 0,000150
минь 0,000000 0,000000
условие 0,033902 0,000213
ваш 0,047791 0,000150
главное 0,000000 0,000000
ответ 1,678431 0,010556
медитация 0,076161 0,000240
правда 0,040822 0,000128
издание 2,238047 0,014076
информация 1,514128 0,004761
пользователь 2,371578 0,037289
ник 4,317488 0,013577
видеть 0,013423 0,000042
реакция 0,047791 0,000301
апгрейд 5,010635 0,015757
материал 0,000000 0,000000
наука 0,000000 0,000000
быть 1,399717 0,004402
