приводить 2,931194 0,007080
витамин 4,317488 0,010429
ру 0,000000 0,000000
личный 1,791759 0,002164
банк 0,068993 0,000083
кровяной 5,010635 0,006051
новый 0,000000 0,000000
день 0,033902 0,000041
образ 1,514128 0,003657
перемирие 0,076161 0,000092
пасмурный 5,010635 0,006051
прогулка 3,401197 0,004108
ухудшаться 5,010635 0,006051
свести 4,317488 0,005214
физический 2,813411 0,003398
отвести 0,076161 0,000092
мигрень 3,912023 0,004725
добро 0,013423 0,000049
согласие 0,047791 0,000058
путешествие 0,000000 0,000000
апатия 5,010635 0,006051
удар 1,455287 0,001758
менее 2,014903 0,002433
касаться 2,445686 0,002954
сгущение 5,010635 0,006051
расстройство 3,624341 0,008754
мало 3,064725 0,003701
конфликт 0,061875 0,000149
помощь 0,027029 0,000065
пол 0,090654 0,000109
электроприбор 5,010635 0,006051
аллергия 3,624341 0,004377
человек 0,762140 0,016568
вода 0,054808 0,000132
приспосабливаться 5,010635 0,006051
заболевание 3,624341 0,017509
сладкий 3,912023 0,004725
помещение 2,612740 0,003155
отказаться 1,832581 0,002213
фото 0,061875 0,000075
явление 3,218876 0,003888
политика 0,040822 0,000049
буря 3,624341 0,008754
связь 1,714798 0,002071
контрастный 4,317488 0,005214
ухудшение 3,064725 0,003701
вероятность 3,912023 0,004725
средство 2,371578 0,002864
высыпаться 4,317488 0,005214
вставать 3,624341 0,004377
они 2,302585 0,002781
сезон 2,813411 0,003398
пожалуй 4,317488 0,005214
земля 1,919593 0,002318
уделять 3,624341 0,008754
диагноз 3,912023 0,004725
мир 0,000000 0,000000
конкретный 3,064725 0,003701
клюква 5,010635 0,006051
индия 0,076161 0,000092
пройти 1,427116 0,001724
структура 0,000000 0,000000
земной 4,317488 0,005214
заряжать 5,010635 0,006051
раздражительность 5,010635 0,006051
препятствовать 4,317488 0,005214
капуста 3,912023 0,004725
бывший 0,000000 0,000000
переедать 5,010635 0,006051
время 0,693147 0,002511
единственный 2,708050 0,003271
кондиционер 5,010635 0,006051
маккартень 0,097980 0,000118
ооо 0,000000 0,000000
мощный 3,064725 0,003701
сильный 1,678431 0,004054
проблема 0,047791 0,000115
главный 1,272966 0,001537
данные 1,678431 0,002027
режим 1,966113 0,002375
иной 2,708050 0,003271
также 0,762140 0,003682
технологийминь 0,000000 0,000000
чай 3,912023 0,004725
город 0,047791 0,000058
следовать 1,966113 0,004749
час 1,455287 0,001758
магнитный 4,317488 0,015643
галерея 0,000000 0,000000
внешность 0,097980 0,000118
зависимость 2,525729 0,003050
атмосферный 5,010635 0,012103
северный 2,371578 0,005728
степень 3,401197 0,008215
ожог 5,010635 0,006051
находиться 1,399717 0,003381
начаться 0,033902 0,000041
изменение 2,612740 0,015777
сидеть 2,612740 0,006311
силовой 0,000000 0,000000
биологический 4,317488 0,010429
победить 2,525729 0,009151
мороз 3,624341 0,008754
заняться 2,813411 0,003398
пляжный 0,097980 0,000118
дискомфорт 5,010635 0,006051
скрываться 2,525729 0,003050
повышать 2,708050 0,003271
однако 1,249435 0,003018
последствие 1,875141 0,002265
мышца 4,317488 0,005214
выражать 0,047791 0,000115
система 1,643339 0,003969
читать 0,040822 0,000197
рекомендовать 3,912023 0,004725
психически 5,010635 0,006051
оценивать 0,047791 0,000058
байконур 0,097980 0,000118
признавать 2,708050 0,003271
ломота 5,010635 0,006051
один 0,836248 0,002020
проветривать 5,010635 0,006051
редакциярекламаконтактыпресс 0,000000 0,000000
сужаться 5,010635 0,006051
подавить 4,317488 0,005214
снизить 3,064725 0,003701
совет 1,714798 0,002071
видео 0,000000 0,000000
перенести 3,218876 0,003888
адаптоген 5,010635 0,006051
контролировать 3,401197 0,004108
остро 4,317488 0,005214
экстремальный 4,317488 0,005214
последний 0,083382 0,000101
активность 3,401197 0,004108
некоторый 1,576648 0,003808
нажить 5,010635 0,006051
обсудить 0,415515 0,000502
архив 0,000000 0,000000
скачка 4,317488 0,010429
частый 2,525729 0,012202
помимо 2,813411 0,003398
заявить 0,061875 0,000075
природный 3,912023 0,004725
сша 0,040822 0,000049
привычка 3,624341 0,008754
бонус 0,047791 0,000115
способный 2,612740 0,006311
недостаток 3,064725 0,003701
среда 0,000000 0,000000
сердечный 3,624341 0,008754
кожа 3,218876 0,007775
раскрытие 0,076161 0,000092
говорить 1,160488 0,004205
негативный 3,218876 0,003888
переохлаждение 5,010635 0,006051
следствие 2,612740 0,003155
градус 3,401197 0,004108
остаться 0,047791 0,000058
самочувствие 3,624341 0,008754
метеозависимый 5,010635 0,012103
комфортный 3,624341 0,004377
сезонный 5,010635 0,006051
эксклюзив 0,000000 0,000000
уволить 0,076161 0,000092
случиться 2,612740 0,006311
скидка 0,047791 0,000058
врач 2,066196 0,014972
перепад 5,010635 0,018154
погружаться 0,047791 0,000058
меняться 3,064725 0,003701
климат 1,875141 0,006794
усугубить 4,317488 0,005214
влиять 2,525729 0,018302
особенно 2,302585 0,005562
лицо 1,966113 0,002375
сосудистый 3,912023 0,004725
большой 1,714798 0,002071
назначить 2,708050 0,003271
удалённый 4,317488 0,010429
уличный 3,912023 0,004725
реагировать 4,317488 0,010429
бывать 3,064725 0,003701
получать 0,033902 0,000041
наоборот 2,813411 0,003398
температурный 5,010635 0,006051
длиться 2,931194 0,003540
хотеть 0,013423 0,000016
достаточно 2,813411 0,003398
нужно 1,791759 0,006492
стать 0,499776 0,000604
работать 0,027029 0,000065
обезвоживание 4,317488 0,005214
позвоночник 4,317488 0,005214
проявление 5,010635 0,006051
вызывать 2,708050 0,003271
операция 1,514128 0,001829
грусть 5,010635 0,006051
это 0,020203 0,000122
спецпроект 0,000000 0,000000
поддерживать 2,612740 0,003155
сопротивляемость 5,010635 0,006051
массаж 3,624341 0,004377
украинский 0,047791 0,000058
сустав 3,912023 0,009449
депрессия 3,624341 0,004377
смена 2,708050 0,006541
два 0,033902 0,000082
разница 3,218876 0,007775
разобраться 3,624341 0,004377
процент 1,678431 0,004054
дефицит 4,317488 0,005214
изучить 4,317488 0,005214
новость 0,000000 0,000000
туристка 0,076161 0,000092
мотор 0,000000 0,000000
стоить 1,714798 0,004142
консультация 5,010635 0,006051
наслать 0,000000 0,000000
иметься 2,931194 0,003540
сухость 5,010635 0,006051
ломкость 5,010635 0,006051
неприятный 3,401197 0,004108
жизнь 0,000000 0,000000
диабет 3,912023 0,004725
научиться 3,624341 0,004377
жать 0,013423 0,000016
войти 0,000000 0,000000
комнатный 5,010635 0,006051
память 3,064725 0,007403
относиться 2,302585 0,002781
устойчивость 5,010635 0,006051
невролог 5,010635 0,006051
воздействие 3,401197 0,008215
гормон 3,912023 0,004725
минимум 2,708050 0,003271
яблоко 5,010635 0,006051
уход 0,076161 0,000092
случаться 3,912023 0,004725
хороший 0,006689 0,000008
спор 0,097980 0,000118
регулировать 4,317488 0,005214
страдать 2,813411 0,006796
обычный 0,013423 0,000016
натрий 5,010635 0,006051
конфиденциальность 0,047791 0,000058
сокращение 3,624341 0,004377
чувствительность 5,010635 0,006051
изнасиловать 0,076161 0,000092
продолжать 0,033902 0,000041
йог 5,010635 0,006051
ссср 0,000000 0,000000
техника 0,000000 0,000000
настроение 3,064725 0,007403
состояние 2,238047 0,008109
пять 1,484275 0,001793
осень 3,912023 0,009449
психика 4,317488 0,005214
вопрос 1,021651 0,002468
увлажнитель 5,010635 0,006051
стимулировать 4,317488 0,005214
игра 0,000000 0,000000
наблюдаться 3,624341 0,008754
жара 3,912023 0,009449
минь 0,000000 0,000000
женьшень 5,010635 0,006051
зверобой 5,010635 0,006051
ваш 0,047791 0,000058
главное 0,000000 0,000000
старший 2,445686 0,002954
свёкла 4,317488 0,005214
мнение 1,643339 0,003969
медитация 0,076161 0,000184
блюдо 2,813411 0,003398
больший 1,373049 0,003317
засыпать 4,317488 0,005214
метеозависимость 3,624341 0,065658
считаться 2,238047 0,002703
глобальный 2,813411 0,003398
позволять 2,177422 0,002630
реакция 0,047791 0,000115
самый 0,883501 0,001067
трудящийся 5,010635 0,006051
материал 0,000000 0,000000
расширяться 5,010635 0,006051
чувствительный 3,624341 0,004377
быть 1,399717 0,001690
вредный 2,612740 0,009466
перемена 3,912023 0,009449
расстроить 5,010635 0,006051
лента 0,000000 0,000000
вести 2,014903 0,002433
спорт 0,000000 0,000000
защититься 2,931194 0,007080
аффективный 5,010635 0,006051
дыхательный 4,317488 0,010429
мочь 0,836248 0,002020
четыре 0,040822 0,000049
погода 3,624341 0,070036
сердце 2,813411 0,003398
психический 3,912023 0,004725
сияние 4,317488 0,005214
плохо 3,401197 0,008215
чашка 5,010635 0,006051
конфиденциальностиправить 0,000000 0,000000
ноготь 5,010635 0,006051
правило 2,445686 0,005907
сбой 3,912023 0,004725
иммунитет 5,010635 0,006051
тяжёлый 1,791759 0,002164
благотворный 5,010635 0,006051
гимнастика 4,317488 0,005214
стресс 3,401197 0,016431
воздух 2,813411 0,003398
применение 0,000000 0,000000
давление 2,302585 0,019466
розеола 5,010635 0,006051
картофель 3,401197 0,004108
женщина 1,484275 0,001793
душа 3,401197 0,004108
важно 2,302585 0,005562
разжижать 5,010635 0,006051
влажность 5,010635 0,012103
ценность 0,000000 0,000000
гораздо 3,064725 0,003701
вернуться 0,006689 0,000008
крапивница 5,010635 0,006051
российский 0,033902 0,000082
сгущать 5,010635 0,006051
солнечный 3,218876 0,015550
китайский 2,813411 0,003398
обитание 0,000000 0,000000
эмоциональный 4,317488 0,010429
соблюдать 2,931194 0,007080
специалист 2,445686 0,002954
чувствовать 2,445686 0,002954
морской 3,218876 0,003888
потребление 3,401197 0,004108
россия 0,000000 0,000000
интернет 0,000000 0,000000
адаптировать 3,624341 0,004377
простой 2,238047 0,002703
волос 2,708050 0,003271
свой 0,020203 0,000024
розовый 3,912023 0,004725
радовать 5,010635 0,006051
космический 3,624341 0,008754
неустойчивость 5,010635 0,006051
пара 2,813411 0,003398
гид 0,076161 0,000092
микроэлемент 5,010635 0,006051
энергия 3,624341 0,008754
метеочувствительный 5,010635 0,018154
американский 0,054808 0,000066
особенность 2,813411 0,003398
сотрудник 0,068993 0,000083
приступ 4,317488 0,005214
другой 1,059392 0,002559
рыба 2,931194 0,003540
зеленский 0,054808 0,000132
работа 0,899761 0,001087
европа 1,791759 0,002164
эмоция 0,047791 0,000115
магний 4,317488 0,005214
ослабить 3,064725 0,003701
скорее 2,708050 0,003271
сеть 0,090654 0,000109
вегетативный 5,010635 0,006051
выпивать 5,010635 0,006051
дождливый 5,010635 0,006051
разминка 5,010635 0,006051
лимонник 5,010635 0,006051
должный 1,714798 0,002071
число 1,226446 0,002962
вступать 3,912023 0,004725
военнослужащий 0,068993 0,000083
накапливать 0,047791 0,000058
причина 1,484275 0,005378
косвенный 5,010635 0,006051
психолог 3,064725 0,003701
учёный 2,525729 0,003050
жаркий 5,010635 0,006051
печёный 5,010635 0,006051
окружающий 3,624341 0,004377
вид 1,514128 0,003657
кроме 1,427116 0,003447
ураган 4,317488 0,005214
выяснить 3,401197 0,004108
недостаточно 5,010635 0,006051
лёгкий 2,612740 0,006311
двигаться 2,931194 0,003540
путь 2,066196 0,002495
тошнота 4,317488 0,005214
подверженный 5,010635 0,006051
депутат 0,068993 0,000083
погодный 5,010635 0,012103
фасоль 4,317488 0,005214
прогресс 0,090654 0,000109
тип 3,401197 0,004108
оказать 3,624341 0,004377
форма 0,061875 0,000075
нажать 0,000000 0,000000
дом 0,061875 0,000149
мелатонина 5,010635 0,006051
сосуд 3,912023 0,023623
культура 0,000000 0,000000
зависеть 2,813411 0,006796
статья 0,000000 0,000000
существовать 2,445686 0,002954
справляться 3,064725 0,007403
организм 3,064725 0,022208
ограничение 2,813411 0,003398
адаптироваться 3,218876 0,003888
поза 3,624341 0,004377
чечевица 3,912023 0,004725
телеграфный 5,010635 0,006051
получить 1,059392 0,001279
многие 1,714798 0,002071
прибавляться 5,010635 0,006051
укреплять 4,317488 0,005214
зимой 3,912023 0,004725
сберегать 5,010635 0,018154
фактор 2,931194 0,003540
инсульт 4,317488 0,010429
надолго 3,401197 0,008215
увлекательный 0,047791 0,000058
различный 2,525729 0,003050
связанный 3,064725 0,003701
использованияполитик 0,000000 0,000000
здоровье 2,302585 0,002781
тело 2,445686 0,002954
деактивировать 0,013423 0,000016
зелёный 3,218876 0,003888
солёный 3,912023 0,004725
рекомендательный 0,000000 0,000000
повышаться 4,317488 0,010429
испытывать 3,624341 0,004377
проявляться 4,317488 0,005214
переговоры 0,047791 0,000058
мундир 5,010635 0,006051
жирный 3,912023 0,004725
минздрав 4,317488 0,005214
ежедневно 3,624341 0,004377
стенка 5,010635 0,006051
год 0,521999 0,001261
обратиться 0,076161 0,000184
лечение 2,931194 0,003540
забота 0,000000 0,000000
сбер 0,040822 0,000049
пожаловать 0,013423 0,000016
стараться 2,813411 0,003398
левзея 5,010635 0,006051
кофе 3,912023 0,004725
трамп 0,054808 0,000066
который 0,521999 0,005043
постоянный 2,371578 0,002864
поэтому 1,966113 0,002375
избавиться 3,401197 0,004108
хронический 3,912023 0,009449
крупный 0,054808 0,000132
например 1,791759 0,008656
победа 0,000000 0,000000
пища 3,624341 0,004377
подолгу 5,010635 0,006051
белоус 0,076161 0,000092
прибыть 0,083382 0,000101
приток 5,010635 0,006051
поддаваться 5,010635 0,006051
вместо 2,708050 0,003271
повышенный 3,401197 0,004108
весна 3,912023 0,004725
улучшить 3,624341 0,004377
случай 1,484275 0,003585
сми 0,000000 0,000000
потливость 5,010635 0,006051
акция 0,047791 0,000058
температура 3,624341 0,026263
инфаркт 3,912023 0,004725
острый 3,218876 0,003888
такой 1,003302 0,002423
америка 3,064725 0,003701
вместе 1,514128 0,005486
ливень 5,010635 0,006051
нездоровый 3,624341 0,004377
жилец 0,068993 0,000083
предречь 0,076161 0,000184
выражаться 5,010635 0,006051
примерно 2,813411 0,003398
свет 0,054808 0,000199
место 0,027029 0,000033
регион 0,076161 0,000092
мс 0,097980 0,000118
март 0,040822 0,000049
военный 0,020203 0,000024
летний 0,047791 0,000058
лишить 2,708050 0,003271
рада 0,068993 0,000083
экономика 0,000000 0,000000
озноб 5,010635 0,006051
тот 1,427116 0,005171
опечатка 0,000000 0,000000
кровь 2,612740 0,012622
измерить 5,010635 0,006051
гражданин 3,401197 0,004108
сердечно 3,912023 0,004725
головокружение 5,010635 0,006051
советовать 3,218876 0,007775
боль 3,064725 0,003701
вызвать 0,090654 0,000219
внешний 2,525729 0,003050
потепление 4,317488 0,005214
появление 2,813411 0,006796
подвижный 5,010635 0,006051
увеличиваться 3,401197 0,004108
уровень 1,643339 0,003969
либо 1,919593 0,002318
влияние 1,919593 0,009273
реальный 0,013423 0,000016
тысяча 0,054808 0,000066
тревога 3,218876 0,003888
официальный 2,238047 0,002703
ритм 5,010635 0,006051
затопить 0,076161 0,000092
метеочувствительность 5,010635 0,006051
холод 3,624341 0,004377
сон 3,064725 0,003701
шторм 3,624341 0,004377
внимание 1,966113 0,002375
обменивать 0,047791 0,000058
принимать 2,445686 0,002954
низкий 2,813411 0,003398
препарат 3,218876 0,003888
условие 0,033902 0,000205
помогать 2,120264 0,007682
гипертоник 5,010635 0,006051
ощущать 5,010635 0,006051
правда 0,040822 0,000049
плохой 2,177422 0,005259
изменяться 5,010635 0,006051
элеутерококк 5,010635 0,006051
травма 3,912023 0,004725
артериальный 4,317488 0,005214
тепловой 5,010635 0,006051
риск 2,120264 0,002561
видеть 0,013423 0,000016
работоспособность 5,010635 0,006051
наука 0,000000 0,000000
высокий 1,455287 0,001758
нервный 3,912023 0,004725
обострение 3,624341 0,004377
какой 1,203973 0,004362
произойти 1,791759 0,002164
