ру 0,000000 0,000000
банк 0,068993 0,000148
лента 0,000000 0,000000
космонавт 3,912023 0,016790
новый 0,000000 0,000000
прозвище 3,624341 0,007778
день 0,033902 0,000073
оборона 2,302585 0,014824
назначение 3,401197 0,007299
образ 1,514128 0,003249
приятно 3,218876 0,013815
перемирие 0,076161 0,000163
спорт 0,000000 0,000000
толковый 5,010635 0,021505
транспорт 3,401197 0,014597
знаменитость 3,624341 0,007778
отвести 0,076161 0,000163
набрать 3,912023 0,008395
этот 1,427116 0,003062
добро 0,013423 0,000086
согласие 0,047791 0,000103
путешествие 0,000000 0,000000
четыре 0,040822 0,000088
сказать 1,919593 0,004119
краш 3,401197 0,043792
признанный 3,912023 0,008395
заявление 2,066196 0,004434
плохо 3,401197 0,007299
конфликт 0,061875 0,000133
превзойти 5,010635 0,010752
конфиденциальностиправить 0,000000 0,000000
александр 1,373049 0,002946
пол 0,090654 0,000195
помощь 0,027029 0,000058
глава 1,321756 0,011346
человек 0,762140 0,004906
вода 0,054808 0,000118
основной 2,813411 0,006037
соответствовать 2,813411 0,006037
фото 0,061875 0,000398
юрий 2,525729 0,010840
явление 3,218876 0,006907
политика 0,040822 0,000088
связь 1,714798 0,003680
применение 0,000000 0,000000
космос 2,813411 0,018112
миронов 5,010635 0,010752
исследование 2,708050 0,005811
смочь 1,399717 0,003004
женщина 1,484275 0,009555
отдел 0,579818 0,001244
ценность 0,000000 0,000000
мир 0,000000 0,000000
вернуться 0,006689 0,000014
индия 0,076161 0,000163
структура 0,000000 0,000000
возглавить 5,010635 0,010752
российский 0,033902 0,000291
юнашева 5,010635 0,021505
обитание 0,000000 0,000000
специалист 2,445686 0,005248
репортёр 5,010635 0,010752
бывший 0,000000 0,000000
узнать 2,014903 0,004324
россия 0,000000 0,000000
интернет 0,000000 0,000000
маккартень 0,097980 0,000210
ооо 0,000000 0,000000
свой 0,020203 0,000043
ранее 1,003302 0,004306
главный 1,272966 0,002732
проблема 0,047791 0,000103
соответствующий 4,317488 0,009265
популярный 1,791759 0,003845
январь 1,514128 0,003249
засмущаться 5,010635 0,010752
также 0,762140 0,001635
назвать 1,021651 0,002192
член 2,612740 0,005607
появиться 1,373049 0,002946
гид 0,076161 0,000163
технологийминь 0,000000 0,000000
город 0,047791 0,000103
дмитрий 2,238047 0,009605
пообщаться 3,401197 0,007299
чарт 3,912023 0,008395
американский 0,054808 0,000118
видявленияроскошьличность 2,813411 0,006037
написать 1,966113 0,004219
галерея 0,000000 0,000000
внешность 0,097980 0,000210
бакановый 5,010635 0,043010
россиянин 1,321756 0,002836
сотрудник 0,068993 0,000148
начаться 0,033902 0,000073
зеленский 0,054808 0,000235
удержаться 4,317488 0,009265
самец 4,317488 0,018530
увидеть 1,752539 0,003761
силовой 0,000000 0,000000
показать 1,484275 0,003185
сигма 5,010635 0,064515
характеристика 3,912023 0,008395
пляжный 0,097980 0,000210
эмоция 0,047791 0,000103
сеть 0,090654 0,000195
порядок 2,066196 0,004434
выражать 0,047791 0,000205
согражданин 4,317488 0,009265
гагарин 3,064725 0,006577
терешков 4,317488 0,009265
шалость 5,010635 0,010752
читать 0,040822 0,000088
военнослужащий 0,068993 0,000148
знать 1,576648 0,006767
накапливать 0,047791 0,000103
борисов 4,317488 0,009265
июнь 2,371578 0,005089
оценивать 0,047791 0,000103
байконур 0,097980 0,000210
оценка 2,931194 0,006290
попасть 1,678431 0,003602
редакциярекламаконтактыпресс 0,000000 0,000000
видео 0,000000 0,000000
отставка 3,064725 0,006577
депутат 0,068993 0,000444
поблагодарить 3,912023 0,008395
маргарита 3,912023 0,008395
прогресс 0,090654 0,000195
должность 2,813411 0,012075
рейтинг 3,912023 0,008395
форма 0,061875 0,000133
нажать 0,000000 0,000000
россиянка 1,875141 0,016096
оперативный 2,014903 0,004324
последний 0,083382 0,000179
дом 0,061875 0,000133
журналист 1,966113 0,008438
кстати 3,401197 0,007299
культура 0,000000 0,000000
всестильвнешний 2,813411 0,006037
обсудить 0,415515 0,000892
архив 0,000000 0,000000
синицын 5,010635 0,010752
статья 0,000000 0,000000
заявить 0,061875 0,000133
сша 0,040822 0,000088
любой 2,120264 0,004550
отличаться 3,912023 0,008395
воскресенский 4,317488 0,009265
бонус 0,047791 0,000205
среда 0,000000 0,000000
певец 2,813411 0,006037
раскрытие 0,076161 0,000163
говорить 1,160488 0,002490
колесник 5,010635 0,010752
мировой 1,752539 0,003761
замминистра 5,010635 0,021505
редактор 0,556288 0,001194
ранний 2,120264 0,004550
среди 1,714798 0,007360
остаться 0,047791 0,000103
эксклюзив 0,000000 0,000000
уволить 0,076161 0,000163
скидка 0,047791 0,000103
чиновник 2,931194 0,012580
повышение 3,624341 0,007778
тема 1,297063 0,002783
егор 3,218876 0,006907
оказаться 1,249435 0,002681
погружаться 0,047791 0,000103
результат 1,347074 0,008672
увлекательный 0,047791 0,000103
использованияполитик 0,000000 0,000000
риа 1,272966 0,005463
спонтанно 5,010635 0,010752
деактивировать 0,013423 0,000029
баканов 5,010635 0,043010
рекомендательный 0,000000 0,000000
смущение 5,010635 0,010752
тасс 2,371578 0,005089
переговоры 0,047791 0,000103
альф 5,010635 0,010752
близко 3,912023 0,008395
получать 0,033902 0,000073
хотеть 0,013423 0,000029
крид 3,218876 0,006907
обратиться 0,076161 0,000163
забота 0,000000 0,000000
комитет 2,813411 0,012075
андрей 3,064725 0,013153
сбер 0,040822 0,000088
пожаловать 0,013423 0,000029
прозвать 3,624341 0,007778
стать 0,499776 0,003217
работать 0,027029 0,000116
трамп 0,054808 0,000118
рсппа 3,624341 0,007778
первопроходец 5,010635 0,010752
который 0,521999 0,001120
фотохост 5,010635 0,010752
крупный 0,054808 0,000235
агентство 2,302585 0,004941
спецпроект 0,000000 0,000000
это 0,020203 0,000303
победа 0,000000 0,000000
украинский 0,047791 0,000103
слово 0,820981 0,001762
белоус 0,076161 0,000163
валентина 3,912023 0,008395
воплощать 5,010635 0,010752
прибыть 0,083382 0,000179
два 0,033902 0,000146
выбрать 2,612740 0,005607
процент 1,678431 0,003602
страна 0,747955 0,003210
президент 0,851752 0,001828
новость 0,000000 0,000000
туристка 0,076161 0,000163
мотор 0,000000 0,000000
случай 1,484275 0,003185
сми 0,000000 0,000000
акция 0,047791 0,000103
наслать 0,000000 0,000000
такой 1,003302 0,002153
справиться 2,708050 0,005811
руководитель 2,445686 0,005248
михаил 2,445686 0,010497
красивый 3,912023 0,008395
жизнь 0,000000 0,000000
звание 2,813411 0,024149
жилец 0,068993 0,000148
актёр 2,445686 0,010497
предречь 0,076161 0,000327
жать 0,013423 0,000029
войти 0,000000 0,000000
место 0,027029 0,000116
свет 0,054808 0,000118
регион 0,076161 0,000163
решение 1,544899 0,006630
мс 0,097980 0,000210
генеральный 2,708050 0,011623
необычный 3,624341 0,015555
март 0,040822 0,000088
возраст 2,708050 0,011623
военный 0,020203 0,000043
летний 0,047791 0,000103
рада 0,068993 0,000148
экономика 0,000000 0,000000
канал 1,791759 0,003845
тот 1,427116 0,003062
уход 0,076161 0,000163
опечатка 0,000000 0,000000
почему 0,899761 0,003862
директор 2,445686 0,010497
госдума 2,302585 0,014824
признаваться 5,010635 0,010752
хороший 0,006689 0,000014
спор 0,097980 0,000210
заключить 2,177422 0,004673
секс 2,177422 0,004673
вызвать 0,090654 0,000195
отреагировать 1,966113 0,012657
обычный 0,013423 0,000029
конфиденциальность 0,047791 0,000103
нагий 5,010635 0,032257
владимир 1,160488 0,002490
путин 0,967584 0,002076
изнасиловать 0,076161 0,000163
продолжать 0,033902 0,000073
бой 2,066196 0,017736
роскосмос 3,218876 0,069075
первый 0,883501 0,005688
список 2,371578 0,005089
реальный 0,013423 0,000029
пост 2,612740 0,011213
кадр 1,544899 0,003315
ссср 0,000000 0,000000
техника 0,000000 0,000000
мужчина 1,576648 0,003383
тысяча 0,054808 0,000118
опубликовать 1,875141 0,004024
февраль 1,160488 0,004981
телеведущий 4,317488 0,009265
затопить 0,076161 0,000163
никто 2,014903 0,004324
понимать 2,708050 0,005811
игра 0,000000 0,000000
песня 3,401197 0,007299
обменивать 0,047791 0,000103
минь 0,000000 0,000000
принимать 2,445686 0,005248
голос 3,218876 0,006907
условие 0,033902 0,000146
ваш 0,047791 0,000103
главное 0,000000 0,000000
ответ 1,678431 0,003602
отвечать 2,302585 0,004941
встреча 1,832581 0,003933
медитация 0,076161 0,000163
правда 0,040822 0,000088
поинтересоваться 5,010635 0,010752
занимать 2,813411 0,006037
думать 1,791759 0,007690
высказаться 2,238047 0,009605
наверное 2,931194 0,006290
информация 1,514128 0,003249
уникальный 2,525729 0,005420
гендиректор 4,317488 0,009265
реакция 0,047791 0,000308
видеть 0,013423 0,000029
колесникчлен 5,010635 0,010752
самый 0,883501 0,001896
сменить 3,624341 0,007778
очень 1,347074 0,002891
материал 0,000000 0,000000
наука 0,000000 0,000000
высокий 1,455287 0,003123
символ 2,445686 0,005248
сообщить 1,297063 0,002783
беседа 1,752539 0,003761
