фюрер 5,010635 0,001891
диктор 5,010635 0,001891
долгий 2,371578 0,000895
леонид 3,064725 0,001157
рычкова 5,010635 0,003782
ру 0,000000 0,000000
велосипед 3,912023 0,001476
девять 2,931194 0,001106
день 0,033902 0,000128
хватать 2,931194 0,006637
оборона 2,302585 0,000869
забрать 3,064725 0,001157
газета 2,302585 0,002607
письмо 4,317488 0,009775
радиовыступление 5,010635 0,001891
мама 4,317488 0,022809
любить 2,177422 0,000822
вуз 4,317488 0,003258
бабушка 3,218876 0,002429
приморский 3,624341 0,001368
патруль 5,010635 0,003782
нелёгкая 5,010635 0,001891
делиться 3,401197 0,001283
мюзикл 5,010635 0,001891
вероятно 2,813411 0,001062
центр 1,752539 0,000661
чернила 5,010635 0,005672
путешествие 0,000000 0,000000
корова 5,010635 0,001891
долго 2,612740 0,000986
распевать 5,010635 0,001891
жениться 3,218876 0,001215
множество 2,813411 0,001062
мало 3,064725 0,004626
шёлк 4,317488 0,001629
встретить 2,612740 0,000986
килограмм 3,401197 0,008984
рыжий 3,912023 0,001476
старинный 4,317488 0,001629
тёплый 4,317488 0,003258
стекло 3,912023 0,002952
человек 0,762140 0,004602
производство 2,612740 0,002958
вода 0,054808 0,000062
лично 3,064725 0,001157
трудный 3,624341 0,001368
помещение 2,612740 0,000986
немного 2,813411 0,003185
заведение 4,317488 0,001629
отказаться 1,832581 0,000692
выводить 4,317488 0,001629
полгода 2,525729 0,000953
посредственно 5,010635 0,001891
макароны 5,010635 0,001891
внезапно 3,624341 0,001368
разговор 1,160488 0,000438
иностранный 1,919593 0,000724
ездить 3,401197 0,001283
суд 1,832581 0,002075
нога 2,302585 0,000869
студент 2,931194 0,002212
сенокос 5,010635 0,001891
кинохроника 5,010635 0,001891
горький 4,317488 0,001629
область 1,272966 0,001441
цениться 4,317488 0,001629
вставать 3,624341 0,002735
клещ 3,912023 0,001476
разгар 3,912023 0,001476
подниматься 3,912023 0,002952
суп 2,708050 0,001022
хлебозавод 5,010635 0,001891
собрать 2,931194 0,001106
пятибалльный 5,010635 0,001891
повар 5,010635 0,001891
накормить 4,317488 0,001629
отпускать 4,317488 0,003258
училище 3,624341 0,002735
весь 1,078810 0,002035
шумно 5,010635 0,001891
пройти 1,427116 0,001077
успеть 2,525729 0,001906
дело 1,249435 0,000943
житель 1,678431 0,001900
капуста 3,912023 0,002952
паёк 5,010635 0,001891
кормить 4,317488 0,001629
шпага 5,010635 0,001891
свадьба 4,317488 0,001629
слишком 2,371578 0,000895
быстро 2,813411 0,001062
посмотреть 2,525729 0,001906
социальный 2,371578 0,000895
пастух 5,010635 0,001891
предвоенный 5,010635 0,003782
республика 2,371578 0,000895
подарок 3,218876 0,003644
сильный 1,678431 0,000633
готовить 2,445686 0,000923
проблема 0,047791 0,000018
режим 1,966113 0,002226
появиться 1,373049 0,002591
технологийминь 0,000000 0,000000
мучительный 4,317488 0,001629
частушка 5,010635 0,001891
настил 5,010635 0,001891
надевать 3,624341 0,001368
анекдот 3,624341 0,001368
сначала 2,445686 0,001846
зал 3,218876 0,002429
территория 1,609438 0,001215
раздобыть 5,010635 0,001891
находиться 1,399717 0,000528
развлечение 4,317488 0,001629
пережиток 5,010635 0,001891
сидеть 2,612740 0,001972
окончание 3,064725 0,001157
миша 5,010635 0,001891
однажды 3,624341 0,001368
силовой 0,000000 0,000000
касса 5,010635 0,001891
мороз 3,624341 0,001368
лепёшка 5,010635 0,001891
лётчик 2,931194 0,001106
современник 5,010635 0,001891
хлорный 5,010635 0,001891
драма 3,912023 0,001476
нож 4,317488 0,003258
влюбляться 5,010635 0,005672
подруга 2,708050 0,003066
себя 2,014903 0,000760
платье 3,624341 0,002735
мирный 1,966113 0,002226
часы 4,317488 0,001629
завод 3,218876 0,006073
коммерческий 3,401197 0,002567
цк 3,912023 0,001476
система 1,643339 0,000620
вседержитель 5,010635 0,001891
изменить 2,066196 0,001559
июнь 2,371578 0,000895
оборонный 3,401197 0,002567
караулить 5,010635 0,001891
досуг 5,010635 0,001891
невеста 4,317488 0,001629
постепенно 3,624341 0,002735
фокстрот 5,010635 0,001891
один 0,836248 0,005365
перебой 5,010635 0,001891
беженец 3,624341 0,001368
остроумовский 5,010635 0,001891
различие 5,010635 0,001891
дымовой 5,010635 0,001891
председатель 2,302585 0,000869
совет 1,714798 0,000647
стальной 5,010635 0,001891
страстный 5,010635 0,001891
посетить 3,064725 0,001157
пример 2,371578 0,000895
туфля 3,624341 0,002735
арестовать 2,931194 0,002212
хотеться 3,624341 0,001368
часть 1,484275 0,001120
падеспань 5,010635 0,001891
рождество 5,010635 0,001891
заводский 4,317488 0,001629
забыться 4,317488 0,001629
свобода 2,931194 0,001106
выход 2,120264 0,000800
формовщица 5,010635 0,001891
едва 2,177422 0,001643
класс 3,401197 0,005134
сторона 1,321756 0,000499
минута 2,177422 0,001643
самодельный 5,010635 0,001891
немец 3,401197 0,001283
дорогой 2,813411 0,002123
некоторый 1,576648 0,000595
лето 2,612740 0,003944
часто 2,525729 0,003812
бежать 2,813411 0,001062
архив 0,000000 0,000000
труд 3,401197 0,006417
электричество 3,624341 0,002735
словесный 5,010635 0,001891
проезд 3,624341 0,001368
обувь 4,317488 0,001629
старик 4,317488 0,003258
целовать 4,317488 0,001629
эвакуация 3,624341 0,001368
конфетка 5,010635 0,003782
верблюжий 5,010635 0,001891
сельскохозяйственный 5,010635 0,001891
ничто 4,317488 0,001629
заменить 2,931194 0,001106
авиационный 3,624341 0,002735
недостаток 3,064725 0,001157
наркомат 5,010635 0,001891
производить 3,912023 0,001476
хранить 3,401197 0,001283
нарушить 3,624341 0,001368
уйти 2,014903 0,004562
коровин 4,317488 0,001629
гасить 5,010635 0,003782
вечер 3,064725 0,004626
загребать 5,010635 0,001891
вели 3,401197 0,001283
взрослый 2,931194 0,001106
восторженный 5,010635 0,001891
врач 2,066196 0,000780
становиться 2,525729 0,000953
меняться 3,064725 0,001157
ева 3,912023 0,001476
бридж 5,010635 0,001891
комкор 5,010635 0,001891
поступить 2,708050 0,001022
ноябрь 2,014903 0,000760
выглядеть 1,752539 0,000661
враг 3,064725 0,002313
екатерина 2,612740 0,001972
встречаться 3,624341 0,001368
поставить 2,238047 0,000845
морозный 5,010635 0,001891
опасность 2,371578 0,000895
обогреть 5,010635 0,001891
воспитательница 5,010635 0,001891
получать 0,033902 0,000038
юный 3,624341 0,001368
секунда 2,931194 0,001106
единый 3,401197 0,001283
солнце 3,624341 0,001368
армия 2,014903 0,002281
подготовка 2,302585 0,000869
кончиться 4,317488 0,003258
сын 2,120264 0,000800
насмерть 5,010635 0,001891
прямо 2,525729 0,000953
золото 3,624341 0,001368
техникум 5,010635 0,001891
нужно 1,791759 0,001352
устроить 2,014903 0,000760
иконка 5,010635 0,001891
медицинский 3,064725 0,001157
воровство 5,010635 0,001891
обесцвечивать 5,010635 0,001891
квадратный 3,624341 0,002735
желать 3,064725 0,001157
рота 3,401197 0,001283
доска 3,912023 0,002952
порция 5,010635 0,001891
коммунист 5,010635 0,001891
группа 1,514128 0,000571
сохраниться 5,010635 0,001891
спецпроект 0,000000 0,000000
труба 3,064725 0,001157
ткань 3,624341 0,001368
учёба 3,912023 0,001476
слово 0,820981 0,000620
рост 1,791759 0,000676
сторонка 5,010635 0,001891
терешкина 5,010635 0,001891
роддом 5,010635 0,003782
русло 3,624341 0,001368
цех 3,064725 0,008096
процент 1,678431 0,001900
крытый 4,317488 0,001629
светящийся 5,010635 0,001891
мотор 0,000000 0,000000
привлекать 2,813411 0,001062
взять 2,371578 0,002685
стоить 1,714798 0,000647
наслать 0,000000 0,000000
катастрофа 2,525729 0,000953
празднично 5,010635 0,001891
красивый 3,912023 0,002952
популярно 5,010635 0,001891
лень 5,010635 0,001891
жизнь 0,000000 0,000000
губа 3,912023 0,002952
храниться 5,010635 0,001891
шпала 5,010635 0,003782
привлечь 3,624341 0,001368
неудивительный 5,010635 0,001891
средний 2,813411 0,003185
студенческий 5,010635 0,001891
жать 0,013423 0,000005
направляться 5,010635 0,001891
улица 2,302585 0,000869
крутить 5,010635 0,001891
дорога 2,525729 0,000953
водка 3,624341 0,002735
нестись 5,010635 0,001891
зола 5,010635 0,003782
подстелить 5,010635 0,001891
весёлый 4,317488 0,003258
целый 2,525729 0,000953
трое 2,931194 0,001106
допустить 2,813411 0,001062
уменьшиться 5,010635 0,001891
лена 5,010635 0,001891
отшивать 5,010635 0,001891
исписать 4,317488 0,001629
дорого 5,010635 0,003782
подумать 3,912023 0,001476
директор 2,445686 0,000923
незнакомка 3,912023 0,002952
хороший 0,006689 0,000008
тайный 3,624341 0,001368
окно 3,624341 0,006838
корякин 5,010635 0,001891
красный 2,120264 0,003200
испортить 3,218876 0,001215
воевать 2,931194 0,001106
грудь 2,813411 0,002123
дотемна 5,010635 0,001891
вкусный 4,317488 0,001629
билет 4,317488 0,001629
нарушение 2,931194 0,001106
подарить 2,931194 0,002212
твориться 3,401197 0,001283
целоваться 5,010635 0,001891
ребята 2,931194 0,002212
детский 3,218876 0,001215
назад 1,678431 0,000633
продолжать 0,033902 0,000026
кадриль 5,010635 0,003782
смутить 4,317488 0,001629
кадр 1,544899 0,000583
ссср 0,000000 0,000000
желание 2,612740 0,000986
приблизить 3,912023 0,001476
приобрести 3,401197 0,001283
идти 1,297063 0,002447
дневный 2,612740 0,000986
открыть 2,371578 0,000895
запрятать 5,010635 0,001891
подвал 3,064725 0,001157
невский 4,317488 0,001629
капитан 3,912023 0,001476
трудовой 3,912023 0,001476
артиллерийский 3,912023 0,002952
кумир 4,317488 0,001629
семёнович 5,010635 0,003782
цфасман 5,010635 0,001891
минь 0,000000 0,000000
таз 4,317488 0,004888
шашка 5,010635 0,001891
именно 1,875141 0,000708
железнодорожный 3,401197 0,001283
главное 0,000000 0,000000
тонкость 5,010635 0,001891
интервью 2,525729 0,000953
рубашка 3,912023 0,001476
спросить 3,218876 0,001215
ухудшиться 3,912023 0,001476
литейный 5,010635 0,001891
бытовой 5,010635 0,001891
позволять 2,177422 0,000822
вновь 3,218876 0,002429
пермь 4,317488 0,001629
товар 3,401197 0,001283
сообщить 1,297063 0,000489
образок 5,010635 0,001891
быть 1,399717 0,002113
физкультура 3,912023 0,001476
пластинка 3,912023 0,004429
урожай 3,912023 0,005905
приготовить 3,624341 0,001368
яйцо 3,912023 0,001476
жёлтый 3,912023 0,001476
надпись 3,401197 0,001283
согреть 5,010635 0,003782
есть 3,401197 0,003850
деревня 3,624341 0,004103
снаряд 4,317488 0,001629
стаять 5,010635 0,001891
отделение 3,912023 0,001476
спорт 0,000000 0,000000
разрушить 3,401197 0,001283
услышать 3,218876 0,001215
енисейск 5,010635 0,001891
стефанида 5,010635 0,001891
выполнять 2,708050 0,001022
четыре 0,040822 0,000046
фзу 5,010635 0,001891
запомнить 3,624341 0,001368
стащить 5,010635 0,001891
сосать 5,010635 0,003782
уверить 3,064725 0,001157
друг 1,791759 0,008114
обижаться 5,010635 0,001891
плохо 3,401197 0,002567
конфиденциальностиправить 0,000000 0,000000
бывало 5,010635 0,001891
вооружение 3,064725 0,002313
отлично 5,010635 0,001891
выдаваться 5,010635 0,001891
бережно 5,010635 0,001891
народ 2,708050 0,002044
основной 2,813411 0,001062
край 2,612740 0,001972
тяжёлый 1,791759 0,001352
известный 1,714798 0,000647
основное 3,912023 0,002952
трудность 3,912023 0,001476
немецкий 3,064725 0,001157
левитан 5,010635 0,001891
картофель 3,401197 0,001283
позволить 3,218876 0,001215
отправлять 3,912023 0,001476
наряжаться 4,317488 0,003258
женщина 1,484275 0,002240
пётр 3,401197 0,002567
впервые 1,919593 0,000724
бросать 2,708050 0,001022
переписка 3,912023 0,005905
фронтовой 3,912023 0,007381
магазин 2,813411 0,004247
кусок 4,317488 0,001629
холодно 5,010635 0,003782
разбить 5,010635 0,001891
дойти 4,317488 0,001629
картошка 3,912023 0,004429
буржуйка 4,317488 0,003258
обитание 0,000000 0,000000
соблюдать 2,931194 0,001106
приехать 2,238047 0,000845
уехать 2,813411 0,001062
ниже 3,624341 0,002735
интернет 0,000000 0,000000
спустя 1,832581 0,002075
смотреть 2,066196 0,004678
энтузиазм 5,010635 0,001891
шесть 1,966113 0,002968
трудноразрешимый 5,010635 0,001891
брюки 5,010635 0,001891
обычно 3,218876 0,001215
ученический 5,010635 0,001891
оркестр 3,912023 0,002952
тревожный 3,064725 0,001157
взяться 2,813411 0,001062
вячеслав 3,401197 0,001283
пахать 5,010635 0,001891
цена 2,302585 0,002607
поле 3,064725 0,002313
посчастливиться 5,010635 0,001891
связать 2,066196 0,000780
знак 3,218876 0,001215
сложный 2,302585 0,000869
телёнок 5,010635 0,001891
положить 3,401197 0,002567
руководство 2,302585 0,001738
принцесса 3,624341 0,001368
щавель 5,010635 0,001891
работа 0,899761 0,001698
переставать 4,317488 0,001629
коллективизация 5,010635 0,001891
микояновский 5,010635 0,003782
долг 3,401197 0,001283
оставаться 1,875141 0,002123
вручить 3,912023 0,001476
театр 3,064725 0,002313
москвичка 5,010635 0,001891
налёт 3,624341 0,002735
пока 1,678431 0,000633
сеанс 5,010635 0,001891
налаживаться 5,010635 0,001891
период 2,014903 0,001521
защищать 3,624341 0,001368
должный 1,714798 0,001941
свинина 5,010635 0,001891
клуб 2,813411 0,001062
звучать 3,064725 0,001157
металлургический 5,010635 0,001891
украшение 4,317488 0,001629
центральный 3,064725 0,001157
старый 2,371578 0,001790
короткий 2,931194 0,001106
погнать 5,010635 0,001891
кроме 1,427116 0,002154
возвращаться 3,064725 0,002313
отопление 5,010635 0,003782
жительница 3,218876 0,006073
петличка 5,010635 0,001891
нижний 2,612740 0,002958
печь 5,010635 0,001891
весело 4,317488 0,001629
девчонка 3,912023 0,001476
подорожать 3,218876 0,001215
тайком 5,010635 0,001891
оба 2,445686 0,000923
положение 2,612740 0,000986
повезти 3,064725 0,001157
посуда 3,912023 0,001476
выпуститься 3,912023 0,001476
война 1,455287 0,020319
тётя 4,317488 0,001629
медсестра 4,317488 0,006517
рождаться 5,010635 0,003782
моряк 3,912023 0,002952
дёшево 5,010635 0,001891
бомбардировка 3,912023 0,001476
звать 3,401197 0,001283
брать 2,445686 0,000923
разделить 5,010635 0,001891
пограничный 3,624341 0,001368
снятой 3,218876 0,001215
культура 0,000000 0,000000
пропасть 1,966113 0,000742
свободный 3,912023 0,001476
забитый 5,010635 0,003782
серп 5,010635 0,001891
описывать 3,624341 0,001368
статья 0,000000 0,000000
существовать 2,445686 0,000923
больница 2,931194 0,001106
отовариваться 5,010635 0,001891
верить 3,218876 0,001215
перламутровый 5,010635 0,001891
кусочек 4,317488 0,003258
подвиг 3,624341 0,002735
отношение 1,226446 0,000463
санитарный 5,010635 0,001891
певец 2,813411 0,001062
неизвестный 3,064725 0,001157
ответить 1,832581 0,001383
учебник 5,010635 0,001891
мировой 1,752539 0,000661
демидовамосквичка 5,010635 0,001891
семилетний 4,317488 0,001629
грамм 5,010635 0,005672
бумага 4,317488 0,004888
полтора 3,218876 0,002429
многий 2,708050 0,002044
внутри 2,445686 0,000923
близкий 1,875141 0,002123
многие 1,714798 0,001941
получить 1,059392 0,000400
волга 3,912023 0,002952
язык 2,813411 0,001062
направить 2,612740 0,000986
тягота 4,317488 0,003258
переспать 5,010635 0,001891
зимой 3,912023 0,002952
фойе 5,010635 0,001891
солдатик 5,010635 0,001891
покупка 2,525729 0,000953
кожаный 3,401197 0,002567
мечтать 3,912023 0,001476
продавать 2,708050 0,001022
орден 3,912023 0,001476
сломить 5,010635 0,001891
следить 2,813411 0,001062
оккупировать 4,317488 0,003258
демидов 4,317488 0,004888
посещать 3,912023 0,001476
трибунал 5,010635 0,001891
выстраиваться 5,010635 0,001891
сделать 1,321756 0,000998
фактически 3,401197 0,001283
квартира 2,371578 0,002685
керосин 5,010635 0,001891
закрытый 2,612740 0,000986
танковый 4,317488 0,001629
парта 5,010635 0,001891
пиджак 4,317488 0,001629
тепло 3,912023 0,004429
будущее 2,066196 0,000780
жаться 5,010635 0,001891
карелия 5,010635 0,001891
год 0,521999 0,010637
кроватка 5,010635 0,003782
приходиться 2,931194 0,003318
мать 2,445686 0,000923
прерываться 5,010635 0,001891
счетовод 5,010635 0,001891
малыш 5,010635 0,003782
сено 5,010635 0,001891
боронить 5,010635 0,001891
глина 5,010635 0,001891
повседневный 3,624341 0,004103
поэтому 1,966113 0,002226
сахар 3,912023 0,002952
трамвай 5,010635 0,001891
съездить 5,010635 0,001891
приезжать 3,624341 0,001368
передовой 3,624341 0,001368
май 2,813411 0,003185
рио 5,010635 0,001891
приближать 3,912023 0,001476
прим 2,813411 0,001062
семь 2,708050 0,002044
вещь 2,445686 0,002769
растопить 5,010635 0,001891
опоздать 4,317488 0,003258
утомлённый 5,010635 0,001891
президиум 3,912023 0,001476
каблук 3,624341 0,001368
немногие 5,010635 0,001891
страна 0,747955 0,001693
вместо 2,708050 0,003066
жена 2,238047 0,001689
весна 3,912023 0,001476
пронзительный 5,010635 0,001891
просить 2,708050 0,001022
сразу 2,066196 0,001559
морковь 4,317488 0,003258
температура 3,624341 0,002735
такой 1,003302 0,002650
ощущение 5,010635 0,001891
вместе 1,514128 0,002285
рассказывать 2,302585 0,008689
грань 3,064725 0,001157
прожить 2,931194 0,001106
заставить 2,612740 0,000986
проехать 5,010635 0,001891
оклад 4,317488 0,001629
овощ 3,624341 0,001368
рука 2,066196 0,001559
галантерейный 5,010635 0,001891
собираться 2,931194 0,001106
проспать 5,010635 0,001891
алтайский 3,912023 0,001476
накануне 2,238047 0,001689
вздор 5,010635 0,001891
пест 5,010635 0,001891
капитуляция 5,010635 0,001891
март 0,040822 0,000031
широкий 2,813411 0,001062
военный 0,020203 0,000099
летний 0,047791 0,000036
алексеевмосквич 5,010635 0,001891
некий 3,912023 0,001476
рада 0,068993 0,000026
экономика 0,000000 0,000000
тот 1,427116 0,002693
глаз 2,066196 0,002339
бухгалтер 3,624341 0,002735
потрясный 5,010635 0,001891
гражданин 3,401197 0,008984
шинельный 5,010635 0,001891
барыня 5,010635 0,001891
десять 2,708050 0,001022
премия 3,218876 0,001215
крест 3,624341 0,001368
дарить 5,010635 0,001891
короб 5,010635 0,001891
солома 4,317488 0,001629
история 1,609438 0,001822
сосна 4,317488 0,001629
отливать 5,010635 0,001891
три 1,919593 0,001449
осудить 2,813411 0,001062
перо 5,010635 0,003782
хозяйка 4,317488 0,001629
вскоре 2,302585 0,000869
звезда 1,919593 0,000724
кровать 3,912023 0,001476
школа 2,525729 0,005719
хлеб 3,401197 0,006417
мусин 5,010635 0,001891
мощность 3,912023 0,001476
фрезеровщик 5,010635 0,001891
согласно 3,064725 0,001157
командир 2,813411 0,002123
бой 2,066196 0,001559
реальный 0,013423 0,000010
колбаса 4,317488 0,001629
семья 2,120264 0,001600
фабричный 4,317488 0,003258
тыловой 5,010635 0,003782
тысяча 0,054808 0,000083
предлагать 2,813411 0,001062
тревога 3,218876 0,003644
завязаться 5,010635 0,001891
трогательный 5,010635 0,001891
молодой 2,525729 0,002859
благодать 5,010635 0,001891
тропинка 5,010635 0,001891
светомаскировка 5,010635 0,009454
парка 3,912023 0,001476
голод 3,401197 0,005134
длинный 3,624341 0,001368
усталость 3,912023 0,001476
молотьба 5,010635 0,001891
сталкиваться 3,401197 0,001283
познакомиться 3,912023 0,001476
лыжа 5,010635 0,001891
наливать 5,010635 0,001891
ленинград 4,317488 0,014663
рита 4,317488 0,001629
условие 0,033902 0,000038
голос 3,218876 0,002429
герман 4,317488 0,001629
помогать 2,120264 0,001600
премьер 2,525729 0,000953
продажа 2,708050 0,001022
фильм 2,238047 0,005067
встреча 1,832581 0,002075
произносить 3,624341 0,001368
расписание 5,010635 0,001891
выпускать 3,218876 0,002429
господин 3,912023 0,001476
стоимость 2,238047 0,000845
достижение 2,302585 0,001738
печка 4,317488 0,003258
принять 1,678431 0,001267
нашуметь 5,010635 0,001891
немой 2,371578 0,000895
продаваться 3,912023 0,005905
зима 3,912023 0,001476
видеть 0,013423 0,000015
баянист 5,010635 0,001891
каникулы 4,317488 0,001629
перочинный 5,010635 0,001891
высокий 1,455287 0,001098
санаторий 3,912023 0,001476
продукт 2,120264 0,001600
грядка 4,317488 0,001629
чапаев 5,010635 0,001891
второй 1,643339 0,001240
почтальон 5,010635 0,001891
встречать 3,218876 0,001215
задумываться 5,010635 0,001891
сушить 5,010635 0,001891
специальный 2,525729 0,001906
увидеться 5,010635 0,001891
новый 0,000000 0,000000
образ 1,514128 0,000571
сукно 5,010635 0,001891
лампа 5,010635 0,001891
служить 3,401197 0,001283
вызов 3,912023 0,001476
рядовой 5,010635 0,005672
дедушка 4,317488 0,001629
происходить 1,752539 0,000661
дружить 4,317488 0,001629
сварить 3,912023 0,001476
население 2,525729 0,001906
наказывать 3,624341 0,001368
успех 2,238047 0,000845
добро 0,013423 0,000015
селезнёв 5,010635 0,001891
бесплатный 3,912023 0,001476
берлин 4,317488 0,003258
пойти 2,120264 0,004000
тяжкий 5,010635 0,001891
четверо 3,912023 0,001476
открытый 2,371578 0,000895
гвардейский 3,912023 0,001476
знакомство 4,317488 0,001629
продвигаться 3,912023 0,001476
помощь 0,027029 0,000010
мысль 3,064725 0,001157
спасать 2,612740 0,000986
александр 1,373049 0,001036
вокзал 3,912023 0,001476
аллергия 3,624341 0,001368
секретарь 2,708050 0,002044
б 5,010635 0,001891
цыганочка 5,010635 0,001891
варить 3,912023 0,001476
з 5,010635 0,001891
москвич 3,912023 0,001476
й 2,612740 0,000986
живой 2,525729 0,000953
добиться 2,813411 0,001062
к 3,064725 0,001157
подружка 5,010635 0,001891
показывать 2,931194 0,001106
м 2,066196 0,002339
вплоть 3,624341 0,001368
поезд 4,317488 0,004888
применять 4,317488 0,001629
лекарство 2,931194 0,001106
определить 2,612740 0,000986
течение 1,966113 0,000742
гимнастёрка 5,010635 0,001891
земля 1,919593 0,001449
бросить 3,218876 0,001215
уделять 3,624341 0,001368
мелкобуржуазный 5,010635 0,001891
футбол 3,912023 0,001476
обращаться 3,401197 0,001283
мир 0,000000 0,000000
обеспечить 3,218876 0,001215
качать 3,401197 0,001283
структура 0,000000 0,000000
русский 1,919593 0,002173
репортаж 3,912023 0,001476
тонкий 3,401197 0,001283
бояться 2,120264 0,000800
поколотить 5,010635 0,003782
мотовилихо 5,010635 0,001891
патефон 5,010635 0,007563
бывший 0,000000 0,000000
похоронка 5,010635 0,003782
небольшой 2,177422 0,000822
боец 1,875141 0,001415
время 0,693147 0,004185
конец 1,643339 0,001860
уснуть 5,010635 0,001891
нуль 4,317488 0,001629
забыть 2,708050 0,001022
денежный 3,401197 0,001283
милый 5,010635 0,003782
явиться 3,912023 0,001476
ооо 0,000000 0,000000
обед 3,624341 0,002735
бутылка 3,624341 0,001368
соцсеть 2,708050 0,001022
прислать 2,302585 0,000869
новгород 3,064725 0,001157
вдох 4,317488 0,001629
тарзан 5,010635 0,001891
отменить 2,525729 0,001906
красноярский 2,931194 0,001106
причём 2,708050 0,002044
начальник 2,238047 0,001689
составлять 2,302585 0,001738
резко 2,371578 0,000895
фронт 2,708050 0,012263
гузаиров 5,010635 0,001891
бабушкин 5,010635 0,001891
магазинчик 5,010635 0,001891
пьяный 3,218876 0,001215
чай 3,912023 0,001476
город 0,047791 0,000144
разведчик 5,010635 0,001891
подать 2,813411 0,001062
оставлять 3,064725 0,001157
носить 2,813411 0,002123
мода 3,218876 0,001215
комедия 3,624341 0,004103
погибнуть 2,612740 0,000986
час 1,455287 0,002197
метр 2,931194 0,001106
отпраздновать 3,912023 0,001476
восемь 3,064725 0,001157
написать 1,966113 0,001484
ленинградец 4,317488 0,001629
галерея 0,000000 0,000000
серенада 5,010635 0,001891
прийтись 2,120264 0,000800
начаться 0,033902 0,000026
петлица 5,010635 0,001891
осока 5,010635 0,001891
зарубежный 2,371578 0,000895
греть 5,010635 0,001891
выступить 2,238047 0,000845
требовать 2,813411 0,001062
увидеть 1,752539 0,001323
победить 2,525729 0,000953
осуждаться 5,010635 0,001891
кричать 5,010635 0,001891
требоваться 3,064725 0,002313
редкий 2,371578 0,000895
освещение 4,317488 0,001629
порядок 2,066196 0,000780
телега 5,010635 0,001891
утёс 5,010635 0,001891
инженер 5,010635 0,003782
ирина 4,317488 0,001629
голодный 4,317488 0,001629
репрессия 3,912023 0,001476
лозунг 5,010635 0,001891
равно 2,931194 0,001106
вспоминать 3,064725 0,010409
генерал 3,218876 0,001215
купить 2,931194 0,004424
ёлка 5,010635 0,003782
оценка 2,931194 0,001106
пережить 2,302585 0,000869
падать 3,624341 0,002735
революция 3,401197 0,001283
редакциярекламаконтактыпресс 0,000000 0,000000
сельский 5,010635 0,003782
родный 2,931194 0,001106
дежурить 4,317488 0,001629
видео 0,000000 0,000000
посреди 5,010635 0,001891
танцплощадка 5,010635 0,003782
привезти 5,010635 0,001891
мусиновый 5,010635 0,001891
северих 5,010635 0,001891
семеро 4,317488 0,001629
долина 4,317488 0,001629
булочка 5,010635 0,005672
солдат 2,371578 0,001790
чесаться 5,010635 0,001891
грязь 5,010635 0,001891
шляпа 3,912023 0,001476
лишь 2,238047 0,000845
невольно 5,010635 0,001891
крыша 3,912023 0,001476
московский 2,014903 0,001521
зажать 5,010635 0,001891
галина 5,010635 0,009454
кстати 3,401197 0,002567
мой 2,371578 0,003580
момент 1,399717 0,001056
танцевать 3,401197 0,005134
биться 4,317488 0,001629
обсудить 0,415515 0,000157
помимо 2,813411 0,001062
любимый 2,371578 0,001790
осознать 3,624341 0,001368
окошко 5,010635 0,003782
потерять 2,238047 0,000845
выше 3,064725 0,002313
вдвое 4,317488 0,001629
накрест 5,010635 0,001891
среда 0,000000 0,000000
тыл 3,064725 0,005783
кожа 3,218876 0,001215
уборка 4,317488 0,001629
делать 1,752539 0,000661
зарисовка 5,010635 0,001891
засидеться 5,010635 0,001891
домаша 5,010635 0,001891
остаться 0,047791 0,000072
среди 1,714798 0,000647
боеприпас 3,218876 0,001215
градус 3,401197 0,002567
актриса 3,912023 0,001476
девушка 2,238047 0,006756
сшить 5,010635 0,001891
эксклюзив 0,000000 0,000000
послать 3,064725 0,001157
случиться 2,612740 0,000986
москва 1,021651 0,002313
дочь 3,401197 0,001283
ликовать 5,010635 0,001891
подойти 2,813411 0,001062
зерно 4,317488 0,004888
любо 5,010635 0,003782
локтевой 5,010635 0,001891
анатолий 3,218876 0,001215
испечь 5,010635 0,001891
особенно 2,302585 0,003476
большой 1,714798 0,000647
башмачник 5,010635 0,001891
далее 2,708050 0,001022
зато 2,931194 0,001106
покидать 3,624341 0,001368
танец 3,064725 0,006939
мечта 4,317488 0,001629
сравнение 3,912023 0,002952
забить 4,317488 0,001629
хотеть 0,013423 0,000005
красотка 5,010635 0,001891
возить 5,010635 0,001891
ираида 5,010635 0,003782
высыпать 5,010635 0,001891
стать 0,499776 0,002075
работать 0,027029 0,000173
отличный 2,708050 0,001022
бык 5,010635 0,003782
нежный 5,010635 0,003782
отбить 3,624341 0,001368
тридцатый 5,010635 0,001891
десятка 2,302585 0,000869
топливный 5,010635 0,001891
выручать 5,010635 0,001891
это 0,020203 0,000069
массовый 2,066196 0,000780
поддерживать 2,612740 0,001972
авианалёт 5,010635 0,001891
большинство 2,371578 0,001790
пальто 4,317488 0,001629
прикорнуть 5,010635 0,001891
фарфор 4,317488 0,001629
сирена 5,010635 0,001891
смена 2,708050 0,002044
два 0,033902 0,000026
новость 0,000000 0,000000
рядом 2,813411 0,001062
восстанавливаться 4,317488 0,001629
горожанин 3,624341 0,001368
математика 5,010635 0,001891
тетрадь 5,010635 0,005672
украшать 5,010635 0,001891
мануфактура 4,317488 0,001629
плакать 4,317488 0,001629
михаил 2,445686 0,007383
общеобразовательный 5,010635 0,001891
кинотеатр 5,010635 0,005672
брат 2,525729 0,001906
лёнька 5,010635 0,001891
войти 0,000000 0,000000
тапочки 5,010635 0,001891
ночью 3,218876 0,001215
брак 3,624341 0,001368
ладонь 5,010635 0,001891
героический 4,317488 0,001629
мясокомбинат 5,010635 0,003782
измениться 2,177422 0,001643
машиностроительный 5,010635 0,001891
возраст 2,708050 0,002044
любовь 2,371578 0,003580
судьба 2,708050 0,001022
лишение 3,912023 0,001476
танго 5,010635 0,003782
память 3,064725 0,002313
радио 3,912023 0,002952
считать 1,373049 0,001036
харитонов 5,010635 0,001891
выключить 5,010635 0,001891
благодарность 5,010635 0,001891
особый 2,708050 0,001022
рубль 1,514128 0,006285
чин 5,010635 0,001891
принадлежать 2,931194 0,001106
трудиться 5,010635 0,005672
забытый 4,317488 0,001629
вино 3,624341 0,001368
сочинять 5,010635 0,001891
германия 2,066196 0,000780
заключить 2,177422 0,000822
прятаться 3,624341 0,002735
соседка 5,010635 0,005672
литр 3,912023 0,002952
играть 2,708050 0,005110
бритва 5,010635 0,001891
обычный 0,013423 0,000030
ждать 1,714798 0,000647
программа 2,371578 0,000895
лучина 5,010635 0,003782
пожениться 4,317488 0,001629
крепдешиновый 5,010635 0,001891
соль 3,401197 0,001283
совинфомбюро 5,010635 0,001891
сталин 3,624341 0,002735
поставлять 3,912023 0,001476
сурово 5,010635 0,001891
офицер 2,708050 0,002044
сибирский 5,010635 0,001891
ночь 2,525729 0,001906
выращивать 4,317488 0,001629
первый 0,883501 0,003667
техника 0,000000 0,000000
воспоминание 3,912023 0,007381
лист 5,010635 0,001891
корпус 3,912023 0,001476
дед 3,624341 0,001368
пять 1,484275 0,002240
мушкетёр 5,010635 0,005672
дзержинец 5,010635 0,001891
колхоз 5,010635 0,005672
раздаваться 4,317488 0,001629
птица 3,624341 0,001368
вопрос 1,021651 0,000386
игра 0,000000 0,000000
немало 3,912023 0,001476
поскольку 2,238047 0,000845
произвести 4,317488 0,001629
вспомнить 2,813411 0,001062
неотоварить 5,010635 0,001891
крючков 5,010635 0,001891
вылететь 4,317488 0,001629
сортировать 3,624341 0,001368
купон 4,317488 0,008146
имя 1,875141 0,000708
старший 2,445686 0,001846
свёкла 4,317488 0,003258
ставить 3,401197 0,003850
развалиться 3,912023 0,001476
военкомат 3,624341 0,001368
молодёжь 3,218876 0,001215
больший 1,373049 0,001554
вентиляция 4,317488 0,001629
кто 2,066196 0,001559
волков 5,010635 0,001891
сократиться 3,218876 0,001215
песок 2,931194 0,001106
абросимов 5,010635 0,001891
пользователь 2,371578 0,000895
мамин 5,010635 0,001891
продавец 3,401197 0,002567
фотокарточка 5,010635 0,003782
пора 2,177422 0,003287
самый 0,883501 0,002667
пропадать 4,317488 0,001629
смех 5,010635 0,001891
калинин 4,317488 0,004888
материал 0,000000 0,000000
минус 3,401197 0,001283
публика 3,218876 0,001215
карандаш 3,912023 0,002952
земницкий 5,010635 0,001891
спектакль 3,912023 0,001476
лента 0,000000 0,000000
носочек 5,010635 0,001891
крестьянин 4,317488 0,004888
будить 5,010635 0,001891
незадолго 3,912023 0,001476
искусствовед 5,010635 0,001891
ромб 5,010635 0,003782
реалия 4,317488 0,003258
карточка 5,010635 0,015126
учитель 3,624341 0,001368
сад 3,912023 0,001476
известь 5,010635 0,001891
отечественный 2,445686 0,011075
безбожный 5,010635 0,001891
мгновение 5,010635 0,001891
месяц 1,714798 0,003883
мочь 0,836248 0,001578
сам 1,226446 0,000463
борьба 2,014903 0,000760
вскопать 5,010635 0,001891
выдаться 5,010635 0,001891
сердце 2,813411 0,002123
разбивать 4,317488 0,001629
ивановский 5,010635 0,001891
увеличиться 3,064725 0,001157
жанр 3,912023 0,001476
кировский 5,010635 0,001891
цирк 3,912023 0,002952
разнообразный 4,317488 0,001629
нехитрый 5,010635 0,001891
женский 2,238047 0,001689
посёлок 3,912023 0,001476
германиза 5,010635 0,003782
одеяло 4,317488 0,001629
жительство 5,010635 0,001891
небо 2,525729 0,000953
выращивание 5,010635 0,001891
занятой 3,912023 0,001476
применение 0,000000 0,000000
старинка 5,010635 0,001891
дать 1,272966 0,000961
призвать 1,791759 0,000676
непреходящий 4,317488 0,001629
долгожданный 3,912023 0,001476
снег 2,931194 0,002212
потушить 4,317488 0,001629
счастие 3,912023 0,001476
выходной 3,624341 0,002735
минимальный 3,624341 0,001368
стремление 3,064725 0,001157
век 1,919593 0,001449
смочь 1,399717 0,000528
сквер 5,010635 0,001891
зарплата 2,708050 0,002044
будни 3,624341 0,001368
душа 3,401197 0,001283
мешок 5,010635 0,003782
вес 3,218876 0,001215
парень 3,064725 0,001157
ценность 0,000000 0,000000
известно 1,297063 0,000979
парадный 5,010635 0,001891
вернуться 0,006689 0,000013
блокадный 5,010635 0,005672
диафильм 5,010635 0,001891
очередь 2,014903 0,003041
солнечный 3,218876 0,001215
меньшов 5,010635 0,003782
жало 5,010635 0,001891
узнать 2,014903 0,002281
россия 0,000000 0,000000
устинов 5,010635 0,001891
го 2,302585 0,000869
перестать 3,064725 0,001157
простой 2,238047 0,000845
химический 5,010635 0,001891
сдать 3,218876 0,002429
ягодка 5,010635 0,003782
пятилетка 5,010635 0,001891
горячий 4,317488 0,004888
станок 4,317488 0,001629
сестра 3,624341 0,002735
треугольник 5,010635 0,001891
пайка 5,010635 0,001891
свой 0,020203 0,000061
огород 4,317488 0,001629
нужда 4,317488 0,004888
деревушка 5,010635 0,001891
палата 2,931194 0,001106
всякий 3,401197 0,001283
свинарка 5,010635 0,001891
узенький 5,010635 0,001891
госпиталь 4,317488 0,001629
труженик 5,010635 0,001891
мелодия 5,010635 0,001891
тагил 5,010635 0,003782
пара 2,813411 0,002123
объём 3,218876 0,001215
потерянный 3,912023 0,001476
кубик 5,010635 0,001891
американский 0,054808 0,000021
великий 2,238047 0,009290
помнить 3,624341 0,002735
останавливаться 4,317488 0,001629
торжественный 5,010635 0,001891
другой 1,059392 0,001199
прифронтовой 5,010635 0,001891
ржаной 5,010635 0,001891
алсу 5,010635 0,001891
косоворотка 5,010635 0,001891
прийти 2,014903 0,000760
тяжело 2,931194 0,002212
трофейный 5,010635 0,001891
утро 3,064725 0,003470
давать 1,875141 0,002830
рабочий 2,708050 0,007153
комсомолец 4,317488 0,001629
отдать 2,813411 0,002123
кино 3,064725 0,003470
освещаться 5,010635 0,001891
морковка 5,010635 0,001891
обниматься 5,010635 0,001891
сухой 4,317488 0,001629
штурман 5,010635 0,001891
праздник 2,813411 0,002123
учебный 4,317488 0,001629
число 1,226446 0,000926
отрасль 2,931194 0,001106
отапливаться 5,010635 0,001891
сей 2,177422 0,001643
кружевной 5,010635 0,001891
багдадский 5,010635 0,001891
лошадь 5,010635 0,001891
гилев 5,010635 0,001891
вид 1,514128 0,000571
ребёнок 1,919593 0,007244
недоношенный 4,317488 0,001629
орудие 3,912023 0,001476
барак 4,317488 0,003258
ударный 3,912023 0,001476
аншлаг 5,010635 0,001891
волшебный 3,624341 0,001368
доход 2,445686 0,000923
захмелеть 5,010635 0,003782
попасть 1,678431 0,001267
мыло 3,624341 0,002735
портретный 5,010635 0,001891
что 2,708050 0,001022
светлый 4,317488 0,001629
мобилизация 2,813411 0,001062
урок 3,912023 0,004429
керосиновый 5,010635 0,001891
удовольствие 3,912023 0,001476
форма 0,061875 0,000047
нажать 0,000000 0,000000
дом 0,061875 0,000210
билетик 5,010635 0,001891
полковник 3,218876 0,001215
вкп 5,010635 0,001891
хлопчатобумажный 5,010635 0,001891
трехгорный 5,010635 0,001891
лакомство 5,010635 0,001891
бесплатно 3,912023 0,001476
сажи 5,010635 0,003782
шоколад 3,912023 0,001476
несмотря 2,120264 0,000800
гобелен 5,010635 0,003782
коллега 1,791759 0,000676
советский 1,752539 0,006613
справляться 3,064725 0,001157
перебросить 5,010635 0,001891
поддержать 2,177422 0,000822
уминать 5,010635 0,001891
табак 5,010635 0,001891
гражданский 3,064725 0,003470
смелый 3,912023 0,001476
промышленность 3,401197 0,001283
из 3,401197 0,001283
бомба 3,218876 0,001215
дореволюционный 5,010635 0,001891
шкала 5,010635 0,003782
засадить 5,010635 0,001891
большевичка 5,010635 0,001891
ходить 2,120264 0,007201
бомбёжка 5,010635 0,007563
наш 1,347074 0,002542
красота 3,624341 0,001368
темп 3,912023 0,001476
пшеничный 5,010635 0,001891
пасти 4,317488 0,001629
настоящий 2,445686 0,001846
школьник 3,912023 0,002952
закат 4,317488 0,001629
кепка 4,317488 0,001629
напоминать 3,401197 0,001283
домой 2,612740 0,003944
план 1,875141 0,001415
заклеить 4,317488 0,001629
доллар 2,708050 0,001022
строка 4,317488 0,001629
райком 5,010635 0,001891
товарищ 3,624341 0,001368
оказаться 1,249435 0,001886
вскочить 5,010635 0,001891
угостить 5,010635 0,001891
машенька 5,010635 0,001891
дискуссия 3,912023 0,001476
коридор 3,218876 0,001215
предложение 1,919593 0,000724
погон 5,010635 0,001891
около 1,678431 0,000633
спасть 2,931194 0,004424
ловить 3,624341 0,001368
въезжать 5,010635 0,001891
использованияполитик 0,000000 0,000000
эвелина 5,010635 0,001891
съесть 2,525729 0,000953
заметить 2,120264 0,000800
кировчанка 5,010635 0,001891
заниматься 2,302585 0,000869
музыкальный 4,317488 0,004888
трясти 3,912023 0,001476
деактивировать 0,013423 0,000005
предупредить 2,302585 0,000869
извозчик 5,010635 0,001891
мизерный 5,010635 0,001891
гробница 3,401197 0,001283
рекомендательный 0,000000 0,000000
белый 1,609438 0,000607
электростанция 3,401197 0,001283
противник 2,525729 0,000953
нарком 5,010635 0,001891
механический 5,010635 0,001891
дневник 3,624341 0,002735
иосиф 3,401197 0,001283
райисполком 5,010635 0,001891
стоять 3,064725 0,002313
двор 4,317488 0,003258
машина 1,875141 0,000708
тьма 5,010635 0,003782
ручка 4,317488 0,003258
собирать 3,401197 0,001283
вперёд 2,931194 0,001106
забота 0,000000 0,000000
индустриализация 5,010635 0,001891
октябрь 2,612740 0,001972
пожаловать 0,013423 0,000005
верховный 2,708050 0,001022
закрываться 3,912023 0,001476
навоз 5,010635 0,001891
младший 3,401197 0,001283
решить 1,791759 0,000676
который 0,521999 0,002364
постоянный 2,371578 0,001790
николай 3,624341 0,002735
опускаться 5,010635 0,001891
очерк 4,317488 0,001629
серьёзность 5,010635 0,001891
награда 3,624341 0,002735
блокада 4,317488 0,001629
гитлер 3,912023 0,001476
например 1,791759 0,002705
огородник 5,010635 0,001891
кя 5,010635 0,001891
следующий 2,612740 0,001972
несмел 5,010635 0,001891
карточный 5,010635 0,001891
победа 0,000000 0,000000
молотов 5,010635 0,001891
фара 5,010635 0,001891
учиться 2,708050 0,008175
угодник 5,010635 0,001891
прибыть 0,083382 0,000031
теплоцентраль 5,010635 0,001891
хозяйственный 4,317488 0,001629
вор 3,624341 0,002735
политический 3,401197 0,001283
страх 2,238047 0,000845
елена 4,317488 0,013034
загадка 3,624341 0,001368
фонарь 5,010635 0,003782
акт 5,010635 0,001891
добывание 5,010635 0,001891
масштаб 3,218876 0,001215
роман 2,813411 0,002123
иждивенец 5,010635 0,003782
попасться 3,218876 0,001215
случай 1,484275 0,001120
сми 0,000000 0,000000
продуктовый 4,317488 0,003258
отплясывать 5,010635 0,003782
радость 3,401197 0,002567
понять 2,177422 0,000822
жить 1,643339 0,001860
жилец 0,068993 0,000026
союз 1,966113 0,002226
воротник 5,010635 0,001891
несколько 1,226446 0,000463
папироса 3,912023 0,001476
вой 5,010635 0,001891
сдавать 3,401197 0,002567
вол 5,010635 0,001891
исправительный 5,010635 0,001891
обувной 5,010635 0,001891
свет 0,054808 0,000062
начало 1,399717 0,001056
место 0,027029 0,000031
государство 1,919593 0,002173
дух 2,612740 0,000986
путёвка 5,010635 0,001891
обиход 5,010635 0,003782
опоздание 5,010635 0,001891
география 4,317488 0,001629
действительно 2,612740 0,000986
анна 3,912023 0,001476
комната 3,218876 0,002429
опечатка 0,000000 0,000000
самостоятельно 3,218876 0,001215
каждый 1,576648 0,001785
фабрика 3,624341 0,006838
погрузить 4,317488 0,001629
фанера 5,010635 0,001891
модный 3,624341 0,001368
маленький 1,791759 0,004057
писать 1,752539 0,004629
педагогический 5,010635 0,001891
привычный 5,010635 0,001891
служащий 3,624341 0,002735
незнание 4,317488 0,001629
совершить 2,371578 0,000895
категория 3,064725 0,001157
ежесекундный 5,010635 0,001891
прилично 5,010635 0,001891
подписать 2,708050 0,001022
составить 2,813411 0,001062
радоваться 3,912023 0,001476
называться 3,624341 0,001368
ткачиха 5,010635 0,001891
корн 5,010635 0,001891
разруха 3,912023 0,001476
мужчина 1,576648 0,003570
сдержать 2,813411 0,001062
крупа 5,010635 0,001891
подходящий 3,912023 0,001476
шпиономания 5,010635 0,001891
открыться 3,912023 0,001476
лагерь 3,912023 0,001476
похабный 5,010635 0,001891
трофей 5,010635 0,001891
невозможно 2,708050 0,001022
воздушный 3,624341 0,002735
внимание 1,966113 0,000742
индийский 3,401197 0,001283
гореть 4,317488 0,001629
объявить 2,120264 0,000800
отключать 5,010635 0,001891
пресса 3,401197 0,001283
завершиться 3,218876 0,001215
круп 4,317488 0,001629
переписываться 5,010635 0,001891
правда 0,040822 0,000031
молоко 5,010635 0,003782
колхозник 5,010635 0,001891
занимать 2,813411 0,001062
зажигательный 5,010635 0,001891
орлов 5,010635 0,001891
отпуск 4,317488 0,003258
ввести 2,120264 0,001600
миледи 5,010635 0,001891
одежда 2,445686 0,002769
безысходный 5,010635 0,001891
очень 1,347074 0,004067
землянка 5,010635 0,001891
володя 5,010635 0,003782
миллион 1,347074 0,002033
предприятие 3,064725 0,002313
наука 0,000000 0,000000
парашютный 5,010635 0,001891
похлёбка 4,317488 0,003258
занятие 3,401197 0,001283
уходить 2,813411 0,001062
книга 2,708050 0,005110
