ру 0,000000 0,000000
банк 0,068993 0,000205
лента 0,000000 0,000000
противодействовать 5,010635 0,014868
новый 0,000000 0,000000
день 0,033902 0,000101
оборона 2,302585 0,006833
перемирие 0,076161 0,000226
газета 2,302585 0,006833
спорт 0,000000 0,000000
поразить 3,912023 0,011608
франция 2,931194 0,008698
отвести 0,076161 0,000226
добро 0,013423 0,000119
согласие 0,047791 0,000142
вероятно 2,813411 0,008348
путешествие 0,000000 0,000000
четыре 0,040822 0,000121
удар 1,455287 0,017273
всенаукать 3,064725 0,009094
конфликт 0,061875 0,000184
конфиденциальностиправить 0,000000 0,000000
пол 0,090654 0,000269
помощь 0,027029 0,000080
декабрь 1,966113 0,005834
вода 0,054808 0,000163
отмечаться 2,177422 0,006461
усиливаться 3,912023 0,011608
фото 0,061875 0,000367
политика 0,040822 0,000121
применение 0,000000 0,000000
иностранный 1,919593 0,005696
гиперзвуковой 4,317488 0,012812
оружие 2,120264 0,018875
запас 3,064725 0,009094
отдел 0,579818 0,001721
ценность 0,000000 0,000000
сила 1,321756 0,007844
мир 0,000000 0,000000
вернуться 0,006689 0,000020
запад 1,919593 0,011392
индия 0,076161 0,000226
структура 0,000000 0,000000
российский 0,033902 0,000503
итальянский 3,624341 0,010755
цель 1,875141 0,011128
зрк 5,010635 0,029737
обитание 0,000000 0,000000
бывший 0,000000 0,000000
время 0,693147 0,002057
регулярный 2,931194 0,008698
непригодный 5,010635 0,014868
россиикосмосоружиеисторияздоровьебудущеетехникагаджетыигрысофт 3,064725 0,009094
россия 0,000000 0,000000
интернет 0,000000 0,000000
кинжал 4,317488 0,012812
маккартень 0,097980 0,000291
ооо 0,000000 0,000000
свой 0,020203 0,000060
ранее 1,003302 0,002977
проблема 0,047791 0,000284
гид 0,076161 0,000226
технологийминь 0,000000 0,000000
украина 0,805943 0,021524
город 0,047791 0,000142
публикация 3,064725 0,009094
италия 3,064725 0,009094
американский 0,054808 0,000163
напомнить 2,445686 0,007257
галерея 0,000000 0,000000
внешность 0,097980 0,000291
планомерно 5,010635 0,014868
сотрудник 0,068993 0,000205
территория 1,609438 0,004776
начаться 0,033902 0,000101
зеленский 0,054808 0,000325
уничтожение 3,401197 0,010093
силовой 0,000000 0,000000
пляжный 0,097980 0,000291
эмоция 0,047791 0,000142
сеть 0,090654 0,000269
высокоточный 5,010635 0,014868
вооружённый 1,678431 0,009961
выражать 0,047791 0,000284
дрон 1,832581 0,005438
система 1,643339 0,024382
читать 0,040822 0,000121
исчерпание 5,010635 0,014868
военнослужащий 0,068993 0,000205
накапливать 0,047791 0,000142
говориться 2,931194 0,008698
объясняться 5,010635 0,014868
кроме 1,427116 0,004235
оценивать 0,047791 0,000142
байконур 0,097980 0,000291
редакциярекламаконтактыпресс 0,000000 0,000000
видео 0,000000 0,000000
ракетный 3,218876 0,009552
мера 2,445686 0,007257
депутат 0,068993 0,000205
прогресс 0,090654 0,000269
зенитный 4,317488 0,025623
пво 3,401197 0,100926
форма 0,061875 0,000184
нажать 0,000000 0,000000
последний 0,083382 0,000247
дом 0,061875 0,000184
невозможность 4,317488 0,012812
культура 0,000000 0,000000
обсудить 0,415515 0,001233
архив 0,000000 0,000000
зависеть 2,813411 0,008348
несмотря 2,120264 0,006292
статья 0,000000 0,000000
заявить 0,061875 0,000184
сша 0,040822 0,000121
перехватывать 5,010635 0,014868
деградировать 5,010635 0,029737
бонус 0,047791 0,000284
недостаток 3,064725 0,009094
способный 2,612740 0,007753
среда 0,000000 0,000000
раскрытие 0,076161 0,000226
групповой 3,624341 0,010755
редактор 0,556288 0,001651
остаться 0,047791 0,000142
батарея 3,912023 0,011608
западный 2,014903 0,005979
ракета 2,813411 0,033394
близкий 1,875141 0,005564
эксклюзив 0,000000 0,000000
уволить 0,076161 0,000226
скидка 0,047791 0,000142
план 1,875141 0,005564
тема 1,297063 0,003849
передать 1,966113 0,005834
погружаться 0,047791 0,000142
увлекательный 0,047791 0,000142
использованияполитик 0,000000 0,000000
назначить 2,708050 0,008036
большой 1,714798 0,005088
нанести 2,813411 0,008348
деактивировать 0,013423 0,000040
рекомендательный 0,000000 0,000000
поставить 2,238047 0,006641
тасс 2,371578 0,021112
переговоры 0,047791 0,000142
получать 0,033902 0,000101
хотеть 0,013423 0,000040
обратиться 0,076161 0,000226
эффективность 3,401197 0,010093
забота 0,000000 0,000000
даниил 5,010635 0,014868
сбер 0,040822 0,000121
пожаловать 0,013423 0,000040
стать 0,499776 0,001483
трамп 0,054808 0,000163
работать 0,027029 0,000080
который 0,521999 0,001549
крупный 0,054808 0,000325
спецпроект 0,000000 0,000000
это 0,020203 0,000120
победа 0,000000 0,000000
украинский 0,047791 0,000425
привести 1,427116 0,004235
белоус 0,076161 0,000226
уничтожать 3,912023 0,011608
два 0,033902 0,000302
прибыть 0,083382 0,000247
рассказать 0,985284 0,005847
новость 0,000000 0,000000
туристка 0,076161 0,000226
мотор 0,000000 0,000000
сми 0,000000 0,000000
акция 0,047791 0,000142
наслать 0,000000 0,000000
вместе 1,514128 0,004493
квазибаллистический 5,010635 0,014868
жизнь 0,000000 0,000000
рассказывать 2,302585 0,006833
жилец 0,068993 0,000205
предречь 0,076161 0,000452
жать 0,013423 0,000040
войти 0,000000 0,000000
место 0,027029 0,000080
свет 0,054808 0,000163
регион 0,076161 0,000226
мс 0,097980 0,000291
март 0,040822 0,000485
военный 0,020203 0,000180
летний 0,047791 0,000142
рада 0,068993 0,000205
экономика 0,000000 0,000000
комплекс 3,401197 0,040370
уход 0,076161 0,000226
опечатка 0,000000 0,000000
хороший 0,006689 0,000020
спор 0,097980 0,000291
писать 1,752539 0,005200
вызвать 0,090654 0,000269
киев 1,714798 0,005088
обычный 0,013423 0,000040
стингер 5,010635 0,014868
конфиденциальность 0,047791 0,000142
количество 1,576648 0,004678
искандер 3,624341 0,010755
финансовый 2,813411 0,008348
поставлять 3,912023 0,011608
изнасиловать 0,076161 0,000226
продолжать 0,033902 0,000101
реальный 0,013423 0,000040
деградация 3,401197 0,030278
техника 0,000000 0,000000
ссср 0,000000 0,000000
тысяча 0,054808 0,000163
всу 1,373049 0,004074
затопить 0,076161 0,000226
иринина 5,010635 0,014868
игра 0,000000 0,000000
обменивать 0,047791 0,000142
минь 0,000000 0,000000
низкий 2,813411 0,008348
алексей 1,875141 0,005564
условие 0,033902 0,000201
ваш 0,047791 0,000142
главное 0,000000 0,000000
противовоздушный 5,010635 0,014868
медитация 0,076161 0,000226
правда 0,040822 0,000121
коновалов 5,010635 0,014868
видеть 0,013423 0,000040
использование 2,813411 0,008348
реакция 0,047791 0,000284
материал 0,000000 0,000000
наука 0,000000 0,000000
какой 1,203973 0,007145
сюжетработа 5,010635 0,014868
быть 1,399717 0,004153
