иванко 4,317488 0,013367
ру 0,000000 0,000000
рф 1,514128 0,009375
банк 0,068993 0,000214
лента 0,000000 0,000000
терять 2,931194 0,009075
новый 0,000000 0,000000
день 0,033902 0,000105
образ 1,514128 0,009375
поведение 2,813411 0,008710
перемирие 0,076161 0,000236
роль 1,714798 0,005309
спорт 0,000000 0,000000
абзац 5,010635 0,015513
отечественный 2,445686 0,007572
иностранец 3,218876 0,009966
отвести 0,076161 0,000236
обозначить 3,218876 0,009966
добро 0,013423 0,000125
согласие 0,047791 0,000148
центр 1,752539 0,005426
путешествие 0,000000 0,000000
галантный 5,010635 0,015513
четыре 0,040822 0,000126
общественник 5,010635 0,015513
конфликт 0,061875 0,000192
встретить 2,612740 0,016178
конфиденциальностиправить 0,000000 0,000000
пол 0,090654 0,000281
помощь 0,027029 0,000084
вода 0,054808 0,000170
министерство 2,813411 0,008710
отмечаться 2,177422 0,006741
насмотреться 5,010635 0,015513
фото 0,061875 0,000383
политика 0,040822 0,000126
связь 1,714798 0,005309
применение 0,000000 0,000000
опера 4,317488 0,013367
коммерсантъ 2,708050 0,008384
женщина 1,484275 0,004595
показ 3,912023 0,012112
ценность 0,000000 0,000000
мир 0,000000 0,000000
вернуться 0,006689 0,000021
снижение 2,612740 0,008089
спикер 3,624341 0,011221
индия 0,076161 0,000236
структура 0,000000 0,000000
российский 0,033902 0,000315
рождаемость 5,010635 0,015513
пропаганда 4,317488 0,013367
необходимо 2,120264 0,006564
ямана 5,010635 0,031026
обитание 0,000000 0,000000
бывший 0,000000 0,000000
ильдар 5,010635 0,015513
россия 0,000000 0,000000
интернет 0,000000 0,000000
эль 5,010635 0,015513
маккартень 0,097980 0,000303
ооо 0,000000 0,000000
просьба 3,218876 0,009966
карлтон 5,010635 0,015513
свой 0,020203 0,000125
сильный 1,678431 0,005196
ранее 1,003302 0,003106
главный 1,272966 0,003941
проблема 0,047791 0,000148
турецкий 2,931194 0,054449
потребовать 2,445686 0,022715
гид 0,076161 0,000236
технологийминь 0,000000 0,000000
город 0,047791 0,000148
игорь 3,064725 0,009488
американский 0,054808 0,000170
галерея 0,000000 0,000000
внешность 0,097980 0,000303
особенность 2,813411 0,008710
неудачник 5,010635 0,015513
сотрудник 0,068993 0,000214
начаться 0,033902 0,000105
зеленский 0,054808 0,000339
зарубежный 2,371578 0,007342
алкоголик 4,317488 0,013367
силовой 0,000000 0,000000
презентация 4,317488 0,013367
демография 5,010635 0,015513
пляжный 0,097980 0,000303
эмоция 0,047791 0,000148
сеть 0,090654 0,000281
запретить 2,066196 0,025588
себя 2,014903 0,006238
выражать 0,047791 0,000296
читать 0,040822 0,000126
военнослужащий 0,068993 0,000214
накапливать 0,047791 0,000148
оценивать 0,047791 0,000148
кавалер 5,010635 0,015513
байконур 0,097980 0,000303
редакциярекламаконтактыпресс 0,000000 0,000000
иметь 1,832581 0,005674
председатель 2,302585 0,007129
кинопродукция 5,010635 0,015513
видео 0,000000 0,000000
освобождаться 5,010635 0,015513
депутат 0,068993 0,000214
прогресс 0,090654 0,000281
резяпов 5,010635 0,031026
форма 0,061875 0,000192
нажать 0,000000 0,000000
ожидать 2,445686 0,007572
последний 0,083382 0,000258
дом 0,061875 0,000192
разрушение 3,912023 0,012112
ссылка 2,931194 0,009075
негативно 5,010635 0,015513
культура 0,000000 0,000000
мыльный 5,010635 0,015513
обсудить 0,415515 0,001286
архив 0,000000 0,000000
статья 0,000000 0,000000
заявить 0,061875 0,000383
сша 0,040822 0,000126
бонус 0,047791 0,000296
среда 0,000000 0,000000
раскрытие 0,076161 0,000236
роскомнадзор 4,317488 0,013367
наш 1,347074 0,004171
деспот 5,010635 0,015513
ольга 3,624341 0,011221
дама 3,912023 0,012112
остаться 0,047791 0,000148
эксклюзив 0,000000 0,000000
уволить 0,076161 0,000236
коровин 4,317488 0,013367
скидка 0,047791 0,000148
москва 1,021651 0,003163
государственный 2,525729 0,007820
сформировать 3,064725 0,009488
погружаться 0,047791 0,000148
увлекательный 0,047791 0,000148
использованияполитик 0,000000 0,000000
влиять 2,525729 0,007820
деактивировать 0,013423 0,000042
рекомендательный 0,000000 0,000000
фанат 3,218876 0,009966
переговоры 0,047791 0,000148
получать 0,033902 0,000105
окружить 3,624341 0,011221
движение 2,708050 0,016768
хотеть 0,013423 0,000042
обратиться 0,076161 0,000472
забота 0,000000 0,000000
сбер 0,040822 0,000126
пожаловать 0,013423 0,000042
интерес 2,525729 0,007820
трамп 0,054808 0,000170
работать 0,027029 0,000084
нереалистичный 5,010635 0,031026
который 0,521999 0,001616
крупный 0,054808 0,000339
спецпроект 0,000000 0,000000
это 0,020203 0,000188
победа 0,000000 0,000000
украинский 0,047791 0,000148
слово 0,820981 0,002542
белоус 0,076161 0,000236
прибыть 0,083382 0,000516
два 0,033902 0,000210
ветеран 3,401197 0,021060
новость 0,000000 0,000000
туристка 0,076161 0,000236
мотор 0,000000 0,000000
сми 0,000000 0,000000
зрительница 4,317488 0,013367
акция 0,047791 0,000148
наслать 0,000000 0,000000
такой 1,003302 0,003106
жизнь 0,000000 0,000000
жилец 0,068993 0,000214
актёр 2,445686 0,007572
создание 2,120264 0,006564
прилететь 4,317488 0,013367
законодательный 5,010635 0,015513
предречь 0,076161 0,000472
жать 0,013423 0,000042
войти 0,000000 0,000000
место 0,027029 0,000084
свет 0,054808 0,000170
сериал 2,445686 0,060574
регион 0,076161 0,000236
мс 0,097980 0,000303
март 0,040822 0,000126
военный 0,020203 0,000063
включать 3,064725 0,009488
летний 0,047791 0,000148
рада 0,068993 0,000214
экономика 0,000000 0,000000
уход 0,076161 0,000236
опечатка 0,000000 0,000000
хороший 0,006689 0,000021
спор 0,097980 0,000303
добавить 1,966113 0,006087
турко 5,010635 0,015513
вызвать 0,090654 0,000281
обычный 0,013423 0,000042
затем 1,875141 0,005805
столица 2,813411 0,008710
конфиденциальность 0,047791 0,000148
соль 3,401197 0,010530
хлеб 3,401197 0,010530
уровень 1,643339 0,005088
дума 3,912023 0,012112
изнасиловать 0,076161 0,000236
продолжать 0,033902 0,000105
реальный 0,013423 0,000042
ссср 0,000000 0,000000
техника 0,000000 0,000000
мужчина 1,576648 0,009763
семья 2,120264 0,006564
тысяча 0,054808 0,000170
ритц 5,010635 0,015513
всекиносериалымузыкакнигиискусствотеатрфотография 3,401197 0,010530
институт 3,912023 0,012112
артист 2,931194 0,009075
понятие 3,218876 0,009966
исполнить 4,317488 0,013367
затопить 0,076161 0,000236
игра 0,000000 0,000000
обменивать 0,047791 0,000148
минь 0,000000 0,000000
условие 0,033902 0,000210
ваш 0,047791 0,000148
главное 0,000000 0,000000
мнение 1,643339 0,005088
медитация 0,076161 0,000236
правда 0,040822 0,000126
поклонница 5,010635 0,015513
отель 2,931194 0,009075
деструктивный 5,010635 0,015513
влечь 5,010635 0,015513
резяп 5,010635 0,015513
ввести 2,120264 0,006564
видеть 0,013423 0,000042
сообщать 1,791759 0,005547
реакция 0,047791 0,000296
джан 5,010635 0,015513
материал 0,000000 0,000000
наука 0,000000 0,000000
изображаться 5,010635 0,015513
общественный 3,624341 0,011221
