леонид 3,064725 0,001638
ру 0,000000 0,000000
банк 0,068993 0,000074
день 0,033902 0,000399
хватать 2,931194 0,001567
оборона 2,302585 0,001231
найти 1,678431 0,004485
пароход 5,010635 0,002678
газета 2,302585 0,003692
балтийский 5,010635 0,002678
вокруг 2,525729 0,002700
центр 1,752539 0,000937
путешествие 0,000000 0,000000
смущать 3,624341 0,001937
скудный 4,317488 0,002308
долго 2,612740 0,002793
йорк 3,912023 0,002091
призывник 4,317488 0,002308
аджубить 5,010635 0,002678
килограмм 3,401197 0,003636
декабрь 1,966113 0,001051
студентка 4,317488 0,002308
вода 0,054808 0,000352
человек 0,762140 0,002444
немного 2,813411 0,003007
фото 0,061875 0,000231
отказаться 1,832581 0,000979
связь 1,714798 0,002750
внезапно 3,624341 0,001937
разговор 1,160488 0,000620
студент 2,931194 0,001567
горький 4,317488 0,002308
область 1,272966 0,000680
разгар 3,912023 0,002091
знакомый 2,612740 0,001396
запас 3,064725 0,004914
родина 2,813411 0,006015
подниматься 3,912023 0,004182
суп 2,708050 0,001447
училище 3,624341 0,003874
весь 1,078810 0,001730
озеров 5,010635 0,002678
пройти 1,427116 0,001526
успеть 2,525729 0,001350
швырять 5,010635 0,005356
ящик 3,912023 0,002091
весьма 3,064725 0,001638
перемениться 5,010635 0,002678
бритьё 4,317488 0,002308
опытный 2,813411 0,001504
драка 3,064725 0,001638
кормить 4,317488 0,002308
слишком 2,371578 0,001268
быстро 2,813411 0,003007
называть 1,791759 0,000958
поверить 3,624341 0,003874
акула 4,317488 0,002308
данный 2,445686 0,002614
сильный 1,678431 0,002691
подарок 3,218876 0,003441
проблема 0,047791 0,000026
ситуация 1,484275 0,000793
главный 1,272966 0,000680
причал 5,010635 0,002678
также 0,762140 0,000407
отрезать 3,064725 0,001638
появиться 1,373049 0,001468
технологийминь 0,000000 0,000000
паника 3,064725 0,003276
снизиться 3,912023 0,002091
дмитрий 2,238047 0,001196
завербовать 5,010635 0,002678
легко 2,813411 0,001504
гудеть 5,010635 0,002678
окунев 5,010635 0,002678
корабль 2,931194 0,012533
пытаться 1,347074 0,002160
соблазниться 5,010635 0,002678
начать 1,139434 0,001827
силовой 0,000000 0,000000
лётчик 2,931194 0,001567
обжиг 5,010635 0,002678
семинар 5,010635 0,002678
прикупить 5,010635 0,002678
кремль 2,177422 0,001164
однако 1,249435 0,002003
предназначить 5,010635 0,005356
коммерческий 3,401197 0,001818
завод 3,218876 0,003441
сколько 2,525729 0,001350
посоветовать 2,612740 0,001396
надеяться 2,931194 0,003133
открываться 3,064725 0,001638
постепенно 3,624341 0,001937
один 0,836248 0,005363
кучер 5,010635 0,002678
нормальный 4,317488 0,002308
иметь 1,832581 0,002938
председатель 2,302585 0,001231
молодец 5,010635 0,002678
совет 1,714798 0,000917
бутерброд 5,010635 0,002678
пример 2,371578 0,001268
чп 4,317488 0,002308
выясниться 2,371578 0,001268
хотеться 3,624341 0,001937
часть 1,484275 0,000793
выход 2,120264 0,001133
ремешок 5,010635 0,002678
последний 0,083382 0,000178
трус 3,401197 0,001818
едва 2,177422 0,001164
минута 2,177422 0,001164
вовсе 3,401197 0,001818
журналист 1,966113 0,001051
срочный 3,401197 0,001818
судный 5,010635 0,005356
архив 0,000000 0,000000
деликатес 5,010635 0,002678
швартовочный 5,010635 0,002678
сша 0,040822 0,000109
избежать 2,813411 0,003007
процесс 2,302585 0,001231
брить 5,010635 0,002678
национальность 4,317488 0,002308
заменить 2,931194 0,001567
опасаться 3,064725 0,001638
хлипкий 5,010635 0,002678
говорить 1,160488 0,003101
береговой 4,317488 0,002308
обнаружение 5,010635 0,002678
видимый 5,010635 0,002678
уйти 2,014903 0,001077
ракета 2,813411 0,001504
номер 2,931194 0,003133
качество 1,832581 0,001959
авиация 2,612740 0,001396
виноватый 3,912023 0,002091
патрулирование 4,317488 0,002308
вели 3,401197 0,001818
столько 2,525729 0,002700
клавиша 5,010635 0,002678
становиться 2,525729 0,004050
врач 2,066196 0,001104
официально 2,931194 0,001567
скала 3,912023 0,004182
перетереть 5,010635 0,002678
команда 1,919593 0,004104
зиганшин 5,010635 0,050883
необдуманный 4,317488 0,002308
враг 3,064725 0,001638
назначить 2,708050 0,001447
признание 3,912023 0,002091
случайность 5,010635 0,002678
сигнал 3,912023 0,004182
известие 4,317488 0,002308
страшно 3,401197 0,003636
секунда 2,931194 0,003133
палуба 5,010635 0,005356
почесть 5,010635 0,002678
труднодоступный 5,010635 0,002678
закалённый 4,317488 0,002308
солнце 3,624341 0,001937
кончиться 4,317488 0,004615
подготовка 2,302585 0,001231
сын 2,120264 0,001133
японский 5,010635 0,002678
прямо 2,525729 0,001350
устроить 2,014903 0,002154
нужно 1,791759 0,001915
рефрижератор 5,010635 0,002678
швартовый 5,010635 0,002678
картина 3,064725 0,001638
группа 1,514128 0,001619
спецпроект 0,000000 0,000000
обойти 2,813411 0,001504
галактион 5,010635 0,002678
слово 0,820981 0,000439
еда 2,931194 0,003133
американец 3,401197 0,010907
механик 5,010635 0,005356
газ 3,401197 0,001818
мотор 0,000000 0,000000
тонуть 4,317488 0,002308
начинаться 2,931194 0,001567
взять 2,371578 0,001268
наслать 0,000000 0,000000
терпеть 3,624341 0,003874
обучиться 4,317488 0,002308
иметься 2,931194 0,001567
катастрофа 2,525729 0,001350
баржа 3,624341 0,056176
суша 5,010635 0,005356
жизнь 0,000000 0,000000
звание 2,813411 0,003007
удивляться 5,010635 0,002678
экспедиция 3,624341 0,001937
менять 2,813411 0,001504
капля 5,010635 0,002678
жать 0,013423 0,000007
гармоника 5,010635 0,002678
трое 2,931194 0,001567
занятый 3,401197 0,001818
идеологический 5,010635 0,002678
счесть 3,401197 0,005454
охлаждение 3,624341 0,001937
почему 0,899761 0,000481
быстрый 2,708050 0,001447
хороший 0,006689 0,000004
ломаться 5,010635 0,002678
столь 3,624341 0,001937
испортить 3,218876 0,001720
совершать 2,931194 0,001567
красный 2,120264 0,001133
отключить 1,514128 0,000809
рассчитать 4,317488 0,004615
уносить 5,010635 0,002678
дурной 4,317488 0,002308
почувствовать 3,064725 0,001638
старшина 5,010635 0,010712
власть 1,609438 0,000860
подарить 2,931194 0,001567
патриотический 5,010635 0,002678
ребята 2,931194 0,003133
назад 1,678431 0,003588
спрашивать 3,624341 0,001937
жених 5,010635 0,002678
двигатель 3,912023 0,004182
обвинить 2,931194 0,001567
масса 2,931194 0,001567
ссср 0,000000 0,000000
состояние 2,238047 0,001196
норма 3,064725 0,001638
франциско 5,010635 0,005356
слышаться 5,010635 0,002678
институт 3,912023 0,002091
идти 1,297063 0,001386
дневный 2,612740 0,001396
исполнить 4,317488 0,002308
галлюцинация 3,912023 0,002091
никто 2,014903 0,002154
показаться 2,931194 0,001567
великодушие 5,010635 0,002678
минь 0,000000 0,000000
против 1,791759 0,000958
общество 2,177422 0,001164
так 4,317488 0,023076
главное 0,000000 0,000000
голова 3,401197 0,003636
возникнуть 2,525729 0,001350
четвёрка 4,317488 0,013845
срочно 3,401197 0,001818
повысить 3,401197 0,001818
рубашка 3,912023 0,002091
судостроение 5,010635 0,002678
наградить 4,317488 0,002308
бак 5,010635 0,002678
столкнуться 2,177422 0,001164
позволять 2,177422 0,001164
пробыть 5,010635 0,002678
счастливый 4,317488 0,002308
куин 5,010635 0,002678
умудриться 5,010635 0,002678
нынешний 3,064725 0,001638
пластинка 3,912023 0,002091
прославиться 3,624341 0,001937
стаканчик 5,010635 0,002678
отмечать 1,966113 0,002102
океан 3,064725 0,018018
выброситься 5,010635 0,002678
приготовить 3,624341 0,001937
посольство 3,624341 0,003874
присвоить 4,317488 0,002308
вести 2,014903 0,001077
есть 3,401197 0,003636
пахнуть 5,010635 0,002678
собеседник 3,218876 0,001720
преподаватель 5,010635 0,002678
спорт 0,000000 0,000000
намазывать 5,010635 0,002678
атмосфера 3,401197 0,001818
франция 2,931194 0,001567
выполнять 2,708050 0,001447
попадать 2,708050 0,001447
этот 1,427116 0,001526
четыре 0,040822 0,000065
друг 1,791759 0,005746
далёкий 2,525729 0,002700
плохо 3,401197 0,001818
конфиденциальностиправить 0,000000 0,000000
проявлять 4,317488 0,002308
сохранить 2,302585 0,001231
лектор 5,010635 0,002678
намекать 3,912023 0,002091
ложка 3,912023 0,002091
шутить 3,624341 0,001937
тяжёлый 1,791759 0,000958
бесполезно 5,010635 0,002678
прописать 3,912023 0,002091
курсант 4,317488 0,002308
демьян 5,010635 0,002678
сравнивать 4,317488 0,002308
дождевой 5,010635 0,002678
поплавский 5,010635 0,029459
согласный 3,912023 0,002091
усеять 4,317488 0,002308
камень 4,317488 0,004615
поселить 5,010635 0,002678
картофель 3,401197 0,001818
шутка 2,813411 0,003007
рубеж 3,064725 0,001638
салага 5,010635 0,002678
отдел 0,579818 0,000310
траулер 5,010635 0,002678
раз 2,371578 0,001268
сомневаться 3,912023 0,002091
суточный 4,317488 0,002308
волна 2,302585 0,004923
картошка 3,912023 0,002091
солидол 5,010635 0,002678
буржуйка 4,317488 0,002308
исход 3,624341 0,001937
борода 4,317488 0,002308
обитание 0,000000 0,000000
чудо 4,317488 0,002308
чувствовать 2,445686 0,001307
интернет 0,000000 0,000000
выточить 5,010635 0,002678
спустя 1,832581 0,000979
сутки 2,445686 0,001307
смотреть 2,066196 0,001104
нью 3,624341 0,001937
аккуратно 3,401197 0,001818
обычно 3,218876 0,001720
оркестр 3,912023 0,002091
воспитание 5,010635 0,002678
вытащить 3,912023 0,002091
заверение 4,317488 0,002308
назвать 1,021651 0,000546
пребывание 3,624341 0,001937
раздарить 5,010635 0,002678
записать 2,708050 0,002895
связать 2,066196 0,001104
откровение 5,010635 0,002678
жевать 5,010635 0,002678
штат 2,708050 0,001447
приключение 5,010635 0,002678
представитель 1,678431 0,000897
зря 4,317488 0,002308
оставаться 1,875141 0,001002
вручить 3,912023 0,002091
амур 4,317488 0,002308
развозить 5,010635 0,002678
налёт 3,624341 0,001937
швартовка 5,010635 0,002678
пока 1,678431 0,003588
посол 3,624341 0,001937
период 2,014903 0,001077
военнослужащий 0,068993 0,000037
знать 1,576648 0,001685
маршрут 3,912023 0,002091
стойкий 5,010635 0,002678
говориться 2,931194 0,001567
решето 4,317488 0,002308
сообщение 2,445686 0,001307
короткий 2,931194 0,001567
бороться 2,525729 0,002700
возвращаться 3,064725 0,001638
происшествие 2,813411 0,001504
лёгкий 2,612740 0,001396
подавать 4,317488 0,002308
доставить 2,177422 0,001164
горючий 5,010635 0,002678
километр 3,064725 0,003276
кодекс 3,912023 0,002091
снять 2,177422 0,001164
длительный 3,218876 0,003441
стильный 3,624341 0,001937
война 1,455287 0,000778
цепь 4,317488 0,002308
отравиться 5,010635 0,002678
дизель 5,010635 0,002678
моряк 3,912023 0,012545
звать 3,401197 0,001818
попрощаться 3,912023 0,002091
культура 0,000000 0,000000
пропасть 1,966113 0,001051
поначалу 3,912023 0,002091
корыто 5,010635 0,002678
преодолеть 3,064725 0,001638
поведать 5,010635 0,002678
безрезультатно 5,010635 0,002678
никита 2,931194 0,001567
солдатский 5,010635 0,002678
федот 5,010635 0,024102
набор 2,708050 0,001447
описывать 3,624341 0,001937
статья 0,000000 0,000000
соответственно 3,064725 0,001638
судёнышко 5,010635 0,005356
кружочек 5,010635 0,002678
пустота 5,010635 0,002678
повод 2,708050 0,001447
кусочек 4,317488 0,002308
чудесный 5,010635 0,002678
подвиг 3,624341 0,007748
отношение 1,226446 0,000656
ограничение 2,813411 0,001504
десятидневный 5,010635 0,002678
рыболовный 5,010635 0,002678
ленинский 4,317488 0,002308
повредиться 5,010635 0,002678
заглохнуть 5,010635 0,002678
хрущёв 5,010635 0,002678
редактор 0,556288 0,000297
полтора 3,218876 0,003441
разгрузка 5,010635 0,002678
близкий 1,875141 0,001002
получить 1,059392 0,000566
многие 1,714798 0,000917
направить 2,612740 0,001396
ведро 4,317488 0,002308
пилот 2,708050 0,001447
кожаный 3,401197 0,001818
зимовка 4,317488 0,002308
орден 3,912023 0,004182
фактор 2,931194 0,001567
устраивать 3,064725 0,001638
имущество 3,624341 0,001937
сделать 1,321756 0,000706
топливо 3,912023 0,004182
риа 1,272966 0,002721
послевоенный 4,317488 0,002308
диета 3,912023 0,002091
бедствие 4,317488 0,006923
заместитель 3,064725 0,001638
сгорать 4,317488 0,002308
год 0,521999 0,003069
мазут 5,010635 0,002678
приходиться 2,931194 0,001567
министр 2,302585 0,002461
поступок 5,010635 0,002678
штормовой 5,010635 0,002678
гармонь 5,010635 0,002678
мать 2,445686 0,001307
стараться 2,813411 0,004511
крохотный 5,010635 0,002678
укрыться 4,317488 0,002308
потеря 2,014903 0,001077
человеческий 3,401197 0,001818
вывод 2,708050 0,001447
поэтому 1,966113 0,004203
расход 3,912023 0,002091
вносить 4,317488 0,002308
расстояние 4,317488 0,004615
подобрать 3,912023 0,002091
вещь 2,445686 0,001307
критический 3,401197 0,001818
денисов 5,010635 0,008034
президиум 3,912023 0,002091
валентина 3,912023 0,002091
текущий 2,525729 0,001350
впасть 3,912023 0,002091
инструмент 3,401197 0,001818
сразу 2,066196 0,003313
температура 3,624341 0,001937
создать 2,120264 0,001133
такой 1,003302 0,003754
плюс 3,218876 0,003441
руководитель 2,445686 0,001307
угарный 5,010635 0,002678
проработать 3,064725 0,001638
вместе 1,514128 0,002428
ровно 3,401197 0,001818
рассказывать 2,302585 0,001231
прожить 2,931194 0,001567
казарма 5,010635 0,002678
черноморский 3,912023 0,002091
отправить 2,066196 0,001104
рука 2,066196 0,001104
многонациональный 5,010635 0,002678
пытать 3,624341 0,001937
дрейфовать 4,317488 0,016153
проходить 2,445686 0,002614
печать 5,010635 0,002678
март 0,040822 0,000109
благодаря 2,238047 0,001196
смутиться 5,010635 0,002678
военный 0,020203 0,000022
судовой 5,010635 0,002678
экономика 0,000000 0,000000
трюм 5,010635 0,002678
впредь 5,010635 0,002678
состав 2,445686 0,001307
тот 1,427116 0,006865
сержант 5,010635 0,002678
миска 5,010635 0,002678
гсм 5,010635 0,002678
залив 5,010635 0,013390
судоходство 5,010635 0,005356
отказываться 3,218876 0,001720
история 1,609438 0,005161
обломок 3,624341 0,001937
вскоре 2,302585 0,003692
звезда 1,919593 0,001026
солярка 5,010635 0,002678
школа 2,525729 0,001350
хлеб 3,401197 0,003636
холодный 4,317488 0,002308
бог 4,317488 0,004615
командир 2,813411 0,001504
реальный 0,013423 0,000007
семья 2,120264 0,002266
тысяча 0,054808 0,000029
предлагать 2,813411 0,001504
общаться 3,064725 0,001638
карманный 4,317488 0,002308
желудок 3,912023 0,004182
молодой 2,525729 0,001350
голод 3,401197 0,001818
усталость 3,912023 0,002091
слагать 5,010635 0,002678
холод 3,624341 0,001937
пшено 5,010635 0,002678
алексей 1,875141 0,001002
голос 3,218876 0,001720
кпсс 3,912023 0,002091
условие 0,033902 0,000018
приодеться 5,010635 0,002678
встреча 1,832581 0,000979
фильм 2,238047 0,001196
спустить 2,931194 0,001567
осмотреть 5,010635 0,002678
думать 1,791759 0,004788
уверение 5,010635 0,002678
упасти 5,010635 0,002678
печка 4,317488 0,002308
занять 2,813411 0,001504
баня 4,317488 0,002308
постоянно 2,525729 0,001350
зима 3,912023 0,002091
переводить 5,010635 0,002678
видеть 0,013423 0,000022
гармошка 5,010635 0,005356
жёсткий 2,931194 0,003133
высокий 1,455287 0,001556
пробоина 5,010635 0,005356
живучесть 5,010635 0,005356
нервный 3,912023 0,002091
второе 3,624341 0,001937
продукт 2,120264 0,002266
мех 5,010635 0,002678
встречать 3,218876 0,001720
стая 5,010635 0,002678
кампания 3,624341 0,001937
буханка 4,317488 0,004615
приводить 2,931194 0,001567
специальный 2,525729 0,002700
убежище 3,912023 0,002091
кгб 3,401197 0,001818
новый 0,000000 0,000000
пригнать 5,010635 0,002678
стройбат 5,010635 0,002678
служить 3,401197 0,005454
пояс 4,317488 0,002308
диспут 5,010635 0,005356
липкина 5,010635 0,008034
пребывать 3,912023 0,002091
сварить 3,912023 0,002091
добро 0,013423 0,000022
пить 3,912023 0,004182
менее 2,014903 0,001077
касаться 2,445686 0,001307
четверо 3,912023 0,014636
открытый 2,371578 0,003803
предложить 2,177422 0,001164
нести 2,525729 0,001350
сапог 4,317488 0,004615
мысль 3,064725 0,003276
украинец 2,525729 0,001350
ледяной 5,010635 0,002678
варить 3,912023 0,002091
й 2,612740 0,001396
живой 2,525729 0,005400
показывать 2,931194 0,003133
м 2,066196 0,004417
шумный 4,317488 0,002308
течение 1,966113 0,001051
договориться 2,525729 0,001350
высыпаться 4,317488 0,002308
они 2,302585 0,003692
самолёт 2,302585 0,004923
выдержать 4,317488 0,002308
бросить 3,218876 0,001720
оно 2,445686 0,003921
вертолёт 3,401197 0,003636
ветер 3,912023 0,012545
сила 1,321756 0,002119
мир 0,000000 0,000000
обеспечить 3,218876 0,001720
искать 2,302585 0,003692
унести 3,401197 0,001818
обмануть 2,931194 0,001567
структура 0,000000 0,000000
утонуть 5,010635 0,002678
срыв 3,624341 0,001937
захлёстывать 5,010635 0,002678
репортаж 3,912023 0,002091
русский 1,919593 0,001026
бояться 2,120264 0,002266
неуправляемый 3,401197 0,007271
асхат 5,010635 0,016068
бывший 0,000000 0,000000
небольшой 2,177422 0,002328
планировать 2,612740 0,001396
время 0,693147 0,002593
конец 1,643339 0,001757
нуль 4,317488 0,002308
забыть 2,708050 0,002895
телеграмма 4,317488 0,002308
кругом 5,010635 0,002678
глотать 5,010635 0,005356
ооо 0,000000 0,000000
черпать 5,010635 0,002678
пробовать 2,931194 0,001567
провокация 2,302585 0,001231
причём 2,708050 0,002895
присоединиться 4,317488 0,002308
составлять 2,302585 0,001231
флот 3,401197 0,005454
отвлекать 3,912023 0,002091
подать 2,813411 0,001504
оставлять 3,064725 0,001638
обсуждать 2,177422 0,001164
честно 3,401197 0,001818
носить 2,813411 0,001504
час 1,455287 0,002333
метр 2,931194 0,001567
написать 1,966113 0,001051
галерея 0,000000 0,000000
прийтись 2,120264 0,003400
зубной 5,010635 0,002678
ленинградский 4,317488 0,002308
северный 2,371578 0,001268
начаться 0,033902 0,000018
горох 5,010635 0,002678
выступить 2,238047 0,002392
увидеть 1,752539 0,000937
показать 1,484275 0,000793
переживать 2,708050 0,001447
доставаться 5,010635 0,002678
древесный 5,010635 0,002678
кузница 5,010635 0,005356
судить 2,813411 0,001504
передумать 5,010635 0,002678
требоваться 3,064725 0,001638
подняться 3,912023 0,002091
межконтинентальный 5,010635 0,002678
обменяться 3,401197 0,001818
выбросить 3,912023 0,004182
вождение 5,010635 0,002678
помыться 5,010635 0,002678
авианосец 5,010635 0,013390
вспоминать 3,064725 0,004914
съедать 4,317488 0,002308
генерал 3,218876 0,001720
купить 2,931194 0,001567
беседовать 3,912023 0,002091
родиться 3,064725 0,001638
признавать 2,708050 0,002895
самоходный 4,317488 0,006923
пережить 2,302585 0,001231
цвета 4,317488 0,002308
редакциярекламаконтактыпресс 0,000000 0,000000
обязательно 3,624341 0,001937
смаковать 5,010635 0,002678
родный 2,931194 0,001567
видео 0,000000 0,000000
поутихнуть 5,010635 0,002678
социалистический 4,317488 0,002308
перенести 3,218876 0,001720
плавание 4,317488 0,002308
хронология 3,912023 0,002091
сильно 2,445686 0,002614
солдат 2,371578 0,035491
замечать 3,912023 0,002091
потрясти 4,317488 0,002308
шляпа 3,912023 0,002091
лишь 2,238047 0,001196
кстати 3,401197 0,001818
мол 5,010635 0,008034
момент 1,399717 0,001496
обхватывать 5,010635 0,002678
заметка 5,010635 0,002678
голиков 5,010635 0,002678
потерять 2,238047 0,001196
запустить 2,302585 0,001231
карта 2,014903 0,001077
вдвое 4,317488 0,002308
среда 0,000000 0,000000
кожа 3,218876 0,003441
хан 5,010635 0,002678
делать 1,752539 0,001873
неисправный 4,317488 0,002308
разгрузить 5,010635 0,002678
испытание 3,218876 0,003441
подобный 2,120264 0,001133
остаться 0,047791 0,000255
полагаться 5,010635 0,002678
допрос 4,317488 0,002308
эксклюзив 0,000000 0,000000
послать 3,064725 0,003276
перепачкаться 5,010635 0,002678
похожий 2,371578 0,002535
случиться 2,612740 0,001396
выносить 5,010635 0,002678
чиновник 2,931194 0,001567
маневрировать 5,010635 0,002678
москва 1,021651 0,000546
подойти 2,813411 0,001504
удивительно 4,317488 0,002308
базироваться 5,010635 0,002678
превышать 3,218876 0,001720
анатолий 3,218876 0,008602
заваливать 5,010635 0,002678
добавлять 3,624341 0,001937
доставлять 5,010635 0,002678
деньга 1,875141 0,002004
особенно 2,302585 0,001231
обнаружиться 4,317488 0,002308
лицо 1,966113 0,001051
сослуживец 5,010635 0,002678
большой 1,714798 0,001833
дрейф 5,010635 0,010712
зато 2,931194 0,001567
изначально 3,064725 0,001638
признаться 3,401197 0,001818
возвращение 2,014903 0,001077
крик 3,912023 0,002091
танкер 5,010635 0,002678
гидрографический 5,010635 0,002678
выхаживать 5,010635 0,002678
разбиться 4,317488 0,002308
хотеть 0,013423 0,000036
фокус 4,317488 0,002308
половина 2,177422 0,001164
ключ 5,010635 0,002678
стать 0,499776 0,000801
голодание 5,010635 0,002678
работать 0,027029 0,000043
возможно 2,813411 0,001504
отчаяние 4,317488 0,002308
обуться 5,010635 0,002678
вызывать 2,708050 0,001447
провести 1,514128 0,001619
понести 5,010635 0,002678
это 0,020203 0,000130
равный 3,624341 0,001937
заверять 4,317488 0,002308
резиденция 4,317488 0,002308
стиляга 5,010635 0,002678
пальто 4,317488 0,002308
вкус 3,912023 0,002091
искренне 4,317488 0,002308
бортовый 5,010635 0,002678
два 0,033902 0,000018
новость 0,000000 0,000000
рядом 2,813411 0,001504
справиться 2,708050 0,001447
михаил 2,445686 0,001307
спасательный 5,010635 0,002678
щепка 5,010635 0,005356
гвоздь 5,010635 0,002678
награждать 4,317488 0,002308
баллистический 5,010635 0,002678
войти 0,000000 0,000000
ссора 3,064725 0,001638
держать 3,624341 0,001937
пачка 3,912023 0,002091
коробка 5,010635 0,002678
героический 4,317488 0,002308
приспособить 5,010635 0,002678
обледенеть 5,010635 0,002678
питьевой 4,317488 0,002308
угнать 5,010635 0,002678
судьба 2,708050 0,001447
почёт 5,010635 0,002678
память 3,064725 0,001638
пригласить 3,912023 0,002091
остров 3,064725 0,003276
считать 1,373049 0,001468
воздействие 3,401197 0,001818
восток 2,177422 0,001164
нечто 3,912023 0,002091
рубка 5,010635 0,005356
забрести 5,010635 0,002678
направо 4,317488 0,002308
моторист 4,317488 0,002308
фрагмент 4,317488 0,002308
обычный 0,013423 0,000007
затем 1,875141 0,001002
жир 4,317488 0,004615
отозваться 3,912023 0,002091
продержаться 4,317488 0,004615
первый 0,883501 0,001417
техника 0,000000 0,000000
настроение 3,064725 0,001638
дед 3,624341 0,001937
планироваться 3,912023 0,002091
вопрос 1,021651 0,000546
мягкий 4,317488 0,004615
игра 0,000000 0,000000
немало 3,912023 0,002091
поскольку 2,238047 0,001196
песня 3,401197 0,003636
компания 1,714798 0,000917
меньшиков 5,010635 0,002678
переворачиваться 4,317488 0,002308
пятилитровый 5,010635 0,002678
имя 1,875141 0,002004
печальный 5,010635 0,002678
больший 1,373049 0,000734
увезти 5,010635 0,002678
поджигать 5,010635 0,002678
дальнейший 2,813411 0,001504
событие 1,919593 0,003078
пора 2,177422 0,004655
самый 0,883501 0,000944
филиппинец 5,010635 0,002678
материал 0,000000 0,000000
выбирать 3,218876 0,001720
слава 3,218876 0,001720
закончиться 2,612740 0,002793
снести 4,317488 0,002308
оторвать 5,010635 0,002678
мимо 4,317488 0,004615
лента 0,000000 0,000000
неудобный 5,010635 0,002678
лубянка 5,010635 0,002678
незадолго 3,912023 0,002091
экипаж 3,218876 0,003441
старослужащий 5,010635 0,002678
мореходство 5,010635 0,002678
район 2,120264 0,002266
учитель 3,624341 0,001937
мочь 0,836248 0,000894
месяц 1,714798 0,001833
сам 1,226446 0,002622
благодарить 4,317488 0,002308
борьба 2,014903 0,001077
сан 5,010635 0,005356
запись 3,401197 0,001818
ржавый 5,010635 0,002678
наверху 5,010635 0,002678
неудачный 5,010635 0,002678
превратить 3,912023 0,002091
стрижка 3,912023 0,002091
вообще 2,813411 0,001504
пресекать 5,010635 0,002678
крючковский 5,010635 0,034815
рация 5,010635 0,002678
удаться 1,678431 0,001794
летальный 3,912023 0,002091
характер 3,624341 0,005811
применение 0,000000 0,000000
индонезиец 5,010635 0,002678
снег 2,931194 0,001567
смочь 1,399717 0,002992
поддаться 3,912023 0,002091
зарплата 2,708050 0,001447
вплотную 5,010635 0,002678
признать 1,484275 0,000793
парень 3,064725 0,004914
ценность 0,000000 0,000000
несомненный 5,010635 0,002678
вернуться 0,006689 0,000004
жалеть 2,813411 0,001504
погибший 3,912023 0,004182
штормить 5,010635 0,005356
опухнуть 5,010635 0,002678
трактор 4,317488 0,002308
приказать 3,912023 0,002091
спасатель 3,624341 0,001937
просто 1,678431 0,005382
бидон 5,010635 0,002678
россия 0,000000 0,000000
втроём 4,317488 0,002308
го 2,302585 0,002461
скорость 2,708050 0,001447
срываться 4,317488 0,002308
хватить 3,912023 0,004182
свой 0,020203 0,000032
свиной 5,010635 0,002678
всякий 3,401197 0,001818
груз 5,010635 0,002678
январь 1,514128 0,001619
выстрелить 3,912023 0,002091
рацион 3,624341 0,001937
кружить 5,010635 0,002678
пара 2,813411 0,001504
журнал 3,401197 0,003636
судно 4,317488 0,023076
яхта 5,010635 0,002678
торговый 3,912023 0,002091
восхищаться 5,010635 0,002678
правитель 4,317488 0,002308
американский 0,054808 0,000176
кирза 5,010635 0,002678
другой 1,059392 0,002831
рыба 2,931194 0,001567
категорически 4,317488 0,002308
раскисать 5,010635 0,002678
давать 1,875141 0,003007
полёт 2,931194 0,001567
скорее 2,708050 0,001447
сплошной 5,010635 0,002678
всерьёз 3,912023 0,002091
воинский 3,624341 0,001937
мореходный 5,010635 0,005356
филипп 2,931194 0,012533
ход 1,678431 0,000897
трижды 5,010635 0,002678
выдать 2,612740 0,002793
объяснять 2,525729 0,001350
тушёнка 5,010635 0,002678
мэри 5,010635 0,002678
сей 2,177422 0,001164
батюшка 5,010635 0,002678
загарпунить 5,010635 0,002678
дно 3,624341 0,005811
превращаться 3,624341 0,001937
поднять 2,931194 0,001567
смёрзнуться 5,010635 0,002678
мыло 3,624341 0,001937
чудом 3,912023 0,002091
путь 2,066196 0,001104
коротченко 5,010635 0,002678
песчаный 5,010635 0,002678
форма 0,061875 0,000066
маска 3,218876 0,001720
нажать 0,000000 0,000000
окончить 3,912023 0,002091
советский 1,752539 0,014050
доходить 5,010635 0,002678
недоумевать 5,010635 0,002678
любой 2,120264 0,001133
развитой 4,317488 0,002308
пакистанец 5,010635 0,002678
наш 1,347074 0,003600
ходить 2,120264 0,002266
море 2,612740 0,005586
мясо 3,401197 0,001818
настоящий 2,445686 0,001307
напоминать 3,401197 0,003636
комментарий 1,427116 0,000763
подозревать 2,445686 0,001307
борт 3,218876 0,005161
пасть 5,010635 0,002678
объяснить 1,484275 0,000793
товарищ 3,624341 0,001937
оказаться 1,249435 0,004675
вдали 4,317488 0,002308
шмотки 5,010635 0,002678
предложение 1,919593 0,001026
плав 4,317488 0,004615
около 1,678431 0,001794
ловить 3,624341 0,001937
призыв 3,218876 0,001720
сорвать 2,371578 0,001268
использованияполитик 0,000000 0,000000
съесть 2,525729 0,006750
служба 2,120264 0,001133
заметить 2,120264 0,004533
заниматься 2,302585 0,002461
музыкальный 4,317488 0,002308
технический 2,931194 0,001567
деактивировать 0,013423 0,000007
рекомендательный 0,000000 0,000000
берег 3,624341 0,013560
кружка 5,010635 0,002678
трап 4,317488 0,002308
близко 3,912023 0,002091
стоять 3,064725 0,001638
слева 3,912023 0,004182
ежедневно 3,624341 0,001937
выдавать 3,218876 0,001720
машина 1,875141 0,001002
спасти 2,371578 0,006338
собирать 3,401197 0,001818
крючок 5,010635 0,002678
забота 0,000000 0,000000
пожаловать 0,013423 0,000007
поражаться 5,010635 0,002678
верховный 2,708050 0,001447
закрываться 3,912023 0,002091
младший 3,401197 0,001818
выжить 2,813411 0,003007
решить 1,791759 0,001915
прекрасно 4,317488 0,004615
который 0,521999 0,002232
согревать 5,010635 0,002678
урезать 5,010635 0,002678
съестной 5,010635 0,002678
кирсардж 5,010635 0,010712
касатка 5,010635 0,002678
следующий 2,612740 0,001396
отнестись 4,317488 0,002308
считаный 4,317488 0,002308
сперва 4,317488 0,002308
уведомить 4,317488 0,002308
победа 0,000000 0,000000
пища 3,624341 0,003874
мачта 5,010635 0,002678
оторваться 5,010635 0,002678
татарин 5,010635 0,002678
страх 2,238047 0,002392
откачивать 4,317488 0,002308
случай 1,484275 0,003173
сми 0,000000 0,000000
рудольф 5,010635 0,002678
радость 3,401197 0,001818
предпочесть 5,010635 0,002678
дальний 3,218876 0,001720
итуруп 5,010635 0,008034
поколение 2,813411 0,001504
америка 3,064725 0,004914
паста 5,010635 0,002678
жить 1,643339 0,001757
доктор 3,064725 0,001638
спасаться 4,317488 0,004615
спасение 2,177422 0,002328
нездоровый 3,624341 0,001937
подтверждение 4,317488 0,002308
союз 1,966113 0,001051
маломерный 5,010635 0,002678
иван 2,931194 0,006267
несколько 1,226446 0,004589
папироса 3,912023 0,002091
предоставить 3,218876 0,001720
герой 2,014903 0,002154
место 0,027029 0,000029
ремень 5,010635 0,005356
подъёмник 5,010635 0,005356
строение 5,010635 0,002678
дух 2,612740 0,001396
никакой 2,302585 0,001231
натуральный 4,317488 0,002308
пышный 5,010635 0,002678
лежать 3,401197 0,001818
фотохроника 5,010635 0,002678
участие 2,014903 0,001077
попытка 1,609438 0,000860
нечего 3,218876 0,003441
выбор 2,708050 0,001447
опечатка 0,000000 0,000000
каждый 1,576648 0,002528
разглядеть 5,010635 0,002678
золотой 2,931194 0,001567
маленький 1,791759 0,002873
разделиться 5,010635 0,002678
спастись 3,624341 0,005811
писать 1,752539 0,000937
обеспечение 3,624341 0,001937
вызвать 0,090654 0,000048
киев 1,714798 0,000917
газетчик 5,010635 0,002678
владимир 1,160488 0,000620
радоваться 3,912023 0,002091
картофелина 5,010635 0,002678
дождь 3,624341 0,001937
спичка 5,010635 0,002678
обязать 3,064725 0,001638
официальный 2,238047 0,001196
понимать 2,708050 0,001447
шторм 3,624341 0,015497
внимание 1,966113 0,001051
подгнить 5,010635 0,002678
принимать 2,445686 0,001307
уголь 5,010635 0,008034
пораженческий 5,010635 0,002678
объявить 2,120264 0,001133
возможность 1,714798 0,000917
круп 4,317488 0,002308
снимок 3,624341 0,001937
правда 0,040822 0,000022
плохой 2,177422 0,001164
сюжет 3,624341 0,001937
консервы 5,010635 0,002678
главред 5,010635 0,002678
огромный 2,525729 0,004050
заделать 5,010635 0,002678
тихий 3,401197 0,012725
скоро 3,064725 0,001638
ввести 2,120264 0,001133
впопыхах 5,010635 0,002678
очень 1,347074 0,002160
наука 0,000000 0,000000
занятие 3,401197 0,001818
уходить 2,813411 0,001504
сенсационный 4,317488 0,004615
рассудить 5,010635 0,002678
никак 2,931194 0,003133
книга 2,708050 0,001447
обрасти 5,010635 0,002678
