ру 0,000000 0,000000
банк 0,068993 0,000207
лента 0,000000 0,000000
новый 0,000000 0,000000
день 0,033902 0,000102
рпл 3,624341 0,054420
перемирие 0,076161 0,000229
тур 3,401197 0,010214
спорт 0,000000 0,000000
адмирал 4,317488 0,012965
агкац 5,010635 0,015047
отвести 0,076161 0,000229
добро 0,013423 0,000121
согласие 0,047791 0,000144
путешествие 0,000000 0,000000
четыре 0,040822 0,000245
фонбета 3,912023 0,023496
сиэтл 4,317488 0,012965
вратарь 4,317488 0,012965
конфликт 0,061875 0,000186
конфиденциальностиправить 0,000000 0,000000
пол 0,090654 0,000272
помощь 0,027029 0,000081
вода 0,054808 0,000165
хавбек 5,010635 0,030094
фото 0,061875 0,000372
политика 0,040822 0,000123
й 2,612740 0,007846
применение 0,000000 0,000000
кхл 3,624341 0,021768
энрике 5,010635 0,045141
фитнес 3,624341 0,010884
станислав 3,218876 0,009666
металлург 4,317488 0,012965
игрок 3,401197 0,010214
кракен 3,912023 0,011748
отдел 0,579818 0,001741
футбол 3,912023 0,011748
ценность 0,000000 0,000000
мир 0,000000 0,000000
вернуться 0,006689 0,000020
индия 0,076161 0,000229
структура 0,000000 0,000000
чемпионат 3,912023 0,046991
российский 0,033902 0,000305
миннесота 4,317488 0,012965
обитание 0,000000 0,000000
бывший 0,000000 0,000000
регулярный 2,931194 0,017605
россия 0,000000 0,000000
интернет 0,000000 0,000000
кисляк 5,010635 0,015047
маккартень 0,097980 0,000294
ооо 0,000000 0,000000
свой 0,020203 0,000061
подешеветь 3,064725 0,046017
проблема 0,047791 0,000144
также 0,762140 0,002289
назвать 1,021651 0,009204
вячеслав 3,401197 0,010214
гид 0,076161 0,000229
технологийминь 0,000000 0,000000
город 0,047791 0,000144
цена 2,302585 0,006915
сайт 2,931194 0,008802
видылетний 4,317488 0,012965
американский 0,054808 0,000165
актив 3,064725 0,009203
галерея 0,000000 0,000000
коршунов 5,010635 0,015047
матвей 5,010635 0,015047
внешность 0,097980 0,000294
сотрудник 0,068993 0,000207
начаться 0,033902 0,000102
представить 2,525729 0,007585
зеленский 0,054808 0,000329
силовой 0,000000 0,000000
колорадо 4,317488 0,012965
пляжный 0,097980 0,000294
эмоция 0,047791 0,000144
завтра 3,401197 0,020428
сеть 0,090654 0,000272
евро 2,931194 0,017605
саравия 5,010635 0,015047
филипп 2,931194 0,008802
выражать 0,047791 0,000287
период 2,014903 0,006051
читать 0,040822 0,000123
оцениваться 5,010635 0,015047
военнослужащий 0,068993 0,000207
накапливать 0,047791 0,000144
оценивать 0,047791 0,000144
байконур 0,097980 0,000294
попасть 1,678431 0,005040
редакциярекламаконтактыпресс 0,000000 0,000000
подорожать 3,218876 0,048331
ростов 3,912023 0,011748
оба 2,445686 0,007344
видео 0,000000 0,000000
краснодар 3,912023 0,023496
депутат 0,068993 0,000207
футболист 2,931194 0,035210
прогресс 0,090654 0,000272
локомотив 4,317488 0,012965
форма 0,061875 0,000186
нажать 0,000000 0,000000
последний 0,083382 0,000250
дом 0,061875 0,000186
торонто 4,317488 0,012965
культура 0,000000 0,000000
обсудить 0,415515 0,001248
архив 0,000000 0,000000
видыхоккейавтоолимпиадазож 4,317488 0,012965
статья 0,000000 0,000000
дарья 3,624341 0,010884
заявить 0,061875 0,000186
сша 0,040822 0,000123
лидер 1,347074 0,004045
бонус 0,047791 0,000287
среда 0,000000 0,000000
раскрытие 0,076161 0,000229
редактор 0,556288 0,001671
остаться 0,047791 0,000144
получить 1,059392 0,003181
эксклюзив 0,000000 0,000000
уволить 0,076161 0,000229
скидка 0,047791 0,000144
мэйпл 4,317488 0,012965
спартак 4,317488 0,012965
оказаться 1,249435 0,003752
погружаться 0,047791 0,000144
увлекательный 0,047791 0,000144
использованияполитик 0,000000 0,000000
риа 1,272966 0,003823
команда 1,919593 0,005765
деактивировать 0,013423 0,000040
далее 2,708050 0,008132
рекомендательный 0,000000 0,000000
цска 4,317488 0,025931
являться 1,714798 0,005150
очко 5,010635 0,030094
переговоры 0,047791 0,000144
зенит 3,912023 0,035243
получать 0,033902 0,000102
хотеть 0,013423 0,000040
обратиться 0,076161 0,000229
забота 0,000000 0,000000
сбер 0,040822 0,000123
мск 3,912023 0,035243
пожаловать 0,013423 0,000040
портал 3,624341 0,010884
стать 0,499776 0,001501
счёт 2,708050 0,008132
трамп 0,054808 0,000165
работать 0,027029 0,000081
который 0,521999 0,001568
крупный 0,054808 0,000329
ммазимний 4,317488 0,012965
динамо 3,218876 0,009666
спецпроект 0,000000 0,000000
это 0,020203 0,000061
победа 0,000000 0,000000
украинский 0,047791 0,000144
белоус 0,076161 0,000229
караваев 5,010635 0,015047
прибыть 0,083382 0,000250
два 0,033902 0,000204
лифс 4,317488 0,012965
сегодня 1,643339 0,004935
новость 0,000000 0,000000
туристка 0,076161 0,000229
мотор 0,000000 0,000000
сми 0,000000 0,000000
акция 0,047791 0,000144
наслать 0,000000 0,000000
плюс 3,218876 0,019333
учёт 3,624341 0,010884
жизнь 0,000000 0,000000
мг 4,317488 0,012965
жилец 0,068993 0,000207
предречь 0,076161 0,000457
жать 0,013423 0,000040
войти 0,000000 0,000000
томпсон 5,010635 0,015047
место 0,027029 0,000081
свет 0,054808 0,000165
нхл 3,624341 0,021768
регион 0,076161 0,000229
располагаться 4,317488 0,012965
мс 0,097980 0,000294
лига 3,912023 0,011748
март 0,040822 0,000245
луис 5,010635 0,030094
военный 0,020203 0,000061
летний 0,047791 0,000144
рада 0,068993 0,000207
экономика 0,000000 0,000000
топ 3,064725 0,009203
уход 0,076161 0,000229
опечатка 0,000000 0,000000
эвеланша 4,317488 0,012965
хороший 0,006689 0,000020
спор 0,097980 0,000294
хорди 5,010635 0,015047
вызвать 0,090654 0,000272
обычный 0,013423 0,000040
конфиденциальность 0,047791 0,000144
оренбург 4,317488 0,012965
защитник 3,624341 0,010884
изнасиловать 0,076161 0,000229
обновление 5,010635 0,015047
продолжать 0,033902 0,000102
список 2,371578 0,014244
родриго 5,010635 0,015047
реальный 0,013423 0,000040
ссср 0,000000 0,000000
техника 0,000000 0,000000
тысяча 0,054808 0,000658
прибавка 5,010635 0,015047
полузащитник 5,010635 0,030094
затопить 0,076161 0,000229
игра 0,000000 0,000000
всефутболбокс 4,317488 0,012965
обменивать 0,047791 0,000144
минь 0,000000 0,000000
алексей 1,875141 0,005631
условие 0,033902 0,000204
ваш 0,047791 0,000144
премьер 2,525729 0,007585
главное 0,000000 0,000000
уайлд 4,317488 0,012965
медитация 0,076161 0,000229
правда 0,040822 0,000123
больший 1,373049 0,004123
бителло 5,010635 0,030094
видеть 0,013423 0,000040
бразильский 5,010635 0,015047
реакция 0,047791 0,000287
самый 0,883501 0,013266
миллион 1,347074 0,020226
материал 0,000000 0,000000
наука 0,000000 0,000000
минус 3,401197 0,040855
