состояться 2,014903 0,006996
ру 0,000000 0,000000
банк 0,068993 0,000240
терроризм 3,401197 0,011810
лента 0,000000 0,000000
новый 0,000000 0,000000
день 0,033902 0,000118
перемирие 0,076161 0,000264
спорт 0,000000 0,000000
ряд 2,525729 0,008770
заключаться 3,912023 0,013583
попросить 2,445686 0,025476
отвести 0,076161 0,000264
зампред 4,317488 0,014991
добро 0,013423 0,000140
согласие 0,047791 0,000166
борьба 2,014903 0,006996
путешествие 0,000000 0,000000
четыре 0,040822 0,000142
конфликт 0,061875 0,000215
конфиденциальностиправить 0,000000 0,000000
пол 0,090654 0,000315
помощь 0,027029 0,000094
вода 0,054808 0,000190
фото 0,061875 0,000430
политика 0,040822 0,000283
к 3,064725 0,010641
разговор 1,160488 0,004029
применение 0,000000 0,000000
противодействие 5,010635 0,017398
область 1,272966 0,004420
отдел 0,579818 0,002013
ценность 0,000000 0,000000
мир 0,000000 0,000000
вернуться 0,006689 0,000023
никольский 5,010635 0,017398
индия 0,076161 0,000264
структура 0,000000 0,000000
пожалуйста 4,317488 0,014991
житель 1,678431 0,005828
российский 0,033902 0,000235
обитание 0,000000 0,000000
бывший 0,000000 0,000000
комментировать 3,401197 0,011810
россия 0,000000 0,000000
интернет 0,000000 0,000000
маккартень 0,097980 0,000340
ооо 0,000000 0,000000
просьба 3,218876 0,011177
свой 0,020203 0,000070
ранее 1,003302 0,003484
проблема 0,047791 0,000166
также 0,762140 0,002646
гид 0,076161 0,000264
технологийминь 0,000000 0,000000
украина 0,805943 0,002798
город 0,047791 0,000166
дмитрий 2,238047 0,015542
телефонный 1,643339 0,005706
американский 0,054808 0,000190
галерея 0,000000 0,000000
прекращение 1,714798 0,005954
внешность 0,097980 0,000340
сотрудник 0,068993 0,000240
начаться 0,033902 0,000118
зеленский 0,054808 0,000381
сидеть 2,612740 0,009072
силовой 0,000000 0,000000
цитировать 4,317488 0,014991
пляжный 0,097980 0,000340
эмоция 0,047791 0,000166
сеть 0,090654 0,000315
ход 1,678431 0,005828
выражать 0,047791 0,000332
заседание 3,912023 0,040750
число 1,226446 0,004258
совбез 4,317488 0,014991
читать 0,040822 0,000142
военнослужащий 0,068993 0,000240
накапливать 0,047791 0,000166
дональд 1,544899 0,005364
оценивать 0,047791 0,000166
байконур 0,097980 0,000340
редакциярекламаконтактыпресс 0,000000 0,000000
видео 0,000000 0,000000
депутат 0,068993 0,000240
прогресс 0,090654 0,000315
экстремизм 5,010635 0,017398
спектр 3,624341 0,012585
форма 0,061875 0,000215
нажать 0,000000 0,000000
последний 0,083382 0,000290
дом 0,061875 0,000215
культура 0,000000 0,000000
обсудить 0,415515 0,001443
архив 0,000000 0,000000
коллега 1,791759 0,006221
статья 0,000000 0,000000
константин 2,813411 0,009769
заявить 0,061875 0,000430
сша 0,040822 0,000283
верить 3,218876 0,011177
разъяснить 3,624341 0,012585
медведев 3,218876 0,067060
отношение 1,226446 0,004258
бонус 0,047791 0,000332
среда 0,000000 0,000000
раскрытие 0,076161 0,000264
редактор 0,556288 0,001932
остаться 0,047791 0,000166
эксклюзив 0,000000 0,000000
уволить 0,076161 0,000264
скидка 0,047791 0,000166
москва 1,021651 0,003547
погружаться 0,047791 0,000166
увлекательный 0,047791 0,000166
использованияполитик 0,000000 0,000000
анатолиевич 5,010635 0,017398
риа 1,272966 0,008840
обсуждаться 4,317488 0,014991
деактивировать 0,013423 0,000047
договорённость 2,302585 0,007995
рекомендательный 0,000000 0,000000
переговоры 0,047791 0,000166
получать 0,033902 0,000118
хотеть 0,013423 0,000047
обратиться 0,076161 0,000793
забота 0,000000 0,000000
сбер 0,040822 0,000142
пожаловать 0,013423 0,000047
трамп 0,054808 0,000381
работать 0,027029 0,000094
крупный 0,054808 0,000381
агентство 2,302585 0,007995
огонь 1,609438 0,005588
спецпроект 0,000000 0,000000
это 0,020203 0,000070
победа 0,000000 0,000000
украинский 0,047791 0,000332
белоус 0,076161 0,000264
прибыть 0,083382 0,000290
два 0,033902 0,000235
страна 0,747955 0,002597
президент 0,851752 0,005915
новость 0,000000 0,000000
вашингтон 2,066196 0,007174
туристка 0,076161 0,000264
мотор 0,000000 0,000000
сми 0,000000 0,000000
акция 0,047791 0,000166
наслать 0,000000 0,000000
жизнь 0,000000 0,000000
жилец 0,068993 0,000240
предречь 0,076161 0,000529
жать 0,013423 0,000047
войти 0,000000 0,000000
место 0,027029 0,000094
свет 0,054808 0,000190
регион 0,076161 0,000264
миссия 3,218876 0,011177
мс 0,097980 0,000340
жзл 3,401197 0,011810
март 0,040822 0,000283
широкий 2,813411 0,009769
военный 0,020203 0,000140
корреспондент 2,445686 0,008492
летний 0,047791 0,000166
генпрокуратура 2,931194 0,050889
рада 0,068993 0,000240
экономика 0,000000 0,000000
уход 0,076161 0,000264
опечатка 0,000000 0,000000
хороший 0,006689 0,000023
спор 0,097980 0,000340
писать 1,752539 0,006085
вызвать 0,090654 0,000315
коррупция 4,317488 0,014991
киев 1,714798 0,005954
обычный 0,013423 0,000047
противоправный 5,010635 0,017398
конфиденциальность 0,047791 0,000166
путин 0,967584 0,020158
параллельмыть 2,177422 0,007560
владимир 1,160488 0,004029
действие 1,714798 0,005954
изнасиловать 0,076161 0,000264
продолжать 0,033902 0,000118
первый 0,883501 0,003068
реальный 0,013423 0,000047
он 3,218876 0,044707
ссср 0,000000 0,000000
техника 0,000000 0,000000
тысяча 0,054808 0,000190
курский 1,791759 0,006221
вопрос 1,021651 0,003547
затопить 0,076161 0,000264
игра 0,000000 0,000000
обменивать 0,047791 0,000166
минь 0,000000 0,000000
коллегия 3,624341 0,050338
алексей 1,875141 0,006511
условие 0,033902 0,000235
ваш 0,047791 0,000166
главное 0,000000 0,000000
мнение 1,643339 0,005706
медитация 0,076161 0,000264
правда 0,040822 0,000142
зайти 2,813411 0,048844
видеть 0,013423 0,000047
реакция 0,047791 0,000332
материал 0,000000 0,000000
наука 0,000000 0,000000
быть 1,399717 0,004860
лысяк 3,912023 0,013583
