состояться 2,014903 0,007145
ру 0,000000 0,000000
банк 0,068993 0,000245
лента 0,000000 0,000000
формула 2,931194 0,010394
ранение 2,813411 0,009977
новый 0,000000 0,000000
день 0,033902 0,000120
перемирие 0,076161 0,000270
спорт 0,000000 0,000000
отвести 0,076161 0,000270
добро 0,013423 0,000143
согласие 0,047791 0,000169
путешествие 0,000000 0,000000
военблогер 4,317488 0,030620
четыре 0,040822 0,000145
анонсировать 2,371578 0,033639
миг 5,010635 0,017768
конфликт 0,061875 0,000219
конфиденциальностиправить 0,000000 0,000000
пол 0,090654 0,000321
помощь 0,027029 0,000096
вода 0,054808 0,000194
фото 0,061875 0,000439
тяжёлый 1,791759 0,006354
политика 0,040822 0,000145
разговор 1,160488 0,004115
применение 0,000000 0,000000
отдел 0,579818 0,002056
известно 1,297063 0,013799
ценность 0,000000 0,000000
сила 1,321756 0,004687
мир 0,000000 0,000000
вернуться 0,006689 0,000024
индия 0,076161 0,000270
структура 0,000000 0,000000
российский 0,033902 0,000240
обитание 0,000000 0,000000
бывший 0,000000 0,000000
боец 1,875141 0,013299
россия 0,000000 0,000000
интернет 0,000000 0,000000
маккартень 0,097980 0,000347
ооо 0,000000 0,000000
свой 0,020203 0,000072
проблема 0,047791 0,000169
данные 1,678431 0,005952
также 0,762140 0,005405
гид 0,076161 0,000270
технологийминь 0,000000 0,000000
украина 0,805943 0,020006
проведение 3,064725 0,010868
город 0,047791 0,000169
подробность 2,066196 0,007327
телефонный 1,643339 0,005827
американский 0,054808 0,000194
галерея 0,000000 0,000000
внешность 0,097980 0,000347
сотрудник 0,068993 0,000245
начаться 0,033902 0,000120
другой 1,059392 0,003757
зеленский 0,054808 0,000389
начать 1,139434 0,004041
добрый 2,525729 0,008956
силовой 0,000000 0,000000
пляжный 0,097980 0,000347
эмоция 0,047791 0,000169
сеть 0,090654 0,000321
кремль 2,177422 0,007721
вооружённый 1,678431 0,005952
пленный 2,612740 0,055590
ход 1,678431 0,005952
выражать 0,047791 0,000339
читать 0,040822 0,000145
военнослужащий 0,068993 0,000489
накапливать 0,047791 0,000169
дональд 1,544899 0,005478
оценивать 0,047791 0,000169
байконур 0,097980 0,000347
редакциярекламаконтактыпресс 0,000000 0,000000
видео 0,000000 0,000000
депутат 0,068993 0,000245
прогресс 0,090654 0,000321
жест 2,371578 0,008410
форма 0,061875 0,000219
нажать 0,000000 0,000000
последний 0,083382 0,000296
дом 0,061875 0,000219
завершить 3,401197 0,012061
культура 0,000000 0,000000
обсудить 0,415515 0,001473
очередной 2,708050 0,009603
обмен 2,371578 0,058869
архив 0,000000 0,000000
процедура 3,064725 0,021736
статья 0,000000 0,000000
константин 2,813411 0,009977
заявить 0,061875 0,000219
сша 0,040822 0,000290
бонус 0,047791 0,000339
среда 0,000000 0,000000
раскрытие 0,076161 0,000270
редактор 0,556288 0,001973
остаться 0,047791 0,000169
эксклюзив 0,000000 0,000000
уволить 0,076161 0,000270
качество 1,832581 0,006499
скидка 0,047791 0,000169
москва 1,021651 0,003623
масштабный 2,612740 0,009265
столько 2,525729 0,008956
передать 1,966113 0,013944
погружаться 0,047791 0,000169
увлекательный 0,047791 0,000169
использованияполитик 0,000000 0,000000
риа 1,272966 0,004514
павел 2,612740 0,009265
деактивировать 0,013423 0,000048
рекомендательный 0,000000 0,000000
переговоры 0,047791 0,000169
получать 0,033902 0,000120
воля 2,120264 0,007519
хотеть 0,013423 0,000048
обратиться 0,076161 0,000270
забота 0,000000 0,000000
сбер 0,040822 0,000145
пожаловать 0,013423 0,000048
стать 0,499776 0,005317
трамп 0,054808 0,000389
работать 0,027029 0,000096
крупный 0,054808 0,000389
спецпроект 0,000000 0,000000
это 0,020203 0,000072
победа 0,000000 0,000000
украинский 0,047791 0,000339
белоус 0,076161 0,000270
два 0,033902 0,000361
прибыть 0,083382 0,000296
страна 0,747955 0,002652
президент 0,851752 0,006041
новость 0,000000 0,000000
туристка 0,076161 0,000270
мотор 0,000000 0,000000
раскрывать 4,317488 0,015310
сми 0,000000 0,000000
акция 0,047791 0,000169
наслать 0,000000 0,000000
жизнь 0,000000 0,000000
жилец 0,068993 0,000245
предречь 0,076161 0,000540
жать 0,013423 0,000048
войти 0,000000 0,000000
начало 1,399717 0,014891
место 0,027029 0,000096
свет 0,054808 0,000194
государство 1,919593 0,006807
регион 0,076161 0,000270
мс 0,097980 0,000347
жзл 3,401197 0,012061
март 0,040822 0,000290
военный 0,020203 0,000072
летний 0,047791 0,000169
рада 0,068993 0,000245
экономика 0,000000 0,000000
канал 1,791759 0,012708
уход 0,076161 0,000270
опечатка 0,000000 0,000000
хороший 0,006689 0,000024
спор 0,097980 0,000347
вызвать 0,090654 0,000321
киев 1,714798 0,006081
обычный 0,013423 0,000048
конфиденциальность 0,047791 0,000169
путин 0,967584 0,013725
параллельмыть 2,177422 0,007721
владимир 1,160488 0,004115
лисицын 4,317488 0,015310
изнасиловать 0,076161 0,000270
предыдущий 3,401197 0,012061
продолжать 0,033902 0,000120
реальный 0,013423 0,000048
ссср 0,000000 0,000000
техника 0,000000 0,000000
тысяча 0,054808 0,000194
февраль 1,160488 0,004115
затопить 0,076161 0,000270
игра 0,000000 0,000000
вернуть 2,371578 0,008410
обменивать 0,047791 0,000169
минь 0,000000 0,000000
условие 0,033902 0,000240
ваш 0,047791 0,000169
общество 2,177422 0,007721
главное 0,000000 0,000000
медитация 0,076161 0,000270
правда 0,040822 0,000145
видеть 0,013423 0,000048
реакция 0,047791 0,000339
материал 0,000000 0,000000
наука 0,000000 0,000000
сообщить 1,297063 0,013799
лысяк 3,912023 0,013872
