состояться 2,014903 0,006830
ру 0,000000 0,000000
банк 0,068993 0,000234
лента 0,000000 0,000000
формула 2,931194 0,019873
новый 0,000000 0,000000
день 0,033902 0,000115
перемирие 0,076161 0,000258
спорт 0,000000 0,000000
отвести 0,076161 0,000258
добро 0,013423 0,000137
согласие 0,047791 0,000162
путешествие 0,000000 0,000000
четыре 0,040822 0,000138
анонсировать 2,371578 0,008039
конфликт 0,061875 0,000210
конфиденциальностиправить 0,000000 0,000000
помощь 0,027029 0,000183
пол 0,090654 0,000307
вода 0,054808 0,000186
фото 0,061875 0,000419
тяжелораненый 3,064725 0,031167
политика 0,040822 0,000138
разговор 1,160488 0,003934
применение 0,000000 0,000000
отдел 0,579818 0,001965
ценность 0,000000 0,000000
сила 1,321756 0,004481
мир 0,000000 0,000000
вернуться 0,006689 0,000023
индия 0,076161 0,000258
пройти 1,427116 0,009675
структура 0,000000 0,000000
необходимый 2,708050 0,009180
российский 0,033902 0,000345
обитание 0,000000 0,000000
бывший 0,000000 0,000000
боец 1,875141 0,012713
время 0,693147 0,002350
россия 0,000000 0,000000
интернет 0,000000 0,000000
маккартень 0,097980 0,000332
ооо 0,000000 0,000000
свой 0,020203 0,000068
республика 2,371578 0,008039
проблема 0,047791 0,000162
также 0,762140 0,005167
гид 0,076161 0,000258
технологийминь 0,000000 0,000000
украина 0,805943 0,013660
город 0,047791 0,000162
выполнение 2,525729 0,025685
телефонный 1,643339 0,005571
американский 0,054808 0,000186
галерея 0,000000 0,000000
внешность 0,097980 0,000332
россиянин 1,321756 0,004481
сотрудник 0,068993 0,000234
находиться 1,399717 0,004745
территория 1,609438 0,005456
намерение 3,401197 0,011529
начаться 0,033902 0,000115
зеленский 0,054808 0,000372
добрый 2,525729 0,025685
силовой 0,000000 0,000000
передача 2,708050 0,009180
пляжный 0,097980 0,000332
эмоция 0,047791 0,000162
сеть 0,090654 0,000307
вооружённый 1,678431 0,005690
ход 1,678431 0,011379
пленный 2,612740 0,026570
психологический 3,064725 0,010389
выражать 0,047791 0,000324
читать 0,040822 0,000138
военнослужащий 0,068993 0,000234
минобороны 1,966113 0,026659
накапливать 0,047791 0,000162
дональд 1,544899 0,005237
оценивать 0,047791 0,000162
байконур 0,097980 0,000332
редакциярекламаконтактыпресс 0,000000 0,000000
доставить 2,177422 0,007381
видео 0,000000 0,000000
депутат 0,068993 0,000234
прогресс 0,090654 0,000307
жест 2,371578 0,024118
форма 0,061875 0,000210
нажать 0,000000 0,000000
последний 0,083382 0,000283
дом 0,061875 0,000210
культура 0,000000 0,000000
обсудить 0,415515 0,001409
очередной 2,708050 0,009180
архив 0,000000 0,000000
обмен 2,371578 0,032157
процедура 3,064725 0,010389
статья 0,000000 0,000000
константин 2,813411 0,009537
заявить 0,061875 0,000419
сша 0,040822 0,000277
военнопленный 4,317488 0,014636
лидер 1,347074 0,004566
бонус 0,047791 0,000324
среда 0,000000 0,000000
раскрытие 0,076161 0,000258
редактор 0,556288 0,001886
остаться 0,047791 0,000162
эксклюзив 0,000000 0,000000
беларусь 4,317488 0,014636
уволить 0,076161 0,000258
скидка 0,047791 0,000162
москва 1,021651 0,003463
масштабный 2,612740 0,017713
передать 1,966113 0,013330
погружаться 0,047791 0,000162
увлекательный 0,047791 0,000162
использованияполитик 0,000000 0,000000
безвозмездно 5,010635 0,016985
риа 1,272966 0,004315
павел 2,612740 0,008857
деактивировать 0,013423 0,000046
рекомендательный 0,000000 0,000000
переговоры 0,047791 0,000162
получать 0,033902 0,000230
воля 2,120264 0,021562
хотеть 0,013423 0,000046
обратиться 0,076161 0,000258
освободить 2,708050 0,009180
лечение 2,931194 0,009936
забота 0,000000 0,000000
сбер 0,040822 0,000138
пожаловать 0,013423 0,000046
медицинский 3,064725 0,010389
трамп 0,054808 0,000372
работать 0,027029 0,000092
крупный 0,054808 0,000372
спецпроект 0,000000 0,000000
это 0,020203 0,000068
победа 0,000000 0,000000
украинский 0,047791 0,000162
белоус 0,076161 0,000258
два 0,033902 0,000345
прибыть 0,083382 0,000283
страна 0,747955 0,002535
президент 0,851752 0,005775
новость 0,000000 0,000000
туристка 0,076161 0,000258
мотор 0,000000 0,000000
сми 0,000000 0,000000
реабилитация 3,912023 0,013261
акция 0,047791 0,000162
наслать 0,000000 0,000000
жизнь 0,000000 0,000000
жилец 0,068993 0,000234
предречь 0,076161 0,000516
жать 0,013423 0,000046
войти 0,000000 0,000000
место 0,027029 0,000092
свет 0,054808 0,000186
государство 1,919593 0,006507
регион 0,076161 0,000258
мс 0,097980 0,000332
обещать 2,525729 0,025685
ведомство 2,066196 0,007004
жзл 3,401197 0,011529
март 0,040822 0,000277
военный 0,020203 0,000068
летний 0,047791 0,000162
рада 0,068993 0,000234
экономика 0,000000 0,000000
уход 0,076161 0,000258
опечатка 0,000000 0,000000
хороший 0,006689 0,000023
отчитаться 2,813411 0,028611
спор 0,097980 0,000332
поздний 1,832581 0,006212
вызвать 0,090654 0,000307
киев 1,714798 0,011626
обычный 0,013423 0,000046
конфиденциальность 0,047791 0,000162
путин 0,967584 0,013120
параллельмыть 2,177422 0,007381
владимир 1,160488 0,003934
лисицын 4,317488 0,014636
изнасиловать 0,076161 0,000258
предыдущий 3,401197 0,011529
продолжать 0,033902 0,000115
реальный 0,013423 0,000046
ссср 0,000000 0,000000
техника 0,000000 0,000000
тысяча 0,054808 0,000186
всу 1,373049 0,009309
февраль 1,160488 0,003934
подчеркнуть 2,066196 0,007004
затопить 0,076161 0,000258
игра 0,000000 0,000000
обменивать 0,047791 0,000162
минь 0,000000 0,000000
условие 0,033902 0,000230
ваш 0,047791 0,000162
общество 2,177422 0,007381
главное 0,000000 0,000000
медитация 0,076161 0,000258
правда 0,040822 0,000138
прохождение 3,912023 0,013261
видеть 0,013423 0,000046
реакция 0,047791 0,000324
материал 0,000000 0,000000
наука 0,000000 0,000000
сообщить 1,297063 0,004397
беседа 1,752539 0,005941
лысяк 3,912023 0,013261
