зеленского 0,068993 0,068993
поездка 5,010635 5,010635
перемирии 0,076161 0,076161
ру 0,000000 0,000000
производителей 3,401197 23,808382
банк 0,076161 0,076161
специальный 3,401197 3,401197
играет 3,218876 3,218876
лента 0,000000 0,000000
разработки 3,912023 3,912023
новые 0,000000 0,000000
роль 1,966113 1,966113
ждет 3,401197 3,401197
спорт 0,000000 0,000000
расширить 3,912023 3,912023
отечественных 3,401197 10,203592
поездку 3,401197 10,203592
местных 2,708050 2,708050
гуанчжоу 5,010635 15,031906
прошлом 3,624341 3,624341
диванов 5,010635 5,010635
получили 2,813411 2,813411
поездки 5,010635 20,042541
стиля 3,912023 3,912023
сферанедвижимостьгородская 1,966113 1,966113
споры 0,097980 0,097980
согласие 0,047791 0,047791
добро 0,013423 0,013423
военной 0,061875 0,061875
выражаете 0,047791 0,047791
четыре 0,040822 0,040822
просмотры 5,010635 5,010635
менее 2,014903 2,014903
доступ 3,064725 3,064725
производства 3,064725 6,129450
жми 0,013423 0,013423
помощью 0,047791 0,095581
партнерами 4,317488 8,634976
покупателей 5,010635 5,010635
таких 2,177422 2,177422
добра 0,013423 0,026846
производство 4,317488 4,317488
человек 1,249435 1,249435
посетят 5,010635 5,010635
месяцев 2,708050 2,708050
ленту 0,013423 0,013423
затопленного 0,076161 0,076161
фото 0,061875 0,123751
производству 5,010635 5,010635
производстве 4,317488 4,317488
ознакомиться 5,010635 5,010635
работающими 4,317488 4,317488
важные 3,218876 3,218876
водой 0,061875 0,061875
брендами 5,010635 5,010635
россии 0,425668 1,277003
применения 0,000000 0,000000
технологиймини 0,000000 0,000000
оценивайте 0,047791 0,047791
течение 2,120264 2,120264
обитания 0,000000 0,000000
ценности 0,000000 0,000000
матрасов 5,010635 5,010635
китай 3,401197 10,203592
победители 5,010635 10,021271
поможет 3,401197 3,401197
рублей 1,514128 1,514128
материалам 0,047791 0,047791
российские 1,678431 1,678431
конфиденциальности 0,047791 0,047791
молодые 4,317488 4,317488
вернуться 0,013423 0,013423
мир 0,000000 0,000000
связи 2,120264 2,120264
ваши 0,047791 0,047791
горизонты 5,010635 5,010635
российским 0,076161 0,076161
процентов 1,875141 1,875141
проходит 3,064725 3,064725
магазин 3,401197 3,401197
нажмите 0,000000 0,000000
исследования 3,624341 3,624341
получайте 0,047791 0,047791
сегменте 5,010635 5,010635
необходимо 2,120264 2,120264
погружайтесь 0,047791 0,047791
просто 1,678431 1,678431
производители 3,912023 3,912023
бывший 0,000000 0,000000
проблемы 0,076161 0,076161
всегосэкономикабизнесрынкикапиталсоциальная 1,966113 1,966113
китая 3,401197 3,401197
накапливайте 0,047791 0,047791
интернет 0,000000 0,000000
россия 0,000000 0,000000
мастеров 5,010635 5,010635
ооо 0,000000 0,000000
обратился 0,076161 0,076161
деактивирована 0,013423 0,013423
состоялся 2,931194 2,931194
путешествия 0,000000 0,000000
интерьера 5,010635 5,010635
главным 3,401197 3,401197
свои 0,027029 0,054057
посещение 5,010635 5,010635
встретиться 5,010635 5,010635
новых 2,014903 2,014903
также 0,762140 1,524280
мебели 3,624341 28,994727
популярным 4,317488 4,317488
структуры 0,000000 0,000000
провел 2,708050 5,416100
индии 0,076161 0,076161
гид 0,076161 0,076161
проекта 3,064725 6,129450
хочешь 0,013423 0,013423
мебельных 5,010635 20,042541
нашли 0,000000 0,000000
пляжных 0,097980 0,097980
одной 1,514128 3,028255
уволит 0,076161 0,076161
платформы 4,317488 4,317488
дома 0,061875 0,061875
доля 5,010635 10,021271
мебель 5,010635 20,042541
американский 0,061875 0,061875
обычную 0,013423 0,013423
пола 0,097980 0,097980
дизайнеров 5,010635 5,010635
организовал 3,401197 10,203592
шанс 3,912023 3,912023
внешность 0,097980 0,097980
промышленности 3,912023 3,912023
отраслевым 5,010635 5,010635
украинском 0,076161 0,076161
света 0,054808 0,054808
подсветить 5,010635 5,010635
двух 1,678431 1,678431
смогут 3,064725 3,064725
увидеть 2,813411 2,813411
галереи 0,000000 0,000000
российских 1,576648 3,153296
китайском 5,010635 5,010635
белоусов 0,076161 0,076161
ткачев 5,010635 5,010635
эмоции 0,047791 0,047791
интерьер 5,010635 5,010635
отрасли 3,064725 6,129450
зеленским 0,076161 0,076161
выставки 4,317488 4,317488
условиями 0,040822 0,081644
двум 0,076161 0,076161
платформе 4,317488 4,317488
вызвала 0,097980 0,097980
сети 0,090654 0,090654
военнослужащим 0,076161 0,076161
миллионов 1,791759 3,583519
товаров 3,624341 7,248682
лежат 4,317488 4,317488
достижениями 4,317488 4,317488
читайте 0,040822 0,040822
кроме 1,427116 1,427116
икею 5,010635 5,010635
поддержке 3,912023 3,912023
остальные 3,624341 3,624341
перераспределилась 5,010635 5,010635
выросли 5,010635 5,010635
байконур 0,097980 0,097980
внести 4,317488 4,317488
цвета 3,401197 3,401197
специализируется 5,010635 5,010635
кроватей 5,010635 5,010635
редакциярекламаконтактыпресс 0,000000 0,000000
ищут 3,218876 3,218876
материалы 0,000000 0,000000
видео 0,000000 0,000000
путь 2,931194 2,931194
депутат 0,076161 0,076161
бизнес 2,612740 2,612740
прогресс 0,097980 0,097980
статьи 0,000000 0,000000
среднем 3,401197 3,401197
ходе 1,791759 1,791759
бейдж 5,010635 5,010635
последними 5,010635 5,010635
мебельной 5,010635 10,021271
коллегами 3,401197 3,401197
романова 5,010635 5,010635
рандомайзера 5,010635 5,010635
форме 0,061875 0,061875
икеа 5,010635 10,021271
последние 0,090654 0,181309
составляет 3,401197 3,401197
предрекли 0,076161 0,076161
культура 0,000000 0,000000
занимала 5,010635 5,010635
обсудить 0,456758 0,456758
силовые 0,000000 0,000000
никита 3,064725 3,064725
архив 0,000000 0,000000
бренд 3,064725 3,064725
дня 0,061875 0,061875
сделок 5,010635 5,010635
объединяющей 5,010635 5,010635
сша 0,040822 0,040822
основе 3,624341 3,624341
качества 3,218876 3,218876
важную 3,624341 3,624341
среда 0,000000 0,000000
продвижение 3,064725 3,064725
клиентами 4,317488 8,634976
раскрытии 0,076161 0,076161
ежемесячно 4,317488 8,634976
среди 1,714798 1,714798
скидки 0,047791 0,047791
случайным 5,010635 5,010635
сотрудников 0,076161 0,076161
функциональность 4,317488 4,317488
эксклюзивы 0,000000 0,000000
российском 0,076161 0,076161
молодежи 3,401197 3,401197
выражайте 0,047791 0,047791
объединить 4,317488 4,317488
начались 0,068993 0,068993
призвана 4,317488 4,317488
рекомендательных 0,000000 0,000000
около 1,678431 1,678431
конфликте 0,076161 0,076161
климат 1,919593 1,919593
продолжая 0,047791 0,047791
работает 0,040822 0,040822
увлекательные 0,047791 0,047791
особенно 2,302585 2,302585
средаклимат 1,966113 1,966113
участники 3,218876 6,437752
производителям 5,010635 5,010635
закрытый 3,912023 3,912023
вклад 4,317488 4,317488
переговоры 0,054808 0,054808
конфиденциальностиправила 0,000000 0,000000
лучших 2,931194 2,931194
площадками 5,010635 5,010635
раза 2,525729 2,525729
бонусы 0,047791 0,095581
политикой 0,047791 0,047791
маккартни 0,097980 0,097980
отметил 1,791759 1,791759
жильцы 0,076161 0,076161
потратить 5,010635 5,010635
жизни 0,000000 0,000000
забота 0,000000 0,000000
сбер 0,040822 0,040822
площадок 4,317488 4,317488
является 1,966113 1,966113
пожаловать 0,013423 0,013423
использованияполитика 0,000000 0,000000
процента 2,813411 2,813411
разделе 4,317488 4,317488
кнр 5,010635 5,010635
поэтому 1,966113 1,966113
крупных 3,064725 3,064725
крупный 0,068993 0,068993
регионам 0,076161 0,076161
декора 5,010635 5,010635
выставку 3,624341 14,497364
крупным 0,076161 0,076161
отобраны 5,010635 5,010635
туристку 0,076161 0,076161
которых 1,678431 1,678431
это 0,020203 0,040405
трансляцией 5,010635 5,010635
победа 0,000000 0,000000
столовых 5,010635 5,010635
станет 2,708050 2,708050
текущие 5,010635 5,010635
остались 0,061875 0,061875
местную 4,317488 4,317488
предметы 5,010635 5,010635
две 0,033902 0,033902
нашим 3,624341 3,624341
инсайдами 5,010635 5,010635
мотор 0,000000 0,000000
обменивайте 0,047791 0,047791
опечатку 0,000000 0,000000
сми 0,000000 0,000000
руководитель 3,218876 3,218876
понять 2,525729 2,525729
общением 5,010635 5,010635
мебельный 5,010635 10,021271
потенциальными 5,010635 10,021271
рады 0,068993 0,068993
таком 2,813411 2,813411
стран 2,302585 2,302585
новости 0,000000 0,000000
войти 0,000000 0,000000
собственную 5,010635 5,010635
место 0,054808 0,054808
акции 0,047791 0,047791
хорошие 0,013423 0,013423
мс 0,097980 0,097980
медитации 0,076161 0,076161
премии 3,624341 3,624341
наладить 3,912023 3,912023
ценовом 5,010635 5,010635
считается 2,612740 2,612740
мебельную 5,010635 5,010635
участие 2,612740 2,612740
экономика 0,000000 0,000000
канал 2,813411 2,813411
уход 0,076161 0,076161
совершено 5,010635 5,010635
рамках 2,371578 2,371578
которая 1,875141 3,750282
онлайн 3,401197 6,802395
тренды 4,317488 4,317488
премию 3,912023 3,912023
розыгрыш 5,010635 10,021271
небольшие 3,912023 3,912023
прибыл 0,083382 0,083382
продажу 3,912023 3,912023
области 1,399717 2,799435
спецпроекты 0,000000 0,000000
дистрибьюторами 5,010635 5,010635
рынка 2,612740 2,612740
количество 1,966113 1,966113
татьяна 5,010635 5,010635
фабрик 4,317488 4,317488
рынку 5,010635 5,010635
реальный 0,013423 0,013423
превышает 3,624341 3,624341
игры 0,000000 0,000000
развитие 3,401197 3,401197
техника 0,000000 0,000000
ссср 0,000000 0,000000
достижения 2,931194 2,931194
году 1,373049 2,746098
категории 3,624341 10,873023
правды 0,068993 0,068993
трампа 0,054808 0,054808
тысячи 0,068993 0,068993
авито 3,624341 39,867750
самых 1,609438 1,609438
получат 5,010635 10,021271
остается 2,708050 2,708050
компания 2,371578 2,371578
отвел 0,076161 0,076161
предрек 0,076161 0,076161
значимом 5,010635 5,010635
объявлений 4,317488 8,634976
марта 0,040822 0,081644
городе 0,061875 0,123751
возможность 2,066196 4,132393
главное 0,000000 0,000000
практичность 5,010635 5,010635
года 0,899761 0,899761
реакций 0,047791 0,047791
летнего 0,097980 0,097980
заявили 0,076161 0,076161
реакции 0,047791 0,047791
мини 0,000000 0,000000
дизайне 4,317488 4,317488
других 1,576648 1,576648
компаний 2,525729 2,525729
компании 2,014903 4,029806
событии 5,010635 5,010635
яркие 3,401197 3,401197
своих 2,177422 2,177422
дизайна 4,317488 4,317488
экологияделовой 1,966113 1,966113
видеть 0,013423 0,013423
изнасиловал 0,076161 0,076161
наука 0,000000 0,000000
образом 2,066196 2,066196
событием 3,912023 3,912023
