перемирии 0,076161 0,076161
иностранных 2,371578 2,371578
ру 0,000000 0,000000
банк 0,076161 0,076161
рф 1,514128 1,514128
дальнейшей 3,912023 3,912023
сплоченно 5,010635 5,010635
новые 0,000000 0,000000
найти 2,525729 2,525729
переустройство 5,010635 5,010635
ждет 3,401197 3,401197
оценил 2,612740 2,612740
сийярто 5,010635 5,010635
указал 2,525729 5,051457
заявил 1,098612 5,493061
литва 3,912023 3,912023
согласие 0,047791 0,047791
добро 0,013423 0,013423
вероятно 2,813411 2,813411
выражаете 0,047791 0,047791
политики 2,525729 2,525729
переживут 4,317488 4,317488
центральной 5,010635 10,021271
помощью 0,047791 0,047791
мид 3,064725 3,064725
перемирия 2,445686 2,445686
сообщил 1,791759 1,791759
добра 0,013423 0,026846
секретарь 3,218876 6,437752
частности 2,525729 2,525729
словам 1,272966 7,637794
нюансы 4,317488 4,317488
вашингтона 2,813411 5,626821
фото 0,061875 0,247502
выступают 3,624341 3,624341
политика 1,576648 1,576648
уточняется 3,218876 3,218876
грозит 3,064725 3,064725
надеется 3,912023 3,912023
разговор 1,791759 7,167038
водой 0,061875 0,061875
насколько 3,624341 3,624341
технологиймини 0,000000 0,000000
экс 2,066196 6,198589
взаимной 5,010635 5,010635
оценивайте 0,047791 0,047791
исследований 3,624341 3,624341
уиткоффом 5,010635 5,010635
двусторонних 3,912023 7,824046
назвал 1,347074 1,347074
силой 3,401197 3,401197
конфиденциальности 0,047791 0,047791
мир 0,000000 0,000000
связи 2,120264 2,120264
движутся 5,010635 5,010635
конференцией 4,317488 4,317488
нажмите 0,000000 0,000000
получайте 0,047791 0,047791
опроверг 3,912023 3,912023
рычаги 5,010635 5,010635
дневное 3,401197 3,401197
уточнил 3,401197 6,802395
погружайтесь 0,047791 0,047791
посредника 5,010635 5,010635
худшему 4,317488 4,317488
бывший 0,000000 0,000000
время 0,762140 4,572840
проблемы 0,076161 0,076161
майк 3,218876 3,218876
накапливайте 0,047791 0,047791
телефонного 2,066196 2,066196
национальной 2,813411 2,813411
страхе 3,624341 3,624341
ооо 0,000000 0,000000
деактивирована 0,013423 0,013423
путешествия 0,000000 0,000000
отменить 3,064725 3,064725
отдела 0,579818 0,579818
часов 1,643339 3,286679
обсудят 5,010635 5,010635
восстановления 3,912023 3,912023
сценарию 5,010635 5,010635
ситуацию 2,931194 5,862388
ситуация 2,931194 2,931194
согласовать 4,317488 4,317488
дневном 4,317488 4,317488
бывшие 3,912023 3,912023
территории 1,919593 1,919593
также 0,762140 4,572840
структуры 0,000000 0,000000
индии 0,076161 0,076161
призвал 2,931194 2,931194
хочешь 0,013423 0,013423
обсуждать 3,218876 3,218876
нашли 0,000000 0,000000
пляжных 0,097980 0,097980
трамппрезидент 4,317488 4,317488
территорий 3,401197 3,401197
дмитрий 2,371578 2,371578
обычную 0,013423 0,013423
украине 1,139434 5,697171
вывода 5,010635 5,010635
последствия 2,371578 4,743156
реанимации 3,401197 6,802395
внешность 0,097980 0,097980
научный 3,624341 3,624341
киевом 3,624341 3,624341
украину 2,302585 2,302585
зыков 5,010635 5,010635
безоговорочные 5,010635 5,010635
украинском 0,076161 0,076161
света 0,054808 0,054808
кремля 3,401197 13,604790
украины 1,021651 3,064954
курской 1,832581 1,832581
американцы 3,912023 3,912023
подписания 4,317488 8,634976
сюжетпресс 4,317488 4,317488
галереи 0,000000 0,000000
европейцы 4,317488 4,317488
белоусов 0,076161 0,076161
судить 3,624341 3,624341
однако 1,249435 2,498870
условиями 0,040822 0,081644
киеве 2,813411 2,813411
путину 3,401197 3,401197
подробности 2,238047 4,476093
преждевременно 4,317488 4,317488
последствиями 3,912023 3,912023
дональд 2,238047 2,238047
атомной 3,401197 3,401197
безопаснее 5,010635 5,010635
читайте 0,040822 0,040822
получил 2,120264 2,120264
заголовком 4,317488 4,317488
стороны 1,643339 1,643339
киеву 2,931194 2,931194
байконур 0,097980 0,097980
получит 2,813411 2,813411
редакциярекламаконтактыпресс 0,000000 0,000000
ближайшие 3,064725 3,064725
всей 2,238047 2,238047
совет 3,064725 3,064725
видео 0,000000 0,000000
польша 4,317488 4,317488
трампом 2,525729 2,525729
мера 5,010635 5,010635
помощи 2,302585 2,302585
президентам 5,010635 5,010635
путина 1,514128 25,740171
газеты 3,624341 3,624341
последние 0,090654 0,090654
вовсе 3,401197 3,401197
журналист 2,931194 2,931194
предрекли 0,076161 0,076161
ялтинской 4,317488 4,317488
момент 1,714798 1,714798
говорится 3,064725 3,064725
обсудить 0,456758 1,370275
некоторые 2,445686 4,891372
владимира 2,445686 7,337058
архив 0,000000 0,000000
части 2,014903 2,014903
некая 4,317488 4,317488
константин 2,813411 5,626821
сможет 2,445686 2,445686
сша 0,040822 0,612330
лидер 1,919593 1,919593
всеполитикаобществопроисшествияконфликтыпреступность 2,014903 2,014903
карпентер 5,010635 5,010635
названы 2,445686 2,445686
среда 0,000000 0,000000
сравнив 5,010635 5,010635
говорить 3,064725 6,129450
раскрытии 0,076161 0,076161
офиса 4,317488 4,317488
байдена 3,401197 3,401197
администрации 3,624341 3,624341
скидки 0,047791 0,047791
латвия 4,317488 4,317488
субконтинента 5,010635 5,010635
эксклюзивы 0,000000 0,000000
российском 0,076161 0,076161
выражайте 0,047791 0,047791
чиновник 3,624341 3,624341
пояснил 2,931194 2,931194
секрет 2,612740 2,612740
личную 3,218876 6,437752
потребовалось 3,912023 3,912023
москву 2,120264 2,120264
конфликте 0,076161 0,076161
продолжая 0,047791 0,047791
опыт 3,218876 3,218876
конфликта 1,919593 1,919593
лентой 2,371578 2,371578
большое 2,813411 2,813411
должен 2,371578 2,371578
стратегическую 4,317488 4,317488
будут 1,919593 1,919593
конференция 3,912023 7,824046
конфиденциальностиправила 0,000000 0,000000
промежуточный 4,317488 4,317488
бонусы 0,047791 0,095581
москвы 1,832581 3,665163
политикой 0,047791 0,047791
лица 2,612740 2,612740
наоборот 2,813411 2,813411
высокопоставленный 4,317488 4,317488
жильцы 0,076161 0,076161
архитектуре 5,010635 5,010635
жизни 0,000000 0,000000
операции 1,714798 1,714798
скором 3,624341 3,624341
контингента 4,317488 4,317488
отошли 4,317488 4,317488
системы 2,525729 2,525729
траектория 3,912023 3,912023
возможно 2,813411 5,626821
раскрыл 2,177422 2,177422
наших 2,708050 5,416100
дональда 2,177422 2,177422
жду 5,010635 5,010635
туристку 0,076161 0,076161
это 0,020203 0,060608
подготовки 3,064725 3,064725
две 0,033902 0,033902
вашингтон 2,813411 2,813411
мотор 0,000000 0,000000
обменивайте 0,047791 0,047791
действовали 3,064725 3,064725
оперативной 2,177422 2,177422
похожее 3,912023 3,912023
соединенные 5,010635 5,010635
шансы 5,010635 10,021271
диктатором 4,317488 4,317488
опасной 3,401197 3,401197
новости 0,000000 0,000000
ссора 3,912023 3,912023
разговора 1,609438 9,656627
войти 0,000000 0,000000
хорошие 0,013423 0,026846
сообща 5,010635 5,010635
очной 5,010635 5,010635
финляндия 5,010635 5,010635
отключены 1,576648 1,576648
беседы 2,813411 8,440232
медитации 0,076161 0,076161
дипломат 3,912023 3,912023
недели 2,525729 2,525729
неделе 3,064725 3,064725
мира 1,576648 1,576648
рекомендовали 4,317488 4,317488
уход 0,076161 0,076161
нечто 3,912023 3,912023
почему 0,899761 2,699284
покажет 4,317488 4,317488
невысокие 5,010635 5,010635
прибыл 0,083382 0,083382
играть 4,317488 4,317488
нормализацией 5,010635 5,010635
области 1,399717 1,399717
спецпроекты 0,000000 0,000000
столицах 3,912023 3,912023
разрушительными 5,010635 5,010635
ошибку 3,912023 3,912023
ялтинский 4,317488 4,317488
путин 1,203973 4,815891
режимов 5,010635 5,010635
путиным 1,966113 3,932226
игры 0,000000 0,000000
возможные 3,912023 11,736069
февраля 1,272966 1,272966
техника 0,000000 0,000000
ссср 0,000000 0,000000
обязательным 4,317488 4,317488
достичь 3,064725 3,064725
трампа 0,054808 0,822124
вступления 4,317488 4,317488
пытается 2,177422 2,177422
идти 2,813411 2,813411
германии 2,177422 2,177422
дел 3,064725 3,064725
вопрос 1,832581 3,665163
отвел 0,076161 0,076161
марта 0,040822 0,163288
главное 0,000000 0,000000
юлиан 5,010635 10,021271
американист 4,317488 8,634976
анналена 5,010635 5,010635
реакций 0,047791 0,047791
летнего 0,097980 0,097980
издание 2,445686 2,445686
полагает 2,931194 5,862388
настроения 3,912023 3,912023
реакции 0,047791 0,047791
находятся 2,708050 2,708050
мини 0,000000 0,000000
джо 3,624341 3,624341
напомнил 2,813411 2,813411
европейских 3,064725 6,129450
беседе 2,445686 2,445686
изнасиловал 0,076161 0,076161
трампу 2,612740 2,612740
вечером 3,064725 3,064725
стоит 1,791759 1,791759
беседа 3,401197 3,401197
советов 5,010635 5,010635
зеленского 0,068993 0,206979
добавил 2,445686 4,891372
лента 0,000000 0,000000
главы 2,302585 2,302585
урегулированию 2,708050 2,708050
блохинполитолог 5,010635 5,010635
вести 2,708050 2,708050
диалог 3,064725 3,064725
спорт 0,000000 0,000000
прошлой 3,912023 3,912023
ряд 2,813411 2,813411
франция 5,010635 5,010635
споры 0,097980 0,097980
переговорами 4,317488 4,317488
военной 0,061875 0,061875
темой 3,912023 3,912023
четыре 0,040822 0,040822
значимости 3,218876 3,218876
заверил 3,624341 3,624341
жми 0,013423 0,013423
роли 3,401197 3,401197
определяться 3,624341 3,624341
урегулировании 3,912023 3,912023
спецпредставителем 5,010635 5,010635
ссылкой 3,064725 3,064725
глава 1,643339 1,643339
намерены 4,317488 4,317488
высказался 3,218876 3,218876
ленту 0,013423 0,013423
затопленного 0,076161 0,076161
состоится 3,064725 9,194175
вызывают 5,010635 5,010635
пресс 2,708050 5,416100
россии 0,425668 2,979675
применения 0,000000 0,000000
анастасия 3,401197 3,401197
обитания 0,000000 0,000000
сделал 2,120264 2,120264
ожидания 3,624341 3,624341
наша 3,912023 3,912023
потенциально 5,010635 5,010635
ценности 0,000000 0,000000
многом 3,912023 3,912023
телефонными 5,010635 5,010635
важно 2,302585 2,302585
выступление 3,624341 3,624341
песков 3,218876 9,656627
материалам 0,047791 0,047791
сайта 5,010635 5,010635
известно 1,297063 1,297063
запорожской 3,401197 3,401197
нашего 4,317488 4,317488
вернуться 0,013423 0,013423
имеют 2,931194 2,931194
ваши 0,047791 0,047791
западе 2,612740 2,612740
очередь 2,177422 4,354844
российским 0,076161 0,152323
опасения 3,624341 7,248682
улучшит 5,010635 5,010635
оставить 3,401197 3,401197
кирилл 2,931194 2,931194
российский 1,484275 1,484275
ран 3,218876 3,218876
президента 1,455287 5,821149
нормализация 4,317488 4,317488
итогам 2,813411 5,626821
нормализацию 5,010635 5,010635
версию 3,912023 3,912023
совпадают 4,317488 4,317488
интернет 0,000000 0,000000
россия 0,000000 0,000000
обратился 0,076161 0,076161
рано 3,401197 3,401197
считает 2,445686 4,891372
свой 2,177422 2,177422
коллегой 2,525729 2,525729
лидера 2,302585 2,302585
свои 0,027029 0,027029
европы 2,445686 9,782744
фрид 5,010635 5,010635
репке 5,010635 5,010635
тревожные 4,317488 8,634976
президенты 2,931194 2,931194
эйфория 5,010635 5,010635
телефонных 3,218876 3,218876
американского 2,177422 2,177422
гид 0,076161 0,076161
оружия 2,813411 5,626821
европе 2,813411 11,253643
лидером 2,813411 2,813411
уволит 0,076161 0,076161
убедить 3,624341 3,624341
дома 0,061875 0,061875
великие 4,317488 4,317488
американский 0,061875 0,061875
телефонный 2,525729 5,051457
пола 0,097980 0,097980
американским 3,064725 3,064725
проиграет 3,218876 3,218876
связей 4,317488 4,317488
прекращении 2,238047 4,476093
диалога 3,912023 3,912023
прекращение 2,813411 8,440232
представитель 2,120264 8,481054
сотрудник 2,813411 5,626821
отношения 2,525729 5,051457
ялтинская 5,010635 5,010635
называет 3,624341 3,624341
зеленский 1,714798 3,429597
двух 1,678431 1,678431
чиновники 4,317488 4,317488
европа 2,525729 5,051457
собственный 4,317488 4,317488
эмоции 0,047791 0,047791
зеленским 0,076161 0,076161
озвученные 5,010635 5,010635
итоги 2,612740 2,612740
числе 1,714798 3,429597
пока 1,678431 3,356862
электростанцией 3,624341 3,624341
блохин 4,317488 4,317488
двум 0,076161 0,152323
вызвала 0,097980 0,097980
сети 0,090654 0,090654
лидеров 2,708050 5,416100
американские 2,931194 2,931194
военнослужащим 0,076161 0,076161
контроль 2,445686 2,445686
черты 4,317488 4,317488
контроля 2,371578 2,371578
украинскому 3,401197 3,401197
московскому 3,218876 3,218876
звонка 3,218876 3,218876
материалы 0,000000 0,000000
ущерб 3,912023 3,912023
российского 1,484275 1,484275
эксперт 2,371578 2,371578
депутат 0,076161 0,076161
будущие 4,317488 4,317488
прогресс 0,097980 0,097980
статье 2,813411 2,813411
статьи 0,000000 0,000000
согласиться 3,064725 6,129450
россией 2,120264 4,240527
позиции 2,302585 2,302585
пути 2,445686 2,445686
брать 3,064725 3,064725
форме 0,061875 0,061875
временем 3,218876 3,218876
материале 2,120264 2,120264
намного 4,317488 8,634976
культура 0,000000 0,000000
венгрии 3,912023 3,912023
силовые 0,000000 0,000000
несмотря 2,120264 2,120264
нато 3,624341 3,624341
великобритания 4,317488 4,317488
дня 0,061875 0,061875
ясно 4,317488 4,317488
нетерпением 5,010635 5,010635
условием 4,317488 8,634976
отношений 2,708050 18,956351
обо 3,912023 3,912023
обеспокоены 4,317488 4,317488
темы 3,624341 3,624341
временной 5,010635 5,010635
вторник 3,218876 6,437752
зависит 3,064725 6,129450
наш 3,064725 3,064725
редактор 0,567984 0,567984
позволяет 2,612740 2,612740
сотрудников 0,076161 0,076161
теме 1,514128 1,514128
комментарии 1,484275 1,484275
сил 1,791759 1,791759
дней 1,791759 1,791759
начались 0,068993 0,068993
петер 5,010635 5,010635
царят 5,010635 5,010635
следить 3,401197 3,401197
передать 3,401197 3,401197
дали 2,525729 2,525729
вооруженных 2,014903 2,014903
рекомендательных 0,000000 0,000000
фактически 3,401197 3,401197
разных 2,445686 2,445686
смотрит 5,010635 5,010635
работает 0,040822 0,040822
новая 2,612740 2,612740
увлекательные 0,047791 0,047791
риа 1,272966 1,272966
посланником 5,010635 5,010635
дэниел 5,010635 5,010635
инициативе 5,010635 5,010635
переговоры 0,054808 0,219233
будущее 2,612740 5,225480
времени 1,919593 1,919593
различных 3,624341 3,624341
маккартни 0,097980 0,097980
эстония 5,010635 5,010635
контролем 4,317488 4,317488
министр 2,612740 2,612740
уступки 4,317488 4,317488
совета 2,445686 2,445686
забота 0,000000 0,000000
сбер 0,040822 0,040822
является 1,966113 1,966113
пожаловать 0,013423 0,013423
использованияполитика 0,000000 0,000000
вопросов 3,064725 6,129450
которые 1,181994 1,181994
ведущий 3,401197 3,401197
трамп 1,484275 13,358473
который 1,272966 1,272966
поэтому 1,966113 1,966113
дрожит 3,064725 6,129450
звонок 3,912023 3,912023
крупный 0,068993 0,068993
никаких 2,813411 2,813411
волова 4,317488 4,317488
регионам 0,076161 0,076161
знает 2,612740 2,612740
крупным 0,076161 0,076161
идем 4,317488 4,317488
территориями 3,912023 3,912023
предстоящих 5,010635 10,021271
призвала 3,401197 3,401197
разговором 3,624341 7,248682
победа 0,000000 0,000000
предстоящий 5,010635 5,010635
остались 0,061875 0,061875
агентства 3,401197 3,401197
договариваются 4,317488 4,317488
репкежурналист 5,010635 5,010635
президент 1,347074 2,694147
предстоящие 4,317488 8,634976
считают 3,064725 3,064725
штаты 4,317488 4,317488
поставок 5,010635 10,021271
минченко 4,317488 8,634976
опечатку 0,000000 0,000000
сразу 2,066196 2,066196
сми 0,000000 0,000000
ожидается 4,317488 8,634976
президентов 2,708050 5,416100
вместе 1,514128 3,028255
международных 3,218876 3,218876
рады 0,068993 0,068993
пескова 5,010635 5,010635
несколько 1,347074 4,041221
стран 2,302585 2,302585
собой 2,014903 2,014903
место 0,054808 0,054808
развития 2,612740 2,612740
акции 0,047791 0,047791
соглашения 3,218876 6,437752
регион 4,317488 4,317488
предварительным 5,010635 5,010635
мс 0,097980 0,097980
решение 2,302585 2,302585
определят 5,010635 5,010635
москвой 3,218876 3,218876
державы 3,912023 3,912023
расширения 5,010635 5,010635
стивом 5,010635 5,010635
действительно 2,612740 2,612740
экономика 0,000000 0,000000
успеха 2,525729 2,525729
центра 2,708050 2,708050
широких 5,010635 5,010635
слушать 3,912023 3,912023
влияния 2,302585 2,302585
дипломаты 5,010635 10,021271
запросами 5,010635 5,010635
проблем 2,445686 2,445686
внешнеэкономических 5,010635 5,010635
украинского 2,445686 2,445686
пишет 2,371578 2,371578
госдепа 5,010635 5,010635
евгений 3,218876 3,218876
количество 1,966113 1,966113
источники 4,317488 4,317488
владимир 1,373049 1,373049
либо 1,919593 1,919593
будущая 4,317488 4,317488
опасается 3,624341 3,624341
переговоров 1,714798 12,003589
реальный 0,013423 0,013423
безопасности 2,177422 8,709688
допустил 3,401197 3,401197
политолог 3,064725 6,129450
правды 0,068993 0,068993
тысячи 0,068993 0,068993
исторический 3,912023 3,912023
официальный 3,064725 12,258901
официальные 3,912023 3,912023
избегать 3,401197 3,401197
хочет 1,966113 3,932226
предрек 0,076161 0,076161
встречу 4,317488 8,634976
бербок 3,401197 3,401197
заэс 3,624341 7,248682
городе 0,061875 0,061875
огня 1,678431 5,035292
готовятся 3,624341 3,624341
года 0,899761 0,899761
информации 1,919593 1,919593
границы 3,218876 3,218876
заявило 3,218876 3,218876
следует 2,302585 2,302585
уровнях 3,912023 3,912023
встрече 2,813411 2,813411
заявили 0,076161 0,228484
встречи 2,525729 5,051457
покажут 5,010635 5,010635
обязательств 5,010635 5,010635
оценили 2,525729 2,525729
заявила 2,612740 2,612740
вся 2,612740 2,612740
видеть 0,013423 0,013423
очень 1,347074 2,694147
первоначальное 5,010635 5,010635
наука 0,000000 0,000000
какое 2,612740 2,612740
предстоит 3,624341 3,624341
