перемирии 0,076161 0,076161
партнером 4,317488 4,317488
ру 0,000000 0,000000
нелегальным 5,010635 5,010635
агасси 5,010635 5,010635
банк 0,076161 0,076161
девять 3,064725 3,064725
зенитом 5,010635 10,021271
новые 0,000000 0,000000
рпл 3,624341 32,619068
фетисов 5,010635 5,010635
пояс 4,317488 4,317488
вызов 4,317488 8,634976
оценил 2,612740 13,063700
стал 1,203973 8,427810
теннис 5,010635 5,010635
окр 5,010635 5,010635
адмирал 4,317488 4,317488
уайлдера 5,010635 5,010635
гагарина 3,401197 13,604790
ответили 2,708050 2,708050
выиграл 5,010635 5,010635
формулы 4,317488 4,317488
скандального 5,010635 5,010635
финский 5,010635 5,010635
побеждал 5,010635 5,010635
согласие 0,047791 0,047791
добро 0,013423 0,013423
выражаете 0,047791 0,047791
звездами 4,317488 4,317488
декабря 2,120264 2,120264
сиэтл 4,317488 4,317488
воду 3,401197 3,401197
помощью 0,047791 0,047791
заявление 2,445686 2,445686
карпин 5,010635 5,010635
первой 2,612740 2,612740
позор 5,010635 5,010635
добра 0,013423 0,026846
обыграть 5,010635 5,010635
иностранные 3,064725 3,064725
возможном 3,912023 3,912023
реклама 3,064725 3,064725
вашингтона 2,813411 2,813411
фото 0,061875 0,185626
гладиатор 5,010635 5,010635
лет 0,967584 5,805504
альтернативное 5,010635 5,010635
й 2,612740 2,612740
появилась 2,445686 2,445686
похудеть 4,317488 4,317488
узнал 3,218876 3,218876
иностранный 3,912023 3,912023
водой 0,061875 0,061875
белоруссии 3,218876 3,218876
технологиймини 0,000000 0,000000
положительный 5,010635 5,010635
экс 2,066196 2,066196
оценивайте 0,047791 0,047791
обвинения 3,624341 3,624341
звезд 3,064725 3,064725
металлург 4,317488 4,317488
главные 2,371578 2,371578
назван 2,931194 2,931194
удары 2,931194 2,931194
назвал 1,347074 2,694147
согласовании 5,010635 5,010635
владелец 3,624341 3,624341
времен 3,218876 3,218876
кулачника 5,010635 5,010635
тарасовой 5,010635 5,010635
победным 5,010635 5,010635
конфиденциальности 0,047791 0,047791
войной 3,624341 3,624341
драку 3,624341 3,624341
гашек 5,010635 5,010635
мир 0,000000 0,000000
победный 5,010635 5,010635
отметился 5,010635 5,010635
бойца 3,064725 3,064725
нажмите 0,000000 0,000000
месси 5,010635 5,010635
русский 3,624341 3,624341
получайте 0,047791 0,047791
хабиб 5,010635 5,010635
своем 1,919593 1,919593
устроил 3,624341 3,624341
легионер 5,010635 5,010635
миннесота 4,317488 4,317488
погружайтесь 0,047791 0,047791
бывший 0,000000 0,000000
время 0,762140 0,762140
проблемы 0,076161 0,076161
малыхин 5,010635 5,010635
накапливайте 0,047791 0,047791
расистский 5,010635 5,010635
третьего 4,317488 4,317488
ооо 0,000000 0,000000
деактивирована 0,013423 0,013423
путешествия 0,000000 0,000000
часов 1,643339 1,643339
федотовым 5,010635 5,010635
фк 5,010635 5,010635
главный 2,708050 2,708050
главных 2,445686 2,445686
резко 2,371578 2,371578
стрейзанд 5,010635 5,010635
гренады 5,010635 5,010635
структуры 0,000000 0,000000
сборную 5,010635 10,021271
индии 0,076161 0,076161
наборе 5,010635 5,010635
призвал 2,931194 2,931194
убили 3,401197 3,401197
хочешь 0,013423 0,013423
нашли 0,000000 0,000000
заработала 5,010635 5,010635
пляжных 0,097980 0,097980
одной 1,514128 3,028255
набора 4,317488 4,317488
майами 5,010635 5,010635
погибнуть 4,317488 4,317488
килограммовый 5,010635 5,010635
обычную 0,013423 0,013423
шарапова 5,010635 5,010635
иваном 5,010635 5,010635
внешность 0,097980 0,097980
могу 2,525729 2,525729
дзюбы 5,010635 10,021271
коллекционных 5,010635 5,010635
степень 4,317488 4,317488
попросил 2,931194 2,931194
видылетние 4,317488 4,317488
первую 2,238047 2,238047
украинском 0,076161 0,076161
света 0,054808 0,054808
уродливый 5,010635 5,010635
украины 1,021651 1,021651
ирландский 5,010635 5,010635
алкоголизм 5,010635 5,010635
колорадо 4,317488 4,317488
соперников 5,010635 5,010635
русских 3,218876 3,218876
прокомментировал 3,064725 3,064725
галереи 0,000000 0,000000
белоусов 0,076161 0,076161
цыган 5,010635 5,010635
выигрыш 5,010635 5,010635
мышечной 5,010635 5,010635
подмосковье 3,064725 3,064725
похорон 3,624341 3,624341
рфс 5,010635 15,031906
условиями 0,040822 0,081644
олимпийский 5,010635 5,010635
спорта 3,912023 3,912023
макаку 5,010635 5,010635
победу 3,401197 6,802395
игр 4,317488 4,317488
клубов 4,317488 4,317488
читайте 0,040822 0,040822
италии 3,218876 3,218876
обвинившему 5,010635 5,010635
дзюба 5,010635 5,010635
шпагат 4,317488 4,317488
получил 2,120264 2,120264
стороны 1,643339 1,643339
обыграла 5,010635 5,010635
байконур 0,097980 0,097980
пловчиха 5,010635 5,010635
редакциярекламаконтактыпресс 0,000000 0,000000
премиальных 4,317488 4,317488
попадались 5,010635 5,010635
всем 1,966113 1,966113
оскорблении 5,010635 5,010635
видео 0,000000 0,000000
сексуальном 5,010635 5,010635
поддержку 2,813411 2,813411
спортсменку 5,010635 5,010635
олимпийских 5,010635 5,010635
отстранение 5,010635 5,010635
минуту 3,624341 3,624341
школьных 5,010635 5,010635
товарищеском 5,010635 5,010635
самолета 3,218876 3,218876
россиянки 2,525729 2,525729
болгарский 5,010635 5,010635
жесткого 5,010635 5,010635
жестким 4,317488 4,317488
путина 1,514128 7,570639
миранчука 5,010635 5,010635
локомотив 4,317488 4,317488
нему 3,218876 3,218876
россиянка 2,612740 7,838220
забрал 3,912023 3,912023
последние 0,090654 0,181309
лету 5,010635 5,010635
спортсменка 5,010635 5,010635
предрекли 0,076161 0,076161
мок 5,010635 10,021271
хэмилтона 5,010635 5,010635
летняя 2,177422 4,354844
топе 4,317488 4,317488
обвинил 3,624341 3,624341
архив 0,000000 0,000000
свифт 5,010635 5,010635
американцев 4,317488 4,317488
триумф 4,317488 8,634976
борис 3,401197 3,401197
участием 3,401197 3,401197
сша 0,040822 0,326576
русского 3,912023 3,912023
спортивное 5,010635 5,010635
выше 3,064725 3,064725
перемен 4,317488 4,317488
спортивной 5,010635 5,010635
наказывали 4,317488 4,317488
названы 2,445686 4,891372
среда 0,000000 0,000000
андре 5,010635 5,010635
канала 3,401197 3,401197
самая 2,238047 2,238047
старейшим 5,010635 5,010635
фаната 5,010635 5,010635
андреева 3,912023 15,648092
раскрытии 0,076161 0,076161
сравнил 3,912023 7,824046
среди 1,714798 1,714798
игроком 5,010635 5,010635
скидки 0,047791 0,047791
хоккейные 3,401197 3,401197
хоккейный 5,010635 10,021271
эксклюзивы 0,000000 0,000000
российском 0,076161 0,076161
выражайте 0,047791 0,047791
мэйпл 4,317488 4,317488
фьюри 5,010635 5,010635
швейцарии 5,010635 5,010635
конфликте 0,076161 0,076161
названа 2,931194 2,931194
скандал 4,317488 4,317488
продолжая 0,047791 0,047791
проиграл 3,912023 3,912023
рынок 2,177422 2,177422
молчания 5,010635 5,010635
лучшим 3,064725 6,129450
должен 2,371578 2,371578
пожаловалась 4,317488 4,317488
деньги 2,014903 2,014903
минировании 5,010635 5,010635
игрока 4,317488 8,634976
хочу 2,813411 2,813411
команды 3,218876 3,218876
матча 5,010635 10,021271
выступят 5,010635 5,010635
конфиденциальностиправила 0,000000 0,000000
зенит 4,317488 12,952464
лучших 2,931194 2,931194
маленькую 3,912023 3,912023
эвеланш 4,317488 4,317488
бонусы 0,047791 0,095581
политикой 0,047791 0,047791
раскритиковал 4,317488 4,317488
смолов 5,010635 5,010635
матчи 3,401197 3,401197
расизме 5,010635 5,010635
чемпиона 5,010635 5,010635
возвращении 3,064725 3,064725
матче 5,010635 30,063812
жильцы 0,076161 0,076161
века 2,813411 2,813411
жизни 0,000000 0,000000
сын 2,525729 2,525729
мск 3,912023 11,736069
гретцки 5,010635 10,021271
смерти 2,445686 4,891372
ракетку 5,010635 5,010635
провести 2,931194 14,655969
туристку 0,076161 0,076161
это 0,020203 0,080811
обнаружено 4,317488 4,317488
сезона 3,624341 3,624341
помог 3,401197 3,401197
допуск 5,010635 5,010635
футболистов 4,317488 4,317488
лифс 4,317488 4,317488
две 0,033902 0,033902
кузбасса 5,010635 5,010635
конторам 5,010635 5,010635
вашингтон 2,813411 2,813411
мотор 0,000000 0,000000
обменивайте 0,047791 0,047791
джоковича 5,010635 5,010635
загитова 5,010635 5,010635
тренер 5,010635 15,031906
бокса 4,317488 8,634976
виноват 3,912023 3,912023
жизнь 1,544899 1,544899
шахматам 4,317488 4,317488
миллионы 2,445686 2,445686
новости 0,000000 0,000000
войти 0,000000 0,000000
критике 5,010635 5,010635
боксу 5,010635 5,010635
хорошие 0,013423 0,013423
нхл 3,624341 36,243409
гвинеей 5,010635 5,010635
тенниса 3,624341 3,624341
турнир 5,010635 5,010635
медитации 0,076161 0,076161
призер 5,010635 5,010635
фонбет 4,317488 8,634976
мире 1,919593 3,839186
шестой 5,010635 5,010635
приходили 3,401197 3,401197
мира 1,576648 17,343129
несогласие 5,010635 5,010635
рекордом 5,010635 10,021271
маленького 3,912023 3,912023
массы 4,317488 4,317488
надзирателя 5,010635 5,010635
уход 0,076161 0,076161
почему 0,899761 2,699284
быстрый 5,010635 5,010635
музей 3,624341 3,624341
безумием 5,010635 5,010635
увидел 3,064725 3,064725
футбола 5,010635 5,010635
карьере 4,317488 4,317488
перечислил 3,912023 3,912023
прибыл 0,083382 0,083382
погибших 3,912023 3,912023
голым 3,624341 3,624341
ждать 2,813411 2,813411
спецпроекты 0,000000 0,000000
трансферный 5,010635 5,010635
миранчук 5,010635 5,010635
фигуристов 5,010635 15,031906
сменил 4,317488 4,317488
защитник 4,317488 4,317488
спасский 4,317488 4,317488
игры 0,000000 0,000000
описала 4,317488 4,317488
животом 5,010635 5,010635
карьеру 3,912023 3,912023
ошибке 3,912023 3,912023
февраля 1,272966 11,456691
техника 0,000000 0,000000
ссср 0,000000 0,000000
трампа 0,054808 0,164425
российскую 3,401197 3,401197
инн 3,218876 3,218876
германии 2,177422 2,177422
нашел 2,612740 2,612740
открыть 3,624341 3,624341
завершил 4,317488 4,317488
футболисты 3,624341 14,497364
футболиста 3,401197 3,401197
всефутболбокс 4,317488 4,317488
чемпионы 5,010635 5,010635
международном 5,010635 10,021271
отвел 0,076161 0,076161
переход 3,401197 3,401197
леброн 5,010635 5,010635
марта 0,040822 2,530964
против 1,791759 1,791759
главное 0,000000 0,000000
титул 5,010635 10,021271
усик 5,010635 5,010635
женского 3,401197 3,401197
нового 2,371578 2,371578
фанаты 3,912023 3,912023
бобровского 5,010635 5,010635
реакций 0,047791 0,047791
показала 2,612740 2,612740
летнего 0,097980 0,293941
реакции 0,047791 0,095581
поединок 5,010635 5,010635
мини 0,000000 0,000000
неделю 3,401197 3,401197
изнасиловал 0,076161 0,076161
научную 5,010635 5,010635
величайший 5,010635 5,010635
самым 1,966113 1,966113
вратарей 5,010635 5,010635
титула 5,010635 5,010635
вратарем 5,010635 5,010635
охваченной 5,010635 5,010635
самые 1,832581 3,665163
зеленского 0,068993 0,068993
победой 4,317488 4,317488
отобрал 5,010635 5,010635
лента 0,000000 0,000000
грузии 3,912023 3,912023
балтика 5,010635 5,010635
поддержал 2,525729 2,525729
спорт 0,000000 0,000000
двухметровый 3,912023 3,912023
месяц 2,525729 5,051457
споры 0,097980 0,097980
свидетельство 4,317488 4,317488
военной 0,061875 0,061875
четыре 0,040822 0,122466
подорожавшие 3,624341 3,624341
захотел 3,912023 3,912023
главе 3,218876 3,218876
жми 0,013423 0,013423
бегун 5,010635 5,010635
правила 2,813411 2,813411
стало 1,181994 2,363988
бегут 4,317488 4,317488
сирии 4,317488 4,317488
отовсюду 5,010635 5,010635
легенду 5,010635 5,010635
установил 5,010635 5,010635
критикой 5,010635 5,010635
заряжен 5,010635 5,010635
глава 1,643339 8,216697
высказался 3,218876 6,437752
принял 2,931194 2,931194
гимнастике 5,010635 5,010635
ленту 0,013423 0,013423
понимала 5,010635 5,010635
стала 1,576648 6,306592
известные 4,317488 4,317488
затопленного 0,076161 0,076161
спартака 5,010635 25,053176
нурмагомедов 5,010635 5,010635
толстый 5,010635 5,010635
борту 3,401197 3,401197
стали 1,514128 1,514128
украинская 2,612740 2,612740
кхл 3,624341 21,746046
грубым 5,010635 5,010635
россии 0,425668 5,959349
применения 0,000000 0,000000
лишился 2,931194 2,931194
фитнес 3,624341 7,248682
организовать 3,624341 3,624341
увлечении 5,010635 5,010635
обитания 0,000000 0,000000
сделал 2,120264 2,120264
ценности 0,000000 0,000000
спортивные 4,317488 8,634976
игрок 5,010635 5,010635
океаном 5,010635 5,010635
рублей 1,514128 4,542383
кракен 3,912023 3,912023
парень 3,624341 10,873023
насилии 4,317488 4,317488
материалам 0,047791 0,047791
российские 1,678431 1,678431
фермера 5,010635 5,010635
известно 1,297063 2,594126
мужчин 2,371578 2,371578
дата 3,064725 3,064725
впервые 1,919593 3,839186
лучшую 5,010635 5,010635
вернуться 0,013423 0,013423
ваши 0,047791 0,047791
российским 0,076161 0,076161
чемпионат 3,912023 15,648092
теннисистка 5,010635 15,031906
устроили 3,218876 3,218876
российский 1,484275 1,484275
выступления 3,218876 3,218876
зенита 4,317488 12,952464
загитовой 5,010635 5,010635
международную 5,010635 5,010635
факел 4,317488 4,317488
регулярный 3,912023 7,824046
философии 5,010635 5,010635
интернет 0,000000 0,000000
россия 0,000000 0,000000
тест 4,317488 4,317488
россию 1,609438 3,218876
андреевой 5,010635 5,010635
обратился 0,076161 0,076161
скандировали 5,010635 5,010635
рекорд 3,912023 3,912023
пошутил 3,912023 3,912023
доктора 3,912023 3,912023
свои 0,027029 0,027029
болельщики 5,010635 5,010635
европы 2,445686 2,445686
кролика 5,010635 5,010635
января 1,791759 16,125835
рассказала 1,919593 3,839186
зарплату 3,912023 3,912023
массовую 3,401197 3,401197
популярным 4,317488 4,317488
лысый 5,010635 5,010635
спартаком 5,010635 5,010635
гид 0,076161 0,076161
мельдония 5,010635 5,010635
явились 5,010635 5,010635
овечкина 4,317488 12,952464
сообщении 4,317488 4,317488
уволит 0,076161 0,076161
непредсказуем 5,010635 5,010635
дома 0,061875 0,123751
гендерном 5,010635 5,010635
американский 0,061875 0,061875
пола 0,097980 0,097980
промес 5,010635 5,010635
турнире 5,010635 20,042541
гимнасты 5,010635 5,010635
мирра 3,912023 3,912023
хоккеиста 5,010635 10,021271
забыл 3,912023 3,912023
адрес 3,218876 3,218876
обладатель 5,010635 5,010635
перейры 5,010635 5,010635
обладателя 3,912023 7,824046
кличко 5,010635 5,010635
завтра 3,401197 6,802395
первого 2,612740 2,612740
ракетки 5,010635 5,010635
эмоции 0,047791 0,047791
отреагировала 5,010635 10,021271
зеленским 0,076161 0,076161
ислам 5,010635 5,010635
наказание 3,912023 3,912023
отреагировал 2,612740 2,612740
двум 0,076161 0,076161
великобританией 5,010635 5,010635
теннисистку 5,010635 5,010635
период 2,120264 2,120264
самого 2,525729 2,525729
вызвала 0,097980 0,097980
кубка 3,912023 15,648092
клуб 3,624341 7,248682
поцелуй 5,010635 5,010635
пробе 5,010635 5,010635
сети 0,090654 0,090654
миллионов 1,791759 1,791759
военнослужащим 0,076161 0,076161
волейболу 5,010635 5,010635
расторг 5,010635 5,010635
причина 2,445686 2,445686
фортуна 4,317488 4,317488
отреагировали 2,238047 2,238047
умер 2,708050 5,416100
подешевевшие 3,624341 3,624341
тренеров 4,317488 4,317488
весело 4,317488 4,317488
чемпионата 5,010635 5,010635
тарасова 5,010635 5,010635
кубке 5,010635 5,010635
ростов 5,010635 5,010635
материалы 0,000000 0,000000
объяснил 2,120264 2,120264
путь 2,931194 2,931194
теннисисток 3,912023 3,912023
российского 1,484275 1,484275
теннисистом 5,010635 5,010635
краснодар 4,317488 4,317488
медали 3,912023 3,912023
депутат 0,076161 0,076161
букмекеров 5,010635 5,010635
прогресс 0,097980 0,097980
победил 3,912023 7,824046
статьи 0,000000 0,000000
старше 3,401197 3,401197
соперника 5,010635 5,010635
малкин 5,010635 5,010635
кубку 5,010635 5,010635
россией 2,120264 6,360791
бивол 5,010635 5,010635
форме 0,061875 0,061875
торонто 4,317488 4,317488
культура 0,000000 0,000000
разбившегося 5,010635 5,010635
силовые 0,000000 0,000000
видыхоккейавтоолимпиадазож 4,317488 4,317488
тысяч 1,427116 1,427116
дня 0,061875 0,061875
пятым 5,010635 5,010635
бетсити 5,010635 5,010635
отношении 1,791759 3,583519
честь 3,064725 3,064725
любил 3,624341 3,624341
погоне 5,010635 10,021271
покупке 3,624341 3,624341
показательные 5,010635 5,010635
сотрудников 0,076161 0,076161
антирекорд 5,010635 5,010635
наркотики 3,912023 7,824046
пятикратных 5,010635 5,010635
тайсон 5,010635 5,010635
колонии 3,064725 3,064725
губерниев 5,010635 5,010635
начались 0,068993 0,068993
спартак 4,317488 8,634976
мечтать 3,912023 3,912023
забвение 5,010635 5,010635
боксер 4,317488 4,317488
летней 2,708050 2,708050
гол 5,010635 5,010635
рекомендательных 0,000000 0,000000
корте 5,010635 5,010635
ракеткой 5,010635 5,010635
работает 0,040822 0,040822
новая 2,612740 2,612740
увлекательные 0,047791 0,047791
заскучал 5,010635 5,010635
участники 3,218876 3,218876
лигой 5,010635 5,010635
неловко 5,010635 5,010635
сексуальная 3,912023 3,912023
легендой 4,317488 4,317488
цска 4,317488 17,269952
переговоры 0,054808 0,054808
россиян 1,714798 1,714798
бетербиева 5,010635 5,010635
капитаном 5,010635 5,010635
овечкин 5,010635 15,031906
раза 2,525729 2,525729
фразой 3,064725 3,064725
движение 3,064725 3,064725
анкалаев 5,010635 5,010635
маккартни 0,097980 0,097980
десятый 5,010635 5,010635
предложила 3,401197 3,401197
будущем 3,401197 3,401197
контракт 3,912023 3,912023
кузнецов 5,010635 5,010635
забота 0,000000 0,000000
сбер 0,040822 0,040822
матч 5,010635 25,053176
пожаловать 0,013423 0,013423
использованияполитика 0,000000 0,000000
предложили 3,401197 3,401197
скандале 5,010635 5,010635
ммазимние 4,317488 4,317488
трамп 1,484275 1,484275
изображал 5,010635 5,010635
клуба 2,931194 5,862388
звездой 3,912023 11,736069
идею 2,931194 14,655969
интеру 5,010635 5,010635
крупный 0,068993 0,068993
сборы 5,010635 5,010635
ставках 4,317488 4,317488
антон 4,317488 4,317488
регионам 0,076161 0,076161
эстонии 4,317488 4,317488
госизмене 3,624341 3,624341
крупным 0,076161 0,076161
атланту 5,010635 5,010635
смягчить 5,010635 5,010635
бегуном 5,010635 5,010635
победа 0,000000 0,000000
футбольные 5,010635 5,010635
выбирает 4,317488 4,317488
допинг 5,010635 10,021271
судейство 5,010635 5,010635
определились 5,010635 5,010635
поздравил 3,064725 3,064725
побил 5,010635 10,021271
остались 0,061875 0,061875
сегодня 1,643339 3,286679
жена 3,624341 3,624341
президент 1,347074 1,347074
роман 3,218876 3,218876
опечатку 0,000000 0,000000
сми 0,000000 0,000000
создать 2,612740 2,612740
косторная 5,010635 5,010635
интрига 5,010635 5,010635
такое 2,014903 2,014903
мг 4,317488 4,317488
игрокам 5,010635 5,010635
рады 0,068993 0,068993
прожить 5,010635 5,010635
встречал 5,010635 5,010635
таком 2,813411 2,813411
взорвали 3,218876 3,218876
разгорелся 4,317488 4,317488
выступила 3,401197 3,401197
проведет 3,912023 3,912023
место 0,054808 0,109616
акции 0,047791 0,095581
чемпионом 5,010635 5,010635
мс 0,097980 0,097980
бисау 5,010635 5,010635
рассказал 1,272966 3,818897
титулованного 5,010635 5,010635
арену 5,010635 5,010635
хабиба 5,010635 5,010635
живого 4,317488 4,317488
лучшего 5,010635 10,021271
барброй 5,010635 5,010635
сборной 4,317488 17,269952
порога 5,010635 5,010635
абсолютного 3,912023 3,912023
победила 5,010635 5,010635
экономика 0,000000 0,000000
прошел 2,371578 7,114734
махачев 5,010635 5,010635
тренера 5,010635 10,021271
госдуме 3,218876 6,437752
последнюю 5,010635 5,010635
олимпиаду 5,010635 5,010635
передачей 5,010635 5,010635
главная 3,218876 3,218876
история 2,238047 2,238047
ученица 5,010635 5,010635
олимпиады 5,010635 5,010635
минспорта 5,010635 5,010635
голкиперы 5,010635 5,010635
звезда 2,612740 2,612740
обладателем 5,010635 5,010635
гашека 5,010635 5,010635
российская 2,525729 7,577186
подозреваемого 3,912023 3,912023
карпина 5,010635 5,010635
тэйлор 5,010635 5,010635
влияние 2,371578 2,371578
бой 3,401197 3,401197
реальный 0,013423 0,013423
отношениях 3,624341 3,624341
подписал 3,401197 3,401197
чемпион 4,317488 12,952464
джеймс 4,317488 4,317488
голом 5,010635 5,010635
правды 0,068993 0,068993
прыгун 5,010635 5,010635
тысячи 0,068993 0,068993
годами 3,064725 3,064725
возрасте 3,064725 6,129450
выразил 4,317488 4,317488
боя 3,401197 3,401197
официальным 4,317488 4,317488
предрек 0,076161 0,076161
казалось 2,708050 2,708050
стадиона 5,010635 5,010635
голевой 5,010635 5,010635
городе 0,061875 0,061875
возможность 2,066196 2,066196
года 0,899761 2,699284
конюшню 5,010635 5,010635
уайлд 4,317488 4,317488
лыжница 5,010635 5,010635
хоккеист 5,010635 10,021271
главными 3,912023 3,912023
заявили 0,076161 0,076161
информацию 2,612740 2,612740
осужденный 5,010635 5,010635
деревенский 5,010635 10,021271
оценили 2,525729 2,525729
яркие 3,401197 3,401197
бежала 4,317488 4,317488
видеть 0,013423 0,013423
решают 4,317488 4,317488
способ 2,371578 2,371578
миллион 3,064725 3,064725
игроками 3,912023 15,648092
наука 0,000000 0,000000
барыса 5,010635 5,010635
городка 5,010635 5,010635
чемпионов 5,010635 5,010635
проверить 4,317488 4,317488
погиб 3,218876 3,218876
