зеленского 0,068993 0,068993
личным 5,010635 5,010635
перемирии 0,076161 0,076161
ру 0,000000 0,000000
банк 0,076161 0,076161
посчитал 5,010635 5,010635
лента 0,000000 0,000000
главы 2,302585 2,302585
новые 0,000000 0,000000
бундестаге 5,010635 5,010635
сессией 5,010635 5,010635
спорт 0,000000 0,000000
золтан 5,010635 5,010635
споры 0,097980 0,097980
согласие 0,047791 0,047791
добро 0,013423 0,013423
военной 0,061875 0,061875
выражаете 0,047791 0,047791
четыре 0,040822 0,040822
претендовать 5,010635 5,010635
жми 0,013423 0,013423
стало 1,181994 1,181994
поста 3,401197 3,401197
помощью 0,047791 0,047791
мид 3,064725 6,129450
габриелян 3,624341 3,624341
добра 0,013423 0,026846
ленту 0,013423 0,013423
затопленного 0,076161 0,076161
фото 0,061875 0,123751
политика 1,576648 1,576648
водой 0,061875 0,061875
россии 0,425668 0,425668
применения 0,000000 0,000000
технологиймини 0,000000 0,000000
оценивайте 0,047791 0,047791
обитания 0,000000 0,000000
ценности 0,000000 0,000000
унижением 5,010635 10,021271
причинам 5,010635 5,010635
материалам 0,047791 0,047791
известно 1,297063 1,297063
конфиденциальности 0,047791 0,047791
вернуться 0,013423 0,013423
мир 0,000000 0,000000
ваши 0,047791 0,047791
западе 2,612740 5,225480
российским 0,076161 0,076161
нажмите 0,000000 0,000000
получайте 0,047791 0,047791
прав 3,624341 3,624341
га 3,912023 7,824046
своем 1,919593 1,919593
погружайтесь 0,047791 0,047791
человека 2,177422 2,177422
бывший 0,000000 0,000000
проблемы 0,076161 0,076161
накапливайте 0,047791 0,047791
интернет 0,000000 0,000000
россия 0,000000 0,000000
оон 3,218876 12,875503
ооо 0,000000 0,000000
обратился 0,076161 0,076161
деактивирована 0,013423 0,013423
путешествия 0,000000 0,000000
отдела 0,579818 0,579818
свои 0,027029 0,027029
ранее 1,003302 1,003302
также 0,762140 0,762140
представляется 5,010635 5,010635
структуры 0,000000 0,000000
индии 0,076161 0,076161
гид 0,076161 0,076161
хочешь 0,013423 0,013423
странным 5,010635 5,010635
нашли 0,000000 0,000000
пляжных 0,097980 0,097980
одной 1,514128 3,028255
уволит 0,076161 0,076161
дома 0,061875 0,061875
выдвижение 5,010635 5,010635
американский 0,061875 0,061875
обычную 0,013423 0,013423
пола 0,097980 0,097980
внешность 0,097980 0,097980
представитель 2,120264 2,120264
украинском 0,076161 0,076161
света 0,054808 0,054808
указала 3,624341 3,624341
галереи 0,000000 0,000000
белоусов 0,076161 0,076161
эмоции 0,047791 0,047791
зеленским 0,076161 0,076161
условиями 0,040822 0,081644
двум 0,076161 0,076161
вызвала 0,097980 0,097980
сети 0,090654 0,181309
работы 1,455287 2,910574
военнослужащим 0,076161 0,076161
читайте 0,040822 0,040822
отреагировали 2,238047 4,476093
мария 2,525729 2,525729
байконур 0,097980 0,097980
редакциярекламаконтактыпресс 0,000000 0,000000
материалы 0,000000 0,000000
генассамблеи 5,010635 5,010635
фундаментальных 5,010635 5,010635
видео 0,000000 0,000000
депутат 0,076161 0,076161
прогресс 0,097980 0,097980
статьи 0,000000 0,000000
лишь 2,238047 2,238047
должность 2,931194 2,931194
поставит 5,010635 5,010635
форме 0,061875 0,061875
последние 0,090654 0,090654
предрекли 0,076161 0,076161
культура 0,000000 0,000000
обсудить 0,456758 0,456758
выдвинуть 3,912023 11,736069
силовые 0,000000 0,000000
архив 0,000000 0,000000
социальной 3,624341 3,624341
дня 0,061875 0,061875
сша 0,040822 0,040822
всеполитикаобществопроисшествияконфликтыпреступность 2,014903 2,014903
сообщалось 2,931194 2,931194
среда 0,000000 0,000000
написал 2,525729 2,525729
раскрытии 0,076161 0,076161
редактор 0,567984 0,567984
качестве 2,302585 2,302585
скидки 0,047791 0,047791
сотрудников 0,076161 0,076161
эксклюзивы 0,000000 0,000000
российском 0,076161 0,076161
выражайте 0,047791 0,047791
начались 0,068993 0,068993
нацистом 5,010635 5,010635
рекомендательных 0,000000 0,000000
конфликте 0,076161 0,076161
продолжая 0,047791 0,047791
работает 0,040822 0,040822
фрг 3,912023 3,912023
увлекательные 0,047791 0,047791
фракции 5,010635 5,010635
переговоры 0,054808 0,054808
конфиденциальностиправила 0,000000 0,000000
бонусы 0,047791 0,095581
фразой 3,064725 6,129450
политикой 0,047791 0,047791
чей 4,317488 4,317488
максим 2,931194 2,931194
маккартни 0,097980 0,097980
жильцы 0,076161 0,076161
жизни 0,000000 0,000000
забота 0,000000 0,000000
сбер 0,040822 0,040822
является 1,966113 3,932226
пожаловать 0,013423 0,013423
использованияполитика 0,000000 0,000000
венгерского 5,010635 5,010635
работать 2,120264 2,120264
идея 2,931194 5,862388
зеленых 5,010635 5,010635
уходящую 5,010635 5,010635
крупный 0,068993 0,068993
регионам 0,076161 0,076161
крупным 0,076161 0,076161
туристку 0,076161 0,076161
это 0,020203 0,040405
победа 0,000000 0,000000
исследователь 3,624341 3,624341
остались 0,061875 0,061875
две 0,033902 0,033902
ассамблеи 5,010635 5,010635
мотор 0,000000 0,000000
обменивайте 0,047791 0,047791
опечатку 0,000000 0,000000
сми 0,000000 0,000000
депутата 3,912023 3,912023
рады 0,068993 0,068993
новости 0,000000 0,000000
войти 0,000000 0,000000
унизительно 5,010635 5,010635
место 0,054808 0,164425
акции 0,047791 0,047791
хорошие 0,013423 0,013423
мс 0,097980 0,097980
медитации 0,076161 0,076161
сопредседателя 5,010635 5,010635
экономика 0,000000 0,000000
уход 0,076161 0,076161
центра 2,708050 2,708050
новое 2,931194 5,862388
германия 4,317488 4,317488
прибыл 0,083382 0,083382
спецпроекты 0,000000 0,000000
аккаунте 3,401197 3,401197
захарова 3,218876 3,218876
председателем 4,317488 12,952464
годов 2,612740 2,612740
реальный 0,013423 0,013423
игры 0,000000 0,000000
пост 3,064725 3,064725
техника 0,000000 0,000000
ссср 0,000000 0,000000
дед 4,317488 4,317488
правды 0,068993 0,068993
трампа 0,054808 0,054808
тысячи 0,068993 0,068993
подобного 3,401197 3,401197
кошкович 5,010635 10,021271
официальный 3,064725 3,064725
вопрос 1,832581 1,832581
анналену 5,010635 5,010635
отвел 0,076161 0,076161
хочет 1,966113 1,966113
предрек 0,076161 0,076161
бербок 3,401197 20,407184
марта 0,040822 0,081644
городе 0,061875 0,061875
уровня 3,401197 3,401197
главное 0,000000 0,000000
генеральной 5,010635 5,010635
реакций 0,047791 0,047791
летнего 0,097980 0,097980
заявили 0,076161 0,076161
реакции 0,047791 0,047791
мини 0,000000 0,000000
видеть 0,013423 0,013423
изнасиловал 0,076161 0,076161
наука 0,000000 0,000000
аналитик 3,912023 3,912023
