убежища 4,317488 4,317488
ру 0,000000 0,000000
день 1,544899 1,544899
буханки 5,010635 5,010635
новые 0,000000 0,000000
соседям 5,010635 5,010635
забрать 5,010635 5,010635
казак 4,317488 4,317488
найти 2,525729 2,525729
выйти 2,813411 2,813411
рот 3,218876 3,218876
районы 3,912023 3,912023
оглядываясь 5,010635 5,010635
бабушка 3,912023 7,824046
неуверенным 5,010635 5,010635
боеприпасы 5,010635 5,010635
вокруг 2,525729 2,525729
разрушенного 5,010635 5,010635
стекла 4,317488 4,317488
добро 0,013423 0,013423
некоторых 2,708050 2,708050
центр 3,218876 3,218876
контуженного 5,010635 5,010635
командира 3,218876 3,218876
долго 2,612740 2,612740
батальона 3,912023 3,912023
похищенные 4,317488 4,317488
людей 1,455287 4,365862
первой 2,612740 2,612740
погребах 5,010635 5,010635
протяжный 5,010635 5,010635
отстали 5,010635 5,010635
спасать 4,317488 4,317488
добра 0,013423 0,026846
человек 1,249435 2,498870
артиллерию 5,010635 5,010635
одна 1,875141 3,750282
безопасная 4,317488 4,317488
немного 2,813411 2,813411
троицко 5,010635 5,010635
рискуя 3,624341 7,248682
фото 0,061875 0,061875
обрушат 5,010635 5,010635
лет 0,967584 1,935168
бабушку 4,317488 4,317488
лесопосадках 5,010635 5,010635
маркетплейсах 5,010635 5,010635
внешне 5,010635 5,010635
технологиймини 0,000000 0,000000
тяжелых 3,624341 3,624341
зданий 5,010635 5,010635
репортажа 5,010635 5,010635
ловушке 3,912023 7,824046
проверяем 5,010635 5,010635
здание 5,010635 5,010635
репортаже 5,010635 5,010635
знакомые 3,401197 3,401197
русские 3,218876 3,218876
пор 2,238047 4,476093
мир 0,000000 0,000000
вознесенской 5,010635 5,010635
искать 3,064725 3,064725
разведывательно 5,010635 5,010635
столкнулись 3,624341 3,624341
нажмите 0,000000 0,000000
знают 3,218876 3,218876
раздается 5,010635 5,010635
жизнью 3,064725 6,129450
деле 2,238047 2,238047
востока 3,912023 3,912023
торецке 5,010635 5,010635
бывший 0,000000 0,000000
время 0,762140 0,762140
жители 2,302585 6,907755
разрушать 5,010635 5,010635
национальной 2,813411 2,813411
взломаны 5,010635 5,010635
ооо 0,000000 0,000000
ранен 3,912023 3,912023
деактивирована 0,013423 0,013423
находим 5,010635 5,010635
сознание 3,624341 3,624341
выходить 2,931194 5,862388
путешествия 0,000000 0,000000
боев 3,912023 3,912023
отдела 0,579818 0,579818
начальник 2,931194 2,931194
имени 2,708050 2,708050
структуры 0,000000 0,000000
шансов 3,401197 3,401197
едем 5,010635 5,010635
бойцы 2,525729 7,577186
город 2,445686 7,337058
хочешь 0,013423 0,013423
украина 1,832581 1,832581
нарисованными 5,010635 5,010635
нашли 0,000000 0,000000
шепчет 5,010635 5,010635
одном 2,525729 5,051457
час 3,218876 3,218876
околицам 5,010635 5,010635
обычную 0,013423 0,013423
украине 1,139434 1,139434
сектор 3,912023 3,912023
хоронить 4,317488 4,317488
штатный 5,010635 5,010635
забывшего 5,010635 5,010635
рассказывает 2,612740 2,612740
наведут 5,010635 5,010635
суджанских 5,010635 5,010635
всплыли 5,010635 5,010635
уничтожены 4,317488 4,317488
украины 1,021651 2,043302
курской 1,832581 3,665163
обустроив 5,010635 5,010635
дежурят 5,010635 5,010635
галереи 0,000000 0,000000
разграбили 5,010635 5,010635
мирных 2,525729 17,680101
хотя 2,445686 2,445686
прицелом 4,317488 4,317488
наступающей 5,010635 5,010635
успели 3,912023 7,824046
полчаса 3,912023 3,912023
сколько 2,525729 2,525729
могут 1,455287 2,910574
вглубь 5,010635 5,010635
читайте 0,040822 0,040822
медики 3,912023 3,912023
рекой 5,010635 5,010635
машину 3,912023 3,912023
прямая 3,912023 3,912023
кириллов 4,317488 25,904929
вокзала 4,317488 4,317488
стороны 1,643339 1,643339
редакциярекламаконтактыпресс 0,000000 0,000000
ближайшие 3,064725 3,064725
разграбленное 5,010635 5,010635
обязательно 3,624341 3,624341
люди 1,966113 3,932226
полностью 2,525729 2,525729
видео 0,000000 0,000000
солдат 3,064725 3,064725
меньше 2,120264 4,240527
городах 3,218876 3,218876
командует 5,010635 5,010635
часть 1,919593 1,919593
сотен 4,317488 4,317488
осталось 3,912023 3,912023
авангарде 5,010635 5,010635
бойцами 4,317488 4,317488
ниткой 5,010635 5,010635
едва 2,177422 2,177422
немец 3,912023 11,736069
вовсе 3,401197 3,401197
обсудить 0,456758 0,456758
архив 0,000000 0,000000
смог 2,612740 2,612740
части 2,014903 6,044709
развалин 5,010635 5,010635
исчез 3,912023 3,912023
церкви 4,317488 4,317488
добраться 3,218876 3,218876
плиты 5,010635 5,010635
снегом 4,317488 4,317488
эвакуация 4,317488 4,317488
другая 3,401197 3,401197
машин 3,064725 3,064725
вэсэушники 5,010635 5,010635
среда 0,000000 0,000000
освобождение 3,912023 3,912023
глазами 3,064725 3,064725
выставленные 5,010635 5,010635
самая 2,238047 4,476093
среди 1,714798 1,714798
уцелевшие 5,010635 5,010635
уйти 3,401197 3,401197
живет 3,218876 6,437752
временах 4,317488 4,317488
мот 5,010635 15,031906
эксклюзивы 0,000000 0,000000
надежда 5,010635 5,010635
заметят 5,010635 5,010635
штурмовой 3,624341 7,248682
осколок 4,317488 4,317488
боимся 3,401197 6,802395
уцелеть 4,317488 4,317488
донбассе 3,912023 3,912023
официально 2,931194 2,931194
секунд 4,317488 4,317488
натыкаемся 5,010635 5,010635
пешком 5,010635 5,010635
большой 2,371578 2,371578
связывающей 5,010635 5,010635
армии 2,612740 2,612740
ходит 3,624341 3,624341
цикла 2,813411 2,813411
зато 2,931194 2,931194
ежедневными 5,010635 5,010635
конфиденциальностиправила 0,000000 0,000000
кирпичный 5,010635 5,010635
роты 3,401197 3,401197
боях 2,813411 2,813411
уцелевших 5,010635 5,010635
благо 5,010635 5,010635
освобождении 5,010635 5,010635
отметили 3,064725 3,064725
жизни 0,000000 0,000000
выпрыгнули 5,010635 5,010635
слезами 5,010635 5,010635
нужно 1,791759 1,791759
украинских 1,919593 3,839186
поворотах 5,010635 5,010635
разницы 4,317488 4,317488
смерти 2,445686 2,445686
вчера 5,010635 10,021271
добровольческого 5,010635 5,010635
украинским 2,813411 2,813411
группе 3,218876 3,218876
картина 3,624341 3,624341
единственная 3,912023 3,912023
это 0,020203 0,060608
украинские 2,525729 7,577186
нужна 2,813411 2,813411
автомобилей 4,317488 4,317488
станет 2,708050 2,708050
встречают 4,317488 4,317488
еда 4,317488 4,317488
группой 3,624341 3,624341
распогодится 5,010635 10,021271
районами 5,010635 5,010635
две 0,033902 0,033902
рядом 2,813411 2,813411
освобожден 5,010635 5,010635
мотор 0,000000 0,000000
одетого 5,010635 5,010635
поисков 5,010635 10,021271
бахмуте 5,010635 5,010635
заборах 5,010635 5,010635
подразделения 3,218876 3,218876
михаил 2,708050 16,248301
замечает 4,317488 4,317488
жизнь 1,544899 1,544899
покров 5,010635 5,010635
новости 0,000000 0,000000
войти 0,000000 0,000000
следую 5,010635 5,010635
дорога 4,317488 4,317488
хорошие 0,013423 0,013423
устраивает 3,624341 3,624341
невского 5,010635 5,010635
гражданскую 5,010635 5,010635
спецоперация 4,317488 4,317488
дальше 2,612740 5,225480
дороги 3,912023 3,912023
донецка 4,317488 4,317488
движемся 5,010635 5,010635
оказывается 4,317488 4,317488
лекарств 3,401197 3,401197
занятые 5,010635 5,010635
дороге 3,624341 3,624341
точно 3,064725 6,129450
продвигались 5,010635 5,010635
открытой 5,010635 5,010635
объявлено 5,010635 5,010635
почему 0,899761 0,899761
вывозят 5,010635 5,010635
еды 3,401197 3,401197
оценкам 4,317488 4,317488
увидел 3,064725 3,064725
горожан 4,317488 4,317488
выбиты 5,010635 10,021271
относительно 3,064725 3,064725
помечали 5,010635 5,010635
ими 3,624341 3,624341
хотим 5,010635 5,010635
ведет 3,401197 3,401197
освобожденной 3,624341 10,873023
значит 3,218876 3,218876
погибших 3,912023 3,912023
любую 4,317488 4,317488
области 1,399717 2,799435
кварталы 5,010635 5,010635
затем 1,875141 1,875141
спецпроекты 0,000000 0,000000
примеру 3,218876 3,218876
мостом 4,317488 4,317488
погибла 5,010635 5,010635
улицы 4,317488 4,317488
десантник 5,010635 5,010635
раису 5,010635 10,021271
добровольцев 5,010635 5,010635
подчиненный 5,010635 5,010635
сынок 5,010635 5,010635
назад 1,678431 1,678431
скомандовали 5,010635 5,010635
игры 0,000000 0,000000
выбраться 4,317488 4,317488
кадр 2,302585 11,512925
техника 0,000000 0,000000
ссср 0,000000 0,000000
разрушенный 5,010635 5,010635
пять 1,576648 3,153296
разведывательные 5,010635 5,010635
техники 2,813411 2,813411
закрепились 5,010635 5,010635
досок 5,010635 5,010635
разрушенным 5,010635 5,010635
невский 4,317488 8,634976
подразделениями 4,317488 4,317488
никто 2,302585 2,302585
выживают 5,010635 5,010635
центральную 5,010635 5,010635
иконостас 5,010635 5,010635
прячутся 5,010635 5,010635
отойти 5,010635 5,010635
марта 0,040822 0,081644
другие 1,714798 3,429597
донбасса 4,317488 4,317488
хуже 3,218876 3,218876
главное 0,000000 0,000000
музея 3,912023 3,912023
разорвать 5,010635 5,010635
летают 5,010635 5,010635
въезда 5,010635 5,010635
точку 3,912023 3,912023
атакам 5,010635 5,010635
мини 0,000000 0,000000
других 1,576648 3,153296
отчаянно 5,010635 5,010635
стреляйте 5,010635 5,010635
многоквартирных 5,010635 5,010635
суток 3,401197 3,401197
птицы 5,010635 5,010635
противника 3,064725 3,064725
самый 2,525729 2,525729
силах 3,624341 3,624341
переживших 5,010635 5,010635
кассеты 5,010635 5,010635
курск 4,317488 4,317488
ленте 2,931194 2,931194
решеток 5,010635 5,010635
большей 2,813411 2,813411
продолжение 3,218876 3,218876
уставную 5,010635 5,010635
отсюда 4,317488 8,634976
вырваться 4,317488 4,317488
лента 0,000000 0,000000
методично 5,010635 5,010635
окраин 5,010635 5,010635
появлявшиеся 5,010635 5,010635
огнем 3,624341 3,624341
отделение 4,317488 4,317488
спасатели 3,912023 3,912023
усмешкой 5,010635 5,010635
спорт 0,000000 0,000000
район 3,624341 3,624341
открытке 5,010635 5,010635
линии 2,708050 2,708050
пытались 2,708050 2,708050
объятиями 5,010635 5,010635
бригады 3,218876 6,437752
четыре 0,040822 0,081644
погода 3,912023 3,912023
жми 0,013423 0,013423
небольшими 5,010635 10,021271
попробуем 5,010635 5,010635
молча 3,912023 3,912023
михайловну 5,010635 10,021271
глубоких 5,010635 5,010635
превратить 5,010635 5,010635
вообще 2,813411 2,813411
принял 2,931194 2,931194
исписаны 5,010635 5,010635
ленту 0,013423 0,013423
беспилотники 2,813411 2,813411
недоступными 5,010635 5,010635
небо 4,317488 4,317488
ленты 1,678431 3,356862
остаются 3,064725 15,323626
вытаскивают 5,010635 5,010635
наши 2,177422 2,177422
отвечают 3,401197 3,401197
россии 0,425668 0,851336
применения 0,000000 0,000000
готовые 3,912023 3,912023
станислав 3,218876 3,218876
обитания 0,000000 0,000000
ценности 0,000000 0,000000
корпуса 4,317488 4,317488
гражданское 5,010635 5,010635
солдата 3,401197 3,401197
пейзаж 5,010635 5,010635
вернуться 0,013423 0,013423
южнее 4,317488 4,317488
беда 5,010635 5,010635
штурмовала 5,010635 5,010635
российский 1,484275 1,484275
кругами 5,010635 5,010635
слезы 5,010635 5,010635
тех 2,120264 4,240527
просто 1,678431 1,678431
спустя 1,832581 1,832581
интернет 0,000000 0,000000
россия 0,000000 0,000000
добровольцы 5,010635 5,010635
мольбами 5,010635 5,010635
шесть 2,525729 2,525729
обстрелами 3,624341 14,497364
подвалам 5,010635 5,010635
бондаревки 5,010635 5,010635
плен 2,931194 2,931194
надписи 4,317488 4,317488
подвалах 4,317488 8,634976
воспитан 4,317488 4,317488
командованием 3,912023 3,912023
обстрелам 5,010635 5,010635
группами 4,317488 8,634976
дома 0,061875 0,061875
глаза 2,931194 2,931194
серой 4,317488 4,317488
дождем 5,010635 5,010635
сюда 3,401197 6,802395
районах 3,401197 3,401197
двери 3,912023 3,912023
истощенные 5,010635 5,010635
необходимости 3,401197 3,401197
арсенале 5,010635 5,010635
пленный 3,912023 3,912023
пока 1,678431 8,392154
сыплются 5,010635 5,010635
военную 2,813411 2,813411
центральные 3,912023 3,912023
жестко 4,317488 4,317488
сети 0,090654 0,090654
задерживаться 5,010635 5,010635
лежат 4,317488 4,317488
решето 4,317488 4,317488
поспешно 5,010635 5,010635
попадемся 5,010635 5,010635
буквами 5,010635 5,010635
остальные 3,624341 3,624341
мирной 4,317488 4,317488
центральных 5,010635 5,010635
пережил 3,912023 3,912023
материалы 0,000000 0,000000
везде 3,912023 3,912023
мота 5,010635 10,021271
войну 3,218876 3,218876
путь 2,931194 2,931194
снять 3,912023 3,912023
сотрудница 5,010635 5,010635
банкоматы 5,010635 5,010635
раскуроченное 5,010635 5,010635
круглосуточно 5,010635 10,021271
затруднена 5,010635 5,010635
статьи 0,000000 0,000000
мрачно 5,010635 5,010635
выводят 5,010635 5,010635
мост 5,010635 10,021271
дни 2,931194 2,931194
входящей 5,010635 5,010635
срываясь 5,010635 5,010635
дом 2,014903 2,014903
позиции 2,302585 2,302585
замолкает 5,010635 5,010635
руины 5,010635 5,010635
культура 0,000000 0,000000
красильников 3,624341 3,624341
силовые 0,000000 0,000000
местности 5,010635 5,010635
получше 5,010635 5,010635
предметов 5,010635 5,010635
обе 3,624341 3,624341
окружение 3,064725 3,064725
августе 3,064725 3,064725
остовы 5,010635 5,010635
подвергается 5,010635 10,021271
нехотя 5,010635 5,010635
переглянувшись 5,010635 5,010635
многим 3,218876 3,218876
заборе 5,010635 5,010635
внутри 2,445686 2,445686
службы 2,525729 2,525729
никому 3,624341 3,624341
многие 1,714798 1,714798
дней 1,791759 1,791759
перемешанным 5,010635 5,010635
сил 1,791759 3,583519
оказаться 3,401197 3,401197
уговоры 3,912023 3,912023
домов 3,912023 11,736069
сих 2,302585 4,605170
вооруженных 2,014903 4,029806
рекомендательных 0,000000 0,000000
продолжают 3,401197 3,401197
птицам 5,010635 5,010635
тщательно 4,317488 4,317488
оккупацию 5,010635 5,010635
риа 1,272966 1,272966
приказ 3,401197 3,401197
вроде 3,064725 3,064725
оставшиеся 3,624341 3,624341
слышно 5,010635 5,010635
стоять 3,912023 3,912023
двор 4,317488 4,317488
поспокойнее 5,010635 5,010635
забота 0,000000 0,000000
пожаловать 0,013423 0,013423
использованияполитика 0,000000 0,000000
иконы 4,317488 4,317488
набросал 5,010635 5,010635
кассетные 5,010635 5,010635
передвигаться 4,317488 4,317488
укрыться 4,317488 4,317488
двое 3,624341 3,624341
поэтому 1,966113 1,966113
синими 5,010635 5,010635
которым 2,708050 2,708050
военкор 3,912023 3,912023
писали 3,218876 3,218876
казаки 4,317488 4,317488
белыми 4,317488 4,317488
прибилась 5,010635 5,010635
знает 2,612740 2,612740
дроны 3,401197 10,203592
которых 1,678431 1,678431
обгоревшие 5,010635 5,010635
российскими 2,813411 2,813411
победа 0,000000 0,000000
судже 2,931194 8,793581
страшнее 3,624341 7,248682
страх 3,624341 3,624341
частный 4,317488 4,317488
заборы 5,010635 5,010635
бетонные 5,010635 5,010635
суджи 3,064725 15,323626
сегодня 1,643339 1,643339
идентичности 4,317488 4,317488
частных 4,317488 4,317488
взрывами 5,010635 5,010635
опечатку 0,000000 0,000000
суджу 3,912023 3,912023
простреливается 5,010635 5,010635
сми 0,000000 0,000000
пехота 3,624341 7,248682
спускаются 5,010635 5,010635
указывает 3,912023 3,912023
крупными 5,010635 5,010635
вместе 1,514128 1,514128
немногих 5,010635 5,010635
футболку 5,010635 5,010635
жить 2,177422 2,177422
проезжающую 5,010635 5,010635
мертвые 5,010635 5,010635
будем 2,612740 2,612740
спасении 3,624341 3,624341
мариуполе 5,010635 5,010635
несколько 1,347074 4,041221
герой 2,612740 2,612740
тяжелая 4,317488 4,317488
авиаударами 5,010635 5,010635
александра 2,445686 2,445686
добавляет 4,317488 8,634976
военные 2,371578 9,486312
летние 3,912023 3,912023
центру 5,010635 5,010635
бойцов 2,525729 2,525729
давали 2,813411 2,813411
дети 3,912023 3,912023
зачищая 5,010635 5,010635
истории 1,966113 1,966113
летний 2,612740 2,612740
корреспондент 2,525729 5,051457
церковные 4,317488 4,317488
участие 2,612740 2,612740
спасают 3,401197 3,401197
артиллерией 4,317488 4,317488
экономика 0,000000 0,000000
совершенно 2,813411 2,813411
состав 3,218876 3,218876
глаз 3,912023 3,912023
самостоятельно 3,218876 3,218876
каждый 2,066196 4,132393
смогли 2,525729 2,525729
суджей 3,064725 3,064725
отряда 3,401197 3,401197
главная 3,218876 3,218876
восточными 5,010635 5,010635
украинского 2,445686 2,445686
снаряды 4,317488 4,317488
баллончиком 5,010635 5,010635
продажу 3,912023 3,912023
алтарь 5,010635 5,010635
хватает 3,624341 3,624341
боями 5,010635 5,010635
концерты 3,912023 3,912023
русская 3,912023 3,912023
холодным 5,010635 5,010635
вдоль 4,317488 4,317488
руин 5,010635 10,021271
воином 4,317488 4,317488
военных 1,966113 3,932226
краеведческого 5,010635 5,010635
командир 3,218876 3,218876
дождь 5,010635 5,010635
реальный 0,013423 0,013423
разруха 5,010635 5,010635
месте 2,371578 2,371578
безопасности 2,177422 2,177422
редко 3,624341 3,624341
семья 3,912023 3,912023
отказом 4,317488 4,317488
всу 1,373049 2,746098
сотни 2,066196 6,198589
оккупации 2,612740 2,612740
остается 2,708050 2,708050
разразилось 5,010635 5,010635
серафим 5,010635 10,021271
города 1,714798 8,573992
добровольческой 5,010635 5,010635
огня 1,678431 1,678431
городе 0,061875 0,061875
пределах 5,010635 5,010635
возможность 2,066196 2,066196
проживем 5,010635 5,010635
проникнуть 2,708050 2,708050
пострадала 5,010635 5,010635
жителей 1,966113 15,728903
попали 3,218876 6,437752
повезло 3,218876 9,656627
пробиться 5,010635 5,010635
рок 4,317488 4,317488
опасный 3,218876 3,218876
асфальт 5,010635 5,010635
треск 5,010635 5,010635
начинается 3,624341 3,624341
позывным 5,010635 10,021271
видеть 0,013423 0,013423
давит 5,010635 5,010635
северными 5,010635 5,010635
опустошил 5,010635 5,010635
наука 0,000000 0,000000
сбербанка 5,010635 5,010635
вэсэушников 5,010635 5,010635
бпла 2,931194 2,931194
невозможна 5,010635 5,010635
эвакуируют 5,010635 5,010635
единственной 4,317488 4,317488
заранее 3,624341 3,624341
погиб 3,218876 3,218876
