зеленского 0,068993 0,068993
перемирии 0,076161 0,076161
ру 0,000000 0,000000
банк 0,076161 0,076161
лента 0,000000 0,000000
яйцо 5,010635 5,010635
размером 4,317488 4,317488
новые 0,000000 0,000000
спорт 0,000000 0,000000
споры 0,097980 0,097980
согласие 0,047791 0,047791
добро 0,013423 0,013423
военной 0,061875 0,061875
выражаете 0,047791 0,047791
четыре 0,040822 0,040822
декабря 2,120264 6,360791
жми 0,013423 0,013423
помощью 0,047791 0,047791
достигнет 5,010635 5,010635
сообщил 1,791759 1,791759
картошку 4,317488 4,317488
добра 0,013423 0,026846
появились 1,875141 1,875141
ленту 0,013423 0,013423
затопленного 0,076161 0,076161
фото 0,061875 0,061875
политика 1,576648 1,576648
лет 0,967584 0,967584
разговор 1,791759 1,791759
узнал 3,218876 3,218876
водой 0,061875 0,061875
применения 0,000000 0,000000
технологиймини 0,000000 0,000000
знаменитого 3,401197 3,401197
оценивайте 0,047791 0,047791
обитания 0,000000 0,000000
оказался 2,708050 2,708050
ценности 0,000000 0,000000
появился 2,445686 2,445686
прогремела 5,010635 5,010635
прогноз 4,317488 4,317488
жириновский 5,010635 5,010635
материалам 0,047791 0,047791
сочи 3,624341 3,624341
конфиденциальности 0,047791 0,047791
вернуться 0,013423 0,013423
мир 0,000000 0,000000
ваши 0,047791 0,047791
российским 0,076161 0,076161
бойца 3,064725 3,064725
нажмите 0,000000 0,000000
получайте 0,047791 0,047791
президента 1,455287 1,455287
мощных 5,010635 10,021271
погружайтесь 0,047791 0,047791
человека 2,177422 2,177422
бывший 0,000000 0,000000
проблемы 0,076161 0,076161
накапливайте 0,047791 0,047791
интернет 0,000000 0,000000
россия 0,000000 0,000000
ооо 0,000000 0,000000
обратился 0,076161 0,076161
смотреть 2,813411 2,813411
деактивирована 0,013423 0,013423
биография 3,401197 10,203592
путешествия 0,000000 0,000000
вопросы 2,120264 2,120264
свои 0,027029 0,027029
января 1,791759 1,791759
структуры 0,000000 0,000000
индии 0,076161 0,076161
гид 0,076161 0,076161
позициям 5,010635 5,010635
хочешь 0,013423 0,013423
нашли 0,000000 0,000000
пляжных 0,097980 0,097980
студия 5,010635 5,010635
уволит 0,076161 0,076161
дома 0,061875 0,061875
американский 0,061875 0,061875
обычную 0,013423 0,013423
пола 0,097980 0,097980
луганскинформцентр 5,010635 5,010635
поразился 5,010635 5,010635
внешность 0,097980 0,097980
зеленский 1,714798 1,714798
украинском 0,076161 0,076161
света 0,054808 0,054808
украины 1,021651 1,021651
показать 2,708050 2,708050
русских 3,218876 3,218876
галереи 0,000000 0,000000
огромному 5,010635 5,010635
белоусов 0,076161 0,076161
эмоции 0,047791 0,047791
зеленским 0,076161 0,076161
такеру 5,010635 5,010635
условиями 0,040822 0,081644
двум 0,076161 0,076161
вызвала 0,097980 0,097980
русалочки 5,010635 10,021271
июня 2,612740 7,838220
выпал 5,010635 5,010635
американские 2,931194 2,931194
сети 0,090654 0,181309
военнослужащим 0,076161 0,076161
читайте 0,040822 0,040822
опубликовала 3,218876 3,218876
прямая 3,912023 3,912023
байконур 0,097980 0,097980
войны 1,791759 1,791759
град 4,317488 4,317488
редакциярекламаконтактыпресс 0,000000 0,000000
материалы 0,000000 0,000000
видео 0,000000 0,000000
российского 1,484275 2,968550
депутат 0,076161 0,076161
ядерной 3,064725 3,064725
прогресс 0,097980 0,097980
статьи 0,000000 0,000000
путина 1,514128 1,514128
трансляция 5,010635 5,010635
форме 0,061875 0,061875
последние 0,090654 0,090654
предрекли 0,076161 0,076161
культура 0,000000 0,000000
загрузка 3,064725 3,064725
силовые 0,000000 0,000000
архив 0,000000 0,000000
июля 2,813411 8,440232
ботсваны 5,010635 5,010635
дня 0,061875 0,061875
сша 0,040822 0,040822
жириновского 5,010635 5,010635
лидер 1,919593 1,919593
богатейшего 4,317488 4,317488
плена 5,010635 5,010635
среда 0,000000 0,000000
раскрытии 0,076161 0,076161
августа 3,064725 6,129450
скидки 0,047791 0,047791
сотрудников 0,076161 0,076161
авиабомбы 5,010635 5,010635
алмазу 5,010635 5,010635
планеты 3,218876 3,218876
эксклюзивы 0,000000 0,000000
русском 3,912023 3,912023
российском 0,076161 0,076161
выражайте 0,047791 0,047791
луганске 5,010635 10,021271
начались 0,068993 0,068993
рекомендательных 0,000000 0,000000
конфликте 0,076161 0,076161
целей 3,912023 3,912023
продолжая 0,047791 0,047791
работает 0,040822 0,040822
увлекательные 0,047791 0,047791
серия 5,010635 5,010635
переговоры 0,054808 0,054808
россиян 1,714798 1,714798
ноября 2,525729 2,525729
конфиденциальностиправила 0,000000 0,000000
бонусы 0,047791 0,095581
год 1,714798 1,714798
отвечает 4,317488 4,317488
политикой 0,047791 0,047791
маккартни 0,097980 0,097980
жильцы 0,076161 0,076161
серии 3,624341 3,624341
жизни 0,000000 0,000000
забота 0,000000 0,000000
сбер 0,040822 0,040822
пожаловать 0,013423 0,013423
использованияполитика 0,000000 0,000000
вернувшегося 5,010635 5,010635
языке 5,010635 5,010635
крупный 0,068993 0,068993
регионам 0,076161 0,076161
фаб 4,317488 4,317488
крупным 0,076161 0,076161
это 0,020203 0,020203
туристку 0,076161 0,076161
победа 0,000000 0,000000
взрывов 4,317488 8,634976
дружко 5,010635 5,010635
остались 0,061875 0,061875
две 0,033902 0,033902
мотор 0,000000 0,000000
обменивайте 0,047791 0,047791
опечатку 0,000000 0,000000
сми 0,000000 0,000000
маск 3,624341 3,624341
полноценный 4,317488 8,634976
жизнь 1,544899 4,634698
ударом 3,912023 3,912023
рады 0,068993 0,068993
миллионы 2,445686 2,445686
новости 0,000000 0,000000
войти 0,000000 0,000000
место 0,054808 0,054808
акции 0,047791 0,047791
хорошие 0,013423 0,013423
мс 0,097980 0,097980
необычный 5,010635 5,010635
медитации 0,076161 0,076161
военные 2,371578 2,371578
матерью 3,624341 3,624341
экономика 0,000000 0,000000
пороге 4,317488 4,317488
уход 0,076161 0,076161
попал 2,445686 4,891372
трейлер 5,010635 10,021271
женщинах 4,317488 4,317488
прибыл 0,083382 0,083382
спецпроекты 0,000000 0,000000
блогерша 4,317488 4,317488
карлсону 5,010635 5,010635
ремейка 5,010635 10,021271
путин 1,203973 1,203973
владимир 1,373049 4,119147
назад 1,678431 1,678431
реальный 0,013423 0,013423
игры 0,000000 0,000000
февраля 1,272966 1,272966
техника 0,000000 0,000000
ссср 0,000000 0,000000
всу 1,373049 1,373049
правды 0,068993 0,068993
трампа 0,054808 0,054808
тысячи 0,068993 0,068993
кадры 2,371578 2,371578
отвел 0,076161 0,076161
предрек 0,076161 0,076161
личная 3,912023 11,736069
марта 0,040822 0,040822
городе 0,061875 0,061875
главное 0,000000 0,000000
зарабатывают 4,317488 4,317488
мыть 5,010635 5,010635
интервью 2,525729 2,525729
реакций 0,047791 0,047791
летнего 0,097980 0,097980
показала 2,612740 2,612740
заявили 0,076161 0,076161
реакции 0,047791 0,047791
мини 0,000000 0,000000
своих 2,177422 2,177422
видеть 0,013423 0,013423
изнасиловал 0,076161 0,076161
способ 2,371578 2,371578
наука 0,000000 0,000000
илон 3,912023 3,912023
якобы 2,813411 2,813411
