смахивают 5,010635 5,010635
готов 3,401197 3,401197
перемирии 0,076161 0,076161
ру 0,000000 0,000000
банк 0,076161 0,076161
новый 1,966113 1,966113
лег 5,010635 5,010635
байкеров 5,010635 5,010635
криминальный 5,010635 15,031906
новые 0,000000 0,000000
детство 4,317488 4,317488
неонацистов 5,010635 5,010635
найти 2,525729 2,525729
тобой 4,317488 4,317488
задумавший 5,010635 5,010635
помещения 4,317488 4,317488
стал 1,203973 1,203973
экшена 5,010635 5,010635
героям 5,010635 5,010635
согласие 0,047791 0,047791
добро 0,013423 0,013423
малгрю 5,010635 5,010635
выражаете 0,047791 0,047791
помощью 0,047791 0,047791
неста 5,010635 5,010635
уокер 4,317488 4,317488
рецензия 5,010635 5,010635
фаррелл 5,010635 5,010635
сюжета 5,010635 10,021271
пабло 5,010635 5,010635
рейд 5,010635 5,010635
добра 0,013423 0,026846
хорошими 4,317488 4,317488
фото 0,061875 0,061875
размахивает 5,010635 5,010635
качественный 5,010635 5,010635
лет 0,967584 0,967584
втихую 5,010635 5,010635
полным 4,317488 4,317488
м 2,066196 2,066196
водой 0,061875 0,061875
создателя 3,912023 3,912023
оказалось 2,177422 2,177422
сюжетных 5,010635 5,010635
технологиймини 0,000000 0,000000
оценивайте 0,047791 0,047791
шумным 5,010635 5,010635
залетая 5,010635 5,010635
главные 2,371578 2,371578
родина 4,317488 4,317488
конспирологический 5,010635 5,010635
заканчивается 3,218876 3,218876
каким 2,525729 2,525729
перебежали 5,010635 5,010635
конфиденциальности 0,047791 0,047791
залежалой 5,010635 5,010635
мир 0,000000 0,000000
нажмите 0,000000 0,000000
сценарий 3,912023 3,912023
однозначно 5,010635 10,021271
получайте 0,047791 0,047791
дело 2,120264 2,120264
брайан 5,010635 15,031906
весьма 3,064725 6,129450
погружайтесь 0,047791 0,047791
вагнер 4,317488 12,952464
слишком 2,371578 2,371578
бывший 0,000000 0,000000
время 0,762140 0,762140
проблемы 0,076161 0,076161
накапливайте 0,047791 0,047791
лиз 5,010635 5,010635
ооо 0,000000 0,000000
деактивирована 0,013423 0,013423
выходить 2,931194 2,931194
путешествия 0,000000 0,000000
главным 3,401197 3,401197
отдела 0,579818 0,579818
имена 3,624341 3,624341
очистить 4,317488 4,317488
уилл 5,010635 5,010635
ситуацию 2,931194 2,931194
главных 2,445686 4,891372
шаблонной 5,010635 5,010635
также 0,762140 0,762140
структуры 0,000000 0,000000
индии 0,076161 0,076161
проекта 3,064725 3,064725
чистые 5,010635 5,010635
город 2,445686 2,445686
хочешь 0,013423 0,013423
реймз 5,010635 5,010635
нашли 0,000000 0,000000
пляжных 0,097980 0,097980
усами 4,317488 4,317488
комедия 5,010635 5,010635
крейг 5,010635 5,010635
оригинальное 5,010635 5,010635
голливуда 3,218876 3,218876
обычную 0,013423 0,013423
судите 5,010635 5,010635
разумеется 4,317488 4,317488
реалистичностью 5,010635 5,010635
внешность 0,097980 0,097980
скандалом 4,317488 4,317488
преследователей 5,010635 5,010635
карибель 5,010635 5,010635
рассказывает 2,612740 2,612740
захватывающий 3,401197 3,401197
незаконных 4,317488 4,317488
украинском 0,076161 0,076161
света 0,054808 0,054808
миллиона 1,966113 1,966113
прикрытием 4,317488 4,317488
горой 5,010635 5,010635
филадельфии 5,010635 15,031906
крутой 3,624341 3,624341
драма 5,010635 5,010635
галереи 0,000000 0,000000
настойчиво 3,912023 3,912023
доминго 5,010635 5,010635
рэймонд 5,010635 15,031906
белоусов 0,076161 0,076161
плоских 5,010635 5,010635
хотя 2,445686 2,445686
нелепый 5,010635 5,010635
сценарист 5,010635 5,010635
разборках 3,401197 3,401197
условиями 0,040822 0,081644
профессионалом 3,912023 3,912023
бегают 5,010635 5,010635
выверенный 5,010635 5,010635
сколько 2,525729 5,051457
читайте 0,040822 0,040822
лихэйном 5,010635 5,010635
байконур 0,097980 0,097980
выступил 3,401197 3,401197
редакциярекламаконтактыпресс 0,000000 0,000000
эскобара 5,010635 5,010635
видео 0,000000 0,000000
винчи 5,010635 5,010635
шоураннером 5,010635 5,010635
мере 4,317488 4,317488
корешу 5,010635 5,010635
мексиканского 5,010635 5,010635
едва 2,177422 2,177422
майкл 3,624341 3,624341
последние 0,090654 0,090654
предрекли 0,076161 0,076161
назойливых 5,010635 5,010635
кажется 3,218876 3,218876
момент 1,714798 1,714798
вояж 5,010635 5,010635
основу 5,010635 5,010635
обсудить 0,456758 0,456758
архив 0,000000 0,000000
разбойниками 5,010635 5,010635
отчаянная 5,010635 5,010635
дебютный 5,010635 5,010635
заявить 4,317488 4,317488
основе 3,624341 3,624341
сша 0,040822 0,081644
описание 3,624341 3,624341
вводных 5,010635 5,010635
избежать 3,218876 3,218876
среды 3,624341 3,624341
разворачивающийся 5,010635 5,010635
среда 0,000000 0,000000
обернуться 4,317488 4,317488
раскрытии 0,076161 0,076161
оперативника 5,010635 5,010635
скидки 0,047791 0,047791
эксклюзивы 0,000000 0,000000
российском 0,076161 0,076161
выражайте 0,047791 0,047791
неловких 5,010635 5,010635
надевают 5,010635 5,010635
значок 5,010635 5,010635
моура 5,010635 20,042541
убеждены 5,010635 5,010635
конфликте 0,076161 0,076161
продолжая 0,047791 0,047791
уволен 5,010635 5,010635
лицо 3,624341 3,624341
вымирающей 5,010635 5,010635
далее 2,708050 2,708050
сравнивали 5,010635 5,010635
должен 2,371578 2,371578
деньги 2,014903 2,014903
престолов 4,317488 4,317488
работавшими 5,010635 5,010635
ошарашенных 5,010635 5,010635
конфиденциальностиправила 0,000000 0,000000
бонусы 0,047791 0,095581
политикой 0,047791 0,047791
жильцы 0,076161 0,076161
перейти 3,064725 3,064725
жизни 0,000000 0,000000
операции 1,714798 1,714798
убедителен 5,010635 5,010635
веке 2,445686 2,445686
половина 3,064725 6,129450
достаточно 2,813411 5,626821
обилие 5,010635 5,010635
возможно 2,813411 5,626821
смерти 2,445686 2,445686
скотта 5,010635 10,021271
преподать 5,010635 5,010635
туристку 0,076161 0,076161
это 0,020203 0,040405
настоящего 5,010635 5,010635
станет 2,708050 2,708050
сезона 3,624341 7,248682
этих 2,371578 2,371578
две 0,033902 0,033902
крэйга 5,010635 5,010635
мотор 0,000000 0,000000
обменивайте 0,047791 0,047791
половину 3,624341 3,624341
сыгравший 4,317488 4,317488
черная 5,010635 5,010635
новости 0,000000 0,000000
парнями 5,010635 5,010635
войти 0,000000 0,000000
хорошие 0,013423 0,013423
сериал 3,218876 28,969882
норрису 4,317488 4,317488
выжимают 5,010635 5,010635
медитации 0,076161 0,076161
преступнике 5,010635 5,010635
ган 5,010635 5,010635
мира 1,576648 1,576648
уход 0,076161 0,076161
почему 0,899761 0,899761
выхода 2,525729 5,051457
дорогу 4,317488 4,317488
крадут 5,010635 5,010635
столь 3,624341 3,624341
винг 5,010635 5,010635
прибыл 0,083382 0,083382
колманом 5,010635 5,010635
спецпроекты 0,000000 0,000000
могла 2,708050 5,416100
арисон 5,010635 5,010635
кадре 4,317488 4,317488
консервативного 5,010635 5,010635
игры 0,000000 0,000000
выбраться 4,317488 4,317488
кадр 2,302585 9,210340
побегом 5,010635 5,010635
техника 0,000000 0,000000
ссср 0,000000 0,000000
назовите 5,010635 5,010635
главного 2,612740 2,612740
трампа 0,054808 0,054808
найдется 5,010635 5,010635
всекиносериалымузыкакнигиискусствотеатрфотография 3,401197 3,401197
пытается 2,177422 2,177422
велкоро 5,010635 5,010635
агентам 5,010635 5,010635
переполненных 5,010635 5,010635
отвел 0,076161 0,076161
показаться 3,912023 3,912023
удивляют 3,401197 3,401197
получился 3,912023 3,912023
реалистичность 4,317488 4,317488
марта 0,040822 0,163288
рэй 5,010635 5,010635
главное 0,000000 0,000000
деннисом 5,010635 5,010635
рассказу 3,912023 3,912023
веществами 3,912023 3,912023
большим 2,931194 2,931194
реакций 0,047791 0,047791
летнего 0,097980 0,097980
наркоту 5,010635 5,010635
кроются 5,010635 5,010635
криминального 4,317488 8,634976
реакции 0,047791 0,047791
мини 0,000000 0,000000
неплохая 5,010635 5,010635
старается 4,317488 4,317488
изнасиловал 0,076161 0,076161
наркокартеля 4,317488 4,317488
самым 1,966113 1,966113
попытках 2,612740 2,612740
зеленского 0,068993 0,068993
преступников 3,624341 3,624341
сериалы 3,218876 3,218876
барыг 5,010635 5,010635
лента 0,000000 0,000000
пилотном 5,010635 5,010635
запрещенными 5,010635 5,010635
перестрелки 5,010635 5,010635
роль 1,966113 1,966113
спорт 0,000000 0,000000
наркотиков 3,912023 3,912023
твой 3,912023 3,912023
твое 5,010635 5,010635
бандитам 4,317488 4,317488
споры 0,097980 0,097980
борьбе 3,401197 6,802395
военной 0,061875 0,061875
четыре 0,040822 0,040822
жми 0,013423 0,013423
залечь 4,317488 4,317488
питер 5,010635 10,021271
схроны 5,010635 5,010635
жанр 5,010635 5,010635
вечной 5,010635 5,010635
тяжелое 3,401197 3,401197
делом 3,624341 3,624341
нарковорах 5,010635 5,010635
ленту 0,013423 0,013423
сами 3,064725 3,064725
благороднее 5,010635 5,010635
затопленного 0,076161 0,076161
илья 3,064725 3,064725
основное 5,010635 5,010635
гротескных 5,010635 5,010635
симпатию 5,010635 5,010635
применения 0,000000 0,000000
дастин 5,010635 5,010635
типичной 5,010635 5,010635
обитания 0,000000 0,000000
выросшего 5,010635 5,010635
байкеры 5,010635 5,010635
ридли 3,401197 10,203592
ценности 0,000000 0,000000
адаптация 5,010635 5,010635
игрой 5,010635 5,010635
помешательство 5,010635 5,010635
винить 5,010635 5,010635
полицейской 5,010635 5,010635
материалам 0,047791 0,047791
актеры 3,912023 7,824046
вломиться 5,010635 5,010635
дата 3,064725 6,129450
вернуться 0,013423 0,013423
осторожности 5,010635 5,010635
ваши 0,047791 0,047791
федералов 5,010635 5,010635
российским 0,076161 0,076161
процентов 1,875141 1,875141
кейт 5,010635 5,010635
горе 4,317488 4,317488
премьеры 5,010635 5,010635
охотится 5,010635 10,021271
словом 3,912023 3,912023
просто 1,678431 1,678431
своему 3,624341 3,624341
нарковоры 3,401197 40,814369
зашевелит 5,010635 5,010635
пеликаносом 5,010635 5,010635
интернет 0,000000 0,000000
россия 0,000000 0,000000
попавший 5,010635 5,010635
обратился 0,076161 0,076161
смотреть 2,813411 5,626821
порой 4,317488 4,317488
рано 3,401197 3,401197
считает 2,445686 2,445686
свои 0,027029 0,054057
генри 5,010635 20,042541
работали 3,064725 3,064725
шоураннер 5,010635 5,010635
получиться 5,010635 5,010635
гид 0,076161 0,076161
персонажей 4,317488 8,634976
уволит 0,076161 0,076161
американских 2,371578 2,371578
дома 0,061875 0,061875
американский 0,061875 0,061875
грустно 5,010635 5,010635
пола 0,097980 0,097980
выбранный 5,010635 5,010635
йовович 4,317488 4,317488
выглядит 2,445686 4,891372
растолковать 5,010635 5,010635
многочисленные 3,912023 3,912023
бэтмена 5,010635 5,010635
причины 2,612740 2,612740
криминальной 5,010635 5,010635
триллер 5,010635 15,031906
потерянных 4,317488 4,317488
джорджем 5,010635 5,010635
прослушкой 5,010635 5,010635
смогут 3,064725 3,064725
нарко 5,010635 5,010635
кино 3,064725 3,064725
итоге 2,708050 2,708050
эмоции 0,047791 0,047791
зеленским 0,076161 0,076161
правдоподобность 5,010635 5,010635
держаться 5,010635 5,010635
пока 1,678431 1,678431
улицах 4,317488 8,634976
двум 0,076161 0,076161
раннего 5,010635 5,010635
крэйг 5,010635 5,010635
вызвала 0,097980 0,097980
перечне 5,010635 5,010635
факт 3,912023 3,912023
сети 0,090654 0,090654
военнослужащим 0,076161 0,076161
жанра 5,010635 5,010635
злых 5,010635 5,010635
дно 3,624341 3,624341
работенка 5,010635 5,010635
конституции 3,912023 3,912023
грабить 5,010635 5,010635
материалы 0,000000 0,000000
купер 5,010635 5,010635
депутат 0,076161 0,076161
длительный 4,317488 4,317488
мэнни 5,010635 20,042541
айрленд 5,010635 5,010635
прогресс 0,097980 0,097980
стратегически 5,010635 5,010635
урок 5,010635 5,010635
статьи 0,000000 0,000000
работенку 5,010635 5,010635
барыгам 5,010635 10,021271
форме 0,061875 0,061875
пушкой 5,010635 10,021271
маски 3,624341 3,624341
культура 0,000000 0,000000
очередной 2,931194 2,931194
беспечным 5,010635 5,010635
силовые 0,000000 0,000000
современным 3,401197 3,401197
марин 5,010635 5,010635
тайри 5,010635 15,031906
дня 0,061875 0,061875
напоминает 3,912023 3,912023
любой 2,813411 2,813411
настоящим 4,317488 4,317488
меркнет 5,010635 5,010635
губительной 5,010635 5,010635
пуллен 5,010635 5,010635
клоакой 5,010635 5,010635
перестрелкой 5,010635 5,010635
флешбэками 5,010635 5,010635
лицами 4,317488 4,317488
редактор 0,567984 0,567984
сотрудников 0,076161 0,076161
серьезным 4,317488 4,317488
теме 1,514128 1,514128
снял 3,064725 6,129450
начались 0,068993 0,068993
промзоной 5,010635 5,010635
способов 4,317488 4,317488
эпизод 3,624341 3,624341
тачки 5,010635 5,010635
рекомендательных 0,000000 0,000000
дурь 5,010635 5,010635
громко 5,010635 5,010635
чередуются 5,010635 5,010635
работает 0,040822 0,040822
выходит 5,010635 5,010635
грязные 5,010635 5,010635
управления 2,931194 5,862388
увлекательные 0,047791 0,047791
различные 3,401197 3,401197
мудрым 5,010635 5,010635
вооруженным 4,317488 4,317488
легче 3,218876 3,218876
колин 5,010635 5,010635
переговоры 0,054808 0,054808
воров 5,010635 5,010635
сообщнику 5,010635 5,010635
героем 3,064725 3,064725
воруют 5,010635 5,010635
писателя 3,912023 3,912023
актерский 3,912023 3,912023
наркотиками 3,912023 7,824046
поздно 3,218876 3,218876
маккартни 0,097980 0,097980
логикой 5,010635 5,010635
образе 4,317488 4,317488
решением 3,912023 3,912023
наркотрафика 5,010635 5,010635
серий 5,010635 10,021271
выглядят 2,813411 2,813411
серьезного 5,010635 5,010635
тафойи 5,010635 5,010635
забота 0,000000 0,000000
сбер 0,040822 0,040822
пожаловать 0,013423 0,013423
использованияполитика 0,000000 0,000000
рисуют 5,010635 5,010635
героя 3,064725 3,064725
обязана 3,912023 3,912023
которые 1,181994 3,545982
подлинного 5,010635 5,010635
который 1,272966 2,545931
звездой 3,912023 3,912023
избавиться 3,624341 3,624341
исполнительным 5,010635 5,010635
атланты 5,010635 5,010635
кролевский 5,010635 5,010635
крупный 0,068993 0,068993
регионам 0,076161 0,076161
например 1,791759 3,583519
криминал 3,401197 3,401197
крупным 0,076161 0,076161
запомнят 5,010635 5,010635
которых 1,678431 3,356862
родной 4,317488 4,317488
победа 0,000000 0,000000
фиаско 5,010635 5,010635
поклонников 4,317488 4,317488
остались 0,061875 0,061875
нгуен 5,010635 5,010635
страна 1,714798 1,714798
роман 3,218876 3,218876
опечатку 0,000000 0,000000
сми 0,000000 0,000000
мемов 4,317488 4,317488
ролях 3,912023 7,824046
американской 3,912023 3,912023
рады 0,068993 0,068993
отчасти 4,317488 4,317488
наркоторговцев 3,401197 6,802395
правильным 4,317488 4,317488
наперевес 5,010635 5,010635
герои 3,624341 7,248682
руки 2,813411 2,813411
место 0,054808 0,054808
акции 0,047791 0,047791
обчищает 5,010635 5,010635
мс 0,097980 0,097980
начали 1,427116 1,427116
истории 1,966113 1,966113
неонацисты 4,317488 4,317488
спасают 3,401197 3,401197
топ 3,401197 3,401197
экономика 0,000000 0,000000
состав 3,218876 3,218876
безусловно 2,708050 2,708050
рамках 2,371578 2,371578
смогли 2,525729 2,525729
отправиться 4,317488 4,317488
миллой 4,317488 4,317488
выступивший 5,010635 5,010635
украдено 5,010635 5,010635
детектива 4,317488 8,634976
перепродают 5,010635 5,010635
вызвать 3,624341 3,624341
грабителях 5,010635 5,010635
история 2,238047 2,238047
трупов 5,010635 5,010635
скотт 3,401197 6,802395
недавний 5,010635 5,010635
звезда 2,612740 2,612740
безликих 5,010635 5,010635
гудом 5,010635 5,010635
количество 1,966113 1,966113
очищен 5,010635 5,010635
режиссура 5,010635 5,010635
блокбастер 3,912023 3,912023
реальный 0,013423 0,013423
авторов 5,010635 5,010635
название 3,218876 3,218876
драматизма 5,010635 5,010635
правды 0,068993 0,068993
собственно 5,010635 5,010635
страдает 3,912023 3,912023
тысячи 0,068993 0,068993
названием 3,624341 3,624341
героев 2,931194 2,931194
чаку 4,317488 4,317488
предрек 0,076161 0,076161
города 1,714798 5,144395
робин 5,010635 5,010635
городе 0,061875 0,061875
обогатиться 5,010635 5,010635
года 0,899761 0,899761
крайней 5,010635 5,010635
правда 2,014903 2,014903
достоинство 5,010635 5,010635
сюжет 3,624341 3,624341
следует 2,302585 4,605170
амир 4,317488 4,317488
мэндо 5,010635 5,010635
заявили 0,076161 0,076161
поворотов 5,010635 5,010635
принципе 3,401197 3,401197
заняты 3,401197 3,401197
сериале 3,624341 7,248682
сериала 3,401197 3,401197
мэверик 5,010635 5,010635
эпизоде 4,317488 4,317488
землях 4,317488 4,317488
видеть 0,013423 0,013423
проводит 4,317488 4,317488
очень 1,347074 1,347074
видом 3,912023 3,912023
продюсером 5,010635 5,010635
наука 0,000000 0,000000
необязательных 5,010635 5,010635
событием 3,912023 3,912023
пилотный 5,010635 5,010635
денниса 5,010635 5,010635
