встал 3,624341 3,624341
хотели 3,064725 3,064725
перемирии 0,076161 0,076161
ру 0,000000 0,000000
финал 5,010635 5,010635
банк 0,076161 0,076161
поездке 5,010635 5,010635
артистов 5,010635 10,021271
лев 4,317488 4,317488
новый 1,966113 7,864451
новые 0,000000 0,000000
дедушке 4,317488 4,317488
ответила 3,064725 6,129450
стал 1,203973 1,203973
поражает 3,401197 3,401197
расистские 5,010635 5,010635
стареющую 5,010635 5,010635
случилось 3,624341 3,624341
заявил 1,098612 1,098612
согласие 0,047791 0,047791
добро 0,013423 0,013423
выражаете 0,047791 0,047791
егору 5,010635 5,010635
помощью 0,047791 0,047791
режиссера 3,912023 3,912023
заявление 2,445686 2,445686
уокер 4,317488 4,317488
людей 1,455287 1,455287
госпитализации 5,010635 10,021271
остался 2,931194 2,931194
добра 0,013423 0,026846
солью 4,317488 4,317488
месяцев 2,708050 2,708050
сотки 3,624341 3,624341
фото 0,061875 0,061875
кому 2,708050 2,708050
лет 0,967584 2,902752
пропаганды 4,317488 4,317488
памела 5,010635 5,010635
ненавидят 4,317488 4,317488
хранили 5,010635 5,010635
водой 0,061875 0,061875
создателя 3,912023 3,912023
звезды 2,371578 2,371578
исследование 3,624341 3,624341
готово 5,010635 5,010635
белоруссии 3,218876 3,218876
технологиймини 0,000000 0,000000
дава 5,010635 5,010635
экс 2,066196 6,198589
оценивайте 0,047791 0,047791
х 2,177422 2,177422
умерла 5,010635 5,010635
россиянкам 4,317488 4,317488
автора 4,317488 4,317488
звезд 3,064725 3,064725
главные 2,371578 2,371578
нарушил 3,912023 3,912023
бросить 3,912023 3,912023
назвал 1,347074 8,082442
каким 2,525729 7,577186
похороны 5,010635 10,021271
конфиденциальности 0,047791 0,047791
мир 0,000000 0,000000
весь 1,966113 5,898339
звезду 4,317488 8,634976
нажмите 0,000000 0,000000
пафос 5,010635 5,010635
своей 2,066196 2,066196
получайте 0,047791 0,047791
обнаружили 3,218876 3,218876
опроверг 3,912023 3,912023
повезет 5,010635 5,010635
шрека 4,317488 4,317488
ефремова 5,010635 10,021271
деле 2,238047 2,238047
погружайтесь 0,047791 0,047791
бруталист 5,010635 5,010635
турецких 3,912023 7,824046
бывший 0,000000 0,000000
время 0,762140 0,762140
проблемы 0,076161 0,228484
накапливайте 0,047791 0,047791
ученикам 4,317488 4,317488
ооо 0,000000 0,000000
убийство 4,317488 4,317488
деактивирована 0,013423 0,013423
дворником 5,010635 5,010635
путешествия 0,000000 0,000000
баттл 5,010635 5,010635
юбилеем 5,010635 5,010635
турецкие 3,624341 3,624341
ричард 4,317488 4,317488
вывез 5,010635 5,010635
главных 2,445686 2,445686
структуры 0,000000 0,000000
индии 0,076161 0,076161
василия 5,010635 5,010635
акопян 5,010635 5,010635
хочешь 0,013423 0,013423
нашли 0,000000 0,000000
пляжных 0,097980 0,097980
зрителей 3,401197 3,401197
снуп 5,010635 5,010635
паники 3,912023 3,912023
голливуда 3,218876 3,218876
обычную 0,013423 0,013423
восемь 3,064725 3,064725
отец 2,177422 6,532266
голливуде 5,010635 5,010635
меладзе 5,010635 5,010635
мерил 5,010635 5,010635
снова 2,813411 2,813411
внешность 0,097980 0,195961
амаяк 5,010635 5,010635
северный 3,401197 3,401197
сначала 2,445686 2,445686
драму 5,010635 5,010635
захватывающий 3,401197 3,401197
шекспира 5,010635 5,010635
безголосой 5,010635 5,010635
украинском 0,076161 0,076161
света 0,054808 0,054808
миллиона 1,966113 1,966113
королева 3,912023 3,912023
встреч 5,010635 5,010635
украины 1,021651 1,021651
выступить 4,317488 4,317488
тайге 3,912023 3,912023
увидеть 2,813411 8,440232
крутой 3,624341 3,624341
смертоносное 5,010635 5,010635
галереи 0,000000 0,000000
сексу 3,624341 3,624341
белоусов 0,076161 0,076161
сыграл 4,317488 4,317488
атом 5,010635 5,010635
боевиков 3,064725 3,064725
похорон 3,624341 3,624341
разборках 3,401197 3,401197
условиями 0,040822 0,081644
юра 3,912023 3,912023
фанатки 5,010635 5,010635
прокомментировала 5,010635 5,010635
подробности 2,238047 2,238047
сексуальной 4,317488 4,317488
паразитов 4,317488 4,317488
отказался 2,708050 2,708050
чудовищную 5,010635 5,010635
изменить 3,401197 3,401197
начинали 4,317488 4,317488
читайте 0,040822 0,040822
комедии 4,317488 4,317488
осудила 5,010635 5,010635
падение 4,317488 4,317488
кремле 2,708050 2,708050
каста 5,010635 5,010635
получил 2,120264 2,120264
разрешили 5,010635 5,010635
ресторан 5,010635 5,010635
проституткой 5,010635 5,010635
прошла 3,064725 3,064725
байконур 0,097980 0,097980
получит 2,813411 2,813411
редакциярекламаконтактыпресс 0,000000 0,000000
метаться 4,317488 4,317488
обязательно 3,624341 3,624341
совет 3,064725 3,064725
коммуналку 5,010635 5,010635
видео 0,000000 0,000000
вручения 4,317488 4,317488
пальмовой 5,010635 5,010635
задолжала 5,010635 5,010635
переступать 5,010635 5,010635
рэперу 5,010635 5,010635
предложил 3,218876 3,218876
долина 5,010635 5,010635
экспонаты 5,010635 5,010635
раскрыла 2,708050 2,708050
актер 2,813411 8,440232
символа 4,317488 4,317488
оскар 3,624341 10,873023
спасал 4,317488 4,317488
мое 3,218876 3,218876
одного 2,177422 2,177422
последние 0,090654 0,090654
выпустить 3,401197 3,401197
предрекли 0,076161 0,076161
куклачев 5,010635 10,021271
летняя 2,177422 2,177422
ливанова 5,010635 10,021271
архив 0,000000 0,000000
смог 2,612740 2,612740
изобрел 5,010635 5,010635
эпическую 5,010635 5,010635
оскара 5,010635 5,010635
любимый 2,813411 2,813411
последних 3,401197 3,401197
сша 0,040822 0,122466
лидер 1,919593 1,919593
опухоли 5,010635 10,021271
маньяков 5,010635 5,010635
среда 0,000000 0,000000
заболела 5,010635 5,010635
глазами 3,064725 3,064725
завела 5,010635 5,010635
раскрытии 0,076161 0,076161
человеком 3,401197 3,401197
разозлила 4,317488 4,317488
скидки 0,047791 0,047791
эксклюзивы 0,000000 0,000000
российском 0,076161 0,076161
сенсационное 5,010635 5,010635
москве 1,791759 5,375278
выражайте 0,047791 0,047791
дотянет 3,624341 3,624341
дочь 3,401197 10,203592
уцелеть 4,317488 4,317488
потерпел 5,010635 5,010635
донбассе 3,912023 3,912023
конфликте 0,076161 0,152323
названа 2,931194 2,931194
продолжая 0,047791 0,047791
армии 2,612740 2,612740
певцы 5,010635 5,010635
нижнем 3,912023 3,912023
дал 2,238047 2,238047
деньги 2,014903 2,014903
престолов 4,317488 4,317488
народному 3,624341 3,624341
ноября 2,525729 2,525729
конфиденциальностиправила 0,000000 0,000000
бонусы 0,047791 0,095581
москвы 1,832581 1,832581
приезд 4,317488 4,317488
политикой 0,047791 0,047791
планете 3,624341 3,624341
сарик 5,010635 5,010635
крид 3,218876 3,218876
жильцы 0,076161 0,076161
филиппа 3,064725 21,453076
жизни 0,000000 0,000000
операции 1,714798 3,429597
фильмов 3,064725 3,064725
солистка 3,218876 9,656627
движухе 5,010635 5,010635
половина 3,064725 3,064725
устроить 3,624341 3,624341
стать 1,875141 3,750282
поймали 3,912023 3,912023
романс 5,010635 5,010635
слова 2,177422 2,177422
леденящими 5,010635 5,010635
десятки 2,931194 2,931194
смерти 2,445686 4,891372
экспедиции 3,912023 3,912023
сильного 5,010635 5,010635
театральный 5,010635 5,010635
группе 3,218876 3,218876
наших 2,708050 2,708050
въезд 5,010635 5,010635
это 0,020203 0,040405
туристку 0,076161 0,076161
которого 1,875141 1,875141
раскрыт 3,912023 3,912023
курить 3,401197 3,401197
кинозвезда 5,010635 5,010635
две 0,033902 0,033902
главную 3,218876 3,218876
найденной 5,010635 5,010635
тяга 3,912023 3,912023
эйдельштейн 3,912023 11,736069
вряд 2,612740 2,612740
мотор 0,000000 0,000000
гай 5,010635 5,010635
обменивайте 0,047791 0,047791
брюсу 3,218876 3,218876
заступилась 5,010635 5,010635
движуху 5,010635 5,010635
театра 4,317488 4,317488
жизнь 1,544899 3,089799
стриптизершей 5,010635 5,010635
жалоб 4,317488 4,317488
подтвердил 3,218876 3,218876
миллионы 2,445686 2,445686
инстасамки 5,010635 5,010635
продюсер 3,912023 11,736069
новости 0,000000 0,000000
кристи 4,317488 4,317488
войти 0,000000 0,000000
каннского 5,010635 5,010635
сериал 3,218876 12,875503
хорошие 0,013423 0,013423
норрису 4,317488 4,317488
шоугерл 5,010635 5,010635
медитации 0,076161 0,076161
мире 1,919593 1,919593
память 3,401197 3,401197
примадонной 5,010635 5,010635
закрыли 4,317488 4,317488
уход 0,076161 0,076161
почему 0,899761 3,599046
обиде 3,401197 3,401197
выхода 2,525729 2,525729
понаровская 5,010635 5,010635
музее 4,317488 4,317488
директор 2,612740 2,612740
катастрофу 3,624341 3,624341
мошенников 2,708050 2,708050
музей 3,624341 3,624341
белом 2,371578 2,371578
муж 3,624341 7,248682
судьбы 5,010635 5,010635
гимназии 5,010635 5,010635
молодых 3,401197 3,401197
разыскивать 5,010635 5,010635
желания 4,317488 4,317488
прибыл 0,083382 0,083382
ними 2,525729 2,525729
спецпроекты 0,000000 0,000000
начал 2,445686 2,445686
захарова 3,218876 3,218876
власть 2,813411 2,813411
вынудили 3,912023 3,912023
высказалась 4,317488 4,317488
слухами 5,010635 5,010635
мещеряков 5,010635 5,010635
баскова 3,401197 3,401197
страшную 5,010635 5,010635
путин 1,203973 1,203973
первые 2,371578 2,371578
назад 1,678431 1,678431
судьбу 3,912023 3,912023
отмене 5,010635 5,010635
игры 0,000000 0,000000
пост 3,064725 3,064725
февраля 1,272966 16,548554
техника 0,000000 0,000000
ссср 0,000000 0,000000
состояние 3,624341 3,624341
фильме 3,912023 3,912023
состоянии 2,813411 2,813411
главного 2,612740 2,612740
виталий 3,912023 3,912023
трампа 0,054808 0,109616
жалеет 3,218876 3,218876
всекиносериалымузыкакнигиискусствотеатрфотография 3,401197 3,401197
женился 3,912023 3,912023
вопрос 1,832581 1,832581
самых 1,609438 1,609438
отвел 0,076161 0,076161
удивляют 3,401197 3,401197
вспомнить 3,624341 3,624341
получился 3,912023 11,736069
андерсон 5,010635 5,010635
пожаловался 3,401197 3,401197
марта 0,040822 2,653430
пугачеву 5,010635 15,031906
ответ 2,177422 2,177422
главное 0,000000 0,000000
богемы 4,317488 4,317488
жертвами 3,912023 3,912023
рассказу 3,912023 3,912023
военкомат 5,010635 5,010635
отеля 3,912023 3,912023
раскрыто 4,317488 4,317488
реакций 0,047791 0,047791
летнего 0,097980 0,097980
реакции 0,047791 0,047791
чудовищной 5,010635 5,010635
кончено 5,010635 5,010635
увольнения 3,624341 3,624341
концерт 4,317488 8,634976
мини 0,000000 0,000000
раскрыты 3,624341 7,248682
вновь 3,218876 3,218876
изнасиловал 0,076161 0,076161
практиковали 5,010635 5,010635
стоит 1,791759 5,375278
пугачева 5,010635 5,010635
самым 1,966113 1,966113
символ 2,931194 2,931194
тумбочке 5,010635 5,010635
культовых 4,317488 4,317488
жестоких 5,010635 5,010635
ветви 4,317488 4,317488
зеленского 0,068993 0,068993
сериалы 3,218876 3,218876
уехавшей 4,317488 8,634976
культуры 3,064725 6,129450
лента 0,000000 0,000000
разврату 5,010635 5,010635
объяснила 3,064725 3,064725
прощения 4,317488 4,317488
роль 1,966113 1,966113
петтинг 5,010635 5,010635
спорт 0,000000 0,000000
советская 3,624341 3,624341
споры 0,097980 0,097980
стриптизершу 5,010635 5,010635
удо 5,010635 10,021271
военной 0,061875 0,061875
четыре 0,040822 0,040822
марка 5,010635 5,010635
жми 0,013423 0,013423
стало 1,181994 1,181994
приехал 2,612740 2,612740
здоровьем 3,624341 3,624341
дракой 5,010635 5,010635
окружили 3,912023 3,912023
душу 4,317488 4,317488
ленту 0,013423 0,013423
стала 1,576648 1,576648
гонорар 5,010635 5,010635
сэкономить 5,010635 5,010635
юрий 2,813411 2,813411
затопленного 0,076161 0,076161
посвятила 5,010635 5,010635
михалков 5,010635 5,010635
известный 3,064725 3,064725
наши 2,177422 2,177422
космос 2,931194 2,931194
оружие 2,813411 2,813411
россии 0,425668 2,979675
применения 0,000000 0,000000
певицы 5,010635 5,010635
раскритиковала 4,317488 4,317488
обитания 0,000000 0,000000
сделал 2,120264 4,240527
ридли 3,401197 3,401197
ценности 0,000000 0,000000
хлебом 3,624341 3,624341
заставил 5,010635 5,010635
рублей 1,514128 1,514128
криду 5,010635 5,010635
напыщенность 5,010635 5,010635
материалам 0,047791 0,047791
церемония 5,010635 5,010635
известно 1,297063 1,297063
проектом 5,010635 5,010635
мужчин 2,371578 2,371578
дата 3,064725 3,064725
вернуться 0,013423 0,013423
ваши 0,047791 0,047791
вознамерился 5,010635 5,010635
российским 0,076161 0,076161
опровергли 3,401197 6,802395
номинаций 5,010635 5,010635
микки 4,317488 4,317488
российский 1,484275 2,968550
легендарного 4,317488 4,317488
обладательница 5,010635 5,010635
певица 3,912023 3,912023
порог 4,317488 4,317488
нарковоры 3,401197 3,401197
снизу 5,010635 5,010635
челюскин 4,317488 4,317488
интернет 0,000000 0,000000
россия 0,000000 0,000000
гир 4,317488 4,317488
россию 1,609438 3,218876
ефремов 5,010635 5,010635
обратился 0,076161 0,076161
ломало 5,010635 5,010635
коллегой 2,525729 2,525729
свои 0,027029 0,027029
стрип 3,912023 3,912023
рассказала 1,919593 1,919593
военкоматом 5,010635 10,021271
доме 2,014903 2,014903
назвать 3,912023 3,912023
домогаров 5,010635 5,010635
гид 0,076161 0,076161
уиллису 3,218876 3,218876
новгороде 3,912023 3,912023
анора 5,010635 5,010635
альбом 3,912023 7,824046
виторган 5,010635 5,010635
ленфильма 5,010635 5,010635
уволит 0,076161 0,076161
американских 2,371578 2,371578
охватил 5,010635 5,010635
дома 0,061875 0,061875
американский 0,061875 0,061875
записать 4,317488 4,317488
пола 0,097980 0,097980
йовович 4,317488 4,317488
шторма 4,317488 4,317488
кинопремии 5,010635 5,010635
артисту 3,624341 3,624341
отца 2,813411 11,253643
представитель 2,120264 2,120264
киркорова 3,218876 32,188758
изобрели 5,010635 5,010635
знаменитых 3,624341 3,624341
уехавших 5,010635 5,010635
потерянных 4,317488 4,317488
сообщения 3,218876 6,437752
андреасяна 5,010635 5,010635
кино 3,064725 6,129450
колыбельных 5,010635 5,010635
эмоции 0,047791 0,047791
убийцей 5,010635 5,010635
зеленским 0,076161 0,076161
запретить 2,931194 5,862388
двум 0,076161 0,076161
агентством 5,010635 5,010635
вызвала 0,097980 0,195961
фадеева 5,010635 5,010635
сети 0,090654 0,090654
пугачевой 5,010635 25,053176
миллионов 1,791759 1,791759
военнослужащим 0,076161 0,076161
актера 3,624341 10,873023
лещенко 5,010635 5,010635
причина 2,445686 2,445686
сообщение 3,401197 3,401197
бледанс 5,010635 5,010635
борисов 3,624341 3,624341
брата 2,525729 5,051457
умер 2,708050 8,124151
войны 1,791759 1,791759
таксующая 5,010635 5,010635
материалы 0,000000 0,000000
объяснил 2,120264 2,120264
триумфатором 5,010635 5,010635
российского 1,484275 1,484275
мыли 5,010635 5,010635
депутат 0,076161 0,076161
ядерной 3,064725 3,064725
прогресс 0,097980 0,097980
статьи 0,000000 0,000000
канада 5,010635 5,010635
покорила 5,010635 5,010635
экстрасенсов 5,010635 5,010635
уехавший 4,317488 4,317488
смелым 5,010635 5,010635
форме 0,061875 0,061875
убытки 5,010635 5,010635
культура 0,000000 0,000000
пригожин 3,912023 3,912023
романтической 5,010635 5,010635
одиноким 5,010635 5,010635
андреасян 5,010635 5,010635
силовые 0,000000 0,000000
подозрительной 5,010635 5,010635
пдд 5,010635 5,010635
вернулась 2,445686 2,445686
коллега 3,624341 3,624341
сарика 5,010635 5,010635
растягивали 5,010635 5,010635
дня 0,061875 0,061875
валерия 3,624341 3,624341
бортич 5,010635 5,010635
скрывал 5,010635 5,010635
отношение 3,064725 3,064725
бабкину 5,010635 10,021271
западных 3,218876 3,218876
краймбрери 5,010635 5,010635
удалось 1,714798 1,714798
серьезные 3,401197 3,401197
наш 3,064725 3,064725
любили 3,401197 3,401197
закончился 3,912023 3,912023
любит 3,064725 3,064725
сотрудников 0,076161 0,076161
михалкова 4,317488 4,317488
миража 3,401197 6,802395
сюрприз 4,317488 4,317488
дней 1,791759 1,791759
теряли 4,317488 4,317488
бедроса 3,912023 3,912023
потребовали 2,708050 2,708050
снял 3,064725 3,064725
начались 0,068993 0,068993
егор 3,218876 3,218876
поженились 4,317488 4,317488
участников 3,064725 3,064725
рекомендательных 0,000000 0,000000
презерватив 5,010635 5,010635
работает 0,040822 0,040822
маньяки 5,010635 5,010635
бомбы 5,010635 5,010635
увлекательные 0,047791 0,047791
тело 3,218876 3,218876
грандиозной 5,010635 5,010635
переговоры 0,054808 0,054808
дневник 5,010635 5,010635
ходунки 5,010635 5,010635
героем 3,064725 3,064725
встретили 3,912023 3,912023
маккартни 0,097980 0,097980
полюс 5,010635 5,010635
министр 2,612740 2,612740
контракт 3,912023 3,912023
забота 0,000000 0,000000
сбер 0,040822 0,040822
пожаловать 0,013423 0,013423
использованияполитика 0,000000 0,000000
предложили 3,401197 3,401197
роскошная 3,912023 3,912023
высмеивающий 4,317488 4,317488
нервозность 4,317488 4,317488
выжить 4,317488 4,317488
осложнениях 5,010635 5,010635
виторгана 5,010635 5,010635
таксиста 3,912023 3,912023
звездой 3,912023 3,912023
крупный 0,068993 0,068993
произведения 3,912023 3,912023
эстонии 4,317488 4,317488
регионам 0,076161 0,076161
гомофобные 5,010635 5,010635
крупным 0,076161 0,076161
жены 3,624341 3,624341
броуди 5,010635 5,010635
призвала 3,401197 3,401197
родной 4,317488 4,317488
признался 3,624341 3,624341
победа 0,000000 0,000000
жену 3,401197 3,401197
самой 2,525729 2,525729
самом 2,014903 2,014903
россияне 1,919593 1,919593
поздравил 3,064725 3,064725
отменили 3,624341 3,624341
онегина 4,317488 4,317488
благородным 5,010635 5,010635
остались 0,061875 0,061875
юлии 5,010635 5,010635
жена 3,624341 3,624341
вместо 2,708050 2,708050
сбережения 4,317488 4,317488
роман 3,218876 3,218876
опечатку 0,000000 0,000000
самое 2,612740 2,612740
агаты 5,010635 5,010635
сми 0,000000 0,000000
сериалов 3,912023 11,736069
мемов 4,317488 4,317488
страны 1,455287 1,455287
ровно 3,401197 3,401197
бриджит 4,317488 4,317488
создании 3,064725 3,064725
рады 0,068993 0,068993
наркоторговцев 3,401197 3,401197
сверху 3,912023 3,912023
моссовета 5,010635 5,010635
герой 2,612740 2,612740
отсрочку 5,010635 5,010635
место 0,054808 0,109616
акции 0,047791 0,047791
эйдельштейна 5,010635 15,031906
эпический 5,010635 5,010635
мс 0,097980 0,097980
решении 4,317488 4,317488
рассказал 1,272966 1,272966
евгения 3,401197 3,401197
начали 1,427116 1,427116
премии 3,624341 3,624341
истории 1,966113 1,966113
летний 2,612740 2,612740
террору 4,317488 4,317488
мари 5,010635 5,010635
догг 5,010635 5,010635
смогла 3,401197 3,401197
марк 3,912023 11,736069
экономика 0,000000 0,000000
фабрики 3,912023 3,912023
прошел 2,371578 2,371578
джонс 4,317488 4,317488
концерта 4,317488 4,317488
центре 2,525729 2,525729
использовать 2,612740 2,612740
розыске 4,317488 4,317488
страсть 4,317488 4,317488
госдуме 3,218876 3,218876
золотой 3,401197 3,401197
лолиты 5,010635 5,010635
скрыли 4,317488 4,317488
называют 2,931194 2,931194
десять 3,064725 3,064725
арбениной 5,010635 5,010635
миллой 4,317488 4,317488
ужас 3,624341 3,624341
секс 2,371578 4,743156
изменщику 5,010635 5,010635
легендарной 3,624341 3,624341
началовой 5,010635 5,010635
скотт 3,401197 3,401197
звезда 2,612740 5,225480
максима 5,010635 5,010635
шпионскую 5,010635 5,010635
макаревич 5,010635 5,010635
университет 3,912023 3,912023
нем 2,371578 2,371578
награды 5,010635 5,010635
блокбастер 3,912023 7,824046
советской 3,624341 3,624341
реальный 0,013423 0,013423
сняли 3,064725 6,129450
подписал 3,401197 3,401197
допустил 3,401197 3,401197
кинофестиваля 5,010635 5,010635
правды 0,068993 0,068993
актерским 5,010635 5,010635
тысячи 0,068993 0,068993
годами 3,064725 3,064725
господдержке 5,010635 5,010635
ополченский 5,010635 5,010635
героев 2,931194 5,862388
правду 4,317488 4,317488
певицей 5,010635 5,010635
чаку 4,317488 4,317488
германика 5,010635 5,010635
наташа 5,010635 5,010635
предрек 0,076161 0,152323
казалось 2,708050 2,708050
условие 3,218876 3,218876
городе 0,061875 0,061875
заслужил 5,010635 5,010635
года 0,899761 1,799523
фильм 2,813411 8,440232
занимать 3,912023 3,912023
сыграла 4,317488 4,317488
заявили 0,076161 0,076161
эдрианом 5,010635 5,010635
оренбурге 5,010635 5,010635
напугало 5,010635 5,010635
захотела 3,401197 3,401197
землях 4,317488 4,317488
своих 2,177422 2,177422
видеть 0,013423 0,013423
очень 1,347074 1,347074
финансировании 4,317488 4,317488
понаровской 5,010635 5,010635
наука 0,000000 0,000000
