ру 0,000000 0,000000
вторжениекак 5,010635 5,010635
создают 3,624341 3,624341
лента 0,000000 0,000000
рассказ 4,317488 4,317488
новые 0,000000 0,000000
тобой 4,317488 4,317488
спорт 0,000000 0,000000
будущего 3,401197 3,401197
эпоху 4,317488 4,317488
страже 5,010635 5,010635
каратели 5,010635 5,010635
заходили 5,010635 5,010635
лихие 5,010635 5,010635
противостоят 4,317488 4,317488
политики 2,525729 5,051457
пришлось 2,371578 2,371578
эпидемия 3,218876 3,218876
крах 5,010635 5,010635
людей 1,455287 4,365862
помощь 2,177422 2,177422
можете 4,317488 4,317488
интервенции 5,010635 5,010635
воде 4,317488 4,317488
стала 1,576648 1,576648
санкций 2,302585 2,302585
лет 0,967584 0,967584
имеешь 5,010635 5,010635
оказалось 2,177422 2,177422
процветанию 5,010635 5,010635
россии 0,425668 0,851336
оружие 2,813411 5,626821
применения 0,000000 0,000000
технологиймини 0,000000 0,000000
чеченская 5,010635 5,010635
х 2,177422 2,177422
обитания 0,000000 0,000000
ценности 0,000000 0,000000
привели 3,218876 3,218876
вертолеты 4,317488 4,317488
опасного 3,912023 3,912023
мир 0,000000 0,000000
имеют 2,931194 2,931194
запад 2,525729 2,525729
пройти 2,931194 2,931194
нажмите 0,000000 0,000000
соцсети 3,401197 3,401197
запада 2,708050 5,416100
русский 3,624341 3,624341
знают 3,218876 3,218876
сво 2,445686 2,445686
волна 2,612740 2,612740
кризисы 5,010635 5,010635
деле 2,238047 2,238047
профессора 3,401197 3,401197
бывший 0,000000 0,000000
время 0,762140 0,762140
родины 4,317488 4,317488
интернет 0,000000 0,000000
россия 0,000000 0,000000
россию 1,609438 3,218876
ооо 0,000000 0,000000
государства 2,708050 5,416100
путешествия 0,000000 0,000000
форсаж 4,317488 4,317488
свои 0,027029 0,054057
новым 2,708050 2,708050
драматичную 5,010635 5,010635
занавесом 5,010635 5,010635
гегемония 5,010635 5,010635
отрезать 3,624341 3,624341
структуры 0,000000 0,000000
американского 2,177422 2,177422
цветных 5,010635 5,010635
нашли 0,000000 0,000000
накрыла 3,912023 3,912023
железным 5,010635 5,010635
крупнейшие 5,010635 5,010635
роста 2,708050 2,708050
принесла 4,317488 4,317488
устраивают 5,010635 5,010635
показать 2,708050 2,708050
хх 5,010635 5,010635
мировая 4,317488 4,317488
интересов 3,218876 3,218876
галереи 0,000000 0,000000
человечеству 4,317488 4,317488
неизвестное 5,010635 5,010635
лидеров 2,708050 2,708050
человечества 4,317488 4,317488
коммерческие 5,010635 5,010635
танки 4,317488 4,317488
боевики 3,912023 3,912023
вошли 3,401197 3,401197
войны 1,791759 3,583519
редакциярекламаконтактыпресс 0,000000 0,000000
всей 2,238047 2,238047
материалы 0,000000 0,000000
видео 0,000000 0,000000
всему 2,612740 7,838220
меняют 3,218876 3,218876
замечательных 4,317488 4,317488
статьи 0,000000 0,000000
война 2,371578 2,371578
простые 3,912023 3,912023
соседству 3,912023 3,912023
вернулись 3,401197 3,401197
решил 2,708050 2,708050
культура 0,000000 0,000000
загрузка 3,064725 3,064725
силовые 0,000000 0,000000
эпоха 5,010635 5,010635
архив 0,000000 0,000000
инструкцией 5,010635 5,010635
союзники 3,624341 3,624341
революции 4,317488 4,317488
революций 5,010635 5,010635
некоммерческие 5,010635 5,010635
дагестан 4,317488 4,317488
сша 0,040822 0,081644
невероятная 4,317488 4,317488
умы 5,010635 5,010635
вторая 2,813411 2,813411
среда 0,000000 0,000000
делать 1,966113 3,932226
наш 3,064725 3,064725
живем 4,317488 4,317488
получить 2,238047 2,238047
планеты 3,218876 3,218876
эксклюзивы 0,000000 0,000000
мефедроновая 4,317488 4,317488
ударная 5,010635 5,010635
оказавшиеся 5,010635 5,010635
экономической 3,401197 3,401197
началась 2,813411 2,813411
рекомендательных 0,000000 0,000000
управляет 5,010635 5,010635
ракеты 3,218876 3,218876
лучшие 3,912023 3,912023
творцы 5,010635 5,010635
здоровье 2,708050 2,708050
право 3,912023 11,736069
деньги 2,014903 4,029806
приморского 4,317488 4,317488
россиян 1,714798 1,714798
конфиденциальностиправила 0,000000 0,000000
изоляции 5,010635 5,010635
воздухе 3,912023 3,912023
будущее 2,612740 5,225480
дрифта 5,010635 5,010635
котором 2,238047 2,238047
века 2,813411 2,813411
жизни 0,000000 0,000000
забота 0,000000 0,000000
сбер 0,040822 0,040822
использованияполитика 0,000000 0,000000
которые 1,181994 1,181994
анатомия 5,010635 5,010635
миллиардов 3,912023 3,912023
редакции 4,317488 4,317488
реальности 4,317488 4,317488
займет 5,010635 5,010635
чума 4,317488 4,317488
однополярного 5,010635 5,010635
малоизученного 4,317488 4,317488
синдром 4,317488 4,317488
победа 0,000000 0,000000
самом 2,014903 2,014903
советы 3,064725 3,064725
россияне 1,919593 3,839186
страна 1,714798 1,714798
вещи 2,931194 2,931194
мотор 0,000000 0,000000
опечатку 0,000000 0,000000
сми 0,000000 0,000000
страны 1,455287 1,455287
ударом 3,912023 3,912023
жить 2,177422 2,177422
жизнь 1,544899 3,089799
санкционной 5,010635 5,010635
напали 4,317488 4,317488
зависимости 2,813411 2,813411
гении 5,010635 5,010635
миллионы 2,445686 4,891372
новости 0,000000 0,000000
смельчаки 5,010635 5,010635
герой 2,612740 2,612740
войти 0,000000 0,000000
настрой 5,010635 5,010635
место 0,054808 0,054808
подчинили 5,010635 5,010635
миру 2,371578 7,114734
охраняет 5,010635 5,010635
начали 1,427116 1,427116
отмены 3,912023 3,912023
неравенство 5,010635 5,010635
военные 2,371578 2,371578
ради 2,371578 2,371578
мире 1,919593 3,839186
изменится 2,813411 2,813411
мира 1,576648 3,153296
экономика 0,000000 0,000000
изменили 5,010635 5,010635
выбор 3,064725 3,064725
почему 0,899761 0,899761
власти 1,919593 1,919593
новой 2,612740 2,612740
историю 2,525729 2,525729
история 2,238047 4,476093
земле 3,218876 3,218876
переживала 5,010635 5,010635
спецпроекты 0,000000 0,000000
свержения 5,010635 5,010635
русская 3,912023 3,912023
защиты 3,218876 3,218876
сохранив 5,010635 5,010635
нем 2,371578 2,371578
назад 1,678431 1,678431
игры 0,000000 0,000000
нативные 5,010635 5,010635
техника 0,000000 0,000000
ссср 0,000000 0,000000
давлению 4,317488 4,317488
главное 0,000000 0,000000
границы 3,218876 3,218876
мефедрона 4,317488 4,317488
наркотика 3,912023 3,912023
мини 0,000000 0,000000
откровенный 3,912023 3,912023
технологии 3,401197 3,401197
алгоритм 5,010635 5,010635
своих 2,177422 2,177422
ценят 5,010635 5,010635
наука 0,000000 0,000000
какое 2,612740 2,612740
позитивный 5,010635 5,010635
книга 5,010635 5,010635
