зеленского 0,068993 0,068993
перемирии 0,076161 0,076161
иностранных 2,371578 2,371578
ру 0,000000 0,000000
банк 0,076161 0,076161
лента 0,000000 0,000000
противодействовать 5,010635 5,010635
целям 5,010635 5,010635
деградирует 5,010635 10,021271
новые 0,000000 0,000000
газета 3,401197 3,401197
спорт 0,000000 0,000000
споры 0,097980 0,097980
согласие 0,047791 0,047791
добро 0,013423 0,013423
военном 3,218876 3,218876
военной 0,061875 0,061875
вероятно 2,813411 2,813411
выражаете 0,047791 0,047791
четыре 0,040822 0,040822
декабря 2,120264 2,120264
жми 0,013423 0,013423
помощью 0,047791 0,047791
добра 0,013423 0,026846
усиливаться 5,010635 5,010635
ленту 0,013423 0,013423
затопленного 0,076161 0,076161
фото 0,061875 0,123751
силы 2,177422 2,177422
ракетных 3,624341 3,624341
водой 0,061875 0,061875
оружие 2,813411 5,626821
россии 0,425668 1,702671
применения 0,000000 0,000000
технологиймини 0,000000 0,000000
привело 3,218876 3,218876
оценивайте 0,047791 0,047791
обитания 0,000000 0,000000
какие 1,875141 1,875141
ценности 0,000000 0,000000
цели 2,371578 2,371578
материалам 0,047791 0,047791
передал 3,624341 3,624341
конфиденциальности 0,047791 0,047791
вернуться 0,013423 0,013423
мир 0,000000 0,000000
ваши 0,047791 0,047791
запад 2,525729 2,525729
российским 0,076161 0,152323
нажмите 0,000000 0,000000
запада 2,708050 2,708050
получайте 0,047791 0,047791
уничтожаемой 5,010635 5,010635
зрк 5,010635 10,021271
погружайтесь 0,047791 0,047791
напомнили 4,317488 4,317488
бывший 0,000000 0,000000
время 0,762140 0,762140
проблемы 0,076161 0,152323
россиикосмосоружиеисторияздоровьебудущеетехникагаджетыигрысофт 3,064725 3,064725
накапливайте 0,047791 0,047791
зависящей 5,010635 5,010635
интернет 0,000000 0,000000
россия 0,000000 0,000000
регулярным 5,010635 5,010635
италией 5,010635 5,010635
ооо 0,000000 0,000000
обратился 0,076161 0,076161
деактивирована 0,013423 0,013423
непригодными 5,010635 5,010635
рассказали 1,919593 3,839186
путешествия 0,000000 0,000000
отдела 0,579818 0,579818
свои 0,027029 0,027029
стингера 5,010635 5,010635
ранее 1,003302 1,003302
оружием 3,064725 3,064725
территории 1,919593 1,919593
структуры 0,000000 0,000000
поставлены 5,010635 5,010635
индии 0,076161 0,076161
гид 0,076161 0,076161
хочешь 0,013423 0,013423
нашли 0,000000 0,000000
пляжных 0,097980 0,097980
уволит 0,076161 0,076161
дома 0,061875 0,061875
станут 3,912023 3,912023
американский 0,061875 0,061875
обычную 0,013423 0,013423
пола 0,097980 0,097980
украине 1,139434 3,418303
внешность 0,097980 0,097980
рассказывает 2,612740 2,612740
планомерно 5,010635 5,010635
украинском 0,076161 0,076161
света 0,054808 0,054808
публикации 3,401197 3,401197
украины 1,021651 6,129907
украинской 3,064725 6,129450
российских 1,576648 3,153296
галереи 0,000000 0,000000
высокоточным 5,010635 5,010635
белоусов 0,076161 0,076161
эмоции 0,047791 0,047791
групповых 5,010635 5,010635
зеленским 0,076161 0,076161
ближайшее 3,401197 3,401197
писала 4,317488 4,317488
условиями 0,040822 0,081644
двум 0,076161 0,076161
исчерпания 5,010635 5,010635
вызвала 0,097980 0,097980
система 2,813411 5,626821
сети 0,090654 0,090654
низкая 5,010635 5,010635
военнослужащим 0,076161 0,076161
читайте 0,040822 0,040822
киева 2,612740 2,612740
кроме 1,427116 1,427116
байконур 0,097980 0,097980
редакциярекламаконтактыпресс 0,000000 0,000000
материалы 0,000000 0,000000
видео 0,000000 0,000000
мере 4,317488 4,317488
гиперзвуковые 4,317488 4,317488
депутат 0,076161 0,076161
объясняется 5,010635 5,010635
зенитных 5,010635 5,010635
прогресс 0,097980 0,097980
невозможности 5,010635 5,010635
статьи 0,000000 0,000000
пво 3,401197 34,011974
зенитным 5,010635 5,010635
поставляют 5,010635 5,010635
систем 4,317488 4,317488
обороны 2,525729 2,525729
форме 0,061875 0,061875
последние 0,090654 0,090654
предрекли 0,076161 0,076161
материале 2,120264 2,120264
отмечается 2,371578 2,371578
культура 0,000000 0,000000
обсудить 0,456758 0,456758
говорится 3,064725 3,064725
силовые 0,000000 0,000000
архив 0,000000 0,000000
несмотря 2,120264 2,120264
военная 3,218876 3,218876
дня 0,061875 0,061875
сша 0,040822 0,040822
перехватывать 5,010635 5,010635
всенаукав 3,064725 3,064725
комплексов 5,010635 15,031906
среда 0,000000 0,000000
иринин 5,010635 5,010635
ударам 3,912023 3,912023
финансовом 4,317488 4,317488
раскрытии 0,076161 0,076161
редактор 0,567984 0,567984
скидки 0,047791 0,047791
сотрудников 0,076161 0,076161
вооруженные 2,708050 2,708050
эксклюзивы 0,000000 0,000000
российском 0,076161 0,076161
выражайте 0,047791 0,047791
теме 1,514128 1,514128
сил 1,791759 1,791759
способны 3,401197 3,401197
начались 0,068993 0,068993
вооруженных 2,014903 2,014903
рекомендательных 0,000000 0,000000
конфликте 0,076161 0,076161
ракеты 3,218876 6,437752
продолжая 0,047791 0,047791
работает 0,040822 0,040822
увлекательные 0,047791 0,047791
большое 2,813411 2,813411
будут 1,919593 1,919593
тасс 2,371578 7,114734
переговоры 0,054808 0,054808
конфиденциальностиправила 0,000000 0,000000
бонусы 0,047791 0,095581
политикой 0,047791 0,047791
маккартни 0,097980 0,097980
итальянская 5,010635 5,010635
жильцы 0,076161 0,076161
эффективность 3,401197 3,401197
жизни 0,000000 0,000000
забота 0,000000 0,000000
сбер 0,040822 0,040822
даниил 5,010635 5,010635
пожаловать 0,013423 0,013423
использованияполитика 0,000000 0,000000
которые 1,181994 1,181994
системы 2,525729 5,051457
крупный 0,068993 0,068993
регионам 0,076161 0,076161
кинжалы 5,010635 5,010635
крупным 0,076161 0,076161
туристку 0,076161 0,076161
это 0,020203 0,040405
дроны 3,401197 3,401197
победа 0,000000 0,000000
остались 0,061875 0,061875
две 0,033902 0,067803
комплексам 5,010635 5,010635
мотор 0,000000 0,000000
обменивайте 0,047791 0,047791
опечатку 0,000000 0,000000
сми 0,000000 0,000000
квазибаллистические 5,010635 5,010635
вместе 1,514128 1,514128
противовоздушной 5,010635 5,010635
батареи 3,912023 3,912023
рады 0,068993 0,068993
ударов 2,302585 6,907755
новости 0,000000 0,000000
войти 0,000000 0,000000
место 0,054808 0,054808
акции 0,047791 0,047791
хорошие 0,013423 0,013423
мс 0,097980 0,097980
назначенные 5,010635 5,010635
медитации 0,076161 0,076161
экономика 0,000000 0,000000
уход 0,076161 0,076161
использования 3,912023 3,912023
недостатка 4,317488 4,317488
прибыл 0,083382 0,083382
ракет 4,317488 8,634976
спецпроекты 0,000000 0,000000
количество 1,966113 1,966113
искандер 4,317488 4,317488
реальный 0,013423 0,013423
игры 0,000000 0,000000
плане 4,317488 4,317488
ссср 0,000000 0,000000
техника 0,000000 0,000000
запаса 3,912023 3,912023
всу 1,373049 1,373049
правды 0,068993 0,068993
трампа 0,054808 0,054808
тысячи 0,068993 0,068993
уничтожением 5,010635 5,010635
отвел 0,076161 0,076161
нанесли 3,401197 3,401197
предрек 0,076161 0,076161
деградации 3,624341 10,873023
алексей 1,919593 1,919593
марта 0,040822 0,122466
городе 0,061875 0,061875
францией 4,317488 4,317488
марте 2,708050 2,708050
главное 0,000000 0,000000
западная 4,317488 4,317488
реакций 0,047791 0,047791
летнего 0,097980 0,097980
заявили 0,076161 0,076161
реакции 0,047791 0,047791
мини 0,000000 0,000000
коновалов 5,010635 5,010635
поразили 4,317488 4,317488
видеть 0,013423 0,013423
изнасиловал 0,076161 0,076161
наука 0,000000 0,000000
сюжетработа 5,010635 5,010635
какое 2,612740 2,612740
