зеленского 0,068993 0,068993
перемирии 0,076161 0,076161
ру 0,000000 0,000000
банк 0,076161 0,076161
добавил 2,445686 2,445686
лента 0,000000 0,000000
газете 3,624341 3,624341
новые 0,000000 0,000000
роль 1,966113 1,966113
спорт 0,000000 0,000000
заявил 1,098612 2,197225
споры 0,097980 0,097980
согласие 0,047791 0,047791
добро 0,013423 0,013423
военной 0,061875 0,061875
выражаете 0,047791 0,047791
четыре 0,040822 0,040822
жми 0,013423 0,013423
помощью 0,047791 0,047791
добра 0,013423 0,026846
словам 1,272966 1,272966
ленту 0,013423 0,013423
затопленного 0,076161 0,076161
фото 0,061875 0,123751
провоцировании 5,010635 5,010635
политика 1,576648 1,576648
водой 0,061875 0,061875
применения 0,000000 0,000000
технологиймини 0,000000 0,000000
миллиардер 3,624341 7,248682
оценивайте 0,047791 0,047791
обитания 0,000000 0,000000
ценности 0,000000 0,000000
дэвид 5,010635 5,010635
материалам 0,047791 0,047791
конфиденциальности 0,047791 0,047791
распространяли 5,010635 5,010635
вернуться 0,013423 0,013423
мир 0,000000 0,000000
ваши 0,047791 0,047791
российским 0,076161 0,076161
нажмите 0,000000 0,000000
байден 4,317488 4,317488
получайте 0,047791 0,047791
прав 3,624341 3,624341
своем 1,919593 1,919593
погружайтесь 0,047791 0,047791
президенту 3,401197 3,401197
профессора 3,401197 3,401197
бывший 0,000000 0,000000
проблемы 0,076161 0,076161
сакс 5,010635 15,031906
накапливайте 0,047791 0,047791
интернет 0,000000 0,000000
россия 0,000000 0,000000
ооо 0,000000 0,000000
обратился 0,076161 0,076161
деактивирована 0,013423 0,013423
путешествия 0,000000 0,000000
отдела 0,579818 0,579818
вопросы 2,120264 2,120264
свои 0,027029 0,027029
структуры 0,000000 0,000000
индии 0,076161 0,076161
гид 0,076161 0,076161
хочешь 0,013423 0,013423
нашли 0,000000 0,000000
пляжных 0,097980 0,097980
уволит 0,076161 0,076161
дома 0,061875 0,061875
ложную 5,010635 5,010635
американский 0,061875 0,123751
обычную 0,013423 0,013423
пола 0,097980 0,097980
украине 1,139434 2,278869
внешность 0,097980 0,097980
зеленский 1,714798 1,714798
света 0,054808 0,054808
украинском 0,076161 0,380807
украины 1,021651 2,043302
галереи 0,000000 0,000000
белоусов 0,076161 0,076161
эмоции 0,047791 0,047791
зеленским 0,076161 0,076161
условиями 0,040822 0,081644
двум 0,076161 0,076161
мытарева 3,912023 3,912023
вызвала 0,097980 0,097980
сети 0,090654 0,181309
военнослужащим 0,076161 0,076161
автор 3,912023 3,912023
читайте 0,040822 0,040822
байконур 0,097980 0,097980
редакциярекламаконтактыпресс 0,000000 0,000000
материалы 0,000000 0,000000
раскрывается 4,317488 12,952464
видео 0,000000 0,000000
депутат 0,076161 0,076161
прогресс 0,097980 0,097980
статье 2,813411 2,813411
войне 3,064725 3,064725
статьи 0,000000 0,000000
миллиардера 3,401197 3,401197
война 2,371578 2,371578
объясняет 3,218876 3,218876
форме 0,061875 0,061875
последние 0,090654 0,090654
предрекли 0,076161 0,076161
культура 0,000000 0,000000
обсудить 0,456758 0,456758
силовые 0,000000 0,000000
архив 0,000000 0,000000
высказываний 5,010635 5,010635
западные 3,218876 3,218876
социальной 3,624341 3,624341
статья 3,912023 3,912023
дня 0,061875 0,061875
сша 0,040822 0,163288
лидер 1,919593 1,919593
всеполитикаобществопроисшествияконфликтыпреступность 2,014903 2,014903
отношении 1,791759 1,791759
среда 0,000000 0,000000
раскрытии 0,076161 0,228484
отметив 3,401197 3,401197
редактор 0,567984 0,567984
байдена 3,401197 3,401197
администрации 3,624341 3,624341
скидки 0,047791 0,047791
сотрудников 0,076161 0,076161
близкий 5,010635 5,010635
эксклюзивы 0,000000 0,000000
российском 0,076161 0,076161
выражайте 0,047791 0,047791
теме 1,514128 1,514128
начались 0,068993 0,068993
техасского 5,010635 5,010635
рекомендательных 0,000000 0,000000
администрация 3,912023 3,912023
конфликте 0,076161 0,380807
продолжая 0,047791 0,047791
работает 0,040822 0,040822
алана 5,010635 5,010635
конфликта 1,919593 1,919593
увлекательные 0,047791 0,047791
переговоры 0,054808 0,054808
конфликту 3,401197 3,401197
конфиденциальностиправила 0,000000 0,000000
бонусы 0,047791 0,095581
политикой 0,047791 0,047791
маккартни 0,097980 0,097980
отметил 1,791759 1,791759
жильцы 0,076161 0,076161
жизни 0,000000 0,000000
забота 0,000000 0,000000
сбер 0,040822 0,040822
дональду 4,317488 4,317488
пожаловать 0,013423 0,013423
использованияполитика 0,000000 0,000000
правоте 5,010635 5,010635
трамп 1,484275 1,484275
крупный 0,068993 0,068993
регионам 0,076161 0,076161
крупным 0,076161 0,076161
это 0,020203 0,020203
туристку 0,076161 0,076161
нужна 2,813411 2,813411
развязала 5,010635 5,010635
победа 0,000000 0,000000
остались 0,061875 0,061875
две 0,033902 0,033902
президент 1,347074 1,347074
мотор 0,000000 0,000000
обменивайте 0,047791 0,047791
опечатку 0,000000 0,000000
сми 0,000000 0,000000
указывает 3,912023 3,912023
рады 0,068993 0,068993
куперман 5,010635 5,010635
новости 0,000000 0,000000
войти 0,000000 0,000000
место 0,054808 0,054808
акции 0,047791 0,047791
хорошие 0,013423 0,013423
мс 0,097980 0,097980
медитации 0,076161 0,076161
экономика 0,000000 0,000000
совершенно 2,813411 2,813411
уход 0,076161 0,076161
почему 0,899761 0,899761
украинского 2,445686 2,445686
прибыл 0,083382 0,083382
спецпроекты 0,000000 0,000000
аккаунте 3,401197 3,401197
университета 3,912023 3,912023
значительную 5,010635 5,010635
владимир 1,373049 1,373049
реальный 0,013423 0,013423
игры 0,000000 0,000000
техника 0,000000 0,000000
ссср 0,000000 0,000000
курирующий 4,317488 4,317488
правды 0,068993 0,206979
трампа 0,054808 0,109616
тысячи 0,068993 0,068993
отвел 0,076161 0,076161
предрек 0,076161 0,076161
марта 0,040822 0,040822
городе 0,061875 0,061875
главное 0,000000 0,000000
елизавета 3,912023 3,912023
правда 2,014903 6,044709
купермана 5,010635 5,010635
реакций 0,047791 0,047791
летнего 0,097980 0,097980
заявили 0,076161 0,228484
реакции 0,047791 0,047791
информацию 2,612740 2,612740
мини 0,000000 0,000000
постоянно 2,525729 2,525729
джо 3,624341 3,624341
криптовалютами 5,010635 5,010635
эскалации 3,912023 3,912023
видеть 0,013423 0,013423
изнасиловал 0,076161 0,076161
трампу 2,612740 2,612740
наука 0,000000 0,000000
сыграли 3,912023 3,912023
