встал 3,624341 3,624341
напишите 3,912023 3,912023
ру 0,000000 0,000000
банк 0,076161 0,076161
долгим 4,317488 4,317488
разведки 3,401197 10,203592
рф 1,514128 3,028255
стандартные 4,317488 4,317488
личных 3,401197 10,203592
стал 1,203973 1,203973
надзорных 5,010635 5,010635
целом 3,064725 6,129450
департамента 3,218876 19,313255
партнеров 3,401197 6,802395
законных 5,010635 5,010635
согласие 0,047791 0,047791
сотрудники 2,066196 6,198589
согласия 3,912023 3,912023
юридических 5,010635 5,010635
протестующих 5,010635 5,010635
таким 2,014903 4,029806
людей 1,455287 4,365862
взялись 3,401197 3,401197
одно 2,813411 5,626821
принадлежит 3,624341 3,624341
сторонников 3,912023 3,912023
таких 2,177422 2,177422
дополнительно 4,317488 4,317488
человек 1,249435 1,249435
отделом 3,912023 3,912023
иностранные 3,064725 6,129450
частности 2,525729 2,525729
те 1,919593 1,919593
самих 4,317488 4,317488
нежелательной 5,010635 5,010635
фото 0,061875 0,495003
огромная 5,010635 5,010635
лет 0,967584 1,935168
полгода 2,612740 5,225480
связь 2,813411 5,626821
такие 2,120264 2,120264
задержаниях 5,010635 5,010635
водой 0,061875 0,061875
насколько 3,624341 3,624341
создателя 3,912023 3,912023
структур 3,912023 3,912023
белоруссии 3,218876 3,218876
суд 1,966113 7,864451
технологиймини 0,000000 0,000000
создатель 5,010635 10,021271
составлении 5,010635 5,010635
информационных 4,317488 4,317488
скрываем 5,010635 10,021271
конфиденциальности 0,047791 0,047791
попавшийся 5,010635 5,010635
самому 3,401197 3,401197
пробивов 5,010635 20,042541
ук 3,401197 3,401197
закрытыми 3,912023 3,912023
нажмите 0,000000 0,000000
несовершеннолетних 4,317488 8,634976
получайте 0,047791 0,047791
дело 2,120264 2,120264
своем 1,919593 1,919593
кибермошенникам 5,010635 5,010635
вторых 3,401197 3,401197
адресу 3,912023 3,912023
собираясь 5,010635 5,010635
проект 3,624341 3,624341
слишком 2,371578 2,371578
отмечает 2,612740 10,450960
быстро 2,813411 5,626821
опытным 5,010635 5,010635
проблемы 0,076161 0,228484
данных 2,931194 90,867006
конкурентов 3,624341 3,624341
посмотреть 3,401197 3,401197
физическим 5,010635 5,010635
путешествия 0,000000 0,000000
форсаж 4,317488 4,317488
проблема 3,064725 3,064725
ситуация 2,931194 2,931194
данные 2,612740 33,965620
откажешься 3,912023 3,912023
территории 1,919593 1,919593
предлагалось 5,010635 5,010635
создали 3,624341 3,624341
имени 2,708050 2,708050
также 0,762140 5,334980
обещали 4,317488 4,317488
индии 0,076161 0,076161
появиться 5,010635 5,010635
выходят 4,317488 4,317488
проекта 3,064725 3,064725
последнее 2,931194 2,931194
украина 1,832581 5,497744
нашли 0,000000 0,000000
свободы 3,624341 3,624341
разработчики 5,010635 20,042541
вирусами 5,010635 5,010635
украине 1,139434 1,139434
рассказывает 2,612740 2,612740
подписчиков 3,912023 7,824046
находиться 4,317488 4,317488
агрегаторов 5,010635 5,010635
способное 5,010635 5,010635
украинском 0,076161 0,076161
света 0,054808 0,054808
начать 2,445686 2,445686
лиц 3,218876 6,437752
часа 2,371578 2,371578
украины 1,021651 3,064954
обходится 5,010635 5,010635
собрали 4,317488 4,317488
отследить 3,912023 3,912023
белоусов 0,076161 0,076161
незаконные 5,010635 10,021271
удалить 5,010635 5,010635
однако 1,249435 9,995481
представляет 4,317488 4,317488
базы 4,317488 12,952464
условиями 0,040822 0,081644
детективов 5,010635 5,010635
готовы 2,708050 2,708050
июня 2,612740 2,612740
базу 5,010635 5,010635
людьми 3,218876 3,218876
отключили 3,912023 3,912023
могут 1,455287 8,731723
стремятся 3,912023 3,912023
работающие 5,010635 5,010635
читайте 0,040822 0,040822
обогатить 5,010635 5,010635
пробивать 5,010635 10,021271
получил 2,120264 2,120264
стороны 1,643339 6,573358
вступлением 5,010635 5,010635
байконур 0,097980 0,097980
угодно 3,624341 3,624341
получит 2,813411 2,813411
сторону 2,708050 2,708050
полностью 2,525729 5,051457
мочить 5,010635 5,010635
поддержку 2,813411 5,626821
исключил 3,624341 3,624341
минуту 3,624341 3,624341
призывали 5,010635 10,021271
доступны 4,317488 8,634976
набором 5,010635 5,010635
изменилось 3,218876 3,218876
последний 3,218876 3,218876
сторона 3,218876 3,218876
говорит 2,014903 8,059612
последние 0,090654 0,181309
предрекли 0,076161 0,076161
правоохранителям 5,010635 5,010635
предписание 5,010635 5,010635
архив 0,000000 0,000000
части 2,014903 2,014903
июля 2,813411 2,813411
сша 0,040822 0,040822
игроков 5,010635 10,021271
утечками 5,010635 5,010635
приведет 2,525729 5,051457
ввели 3,401197 3,401197
канала 3,401197 3,401197
раскрытии 0,076161 0,076161
требовал 5,010635 5,010635
хранить 5,010635 10,021271
создает 3,624341 3,624341
негативных 5,010635 5,010635
российском 0,076161 0,076161
ожидают 4,317488 4,317488
прибыльная 5,010635 5,010635
личную 3,218876 3,218876
требованием 5,010635 5,010635
ноябре 2,813411 2,813411
интернете 3,401197 3,401197
официально 2,931194 2,931194
каналы 3,218876 6,437752
публичных 5,010635 5,010635
разработчик 5,010635 5,010635
незаконной 3,912023 3,912023
игроки 4,317488 4,317488
лентой 2,371578 4,743156
будут 1,919593 9,597964
зрения 3,401197 3,401197
претензии 3,912023 3,912023
бонусы 0,047791 0,095581
подписчикам 5,010635 5,010635
канале 3,064725 3,064725
запрещен 5,010635 5,010635
тому 2,612740 5,225480
жильцы 0,076161 0,076161
перейти 3,064725 3,064725
жизни 0,000000 0,000000
армию 3,218876 3,218876
силовики 3,624341 7,248682
пользованием 5,010635 5,010635
нужно 1,791759 3,583519
украинских 1,919593 3,839186
любые 3,218876 3,218876
оформления 3,218876 3,218876
наращивать 3,912023 3,912023
украинским 2,813411 2,813411
наших 2,708050 2,708050
переносить 5,010635 5,010635
туристку 0,076161 0,076161
украинские 2,525729 10,102915
любых 3,912023 3,912023
закон 4,317488 12,952464
возникли 3,218876 3,218876
ответственность 3,218876 6,437752
криптовалюту 5,010635 5,010635
разобраться 4,317488 4,317488
русло 3,912023 3,912023
выдавая 4,317488 4,317488
мотор 0,000000 0,000000
обменивайте 0,047791 0,047791
имеет 3,064725 3,064725
криптовалюте 5,010635 5,010635
понятно 3,401197 3,401197
нарушает 3,912023 3,912023
конкурент 4,317488 4,317488
проблемные 3,624341 3,624341
фбк 5,010635 5,010635
хорошие 0,013423 0,013423
далеко 3,064725 3,064725
правоохранителями 5,010635 5,010635
спроса 4,317488 4,317488
нарушения 3,912023 3,912023
всплывет 5,010635 5,010635
вербовки 4,317488 4,317488
терроризма 4,317488 4,317488
годом 3,401197 3,401197
владельцы 5,010635 20,042541
идеально 3,912023 3,912023
модераторы 5,010635 10,021271
почему 0,899761 0,899761
власти 1,919593 1,919593
записям 5,010635 5,010635
столь 3,624341 3,624341
идут 2,525729 2,525729
сегмент 4,317488 4,317488
росгвардейцев 5,010635 5,010635
относительно 3,064725 3,064725
совершать 3,624341 3,624341
прибыл 0,083382 0,083382
вербует 3,912023 3,912023
значит 3,218876 3,218876
желающий 5,010635 5,010635
окажется 3,624341 3,624341
начнут 5,010635 5,010635
случайном 5,010635 5,010635
экстремистской 5,010635 5,010635
список 2,708050 2,708050
кадр 2,302585 2,302585
ссср 0,000000 0,000000
сирошадвокат 5,010635 5,010635
нашей 2,525729 2,525729
подобного 3,401197 3,401197
готовят 3,912023 7,824046
происхождение 5,010635 5,010635
появляться 3,912023 7,824046
жертве 5,010635 5,010635
активных 3,401197 3,401197
обязанности 4,317488 4,317488
расследование 3,064725 3,064725
именно 1,875141 1,875141
другие 1,714798 6,859194
расследований 5,010635 10,021271
главное 0,000000 0,000000
риска 3,218876 3,218876
оснований 5,010635 5,010635
нового 2,371578 2,371578
перевести 4,317488 4,317488
летнего 0,097980 0,097980
ведя 5,010635 5,010635
мини 0,000000 0,000000
других 1,576648 3,153296
спецслужбы 2,525729 7,577186
свидетелем 3,064725 3,064725
источников 4,317488 8,634976
противника 3,064725 3,064725
беседе 2,445686 4,891372
изнасиловал 0,076161 0,076161
сервисам 5,010635 5,010635
точки 3,218876 3,218876
образом 2,066196 2,066196
соцсетей 3,912023 3,912023
учрежденный 5,010635 5,010635
запрещенной 5,010635 5,010635
запрещено 4,317488 4,317488
утечки 5,010635 10,021271
недобросовестных 5,010635 5,010635
автомобиля 4,317488 4,317488
просматривать 5,010635 5,010635
утечек 5,010635 15,031906
бедеровруководитель 5,010635 25,053176
собеседник 3,912023 7,824046
спорт 0,000000 0,000000
связал 3,912023 3,912023
накопили 5,010635 5,010635
делало 5,010635 5,010635
споры 0,097980 0,097980
нагрянули 5,010635 5,010635
пытались 2,708050 2,708050
семейную 5,010635 5,010635
военной 0,061875 0,061875
объем 3,624341 10,873023
четыре 0,040822 0,081644
исходит 5,010635 5,010635
стало 1,181994 1,181994
известных 3,401197 3,401197
серьезную 5,010635 5,010635
требованиями 4,317488 8,634976
делом 3,624341 7,248682
сбор 3,912023 3,912023
масштабы 3,912023 3,912023
сделали 3,218876 6,437752
стала 1,576648 3,153296
известным 4,317488 4,317488
раздачу 5,010635 5,010635
работающими 4,317488 4,317488
взаимодействие 3,624341 3,624341
илья 3,064725 3,064725
стали 1,514128 13,627150
обвинят 4,317488 4,317488
дуров 4,317488 8,634976
украинская 2,612740 2,612740
законодательством 5,010635 5,010635
полученные 5,010635 5,010635
альтернативные 3,912023 3,912023
обитания 0,000000 0,000000
появился 2,445686 4,891372
поправки 5,010635 10,021271
высокой 3,401197 3,401197
невелико 5,010635 5,010635
отразилось 5,010635 5,010635
требованию 4,317488 4,317488
вводит 5,010635 5,010635
российские 1,678431 8,392154
хранение 5,010635 5,010635
российским 0,076161 0,228484
опасения 3,624341 7,248682
доказать 4,317488 4,317488
судкриминалполиция 2,525729 2,525729
российский 1,484275 2,968550
цель 3,218876 6,437752
человеке 4,317488 4,317488
необходимо 2,120264 4,240527
тех 2,120264 6,360791
давно 2,445686 2,445686
росту 5,010635 5,010635
трактуют 5,010635 5,010635
спустя 1,832581 5,497744
создавался 5,010635 5,010635
интернет 0,000000 0,000000
прихода 3,912023 3,912023
обратился 0,076161 0,152323
рано 3,401197 3,401197
харсеев 5,010635 5,010635
шесть 2,525729 2,525729
считает 2,445686 2,445686
приходе 5,010635 5,010635
включен 5,010635 10,021271
предоставлялся 5,010635 5,010635
россиянина 3,064725 3,064725
платить 3,218876 6,437752
гид 0,076161 0,076161
дикий 5,010635 10,021271
предоставляют 5,010635 10,021271
законом 5,010635 5,010635
игорь 3,064725 27,582526
наказания 4,317488 4,317488
революционную 5,010635 5,010635
дома 0,061875 0,061875
глаза 2,931194 17,587163
незаконными 5,010635 5,010635
пола 0,097980 0,097980
представители 3,624341 3,624341
работу 1,791759 7,167038
глазе 5,010635 5,010635
адрес 3,218876 3,218876
отношения 2,525729 2,525729
соответствии 4,317488 8,634976
соответствие 5,010635 5,010635
запрет 4,317488 4,317488
сообщения 3,218876 3,218876
исполнителей 4,317488 4,317488
крупнейший 4,317488 4,317488
глазу 5,010635 5,010635
услуг 3,064725 3,064725
российских 1,576648 6,306592
эмоции 0,047791 0,047791
роскомнадзоре 5,010635 5,010635
обысков 5,010635 5,010635
передачу 4,317488 4,317488
наказание 3,912023 3,912023
платежей 4,317488 4,317488
роскомнадзора 5,010635 10,021271
период 2,120264 2,120264
дрон 3,624341 3,624341
сети 0,090654 0,181309
военнослужащим 0,076161 0,076161
знать 3,401197 3,401197
миллионов 1,791759 3,583519
подпадающую 5,010635 5,010635
оганесяноснователь 5,010635 10,021271
маржу 5,010635 5,010635
разделяют 5,010635 5,010635
функционал 5,010635 5,010635
поясняет 4,317488 4,317488
бороться 2,708050 2,708050
кроме 1,427116 2,854233
трансграничную 5,010635 5,010635
внести 4,317488 4,317488
химеры 5,010635 5,010635
материалы 0,000000 0,000000
доходах 5,010635 5,010635
расчеты 5,010635 5,010635
испытанием 5,010635 5,010635
эксперт 2,371578 9,486312
депутат 0,076161 0,076161
любому 4,317488 4,317488
вербуют 3,912023 3,912023
данными 4,317488 8,634976
куски 5,010635 10,021271
статье 2,813411 5,626821
деньгах 5,010635 5,010635
взлет 5,010635 5,010635
статьи 0,000000 0,000000
спектр 3,624341 3,624341
заняла 5,010635 5,010635
украинцы 2,931194 14,655969
целиком 3,912023 3,912023
ограничений 3,912023 7,824046
происходят 3,401197 3,401197
убьем 3,912023 3,912023
олег 3,912023 3,912023
альтернативу 3,912023 3,912023
включая 3,064725 3,064725
культура 0,000000 0,000000
материала 2,931194 2,931194
статью 5,010635 5,010635
паролей 5,010635 5,010635
служебные 5,010635 5,010635
федор 3,912023 3,912023
соответственно 3,064725 3,064725
распространяют 5,010635 5,010635
важного 3,401197 3,401197
смартфона 3,912023 3,912023
широко 3,401197 3,401197
обыски 5,010635 10,021271
чувствительной 5,010635 5,010635
наблюдают 3,912023 3,912023
редактор 0,567984 0,567984
серьезным 4,317488 4,317488
внутри 2,445686 2,445686
дадим 3,912023 3,912023
многие 1,714798 5,144395
получить 2,238047 6,714140
остальными 5,010635 5,010635
выручку 5,010635 5,010635
направить 5,010635 5,010635
продавать 3,064725 3,064725
отмечая 5,010635 5,010635
мониторинга 4,317488 12,952464
связанные 3,912023 3,912023
работает 0,040822 0,040822
соседе 5,010635 5,010635
увлекательные 0,047791 0,047791
обратная 3,064725 3,064725
риа 1,272966 2,545931
участники 3,218876 3,218876
взял 3,064725 3,064725
работаем 3,624341 3,624341
закрытые 5,010635 5,010635
переговоры 0,054808 0,054808
террористов 3,218876 3,218876
яды 4,317488 4,317488
различных 3,624341 3,624341
права 3,912023 3,912023
зеркала 5,010635 5,010635
авиаперелеты 5,010635 5,010635
маккартни 0,097980 0,097980
клон 5,010635 5,010635
сбер 0,040822 0,040822
использованияполитика 0,000000 0,000000
вопросов 3,064725 3,064725
перспективы 2,931194 2,931194
митингов 5,010635 5,010635
пробива 3,401197 47,616763
поэтому 1,966113 7,864451
крупных 3,064725 9,194175
органами 3,218876 3,218876
началом 3,912023 7,824046
аналитических 5,010635 30,063812
неожиданностью 4,317488 8,634976
крупный 0,068993 0,068993
стремительно 3,912023 3,912023
пробивы 5,010635 5,010635
регионам 0,076161 0,076161
пределы 5,010635 5,010635
увеличению 5,010635 5,010635
механизмы 3,064725 3,064725
знает 2,612740 2,612740
крупным 0,076161 0,076161
обоснованных 5,010635 5,010635
прим 2,813411 2,813411
крупные 3,218876 3,218876
оборота 5,010635 5,010635
последовать 5,010635 10,021271
остались 0,061875 0,061875
сегодня 1,643339 4,930018
сформировались 4,317488 4,317488
инструмент 5,010635 5,010635
называлось 5,010635 5,010635
создать 2,612740 2,612740
оправданны 5,010635 5,010635
сообществ 3,912023 3,912023
руководитель 3,218876 3,218876
тылу 3,064725 3,064725
высвечивать 5,010635 5,010635
страны 1,455287 2,910574
вместе 1,514128 7,570639
ежемесячная 5,010635 5,010635
рады 0,068993 0,068993
отчасти 4,317488 4,317488
обысками 4,317488 8,634976
придут 3,401197 6,802395
решений 3,218876 3,218876
платформ 5,010635 5,010635
десяти 3,624341 3,624341
акции 0,047791 0,095581
центры 3,912023 3,912023
решение 2,302585 4,605170
рассказал 1,272966 2,545931
евгению 5,010635 5,010635
евгения 3,401197 6,802395
широкий 3,912023 3,912023
экстремистов 3,912023 3,912023
благодаря 2,238047 4,476093
вписали 5,010635 5,010635
блокировку 5,010635 5,010635
висели 5,010635 5,010635
несанкционированных 5,010635 5,010635
широким 5,010635 10,021271
пилить 5,010635 10,021271
экономика 0,000000 0,000000
фамилии 3,912023 3,912023
глаз 3,912023 74,328437
организацию 3,912023 3,912023
попал 2,445686 4,891372
мощности 5,010635 5,010635
сложно 2,525729 2,525729
блокировки 5,010635 10,021271
которая 1,875141 3,750282
скрыли 4,317488 4,317488
делает 3,401197 3,401197
главная 3,218876 3,218876
небольшие 3,912023 3,912023
террора 4,317488 4,317488
бот 5,010635 50,106353
алексея 3,624341 7,248682
противостоять 4,317488 4,317488
решению 3,912023 3,912023
евгений 3,218876 35,407634
пользователях 5,010635 5,010635
либо 1,919593 3,839186
согласно 3,064725 6,129450
потребовал 3,912023 3,912023
пользователям 3,401197 6,802395
реальный 0,013423 0,013423
название 3,218876 3,218876
никакого 4,317488 4,317488
правоохранителей 3,912023 3,912023
поиск 5,010635 5,010635
подписал 3,401197 3,401197
аналогичные 4,317488 4,317488
тысячи 0,068993 0,068993
антипова 5,010635 10,021271
тревогу 3,912023 3,912023
аналогичных 5,010635 5,010635
предрек 0,076161 0,076161
запрещать 5,010635 5,010635
вступили 4,317488 8,634976
помогать 3,624341 3,624341
аналоги 5,010635 15,031906
антипову 5,010635 5,010635
аналогичным 5,010635 5,010635
пробивщиков 5,010635 5,010635
антипов 5,010635 50,106353
приостановил 5,010635 5,010635
отказались 2,931194 2,931194
спонсировать 5,010635 5,010635
развитием 3,912023 3,912023
заявили 0,076161 0,076161
занять 3,624341 3,624341
принципе 3,401197 6,802395
скрывать 3,912023 7,824046
подобными 5,010635 5,010635
видеть 0,013423 0,013423
оценивали 5,010635 5,010635
финансировании 4,317488 4,317488
признан 3,624341 3,624341
оганесян 5,010635 15,031906
принято 3,064725 3,064725
проводились 5,010635 5,010635
блокировкой 5,010635 5,010635
жертв 3,912023 3,912023
готов 3,401197 3,401197
перемирии 0,076161 0,076161
личными 5,010635 5,010635
вниманием 4,317488 4,317488
новый 1,966113 5,898339
журналистов 4,317488 4,317488
новые 0,000000 0,000000
вызов 4,317488 4,317488
эволюционировать 5,010635 5,010635
осложнена 5,010635 5,010635
пристальным 5,010635 5,010635
приняли 3,912023 3,912023
запуске 5,010635 5,010635
голливудских 3,912023 3,912023
добро 0,013423 0,013423
выражаете 0,047791 0,047791
физического 5,010635 5,010635
менее 2,014903 2,014903
бесплатным 5,010635 5,010635
доступ 3,064725 9,194175
бесплатный 5,010635 10,021271
помощью 0,047791 0,047791
решили 3,064725 3,064725
важным 3,624341 7,248682
первой 2,612740 2,612740
скармливать 5,010635 5,010635
заменят 5,010635 5,010635
нишу 5,010635 5,010635
бесплатных 5,010635 5,010635
добра 0,013423 0,026846
фотографиям 5,010635 5,010635
словам 1,272966 6,364828
открытых 5,010635 10,021271
кому 2,708050 2,708050
добиться 3,401197 3,401197
ниша 5,010635 5,010635
силу 3,401197 10,203592
коммерсантъ 2,708050 2,708050
оценивайте 0,047791 0,047791
исследований 3,624341 21,746046
какие 1,875141 5,625423
юристами 5,010635 5,010635
основных 4,317488 4,317488
мир 0,000000 0,000000
каких 2,612740 2,612740
искать 3,064725 6,129450
последующая 5,010635 5,010635
соцсети 3,401197 3,401197
адресам 5,010635 5,010635
погружайтесь 0,047791 0,047791
бывший 0,000000 0,000000
время 0,762140 3,048560
накапливайте 0,047791 0,047791
кража 5,010635 5,010635
ооо 0,000000 0,000000
деактивирована 0,013423 0,013423
тренд 3,912023 3,912023
ресурсы 3,624341 3,624341
отдела 0,579818 0,579818
оппозиции 5,010635 5,010635
новым 2,708050 2,708050
ранее 1,003302 1,003302
новых 2,014903 2,014903
структуры 0,000000 0,000000
хочешь 0,013423 0,013423
пляжных 0,097980 0,097980
реестр 4,317488 4,317488
спецслужбами 5,010635 5,010635
обычную 0,013423 0,013423
неприкосновенность 5,010635 5,010635
соцсетях 3,624341 3,624341
последствия 2,371578 2,371578
внешность 0,097980 0,097980
обращает 3,912023 7,824046
своего 2,238047 4,476093
спецслужбам 4,317488 4,317488
закрытие 3,218876 6,437752
показать 2,708050 2,708050
рисками 5,010635 5,010635
галереи 0,000000 0,000000
впоследствии 3,401197 3,401197
банковские 3,912023 3,912023
сохраняются 5,010635 5,010635
бога 5,010635 140,297788
кибербезопасности 5,010635 5,010635
равно 2,931194 2,931194
трафика 5,010635 5,010635
подключаться 5,010635 5,010635
утверждали 5,010635 5,010635
диверсии 3,624341 7,248682
разработчиков 5,010635 25,053176
поиске 3,912023 3,912023
аккаунтах 5,010635 5,010635
редакциярекламаконтактыпресс 0,000000 0,000000
продолжал 5,010635 5,010635
публиковались 5,010635 5,010635
люди 1,966113 3,932226
видео 0,000000 0,000000
информационно 5,010635 30,063812
сильно 2,445686 4,891372
небольшую 3,624341 3,624341
бьют 5,010635 5,010635
меньше 2,120264 2,120264
такого 2,612740 2,612740
лишь 2,238047 2,238047
органов 3,912023 27,384161
распоряжение 5,010635 5,010635
объясняет 3,218876 16,094379
мог 2,302585 9,210340
владеть 5,010635 5,010635
ссылке 5,010635 5,010635
момент 1,714798 1,714798
удаления 5,010635 5,010635
украденных 5,010635 5,010635
означала 4,317488 4,317488
сможет 2,445686 2,445686
середине 3,218876 3,218876
поиска 3,401197 10,203592
основе 3,624341 3,624341
годовую 5,010635 5,010635
заинтересованы 3,912023 3,912023
выше 3,064725 3,064725
среда 0,000000 0,000000
делать 1,966113 1,966113
подобных 3,912023 3,912023
роскомнадзор 4,317488 12,952464
антиповсоздатель 5,010635 25,053176
среди 1,714798 1,714798
скидки 0,047791 0,047791
выдачи 3,912023 3,912023
начальнике 5,010635 5,010635
эксклюзивы 0,000000 0,000000
москве 1,791759 1,791759
выражайте 0,047791 0,047791
пришло 3,064725 3,064725
предоставлять 5,010635 5,010635
законодательства 5,010635 5,010635
потребовалось 3,912023 3,912023
конфликте 0,076161 0,076161
рискует 3,912023 3,912023
дополнительную 5,010635 5,010635
результат 3,064725 3,064725
продолжая 0,047791 0,047791
лицу 4,317488 4,317488
отдельные 3,401197 3,401197
особенно 2,302585 2,302585
лицо 3,624341 3,624341
рынок 2,177422 15,241954
низкими 5,010635 5,010635
большой 2,371578 2,371578
павел 2,708050 8,124151
украинскими 4,317488 4,317488
большое 2,813411 5,626821
дал 2,238047 2,238047
изначально 3,064725 3,064725
деньги 2,014903 2,014903
подобные 2,931194 5,862388
конфиденциальностиправила 0,000000 0,000000
всеследствие 2,525729 2,525729
реквизиты 5,010635 5,010635
которой 2,120264 2,120264
москвы 1,832581 1,832581
исключить 4,317488 4,317488
политикой 0,047791 0,047791
лица 2,612740 2,612740
последующие 5,010635 5,010635
наибольшая 3,912023 3,912023
фильмов 3,064725 3,064725
угроза 4,317488 4,317488
стать 1,875141 1,875141
достаточно 2,813411 2,813411
удалены 5,010635 5,010635
работать 2,120264 2,120264
имел 3,401197 3,401197
кого 2,708050 8,124151
результате 2,238047 2,238047
раньше 2,371578 2,371578
моменту 4,317488 4,317488
большинстве 4,317488 4,317488
угрозу 4,317488 4,317488
которого 1,875141 1,875141
это 0,020203 0,242432
принуждают 3,912023 3,912023
персональную 5,010635 5,010635
массовые 3,912023 3,912023
аналогичного 4,317488 4,317488
распространять 4,317488 8,634976
огромными 5,010635 5,010635
номеру 5,010635 10,021271
этих 2,371578 9,486312
две 0,033902 0,033902
кол 5,010635 5,010635
новость 3,401197 3,401197
вполне 2,813411 8,440232
вряд 2,612740 2,612740
законодательство 5,010635 5,010635
детей 2,177422 6,532266
расширились 5,010635 5,010635
инструментом 5,010635 10,021271
убежден 3,218876 3,218876
новости 0,000000 0,000000
войти 0,000000 0,000000
заражение 3,912023 3,912023
ботах 5,010635 5,010635
отключены 1,576648 1,576648
медитации 0,076161 0,076161
первых 2,612740 2,612740
комментариях 3,624341 3,624341
ботам 5,010635 10,021271
шантажа 5,010635 5,010635
буллинга 5,010635 5,010635
спокойным 5,010635 5,010635
высказывали 5,010635 5,010635
глазом 5,010635 5,010635
защита 3,912023 3,912023
системами 4,317488 4,317488
минимум 3,064725 3,064725
уход 0,076161 0,076161
ручных 5,010635 5,010635
использования 3,912023 3,912023
периодически 3,218876 3,218876
новой 2,612740 2,612740
заблокировал 5,010635 10,021271
несет 3,624341 3,624341
инструменты 4,317488 4,317488
настаивало 5,010635 5,010635
рынке 2,708050 8,124151
спецпроекты 0,000000 0,000000
феврале 2,525729 2,525729
объясняли 4,317488 4,317488
рынка 2,612740 10,450960
первым 2,238047 8,952186
каналах 4,317488 4,317488
путин 1,203973 1,203973
беспилотников 3,218876 3,218876
первые 2,371578 2,371578
ужесточалось 5,010635 5,010635
выехал 5,010635 5,010635
первый 1,832581 3,665163
игры 0,000000 0,000000
эксперты 2,813411 8,440232
февраля 1,272966 2,545931
техника 0,000000 0,000000
разбиралась 4,317488 4,317488
пять 1,576648 1,576648
физическому 5,010635 5,010635
главного 2,612740 2,612740
бизнеса 2,931194 5,862388
трампа 0,054808 0,054808
события 2,612740 2,612740
специализированных 5,010635 5,010635
практически 2,525729 7,577186
частной 3,912023 3,912023
лицам 4,317488 4,317488
засвечиваются 5,010635 5,010635
самых 1,609438 1,609438
деятельность 3,401197 3,401197
поскольку 2,238047 4,476093
отвел 0,076161 0,076161
деятельности 3,401197 3,401197
путей 5,010635 5,010635
выстроено 5,010635 5,010635
уловками 5,010635 5,010635
избалованы 5,010635 5,010635
чревато 4,317488 4,317488
иностранными 3,912023 3,912023
нику 5,010635 5,010635
марта 0,040822 0,122466
предоставил 4,317488 4,317488
ответ 2,177422 4,354844
марте 2,708050 2,708050
соответствующее 5,010635 5,010635
копировал 5,010635 5,010635
понятным 5,010635 5,010635
срок 2,612740 2,612740
реакций 0,047791 0,047791
реакции 0,047791 0,047791
массово 2,371578 9,486312
считаться 5,010635 5,010635
распространение 5,010635 5,010635
пользователь 3,624341 7,248682
компании 2,014903 12,089418
пользователю 4,317488 4,317488
использование 4,317488 8,634976
пользователи 3,401197 10,203592
несанкционированной 5,010635 5,010635
уголовную 5,010635 5,010635
использовании 4,317488 4,317488
предсказуемо 5,010635 5,010635
распространения 3,401197 3,401197
лишения 3,912023 3,912023
самым 1,966113 1,966113
выбирать 4,317488 4,317488
любого 5,010635 5,010635
зеленского 0,068993 0,068993
ленте 2,931194 5,862388
большей 2,813411 2,813411
иска 5,010635 5,010635
лента 0,000000 0,000000
разработки 3,912023 3,912023
утверждая 5,010635 5,010635
приемом 5,010635 5,010635
закона 5,010635 15,031906
исполняют 5,010635 5,010635
внимательно 3,401197 3,401197
конкуренция 3,912023 7,824046
разработка 4,317488 4,317488
ряд 2,813411 2,813411
валить 5,010635 5,010635
широкому 5,010635 5,010635
месяц 2,525729 2,525729
фишинг 5,010635 5,010635
борьба 2,445686 2,445686
сомневаюсь 5,010635 5,010635
жми 0,013423 0,013423
сути 3,912023 3,912023
переходя 5,010635 5,010635
бедеров 5,010635 30,063812
ашот 5,010635 15,031906
борьбу 3,912023 3,912023
страницы 3,624341 3,624341
снижения 3,401197 3,401197
ленту 0,013423 0,013423
сохранении 5,010635 5,010635
затопленного 0,076161 0,076161
зарубежными 5,010635 5,010635
навального 5,010635 10,021271
владельцев 4,317488 4,317488
ленты 1,678431 6,713723
наши 2,177422 2,177422
россии 0,425668 4,256678
применения 0,000000 0,000000
зарабатывать 3,624341 3,624341
ценности 0,000000 0,000000
известны 3,912023 3,912023
спецслужбыпреступная 2,525729 2,525729
выдаваемых 5,010635 5,010635
персональных 5,010635 40,085082
дуровоснователь 5,010635 5,010635
рублей 1,514128 3,028255
признать 3,624341 3,624341
материалам 0,047791 0,047791
известно 1,297063 1,297063
вернуться 0,013423 0,013423
ваши 0,047791 0,047791
очередь 2,177422 2,177422
организацией 5,010635 5,010635
существует 2,813411 2,813411
сво 2,445686 2,445686
январе 2,813411 5,626821
конце 2,525729 2,525729
просто 1,678431 3,356862
сайтов 5,010635 10,021271
россия 0,000000 0,000000
атак 2,931194 2,931194
подобную 5,010635 5,010635
выполнил 3,912023 3,912023
функции 3,912023 3,912023
личной 3,064725 6,129450
видимо 3,912023 3,912023
целях 4,317488 4,317488
законы 4,317488 4,317488
свой 2,177422 2,177422
необоснованны 5,010635 5,010635
свои 0,027029 0,054057
платеж 4,317488 4,317488
таганский 5,010635 5,010635
закону 5,010635 5,010635
января 1,791759 1,791759
персональные 4,317488 17,269952
столкнулся 3,064725 3,064725
созданный 5,010635 5,010635
устройство 4,317488 4,317488
уволит 0,076161 0,076161
сервису 5,010635 5,010635
станут 3,912023 7,824046
регулятора 5,010635 5,010635
американский 0,061875 0,061875
сервисы 3,064725 21,453076
заблокировать 4,317488 8,634976
питалев 3,624341 3,624341
сервиса 3,624341 57,989455
трех 1,919593 1,919593
другое 3,624341 3,624341
даркнета 5,010635 20,042541
называет 3,624341 3,624341
причины 2,612740 2,612740
оплату 3,912023 3,912023
смогут 3,064725 6,129450
уголовным 5,010635 5,010635
трем 5,010635 5,010635
ноябрьского 5,010635 5,010635
популярность 3,064725 6,129450
прийти 4,317488 4,317488
интересно 2,813411 2,813411
руководителей 4,317488 4,317488
поводу 3,401197 3,401197
регулирования 5,010635 5,010635
интересов 3,218876 3,218876
собственные 3,912023 3,912023
мессенджера 5,010635 5,010635
демпинг 5,010635 5,010635
числа 3,064725 3,064725
мессенджере 4,317488 4,317488
зеленским 0,076161 0,076161
устранили 4,317488 4,317488
подходят 3,624341 3,624341
числе 1,714798 3,429597
сервисами 5,010635 10,021271
двум 0,076161 0,076161
вызвала 0,097980 0,097980
обернулась 5,010635 5,010635
выдать 3,401197 3,401197
число 2,014903 2,014903
ставят 5,010635 5,010635
которому 2,813411 2,813411
силовиков 5,010635 10,021271
контроля 2,371578 2,371578
пробу 5,010635 5,010635
вызвало 3,912023 3,912023
превышало 5,010635 5,010635
плату 5,010635 5,010635
функционалу 5,010635 5,010635
признаны 4,317488 4,317488
ужесточения 4,317488 8,634976
боты 5,010635 35,074447
путь 2,931194 2,931194
скрывались 5,010635 5,010635
российского 1,484275 2,968550
секунды 3,912023 3,912023
выемки 5,010635 5,010635
собакам 5,010635 5,010635
чему 2,708050 2,708050
прогресс 0,097980 0,097980
боте 5,010635 5,010635
тень 5,010635 5,010635
бота 5,010635 75,159529
форме 0,061875 0,061875
пользователей 3,218876 19,313255
силовые 0,000000 0,000000
оперативных 5,010635 5,010635
несмотря 2,120264 2,120264
дверь 3,064725 6,129450
левый 5,010635 5,010635
тысяч 1,427116 4,281349
дня 0,061875 0,061875
популярности 3,624341 7,248682
позицию 3,218876 3,218876
любой 2,813411 2,813411
силовых 3,401197 3,401197
оригинальный 5,010635 10,021271
любом 3,912023 3,912023
илона 3,912023 7,824046
прекратить 3,064725 3,064725
ходить 2,931194 2,931194
получена 5,010635 5,010635
рода 3,218876 3,218876
западным 5,010635 5,010635
позволяет 2,612740 2,612740
сотрудников 0,076161 0,152323
операторов 3,912023 3,912023
составляла 3,912023 3,912023
ботами 5,010635 10,021271
силовикам 5,010635 5,010635
теме 1,514128 1,514128
комментарии 1,484275 1,484275
дней 1,791759 3,583519
биятов 5,010635 5,010635
начались 0,068993 0,068993
нам 2,525729 2,525729
полицейских 3,624341 3,624341
огромные 3,912023 3,912023
сервис 3,218876 12,875503
оказаться 3,401197 3,401197
участвовавших 4,317488 4,317488
дали 2,525729 2,525729
рекомендательных 0,000000 0,000000
полузаконное 5,010635 5,010635
ботов 5,010635 50,106353
видим 4,317488 4,317488
третьим 4,317488 4,317488
россиян 1,714798 6,859194
поздно 3,218876 3,218876
ресурсов 3,624341 7,248682
ботом 5,010635 5,010635
объекты 3,624341 3,624341
решением 3,912023 3,912023
серии 3,624341 3,624341
забота 0,000000 0,000000
пожаловать 0,013423 0,013423
тайну 4,317488 4,317488
октября 2,931194 2,931194
которые 1,181994 4,727976
заметны 4,317488 4,317488
идея 2,931194 2,931194
который 1,272966 6,364828
закрыт 3,912023 3,912023
восстановили 5,010635 5,010635
собственного 3,912023 3,912023
каналов 5,010635 10,021271
никаких 2,813411 8,440232
например 1,791759 3,583519
сократился 3,912023 3,912023
иноагентов 5,010635 5,010635
считаные 4,317488 4,317488
криминал 3,401197 3,401197
составил 5,010635 5,010635
россиянок 2,302585 2,302585
которых 1,678431 1,678431
признаки 4,317488 4,317488
месяца 2,813411 2,813411
победа 0,000000 0,000000
привести 2,708050 5,416100
ценами 3,912023 3,912023
созданию 3,912023 3,912023
палей 4,317488 8,634976
органам 5,010635 10,021271
телефона 3,624341 3,624341
президент 1,347074 1,347074
частных 4,317488 4,317488
опечатку 0,000000 0,000000
отравления 4,317488 4,317488
сми 0,000000 0,000000
находить 5,010635 5,010635
эффектов 5,010635 5,010635
правоохранительными 5,010635 5,010635
будем 2,612740 2,612740
создание 2,813411 2,813411
правильным 4,317488 4,317488
возможностям 5,010635 5,010635
несколько 1,347074 1,347074
предоставить 3,912023 3,912023
страницам 5,010635 5,010635
собой 2,014903 2,014903
место 0,054808 0,109616
справки 5,010635 5,010635
запрещалось 5,010635 5,010635
риском 4,317488 4,317488
резать 5,010635 10,021271
мс 0,097980 0,097980
начали 1,427116 5,708465
начале 2,177422 2,177422
ведомство 4,317488 4,317488
преступление 3,218876 3,218876
пытаясь 2,931194 2,931194
начала 1,832581 1,832581
корреспондент 2,525729 2,525729
крайне 3,401197 3,401197
запроса 5,010635 5,010635
общедоступную 5,010635 5,010635
преступлений 3,218876 6,437752
использовать 2,612740 5,225480
каждый 2,066196 2,066196
расти 3,624341 3,624341
другого 4,317488 4,317488
правоохранительным 5,010635 10,021271
заблокировали 5,010635 5,010635
запросу 5,010635 5,010635
насчитывал 5,010635 5,010635
апреля 2,612740 2,612740
минюстом 3,624341 3,624341
сервисов 3,912023 15,648092
запросы 3,912023 15,648092
основатель 3,912023 31,296184
угроз 4,317488 4,317488
количество 1,966113 5,898339
владимир 1,373049 1,373049
неинтересно 5,010635 5,010635
навредить 3,912023 3,912023
годы 2,302585 2,302585
доступной 5,010635 5,010635
году 1,373049 2,746098
обеспокоило 5,010635 5,010635
переходить 5,010635 5,010635
правды 0,068993 0,068993
нецелесообразной 5,010635 5,010635
невозможно 2,708050 2,708050
появления 3,218876 3,218876
внимание 2,302585 4,605170
постановил 4,317488 4,317488
видно 2,708050 2,708050
оказалась 2,302585 2,302585
аудитории 5,010635 5,010635
децентрализовано 5,010635 5,010635
знакомом 4,317488 4,317488
городе 0,061875 0,061875
правоохранительных 3,912023 23,472138
возможность 2,066196 10,330982
года 0,899761 11,696899
годам 3,912023 3,912023
информации 1,919593 11,517557
правда 2,014903 2,014903
информацию 2,612740 15,676440
информацией 5,010635 5,010635
украинскую 4,317488 4,317488
аудитория 5,010635 5,010635
очень 1,347074 1,347074
вербовать 3,912023 3,912023
аудиторию 4,317488 4,317488
наука 0,000000 0,000000
захват 4,317488 4,317488
основаниях 5,010635 5,010635
уходить 5,010635 10,021271
произойти 4,317488 4,317488
никак 2,931194 2,931194
нуждаются 5,010635 5,010635
правоохранители 4,317488 8,634976
