леонид 3,401197 3,401197
подозревали 5,010635 5,010635
ру 0,000000 0,000000
декабре 3,912023 3,912023
день 1,544899 6,179598
солидолом 5,010635 5,010635
сомневались 5,010635 5,010635
этому 2,238047 2,238047
пароход 5,010635 5,010635
бане 5,010635 5,010635
снизившись 5,010635 5,010635
совершаешь 5,010635 5,010635
стал 1,203973 1,203973
пригонит 5,010635 5,010635
случилось 3,624341 3,624341
стаи 5,010635 5,010635
вокруг 2,525729 5,051457
воды 3,064725 3,064725
ситуации 2,014903 2,014903
пробудут 5,010635 5,010635
полагалось 5,010635 5,010635
одну 2,612740 5,225480
воду 3,401197 17,005987
йорк 5,010635 5,010635
долго 2,612740 5,225480
людей 1,455287 1,455287
миской 5,010635 5,010635
пшена 5,010635 5,010635
галактионов 5,010635 5,010635
одно 2,813411 5,626821
признаюсь 4,317488 4,317488
одни 3,624341 3,624341
таких 2,177422 2,177422
картой 5,010635 5,010635
человек 1,249435 2,498870
вода 3,624341 7,248682
предлагали 3,912023 3,912023
те 1,919593 5,758779
одна 1,875141 5,625423
зиганшина 5,010635 15,031906
воде 4,317488 12,952464
немного 2,813411 5,626821
фото 0,061875 0,433128
лет 0,967584 4,837920
внезапно 3,624341 3,624341
появилась 2,445686 2,445686
вспоминал 3,401197 10,203592
разговор 1,791759 1,791759
утонет 5,010635 5,010635
такие 2,120264 4,240527
водой 0,061875 0,061875
поведал 5,010635 5,010635
рассчитано 5,010635 5,010635
звезды 2,371578 2,371578
оказалось 2,177422 2,177422
сигналы 4,317488 4,317488
ту 4,317488 12,952464
технологиймини 0,000000 0,000000
обнаружился 5,010635 5,010635
родине 3,624341 7,248682
студент 3,624341 3,624341
оказался 2,708050 5,416100
разгар 4,317488 4,317488
подобрали 4,317488 4,317488
запас 5,010635 10,021271
итурупе 5,010635 5,010635
родина 4,317488 8,634976
знакомые 3,401197 3,401197
рассчитаны 5,010635 5,010635
училища 5,010635 5,010635
проблемой 3,218876 3,218876
пор 2,238047 4,476093
силой 3,401197 3,401197
училище 3,624341 3,624341
связи 2,120264 6,360791
неудачной 5,010635 5,010635
восхищались 5,010635 5,010635
весь 1,966113 1,966113
нажмите 0,000000 0,000000
ящик 5,010635 5,010635
швырять 5,010635 5,010635
открывался 3,912023 3,912023
весьма 3,064725 3,064725
опытный 3,624341 3,624341
бритья 4,317488 4,317488
пресекал 5,010635 5,010635
баки 5,010635 5,010635
слишком 2,371578 2,371578
быстро 2,813411 5,626821
отмечает 2,612740 2,612740
называть 5,010635 5,010635
сообщениям 5,010635 5,010635
боролись 4,317488 4,317488
стильной 4,317488 4,317488
поверить 4,317488 4,317488
драк 5,010635 5,010635
путешествия 0,000000 0,000000
ребят 5,010635 5,010635
часов 1,643339 3,286679
сильным 3,624341 3,624341
имена 3,624341 7,248682
маршруты 4,317488 4,317488
сильных 4,317488 8,634976
главных 2,445686 2,445686
частям 5,010635 5,010635
также 0,762140 0,762140
дизелей 5,010635 5,010635
съели 2,813411 8,440232
никитой 5,010635 5,010635
нашли 0,000000 0,000000
дмитрий 2,371578 2,371578
паники 3,912023 3,912023
легко 2,813411 2,813411
черноморского 4,317488 4,317488
послевоенного 5,010635 5,010635
давай 5,010635 5,010635
окунев 5,010635 5,010635
корабль 3,912023 11,736069
записавший 5,010635 5,010635
студенток 5,010635 5,010635
закаленный 5,010635 5,010635
панику 3,624341 3,624341
враги 5,010635 5,010635
хрущевым 5,010635 5,010635
подарили 3,912023 3,912023
поутих 5,010635 5,010635
проявляют 4,317488 4,317488
кремль 3,218876 3,218876
старшиной 5,010635 5,010635
старались 5,010635 10,021271
однако 1,249435 3,748306
уносило 5,010635 5,010635
предпочел 5,010635 5,010635
успели 3,912023 3,912023
корабле 4,317488 4,317488
спасались 5,010635 5,010635
сколько 2,525729 2,525729
корабли 5,010635 15,031906
пропавшими 5,010635 5,010635
постепенно 3,624341 3,624341
подгнили 5,010635 5,010635
нормальный 5,010635 5,010635
ближайший 4,317488 4,317488
признанию 5,010635 5,010635
прошло 3,624341 3,624341
молодец 5,010635 5,010635
стройбате 5,010635 5,010635
председателя 3,401197 3,401197
всему 2,612740 5,225480
подал 4,317488 4,317488
жесткие 3,401197 3,401197
самолета 3,218876 6,437752
чп 4,317488 4,317488
длительного 4,317488 8,634976
женихов 5,010635 5,010635
благодарил 4,317488 4,317488
минуты 4,317488 4,317488
стилягой 5,010635 5,010635
осталось 3,912023 3,912023
обороны 2,525729 2,525729
последний 3,218876 3,218876
газеты 3,624341 7,248682
каждому 5,010635 10,021271
едва 2,177422 2,177422
говорит 2,014903 4,029806
вовсе 3,401197 3,401197
последние 0,090654 0,090654
обошли 4,317488 4,317488
патриотическое 5,010635 5,010635
обжига 5,010635 5,010635
последним 3,624341 7,248682
архив 0,000000 0,000000
экипажа 3,912023 3,912023
деликатес 5,010635 5,010635
давал 3,624341 3,624341
подарки 3,624341 3,624341
самолеты 3,912023 7,824046
продержишься 5,010635 5,010635
позволяли 3,912023 3,912023
сша 0,040822 0,204110
говорил 2,708050 2,708050
процесс 2,931194 2,931194
избежать 3,218876 3,218876
шел 3,624341 7,248682
полетов 3,401197 3,401197
радовались 4,317488 4,317488
палубу 5,010635 5,010635
нынешних 5,010635 5,010635
обнаружение 5,010635 5,010635
скалы 5,010635 5,010635
качестве 2,302585 2,302585
смущало 5,010635 5,010635
пластинку 5,010635 5,010635
зиганшиным 5,010635 5,010635
палубы 5,010635 5,010635
номер 3,624341 3,624341
качеству 5,010635 5,010635
свиного 5,010635 5,010635
поражались 5,010635 5,010635
менял 4,317488 4,317488
вели 3,401197 3,401197
столько 2,525729 2,525729
боимся 3,401197 3,401197
врач 2,445686 2,445686
ремни 5,010635 5,010635
официально 2,931194 2,931194
намекали 3,912023 3,912023
команда 2,813411 2,813411
зиганшин 5,010635 75,159529
картофелин 5,010635 5,010635
необдуманные 5,010635 5,010635
почести 5,010635 5,010635
норму 5,010635 5,010635
известий 5,010635 5,010635
случайность 5,010635 5,010635
провели 2,066196 2,066196
никакими 5,010635 5,010635
журналисты 3,401197 3,401197
команды 3,218876 3,218876
сигнал 4,317488 4,317488
страшно 3,401197 6,802395
авиации 3,064725 3,064725
провела 3,912023 3,912023
создадим 5,010635 5,010635
моряком 5,010635 5,010635
тому 2,612740 2,612740
команду 2,708050 5,416100
родная 5,010635 5,010635
солнце 5,010635 5,010635
верховного 3,624341 3,624341
филиппа 3,064725 3,064725
жизни 0,000000 0,000000
прямо 2,525729 2,525729
нужно 1,791759 3,583519
японские 5,010635 5,010635
одним 1,966113 5,898339
любые 3,218876 3,218876
труднодоступных 5,010635 5,010635
оставалось 3,401197 3,401197
рефрижератор 5,010635 5,010635
ржавого 5,010635 5,010635
экспедиции 3,912023 3,912023
отрезали 5,010635 5,010635
группе 3,218876 3,218876
варил 5,010635 5,010635
парней 5,010635 5,010635
приказали 5,010635 5,010635
сочли 5,010635 15,031906
сыновей 3,912023 3,912023
швартовые 5,010635 5,010635
подготовке 3,624341 3,624341
капли 5,010635 5,010635
сушу 5,010635 10,021271
найдет 5,010635 5,010635
механик 5,010635 10,021271
вытащили 3,912023 3,912023
еде 4,317488 4,317488
четырех 3,624341 3,624341
килограмма 3,912023 3,912023
тонуть 5,010635 5,010635
картины 4,317488 4,317488
мотор 0,000000 0,000000
звания 4,317488 4,317488
ремешки 5,010635 5,010635
взять 3,401197 3,401197
надеялись 5,010635 10,021271
имеет 3,064725 3,064725
баржа 5,010635 5,010635
жизнь 1,544899 1,544899
почета 5,010635 5,010635
занимались 3,912023 3,912023
звание 2,931194 2,931194
кончилась 4,317488 4,317488
группы 2,238047 2,238047
базировавшегося 5,010635 5,010635
поверили 4,317488 4,317488
липкин 5,010635 10,021271
худшего 5,010635 5,010635
хорошие 0,013423 0,013423
моряки 4,317488 8,634976
срочную 4,317488 4,317488
баржу 5,010635 55,116988
дальше 2,612740 5,225480
идеологические 5,010635 5,010635
барже 3,624341 21,746046
трое 3,401197 3,401197
баржи 5,010635 45,095718
мире 1,919593 1,919593
случаев 4,317488 4,317488
гармоники 5,010635 5,010635
кодексе 5,010635 5,010635
еду 4,317488 4,317488
причем 2,708050 5,416100
массы 4,317488 4,317488
прикупил 5,010635 5,010635
почему 0,899761 0,899761
власти 1,919593 1,919593
выхода 2,525729 2,525729
катастрофу 3,624341 3,624341
сослуживцев 5,010635 5,010635
столь 3,624341 3,624341
двигатели 5,010635 10,021271
младшего 4,317488 4,317488
могли 2,371578 4,743156
области 1,399717 1,399717
старшина 5,010635 10,021271
назад 1,678431 6,713723
гудят 5,010635 5,010635
примера 4,317488 4,317488
имели 4,317488 4,317488
километров 3,401197 6,802395
ссср 0,000000 0,000000
шутили 4,317488 4,317488
франциско 5,010635 10,021271
состоянии 2,813411 2,813411
гороха 5,010635 5,010635
угля 5,010635 5,010635
доставалось 5,010635 5,010635
нашей 2,525729 2,525729
дневный 5,010635 5,010635
требовалось 4,317488 4,317488
головы 3,912023 3,912023
нашел 2,612740 2,612740
оказались 2,525729 2,525729
никто 2,302585 2,302585
великодушие 5,010635 5,010635
заглохли 5,010635 5,010635
трусах 3,624341 3,624341
министра 3,401197 3,401197
становилась 5,010635 5,010635
рубашке 5,010635 5,010635
против 1,791759 1,791759
другие 1,714798 3,429597
общество 2,612740 2,612740
главное 0,000000 0,000000
поднимались 5,010635 5,010635
срочно 3,401197 3,401197
коммерческое 5,010635 5,010635
хотите 4,317488 4,317488
мини 0,000000 0,000000
охлаждения 4,317488 4,317488
голову 4,317488 4,317488
нервного 5,010635 5,010635
куин 5,010635 5,010635
дедов 5,010635 5,010635
танкера 5,010635 5,010635
семинаре 5,010635 5,010635
выжившими 5,010635 5,010635
приспособлена 5,010635 5,010635
жесткая 5,010635 5,010635
приводит 3,401197 3,401197
галлюцинации 3,912023 3,912023
направили 3,912023 3,912023
посольстве 5,010635 5,010635
океан 5,010635 15,031906
солдатам 4,317488 12,952464
приготовить 3,912023 3,912023
выброситься 5,010635 5,010635
присвоить 5,010635 5,010635
вести 2,708050 2,708050
собеседник 3,912023 3,912023
испытаниями 5,010635 5,010635
преподаватель 5,010635 5,010635
спорт 0,000000 0,000000
связал 3,912023 3,912023
откачивая 5,010635 5,010635
акул 5,010635 5,010635
пытались 2,708050 8,124151
заводе 3,401197 6,802395
посольства 3,912023 3,912023
францию 5,010635 5,010635
военной 0,061875 0,061875
четыре 0,040822 0,081644
голиковым 5,010635 5,010635
стало 1,181994 1,181994
голода 3,401197 3,401197
друг 2,238047 6,714140
ленинская 5,010635 5,010635
плохо 3,401197 3,401197
ложки 5,010635 5,010635
отвлекал 5,010635 5,010635
кружочков 5,010635 5,010635
лектор 5,010635 5,010635
сохранить 2,525729 2,525729
устраивали 4,317488 4,317488
доставили 2,708050 2,708050
атмосферу 3,624341 3,624341
бесполезно 5,010635 5,010635
демьян 5,010635 5,010635
забрела 5,010635 5,010635
сравнивать 5,010635 5,010635
стали 1,514128 1,514128
обвинят 4,317488 4,317488
настоящему 4,317488 4,317488
поплавский 5,010635 50,106353
коротких 4,317488 4,317488
волны 5,010635 5,010635
ели 3,912023 7,824046
штормов 5,010635 10,021271
работал 2,708050 2,708050
желудки 5,010635 5,010635
обитания 0,000000 0,000000
картофель 3,624341 3,624341
штормом 5,010635 10,021271
хлипкое 5,010635 5,010635
выточив 5,010635 5,010635
первая 2,371578 2,371578
салага 5,010635 5,010635
кораблях 4,317488 4,317488
солдата 3,401197 6,802395
переменится 5,010635 5,010635
столкнулась 3,218876 3,218876
заверению 5,010635 5,010635
старшины 5,010635 5,010635
кусочку 5,010635 5,010635
суточный 4,317488 4,317488
пребывания 3,624341 3,624341
сержанта 5,010635 5,010635
картошка 5,010635 5,010635
предназначенную 5,010635 5,010635
волна 2,612740 2,612740
буржуйка 5,010635 5,010635
стольких 5,010635 5,010635
тех 2,120264 4,240527
человека 2,177422 2,177422
чудо 4,317488 4,317488
шутку 4,317488 4,317488
спустя 1,832581 1,832581
интернет 0,000000 0,000000
сутки 2,931194 2,931194
нью 3,624341 3,624341
аккуратно 3,401197 3,401197
обледенело 5,010635 5,010635
обычно 3,218876 3,218876
жалею 3,912023 3,912023
воспитание 5,010635 5,010635
носил 3,912023 3,912023
работали 3,064725 3,064725
американского 2,177422 2,177422
ремнем 5,010635 5,010635
стойким 5,010635 5,010635
заливе 5,010635 10,021271
высыпался 5,010635 5,010635
залива 5,010635 5,010635
мотористы 5,010635 5,010635
показалось 3,624341 3,624341
жевать 5,010635 5,010635
приключение 5,010635 5,010635
рубежом 3,912023 3,912023
представитель 2,120264 2,120264
прописано 5,010635 5,010635
неудобного 5,010635 5,010635
откровения 5,010635 5,010635
отношения 2,525729 2,525729
ограничения 3,624341 3,624341
зря 4,317488 4,317488
чиновники 4,317488 4,317488
небольшая 4,317488 4,317488
амур 5,010635 5,010635
швартовки 5,010635 5,010635
первого 2,612740 2,612740
солдаты 3,624341 32,619068
спрашивали 4,317488 4,317488
поднимут 5,010635 5,010635
пока 1,678431 6,713723
период 2,120264 2,120264
военнослужащие 4,317488 4,317488
самого 2,525729 2,525729
найдут 4,317488 12,952464
решето 4,317488 4,317488
трюма 5,010635 5,010635
авианосца 5,010635 10,021271
слагали 5,010635 5,010635
авианосце 5,010635 15,031906
возвращаться 3,218876 3,218876
бороться 2,708050 2,708050
поступки 5,010635 5,010635
поднялись 5,010635 5,010635
возник 4,317488 4,317488
посла 4,317488 4,317488
видели 3,912023 3,912023
съешь 5,010635 5,010635
допросов 5,010635 5,010635
войны 1,791759 1,791759
происшествии 5,010635 5,010635
думали 4,317488 8,634976
цепи 4,317488 4,317488
встречали 5,010635 5,010635
материалы 0,000000 0,000000
статьи 0,000000 0,000000
поплавского 5,010635 5,010635
украинцы 2,931194 2,931194
корыте 5,010635 5,010635
моряк 5,010635 15,031906
раздарил 5,010635 5,010635
материале 2,120264 2,120264
солдатским 5,010635 5,010635
поначалу 3,912023 3,912023
культура 0,000000 0,000000
гидрографическом 5,010635 5,010635
материала 2,931194 2,931194
безрезультатно 5,010635 5,010635
патрулирования 5,010635 5,010635
крючковского 5,010635 5,010635
соответственно 3,064725 3,064725
шуток 5,010635 5,010635
отправили 2,708050 2,708050
пустота 5,010635 5,010635
повод 4,317488 4,317488
заливу 5,010635 10,021271
подвиг 4,317488 8,634976
трапа 5,010635 5,010635
удалось 1,714798 3,429597
десятидневный 5,010635 5,010635
преодолело 5,010635 5,010635
редактор 0,567984 0,567984
полтора 3,401197 3,401197
бедствия 4,317488 4,317488
выполняя 5,010635 5,010635
кожаных 4,317488 4,317488
намазывали 5,010635 5,010635
сорвал 4,317488 4,317488
многие 1,714798 1,714798
получить 2,238047 2,238047
диете 4,317488 4,317488
зимовке 5,010635 5,010635
пилот 2,813411 2,813411
топлива 3,912023 7,824046
ведра 5,010635 5,010635
фактор 3,912023 3,912023
захлестывала 5,010635 5,010635
приоделась 5,010635 5,010635
разу 3,912023 3,912023
перетерты 5,010635 5,010635
работает 0,040822 0,040822
решено 4,317488 4,317488
генералом 5,010635 5,010635
риа 1,272966 5,091863
самоходной 5,010635 10,021271
бедствие 5,010635 10,021271
баржах 5,010635 5,010635
вручил 4,317488 4,317488
имелись 5,010635 5,010635
горючее 5,010635 5,010635
обломки 5,010635 5,010635
заместитель 3,401197 3,401197
легче 3,218876 3,218876
красной 3,401197 3,401197
флоту 5,010635 5,010635
имущества 4,317488 4,317488
времени 1,919593 3,839186
год 1,714798 1,714798
министр 2,612740 2,612740
знаешь 4,317488 4,317488
швартовочной 5,010635 5,010635
совета 2,445686 2,445686
мать 2,813411 2,813411
глотали 5,010635 5,010635
использованияполитика 0,000000 0,000000
подъемников 5,010635 5,010635
укрыться 4,317488 4,317488
человеческий 5,010635 5,010635
посоветовал 3,401197 3,401197
вывод 3,912023 3,912023
поэтому 1,966113 7,864451
беседуют 5,010635 5,010635
переводил 5,010635 5,010635
думаю 2,708050 8,124151
съедены 5,010635 5,010635
волн 5,010635 10,021271
гармони 5,010635 5,010635
расстояний 5,010635 5,010635
обросли 5,010635 5,010635
хана 5,010635 5,010635
денисов 5,010635 15,031906
валентина 3,912023 3,912023
советского 2,371578 7,114734
отмечал 3,624341 3,624341
текущий 3,624341 3,624341
казарму 5,010635 5,010635
остались 0,061875 0,371252
вещи 2,931194 2,931194
быстрее 4,317488 4,317488
озерова 5,010635 5,010635
потере 4,317488 4,317488
руководители 3,218876 3,218876
сразу 2,066196 6,198589
температура 3,912023 3,912023
плюс 3,624341 7,248682
поселили 5,010635 5,010635
расстояния 5,010635 5,010635
исполнил 4,317488 4,317488
чувствовали 5,010635 5,010635
вместе 1,514128 4,542383
такое 2,014903 4,029806
ровно 3,401197 3,401197
угарным 5,010635 5,010635
расходы 3,912023 3,912023
таком 2,813411 2,813411
руки 2,813411 2,813411
камнями 5,010635 5,010635
сделаны 5,010635 5,010635
выступила 3,401197 3,401197
критическом 5,010635 5,010635
знали 3,624341 3,624341
пытать 4,317488 4,317488
многонациональный 5,010635 5,010635
печать 5,010635 5,010635
выступили 3,912023 3,912023
военные 2,371578 2,371578
март 5,010635 5,010635
благодаря 2,238047 2,238047
истории 1,966113 7,864451
звали 3,624341 3,624341
орденами 4,317488 4,317488
судовой 5,010635 5,010635
отравившегося 5,010635 5,010635
впредь 5,010635 5,010635
экономика 0,000000 0,000000
состав 3,218876 3,218876
центре 2,525729 2,525729
заменивший 3,912023 3,912023
дождевая 5,010635 5,010635
союза 2,302585 2,302585
гсм 5,010635 5,010635
смерзлись 5,010635 5,010635
судоходство 5,010635 5,010635
историю 2,525729 5,051457
ордену 5,010635 5,010635
выбросит 5,010635 5,010635
согласна 4,317488 4,317488
парни 4,317488 8,634976
вскоре 2,302585 6,907755
ракет 4,317488 4,317488
солярка 5,010635 5,010635
судоходства 5,010635 5,010635
балтийского 5,010635 5,010635
школе 3,624341 3,624341
баржей 5,010635 5,010635
удивлялись 5,010635 5,010635
командир 3,218876 3,218876
горькой 5,010635 5,010635
реальный 0,013423 0,013423
сняли 3,064725 3,064725
дурная 5,010635 5,010635
зубную 5,010635 5,010635
уверению 5,010635 5,010635
карманные 5,010635 5,010635
гармошку 5,010635 5,010635
втроем 4,317488 4,317488
стаканчику 5,010635 5,010635
желудок 4,317488 4,317488
гармошки 5,010635 5,010635
оркестром 5,010635 5,010635
ушел 2,708050 2,708050
героев 2,931194 2,931194
ленинградской 5,010635 5,010635
встречу 4,317488 4,317488
алексей 1,919593 1,919593
самоходную 5,010635 5,010635
кпсс 3,912023 3,912023
голос 4,317488 4,317488
усталости 4,317488 4,317488
холода 3,912023 3,912023
смаковали 5,010635 5,010635
фильм 2,813411 2,813411
отказались 2,931194 2,931194
полторы 5,010635 5,010635
пробоину 5,010635 10,021271
спустить 5,010635 5,010635
осмотреть 5,010635 5,010635
высоких 3,624341 3,624341
ходят 3,624341 3,624341
занять 3,624341 3,624341
печка 4,317488 4,317488
филиппинцы 5,010635 5,010635
заняты 3,401197 3,401197
боялись 4,317488 4,317488
постоянно 2,525729 2,525729
запустили 3,401197 3,401197
зима 4,317488 4,317488
своих 2,177422 2,177422
видеть 0,013423 0,013423
неуправляемом 5,010635 5,010635
неуправляемой 3,624341 3,624341
принимал 4,317488 4,317488
договорились 2,612740 2,612740
живучесть 5,010635 10,021271
второе 3,624341 3,624341
терпящему 5,010635 5,010635
кампанию 4,317488 4,317488
условия 2,371578 2,371578
семьи 3,624341 3,624341
хотели 3,064725 9,194175
буханка 5,010635 5,010635
убежище 5,010635 5,010635
вниманием 4,317488 4,317488
кгб 3,401197 3,401197
новые 0,000000 0,000000
чудесное 5,010635 5,010635
пояс 4,317488 4,317488
диспут 5,010635 5,010635
мореходное 5,010635 5,010635
северного 3,912023 3,912023
липкина 5,010635 5,010635
специальные 4,317488 4,317488
сварить 4,317488 4,317488
бреет 5,010635 5,010635
добро 0,013423 0,013423
разгрузкой 5,010635 5,010635
заметили 3,401197 6,802395
менее 2,014903 2,014903
сгорала 5,010635 5,010635
пришлось 2,371578 4,743156
четверо 4,317488 25,904929
заметила 5,010635 5,010635
заметил 2,612740 2,612740
приходилось 3,401197 3,401197
запасы 4,317488 4,317488
напишет 4,317488 4,317488
мысль 3,401197 3,401197
добра 0,013423 0,026846
словам 1,272966 1,272966
ледяной 5,010635 5,010635
доставляли 5,010635 5,010635
понесло 5,010635 5,010635
меха 5,010635 5,010635
й 2,612740 2,612740
м 2,066196 8,264785
силу 3,401197 3,401197
т 4,317488 43,174881
течение 2,120264 2,120264
четверка 5,010635 5,010635
шумные 5,010635 5,010635
репортажи 4,317488 4,317488
бросить 3,912023 3,912023
товарищам 5,010635 5,010635
оно 2,445686 7,337058
страха 3,064725 6,129450
ветер 3,912023 11,736069
боже 5,010635 5,010635
мир 0,000000 0,000000
обеспечить 3,624341 3,624341
искать 3,064725 3,064725
обмануть 3,624341 3,624341
назначен 4,317488 4,317488
русский 3,624341 3,624341
сапоги 5,010635 10,021271
небольшое 5,010635 5,010635
добавлял 5,010635 5,010635
асхат 5,010635 25,053176
жили 3,624341 3,624341
метров 3,064725 3,064725
камни 4,317488 4,317488
бывший 0,000000 0,000000
упаси 5,010635 5,010635
нуля 4,317488 4,317488
время 0,762140 2,286420
востоке 3,401197 3,401197
забыть 3,624341 3,624341
вызывали 4,317488 4,317488
четверку 4,317488 4,317488
кругом 5,010635 5,010635
прожили 4,317488 4,317488
глотать 5,010635 5,010635
ооо 0,000000 0,000000
деактивирована 0,013423 0,013423
черпать 5,010635 5,010635
отдела 0,579818 0,579818
придется 3,401197 3,401197
номером 4,317488 4,317488
провокацию 4,317488 4,317488
обучился 5,010635 5,010635
флот 3,912023 3,912023
структуры 0,000000 0,000000
американцам 4,317488 4,317488
четверки 5,010635 20,042541
увезли 5,010635 5,010635
хочешь 0,013423 0,013423
честно 3,401197 3,401197
оставлять 3,624341 3,624341
неуправляемую 5,010635 10,021271
набора 4,317488 4,317488
ищет 4,317488 4,317488
скудны 5,010635 5,010635
час 3,218876 3,218876
газетах 4,317488 4,317488
обычную 0,013423 0,013423
обулась 5,010635 5,010635
попадают 2,931194 2,931194
касалась 5,010635 5,010635
увидеть 2,813411 2,813411
американцы 3,912023 7,824046
проходило 5,010635 5,010635
хватит 3,912023 3,912023
филиппом 4,317488 4,317488
институте 4,317488 4,317488
заверяли 5,010635 5,010635
галереи 0,000000 0,000000
лежали 5,010635 5,010635
продуктов 2,445686 2,445686
кузница 5,010635 10,021271
древесный 5,010635 5,010635
пригласили 3,912023 3,912023
богу 5,010635 5,010635
описывал 5,010635 5,010635
мест 3,912023 3,912023
аджубей 5,010635 5,010635
призывников 4,317488 4,317488
равны 5,010635 5,010635
киеве 2,813411 2,813411
пошли 3,064725 6,129450
асхата 5,010635 5,010635
банки 3,912023 3,912023
продукты 2,931194 2,931194
помыться 5,010635 5,010635
плавания 5,010635 5,010635
предназначена 5,010635 5,010635
банка 5,010635 5,010635
вносил 5,010635 5,010635
съедать 5,010635 5,010635
мысли 3,624341 3,624341
счастливая 5,010635 5,010635
шляпе 5,010635 5,010635
угонят 5,010635 5,010635
тушенки 5,010635 5,010635
поджигали 5,010635 5,010635
пережить 4,317488 4,317488
редакциярекламаконтактыпресс 0,000000 0,000000
обязательно 3,624341 3,624341
люди 1,966113 3,932226
видео 0,000000 0,000000
михаила 3,624341 3,624341
заваливали 5,010635 5,010635
высокая 3,912023 3,912023
межконтинентальных 5,010635 5,010635
вождению 5,010635 5,010635
сильно 2,445686 4,891372
хронология 3,912023 3,912023
предложил 3,218876 3,218876
ходил 3,624341 3,624341
курсантов 4,317488 4,317488
машины 2,612740 2,612740
солдат 3,064725 42,906152
крохотному 5,010635 5,010635
нескольких 2,708050 2,708050
такого 2,612740 2,612740
лишь 2,238047 2,238047
спасателем 5,010635 5,010635
объясняет 3,218876 3,218876
впал 5,010635 5,010635
острова 3,624341 7,248682
семьям 5,010635 5,010635
дрейфуют 5,010635 5,010635
одного 2,177422 2,177422
кстати 3,401197 3,401197
папирос 5,010635 5,010635
мол 5,010635 15,031906
общаются 4,317488 4,317488
момент 1,714798 1,714798
кожу 4,317488 4,317488
рассудили 5,010635 5,010635
американцев 4,317488 12,952464
духом 5,010635 5,010635
дрейфовали 5,010635 5,010635
повредилась 5,010635 5,010635
сможет 2,445686 2,445686
маленькому 5,010635 5,010635
плаву 5,010635 10,021271
кожи 3,912023 3,912023
районе 2,708050 2,708050
вдвое 4,317488 4,317488
заметке 5,010635 5,010635
хотелось 3,624341 3,624341
героического 5,010635 5,010635
среда 0,000000 0,000000
делать 1,966113 3,932226
унесло 5,010635 5,010635
подобных 3,912023 3,912023
сплошная 5,010635 5,010635
пили 5,010635 10,021271
разгрузить 5,010635 5,010635
отказывались 5,010635 5,010635
остаться 3,401197 6,802395
всерьез 3,912023 3,912023
показывали 4,317488 8,634976
берегу 3,912023 3,912023
эксклюзивы 0,000000 0,000000
москве 1,791759 1,791759
выносить 5,010635 5,010635
маневрировать 5,010635 5,010635
опасаясь 4,317488 4,317488
планировали 4,317488 4,317488
удивительно 4,317488 4,317488
подойти 5,010635 5,010635
подарками 5,010635 5,010635
ввел 3,624341 3,624341
анатолий 3,401197 17,005987
пахла 5,010635 5,010635
холодной 5,010635 5,010635
закончилась 3,624341 7,248682
оторвало 5,010635 5,010635
особенно 2,302585 2,302585
большой 2,371578 2,371578
снесло 5,010635 5,010635
потрясло 5,010635 5,010635
дрейф 5,010635 10,021271
изначально 3,064725 3,064725
зато 2,931194 2,931194
деньги 2,014903 4,029806
голодания 5,010635 5,010635
крик 5,010635 5,010635
понимал 5,010635 5,010635
конфиденциальностиправила 0,000000 0,000000
лица 2,612740 2,612740
дрейфовавших 5,010635 5,010635
превратили 5,010635 5,010635
фокус 5,010635 5,010635
ключ 5,010635 5,010635
половина 3,064725 3,064725
килограммов 3,912023 3,912023
резиденции 4,317488 4,317488
причалу 5,010635 5,010635
скалой 5,010635 5,010635
похожей 4,317488 4,317488
проходящее 5,010635 5,010635
возможно 2,813411 2,813411
имел 3,401197 3,401197
ссоры 3,912023 3,912023
которого 1,875141 1,875141
это 0,020203 0,242432
моменты 4,317488 4,317488
пальто 4,317488 4,317488
вкус 3,912023 3,912023
искренне 4,317488 4,317488
щепку 5,010635 10,021271
живы 3,912023 7,824046
отчаянию 5,010635 5,010635
этих 2,371578 2,371578
две 0,033902 0,033902
бортовым 5,010635 5,010635
меньшикова 5,010635 5,010635
баллистических 5,010635 5,010635
рядом 2,813411 2,813411
цветами 5,010635 5,010635
пакистанцы 5,010635 5,010635
социалистического 4,317488 4,317488
хватило 5,010635 5,010635
назвали 2,238047 2,238047
справиться 3,218876 3,218876
берега 4,317488 8,634976
похожее 3,912023 3,912023
виноват 3,912023 3,912023
гвоздя 5,010635 5,010635
родились 5,010635 5,010635
награждать 5,010635 5,010635
разбилась 5,010635 5,010635
спасательным 5,010635 5,010635
новости 0,000000 0,000000
несло 5,010635 5,010635
войти 0,000000 0,000000
держать 5,010635 5,010635
коробка 5,010635 5,010635
пробовали 5,010635 5,010635
рассказывал 4,317488 4,317488
опухли 5,010635 5,010635
инструмента 5,010635 5,010635
отключены 1,576648 1,576648
буханок 5,010635 5,010635
питьевой 4,317488 4,317488
терпят 5,010635 5,010635
рыболовном 5,010635 5,010635
маленького 3,912023 3,912023
считать 2,445686 2,445686
воздействие 3,624341 3,624341
передумали 5,010635 5,010635
открытом 3,912023 11,736069
нечто 3,912023 3,912023
пачки 5,010635 5,010635
записали 3,912023 3,912023
обсуждали 3,064725 3,064725
направо 4,317488 4,317488
живыми 4,317488 4,317488
молодых 3,401197 3,401197
ними 2,525729 7,577186
затем 1,875141 1,875141
спецпроекты 0,000000 0,000000
характера 5,010635 5,010635
рубке 5,010635 10,021271
начал 2,445686 2,445686
траулере 5,010635 5,010635
бородами 5,010635 5,010635
отозваться 5,010635 5,010635
отнеслись 5,010635 5,010635
подъемники 5,010635 5,010635
судьбу 3,912023 3,912023
памяти 3,912023 3,912023
первый 1,832581 1,832581
игры 0,000000 0,000000
занимается 3,218876 3,218876
техника 0,000000 0,000000
поднимаешься 5,010635 5,010635
события 2,612740 2,612740
летального 4,317488 4,317488
песни 4,317488 4,317488
вопрос 1,832581 1,832581
мягкий 5,010635 5,010635
развозили 5,010635 5,010635
немало 3,912023 3,912023
подавали 5,010635 5,010635
поскольку 2,238047 2,238047
штормовые 5,010635 5,010635
песню 4,317488 4,317488
возвращения 2,445686 2,445686
оторвались 5,010635 5,010635
пятилитровый 5,010635 5,010635
марта 0,040822 0,163288
предоставим 5,010635 5,010635
суденышко 5,010635 10,021271
пору 4,317488 8,634976
характером 3,912023 3,912023
закрывается 5,010635 5,010635
избежав 3,624341 3,624341
кончилось 5,010635 5,010635
настроения 3,912023 3,912023
печальным 5,010635 5,010635
спасемся 5,010635 5,010635
перепачкался 5,010635 5,010635
большие 2,813411 2,813411
потеряли 3,912023 3,912023
событий 2,708050 5,416100
компании 2,014903 2,014903
испытания 3,624341 3,624341
показали 2,931194 2,931194
дальнейшие 3,624341 3,624341
самый 2,525729 5,051457
служили 5,010635 5,010635
материал 3,912023 7,824046
слава 5,010635 5,010635
обхватывали 5,010635 5,010635
мягкой 5,010635 5,010635
фрагменты 5,010635 5,010635
ленте 2,931194 2,931194
мореходства 5,010635 5,010635
мимо 4,317488 8,634976
лента 0,000000 0,000000
экипаж 3,912023 3,912023
доходило 5,010635 5,010635
незадолго 3,912023 3,912023
выбирали 5,010635 5,010635
объяснила 3,064725 3,064725
старослужащие 5,010635 5,010635
район 3,624341 3,624341
учитель 5,010635 5,010635
замечал 5,010635 5,010635
четверых 4,317488 4,317488
месяц 2,525729 2,525729
натуральной 5,010635 5,010635
сан 5,010635 10,021271
жми 0,013423 0,013423
наверху 5,010635 5,010635
консервов 5,010635 5,010635
летчики 3,624341 3,624341
лубянку 5,010635 5,010635
тяжелое 3,401197 3,401197
выхаживала 5,010635 5,010635
борьбу 3,912023 3,912023
само 3,624341 3,624341
стрижка 5,010635 5,010635
вообще 2,813411 2,813411
национальностей 5,010635 5,010635
появились 1,875141 1,875141
нашу 4,317488 4,317488
ленту 0,013423 0,013423
записи 5,010635 5,010635
слышалось 5,010635 5,010635
сами 3,064725 6,129450
умудрились 5,010635 5,010635
крючковский 5,010635 60,127624
рация 5,010635 5,010635
борту 3,401197 3,401197
характер 4,317488 4,317488
ленты 1,678431 3,356862
наше 4,317488 4,317488
погибшей 5,010635 5,010635
наши 2,177422 2,177422
оставшийся 5,010635 5,010635
применения 0,000000 0,000000
соблазнился 5,010635 5,010635
снег 3,912023 3,912023
ценности 0,000000 0,000000
диспуте 5,010635 5,010635
поддаться 5,010635 5,010635
спасло 3,218876 6,437752
обязан 3,912023 3,912023
вплотную 5,010635 5,010635
мореходного 5,010635 5,010635
несомненным 5,010635 5,010635
собирали 3,912023 3,912023
съестного 5,010635 5,010635
вертолеты 4,317488 8,634976
разделились 5,010635 5,010635
вернуться 0,013423 0,013423
служил 4,317488 4,317488
устроили 3,218876 6,437752
служит 5,010635 5,010635
клавишами 5,010635 5,010635
смутившись 5,010635 5,010635
пары 3,912023 3,912023
уведомили 5,010635 5,010635
просто 1,678431 10,070585
бидон 5,010635 5,010635
флотов 4,317488 4,317488
россия 0,000000 0,000000
повысил 3,912023 3,912023
го 2,302585 4,605170
ломаются 5,010635 5,010635
скорость 3,218876 3,218876
срываться 5,010635 5,010635
концы 5,010635 10,021271
начинался 5,010635 5,010635
становилось 5,010635 5,010635
свои 0,027029 0,054057
судов 4,317488 12,952464
говорили 2,813411 5,626821
всякий 5,010635 5,010635
груз 5,010635 5,010635
января 1,791759 3,583519
зарплату 3,912023 3,912023
смотрят 3,624341 3,624341
рацион 4,317488 4,317488
журнал 4,317488 4,317488
техническую 5,010635 5,010635
судно 5,010635 20,042541
рыбу 5,010635 5,010635
наградили 5,010635 5,010635
спасенных 5,010635 5,010635
погибшими 5,010635 5,010635
американский 0,061875 0,061875
американским 3,064725 3,064725
супа 3,912023 3,912023
шторма 4,317488 4,317488
торговых 5,010635 5,010635
другое 3,624341 3,624341
кирза 5,010635 5,010635
правители 5,010635 5,010635
забыл 3,912023 3,912023
превращалась 5,010635 5,010635
категорически 4,317488 4,317488
специальной 3,401197 3,401197
нездоровую 5,010635 5,010635
судна 5,010635 10,021271
хлеба 4,317488 8,634976
судне 5,010635 15,031906
яхты 5,010635 5,010635
пал 5,010635 5,010635
ребятам 5,010635 5,010635
скорее 2,708050 2,708050
переворачиваются 5,010635 5,010635
присоединился 5,010635 5,010635
воинским 5,010635 5,010635
филипп 4,317488 25,904929
разглядел 5,010635 5,010635
дрейфующие 5,010635 10,021271
выдать 3,401197 3,401197
раскисал 5,010635 5,010635
трижды 5,010635 5,010635
мэри 5,010635 5,010635
призыва 5,010635 5,010635
американские 2,931194 5,862388
срыва 4,317488 4,317488
батюшка 5,010635 5,010635
вызвало 3,912023 3,912023
загарпунить 5,010635 5,010635
дрейфующих 5,010635 5,010635
обменялись 3,401197 3,401197
данном 4,317488 8,634976
дно 3,624341 3,624341
объявили 3,401197 3,401197
секунду 3,218876 3,218876
ищут 3,218876 3,218876
мыло 4,317488 4,317488
чудом 3,912023 3,912023
секунды 3,912023 3,912023
коротченко 5,010635 5,010635
превышала 5,010635 5,010635
дна 5,010635 10,021271
песчаный 5,010635 5,010635
журналу 5,010635 5,010635
ходе 1,791759 1,791759
дни 2,931194 2,931194
пути 2,445686 2,445686
дрейфуй 5,010635 5,010635
форме 0,061875 0,123751
сенсационную 5,010635 5,010635
временем 3,218876 6,437752
маски 3,624341 3,624341
развито 4,317488 4,317488
друга 2,525729 7,577186
силовые 0,000000 0,000000
советским 4,317488 4,317488
советский 2,708050 2,708050
тысяч 1,427116 1,427116
дня 0,061875 0,247502
напоминает 3,912023 7,824046
мясом 5,010635 5,010635
судостроением 5,010635 5,010635
наш 3,064725 3,064725
советских 3,064725 21,453076
дальнем 4,317488 4,317488
книгу 4,317488 4,317488
море 2,931194 11,724775
спичек 5,010635 5,010635
продержались 5,010635 5,010635
никому 3,624341 3,624341
уходило 5,010635 5,010635
подвигом 4,317488 8,634976
комментарии 1,484275 1,484275
сил 1,791759 1,791759
дней 1,791759 23,292873
составляли 5,010635 5,010635
борт 3,912023 7,824046
начались 0,068993 0,068993
огромные 3,912023 3,912023
оказаться 3,401197 3,401197
вдали 4,317488 4,317488
пасту 5,010635 5,010635
сих 2,302585 2,302585
шмотки 5,010635 5,010635
рекомендательных 0,000000 0,000000
около 1,678431 3,356862
большого 3,624341 3,624341
ловить 4,317488 4,317488
музыкальные 4,317488 4,317488
тракторами 5,010635 5,010635
кружке 5,010635 5,010635
берег 5,010635 15,031906
президиума 3,912023 3,912023
швыряло 5,010635 5,010635
службу 3,218876 3,218876
близко 3,912023 3,912023
тихом 3,401197 17,005987
слева 3,912023 7,824046
стоять 3,912023 3,912023
ежедневно 3,624341 3,624341
выстрелят 5,010635 5,010635
выдавать 5,010635 5,010635
спасти 3,912023 3,912023
крючок 5,010635 5,010635
считаю 3,218876 3,218876
спасения 5,010635 5,010635
прославились 4,317488 4,317488
забота 0,000000 0,000000
пожаловать 0,013423 0,013423
маломерных 5,010635 5,010635
героя 3,064725 3,064725
которые 1,181994 3,545982
решить 3,401197 3,401197
выжить 4,317488 4,317488
прекрасно 4,317488 8,634976
пищу 5,010635 10,021271
который 1,272966 5,091863
согревать 5,010635 5,010635
спас 3,624341 3,624341
урезать 5,010635 5,010635
писали 3,218876 3,218876
видимому 5,010635 5,010635
кирсардж 5,010635 20,042541
считаные 4,317488 4,317488
следующий 3,064725 3,064725
касатка 5,010635 5,010635
налете 5,010635 5,010635
выдержали 5,010635 5,010635
сперва 4,317488 4,317488
поколения 3,912023 3,912023
снимки 3,624341 3,624341
месяца 2,813411 2,813411
победа 0,000000 0,000000
дрейфе 5,010635 5,010635
дрейфа 5,010635 5,010635
признавал 5,010635 10,021271
татарин 5,010635 5,010635
хватало 3,624341 3,624341
говорилось 3,624341 3,624341
случае 1,875141 3,750282
пышную 5,010635 5,010635
телеграммами 5,010635 5,010635
кружили 5,010635 5,010635
случай 2,931194 2,931194
опечатку 0,000000 0,000000
рудольф 5,010635 5,010635
сми 0,000000 0,000000
радость 3,912023 3,912023
итуруп 5,010635 10,021271
кормили 4,317488 4,317488
американском 5,010635 5,010635
доктор 3,624341 3,624341
жить 2,177422 2,177422
неисправном 5,010635 5,010635
подтверждение 4,317488 4,317488
спасение 2,371578 2,371578
спасаться 5,010635 5,010635
америке 3,912023 3,912023
америки 4,317488 8,634976
штормило 5,010635 10,021271
несколько 1,347074 8,082442
иван 3,064725 12,258901
мачты 5,010635 5,010635
обеспечения 3,912023 3,912023
индонезийцы 5,010635 5,010635
строение 5,010635 5,010635
начали 1,427116 2,854233
попрощаемся 5,010635 5,010635
купленное 5,010635 5,010635
давали 2,813411 2,813411
фотохроника 5,010635 5,010635
почувствует 4,317488 4,317488
выбросило 4,317488 4,317488
попытка 3,218876 3,218876
прошел 2,371578 2,371578
нечего 3,401197 6,802395
планировались 5,010635 5,010635
испорчен 5,010635 5,010635
штатах 5,010635 5,010635
ветра 5,010635 10,021271
океане 3,401197 27,209579
каждый 2,066196 2,066196
смогли 2,525729 7,577186
газом 4,317488 4,317488
золотой 3,401197 3,401197
другого 4,317488 8,634976
выбора 4,317488 4,317488
выдали 4,317488 4,317488
переживали 4,317488 4,317488
спастись 4,317488 8,634976
маленькие 4,317488 4,317488
живые 4,317488 4,317488
проработал 3,912023 3,912023
ветры 5,010635 5,010635
завербовали 5,010635 5,010635
мазутом 5,010635 5,010635
кучеров 5,010635 5,010635
стараясь 4,317488 4,317488
владимир 1,373049 1,373049
советской 3,624341 7,248682
исхода 3,912023 3,912023
перенесли 5,010635 5,010635
советское 4,317488 4,317488
месте 2,371578 2,371578
дождя 5,010635 5,010635
предложениями 5,010635 5,010635
занятия 3,624341 3,624341
судя 3,401197 3,401197
году 1,373049 2,746098
жира 5,010635 10,021271
бутербродов 5,010635 5,010635
официальный 3,064725 3,064725
признает 3,912023 3,912023
становились 4,317488 4,317488
окончили 5,010635 5,010635
шторм 3,912023 11,736069
берегом 5,010635 5,010635
оказалась 2,302585 4,605170
уголь 5,010635 10,021271
возможность 2,066196 2,066196
пораженческие 5,010635 5,010635
года 0,899761 2,699284
правда 2,014903 2,014903
сюжет 3,624341 3,624341
пребывая 5,010635 5,010635
главред 5,010635 5,010635
недоумевали 5,010635 5,010635
огромный 3,912023 7,824046
газетчикам 5,010635 5,010635
береговых 5,010635 5,010635
заделать 5,010635 5,010635
тихий 5,010635 10,021271
скоро 3,064725 3,064725
видишь 5,010635 5,010635
крупу 4,317488 4,317488
впопыхах 5,010635 5,010635
очень 1,347074 4,041221
выяснилось 2,371578 2,371578
усеянного 5,010635 5,010635
наука 0,000000 0,000000
федотов 5,010635 45,095718
сенсационный 5,010635 5,010635
никак 2,931194 5,862388
участия 3,912023 3,912023
