встал 3,624341 3,624341
метро 2,931194 2,931194
ру 0,000000 0,000000
банк 0,076161 0,076161
девять 3,064725 3,064725
день 1,544899 9,269396
вступают 4,317488 4,317488
головой 3,912023 3,912023
этому 2,238047 2,238047
провинции 3,912023 3,912023
маслом 4,317488 4,317488
пластика 3,912023 3,912023
прогулка 4,317488 4,317488
стал 1,203973 10,835755
целом 3,064725 3,064725
стеснительно 4,317488 4,317488
потрогать 4,317488 4,317488
терзали 4,317488 4,317488
вокруг 2,525729 2,525729
машинку 4,317488 4,317488
играл 3,624341 3,624341
согласие 0,047791 0,047791
зрительном 4,317488 4,317488
сотрудники 2,066196 2,066196
смущать 4,317488 4,317488
умеешь 4,317488 4,317488
одну 2,612740 2,612740
производства 3,064725 3,064725
долго 2,612740 2,612740
громкая 4,317488 4,317488
таким 2,014903 2,014903
продолжаешь 4,317488 4,317488
мало 3,064725 3,064725
рыжий 4,317488 4,317488
плоды 4,317488 4,317488
бывшего 2,445686 7,337058
здания 4,317488 4,317488
человек 1,249435 2,498870
те 1,919593 3,839186
одна 1,875141 3,750282
девяти 3,624341 3,624341
адаптировался 4,317488 4,317488
немного 2,813411 11,253643
выпустился 4,317488 4,317488
фото 0,061875 0,680629
лет 0,967584 0,967584
помещений 3,401197 3,401197
рассмешил 4,317488 4,317488
пластику 4,317488 4,317488
леше 4,317488 4,317488
иностранным 3,218876 3,218876
леша 3,912023 3,912023
водой 0,061875 0,061875
оказалось 2,177422 2,177422
технологиймини 0,000000 0,000000
студент 3,624341 3,624341
запах 3,912023 3,912023
решивших 4,317488 4,317488
дружных 4,317488 4,317488
впечатляла 4,317488 4,317488
телепередачи 3,912023 3,912023
тележка 4,317488 4,317488
замешательство 4,317488 4,317488
подкаты 4,317488 4,317488
вторым 4,317488 4,317488
конфиденциальности 0,047791 0,047791
самому 3,401197 3,401197
бритым 4,317488 4,317488
эвфемизмом 4,317488 4,317488
зрелом 4,317488 4,317488
пунктов 2,813411 2,813411
определил 4,317488 4,317488
ум 4,317488 4,317488
нажмите 0,000000 0,000000
своей 2,066196 2,066196
стучали 4,317488 4,317488
открывался 3,912023 3,912023
получайте 0,047791 0,047791
дело 2,120264 2,120264
пунктом 3,912023 3,912023
удовлетворил 4,317488 4,317488
женщинам 3,401197 3,401197
рассказывали 3,401197 3,401197
опытный 3,624341 3,624341
барменом 4,317488 4,317488
деле 2,238047 6,714140
позволял 4,317488 4,317488
слишком 2,371578 14,229468
приваты 4,317488 4,317488
проблемы 0,076161 0,076161
социальный 3,401197 3,401197
чартах 4,317488 4,317488
долей 4,317488 4,317488
водить 4,317488 4,317488
недавно 3,218876 3,218876
летом 3,401197 3,401197
путешествия 0,000000 0,000000
часов 1,643339 1,643339
мастерства 4,317488 4,317488
веры 4,317488 4,317488
курили 4,317488 4,317488
проблема 3,064725 6,129450
язычок 4,317488 4,317488
также 0,762140 0,762140
вывел 4,317488 8,634976
член 3,624341 10,873023
индии 0,076161 0,076161
стероиды 4,317488 4,317488
прибедняться 4,317488 4,317488
официантам 4,317488 4,317488
нашли 0,000000 0,000000
одной 1,514128 1,514128
одном 2,525729 2,525729
чаевых 4,317488 4,317488
друзей 3,401197 3,401197
пообщаться 3,624341 3,624341
каждую 3,624341 3,624341
последнем 4,317488 4,317488
прием 3,218876 6,437752
гномик 4,317488 4,317488
надевать 4,317488 4,317488
языков 3,912023 3,912023
сначала 2,445686 2,445686
зал 4,317488 8,634976
охранником 4,317488 8,634976
украинском 0,076161 0,076161
света 0,054808 0,054808
начать 2,445686 4,891372
часа 2,371578 2,371578
бедную 4,317488 4,317488
спросила 4,317488 4,317488
подруг 4,317488 4,317488
приходить 3,624341 7,248682
диджей 4,317488 4,317488
сексу 3,624341 3,624341
пытался 2,708050 5,416100
белоусов 0,076161 0,076161
гладкими 4,317488 4,317488
тонах 4,317488 4,317488
отбор 4,317488 4,317488
повышать 4,317488 4,317488
однако 1,249435 1,249435
закончилось 3,912023 3,912023
слышал 4,317488 4,317488
пришлась 4,317488 4,317488
условиями 0,040822 0,081644
вырывался 4,317488 4,317488
кабаках 4,317488 4,317488
южной 3,624341 3,624341
пикапа 4,317488 4,317488
языки 4,317488 4,317488
система 2,813411 2,813411
срубить 4,317488 4,317488
парео 4,317488 12,952464
успокоился 4,317488 4,317488
советовали 4,317488 4,317488
околобордельная 4,317488 4,317488
сколько 2,525729 5,051457
могут 1,455287 1,455287
приходите 4,317488 4,317488
буддизме 4,317488 4,317488
читайте 0,040822 0,040822
хорошая 3,912023 7,824046
встречался 4,317488 4,317488
надеяться 3,912023 3,912023
получил 2,120264 4,240527
стороны 1,643339 1,643339
привлекательных 4,317488 4,317488
выглядело 3,912023 3,912023
кастинг 3,912023 15,648092
байконур 0,097980 0,097980
расстроилась 4,317488 4,317488
впечатляющих 4,317488 4,317488
сексом 3,912023 3,912023
посмеялись 4,317488 4,317488
полностью 2,525729 5,051457
ребятами 4,317488 8,634976
лениво 4,317488 4,317488
препаратов 3,912023 3,912023
часть 1,919593 1,919593
физической 3,624341 3,624341
выглядели 3,912023 3,912023
секса 3,401197 3,401197
типичная 4,317488 8,634976
позволяла 3,912023 3,912023
коллегами 3,401197 3,401197
концах 4,317488 4,317488
едва 2,177422 2,177422
целую 3,912023 3,912023
последние 0,090654 0,181309
подчас 4,317488 4,317488
предрекли 0,076161 0,076161
шеф 4,317488 4,317488
часто 2,525729 5,051457
лето 3,064725 3,064725
объяснился 4,317488 4,317488
архив 0,000000 0,000000
проезд 4,317488 4,317488
части 2,014903 2,014903
исчез 3,912023 3,912023
давал 3,624341 3,624341
гладиаторов 4,317488 4,317488
отечески 4,317488 4,317488
сша 0,040822 0,040822
шел 3,624341 3,624341
приучил 4,317488 4,317488
говорить 3,064725 3,064725
навеянный 4,317488 4,317488
написал 2,525729 2,525729
взрослых 3,218876 3,218876
раскрытии 0,076161 0,076161
хотел 2,931194 5,862388
следствие 2,813411 5,626821
потанцевать 4,317488 4,317488
уйти 3,401197 6,802395
шлепки 4,317488 4,317488
повисла 4,317488 4,317488
кураже 4,317488 4,317488
российском 0,076161 0,076161
страшного 4,317488 4,317488
ездил 3,624341 3,624341
российской 2,014903 2,014903
женщинами 3,912023 3,912023
разговорчивый 4,317488 4,317488
столько 2,525729 2,525729
такая 2,931194 2,931194
испуганный 4,317488 4,317488
готовенькими 4,317488 4,317488
удачно 3,218876 3,218876
намекали 3,912023 3,912023
вагон 4,317488 4,317488
похожу 4,317488 4,317488
начальником 3,401197 3,401197
лучший 2,525729 7,577186
забавно 4,317488 4,317488
армии 2,612740 10,450960
лентой 2,371578 2,371578
настигло 4,317488 4,317488
постарше 3,912023 11,736069
попросила 3,912023 7,824046
приват 3,912023 15,648092
будут 1,919593 1,919593
зрения 3,401197 3,401197
выпившей 4,317488 4,317488
провели 2,066196 2,066196
параллельно 3,912023 3,912023
устроиться 4,317488 12,952464
получать 3,064725 3,064725
танцует 4,317488 4,317488
бонусы 0,047791 0,095581
вредность 4,317488 4,317488
очки 4,317488 8,634976
хорошей 3,912023 7,824046
итало 4,317488 4,317488
наоборот 2,813411 2,813411
тому 2,612740 5,225480
хорошее 3,218876 3,218876
лоб 4,317488 4,317488
жильцы 0,076161 0,076161
достался 4,317488 4,317488
жизни 0,000000 0,000000
армию 3,218876 3,218876
называли 2,931194 2,931194
прямо 2,525729 2,525729
показал 3,624341 3,624341
нательный 4,317488 4,317488
нужно 1,791759 7,167038
четным 4,317488 4,317488
одним 1,966113 7,864451
новостным 4,317488 4,317488
слова 2,177422 2,177422
встретил 3,912023 3,912023
преподаванием 4,317488 4,317488
всякая 4,317488 4,317488
картина 3,624341 3,624341
возникло 3,624341 3,624341
туристку 0,076161 0,076161
стриптизером 4,317488 8,634976
пристрастившись 4,317488 4,317488
проводили 3,912023 11,736069
напоследок 4,317488 4,317488
курить 3,401197 3,401197
процент 3,218876 3,218876
стриптизеров 4,317488 8,634976
имеем 4,317488 8,634976
мотор 0,000000 0,000000
впечатляюще 4,317488 4,317488
обменивайте 0,047791 0,047791
искал 3,912023 3,912023
терпеть 4,317488 4,317488
запускаете 4,317488 4,317488
детской 4,317488 4,317488
чаевые 3,912023 7,824046
выбрал 3,912023 3,912023
подвернулась 4,317488 4,317488
будний 4,317488 4,317488
последствиям 4,317488 4,317488
средний 3,401197 3,401197
стакан 4,317488 4,317488
помню 3,912023 7,824046
юткина 4,317488 4,317488
улица 3,912023 3,912023
шорты 4,317488 4,317488
проходят 3,624341 7,248682
хорошие 0,013423 0,026846
недостатки 3,624341 7,248682
дальше 2,612740 10,450960
закулисье 4,317488 4,317488
относиться 3,218876 3,218876
приходили 3,401197 3,401197
сидели 3,912023 3,912023
красных 3,912023 7,824046
мира 1,576648 1,576648
точно 3,064725 3,064725
стриптизер 4,317488 8,634976
чаще 2,708050 2,708050
улицу 3,912023 3,912023
сидела 4,317488 4,317488
почему 0,899761 1,799523
гостьями 4,317488 8,634976
еды 3,401197 3,401197
столы 3,912023 3,912023
толпой 3,912023 3,912023
стакане 4,317488 4,317488
идут 2,525729 2,525729
уходу 3,912023 3,912023
красный 3,912023 3,912023
сцену 4,317488 12,952464
заработал 3,624341 3,624341
ведет 3,401197 3,401197
шота 4,317488 4,317488
прибыл 0,083382 0,083382
придал 4,317488 4,317488
женскую 3,912023 3,912023
приехавшие 4,317488 4,317488
могла 2,708050 2,708050
будь 3,912023 3,912023
небес 4,317488 4,317488
ребята 3,064725 12,258901
презентабельный 4,317488 4,317488
персонажами 4,317488 4,317488
спрашивать 4,317488 4,317488
загрузила 4,317488 4,317488
шло 4,317488 8,634976
сцене 3,912023 15,648092
объяснят 4,317488 4,317488
знакомых 4,317488 4,317488
сложная 3,401197 3,401197
масса 3,218876 3,218876
отдохнуть 3,624341 3,624341
желание 3,218876 3,218876
ссср 0,000000 0,000000
массажи 3,912023 3,912023
ознакомился 3,912023 3,912023
наверняка 3,624341 3,624341
жертву 4,317488 4,317488
состоянии 2,813411 5,626821
смирился 3,912023 3,912023
культуристической 4,317488 4,317488
головы 3,912023 3,912023
идти 2,813411 2,813411
пытается 2,177422 2,177422
нашел 2,612740 2,612740
приватом 4,317488 4,317488
скандальной 4,317488 4,317488
открыть 3,624341 3,624341
нашем 3,218876 3,218876
полагал 4,317488 4,317488
статус 3,912023 3,912023
железом 4,317488 4,317488
помоложе 4,317488 12,952464
трусах 3,624341 18,121705
именно 1,875141 1,875141
оплачивает 4,317488 4,317488
контрасте 4,317488 4,317488
гладиатору 4,317488 4,317488
другие 1,714798 1,714798
заглушить 4,317488 4,317488
главное 0,000000 0,000000
общем 3,401197 3,401197
отличает 3,624341 3,624341
клиенткой 4,317488 4,317488
откровенным 4,317488 4,317488
веществами 3,912023 3,912023
паха 4,317488 4,317488
уволиться 4,317488 8,634976
наверное 2,931194 2,931194
отель 3,912023 3,912023
ликерный 4,317488 4,317488
летнего 0,097980 0,097980
откровенные 3,912023 3,912023
мини 0,000000 0,000000
примерял 4,317488 4,317488
поругали 4,317488 4,317488
боксерах 4,317488 4,317488
стоил 3,912023 3,912023
беседе 2,445686 2,445686
изнасиловал 0,076161 0,076161
юридически 4,317488 4,317488
включилась 3,912023 3,912023
стоит 1,791759 3,583519
точки 3,218876 3,218876
подольше 4,317488 4,317488
согласился 2,612740 2,612740
разводит 4,317488 4,317488
растерянно 4,317488 4,317488
накрашенный 4,317488 4,317488
монитор 4,317488 8,634976
думайте 4,317488 4,317488
пьяное 4,317488 4,317488
сезам 4,317488 4,317488
прайм 4,317488 4,317488
насобирать 4,317488 4,317488
другими 2,931194 2,931194
похвалила 3,624341 3,624341
ягодицами 4,317488 4,317488
захлопнул 4,317488 8,634976
зале 3,624341 10,873023
вести 2,708050 2,708050
темным 4,317488 4,317488
складывали 4,317488 4,317488
спорт 0,000000 0,000000
твой 3,912023 3,912023
зала 3,624341 3,624341
твои 4,317488 4,317488
двухметровый 3,912023 3,912023
споры 0,097980 0,097980
отмашки 4,317488 4,317488
шоу 2,813411 8,440232
военной 0,061875 0,061875
бакалавриата 4,317488 4,317488
привлекала 4,317488 4,317488
четыре 0,040822 0,040822
сказать 2,813411 8,440232
запомнить 4,317488 4,317488
образования 4,317488 4,317488
определяться 3,624341 3,624341
друг 2,238047 2,238047
камеру 3,401197 3,401197
посуде 4,317488 4,317488
зашел 3,624341 7,248682
тайм 3,912023 3,912023
сохранить 2,525729 2,525729
банальщина 4,317488 4,317488
ложка 4,317488 4,317488
клубняк 4,317488 4,317488
схема 3,912023 3,912023
заново 3,401197 3,401197
решительный 4,317488 4,317488
воздух 3,624341 3,624341
взаимодействие 3,624341 3,624341
концов 3,624341 7,248682
подсаживается 4,317488 4,317488
выучу 4,317488 4,317488
работал 2,708050 2,708050
обитания 0,000000 0,000000
сантехником 4,317488 4,317488
шутка 3,912023 3,912023
женщине 2,612740 7,838220
волну 4,317488 12,952464
женщина 2,813411 2,813411
цели 2,371578 2,371578
состоял 4,317488 4,317488
важно 2,302585 2,302585
официантом 4,317488 4,317488
гораздо 3,064725 3,064725
мужской 2,708050 5,416100
толпы 4,317488 4,317488
открытие 3,624341 3,624341
женщины 2,066196 8,264785
мужском 3,912023 3,912023
российским 0,076161 0,076161
проходит 3,064725 6,129450
официантов 4,317488 4,317488
гормонов 4,317488 4,317488
заднюю 4,317488 4,317488
образование 4,317488 4,317488
танцоры 4,317488 12,952464
клубах 3,912023 15,648092
выступления 3,218876 3,218876
необходимо 2,120264 4,240527
кермит 3,912023 3,912023
мешкал 4,317488 4,317488
спустя 1,832581 1,832581
интернет 0,000000 0,000000
басами 4,317488 4,317488
обратился 0,076161 0,076161
толпа 4,317488 4,317488
открытия 3,624341 3,624341
просьба 4,317488 4,317488
круглая 4,317488 4,317488
девушкой 3,624341 3,624341
осознал 4,317488 4,317488
носил 3,912023 3,912023
жалею 3,912023 3,912023
обозначает 4,317488 4,317488
работали 3,064725 3,064725
работаю 3,624341 3,624341
зазы 4,317488 8,634976
застал 3,401197 3,401197
гид 0,076161 0,076161
зная 4,317488 4,317488
зазу 4,317488 4,317488
загадочно 4,317488 4,317488
работе 1,791759 3,583519
дикие 3,624341 3,624341
дома 0,061875 0,061875
плавно 3,624341 7,248682
заза 4,317488 12,952464
пола 0,097980 0,097980
четвертый 4,317488 4,317488
фишку 4,317488 4,317488
музыку 3,912023 7,824046
озвучил 3,624341 3,624341
знал 3,401197 3,401197
работу 1,791759 5,375278
показалось 3,624341 7,248682
сотрудник 2,813411 2,813411
погоняет 4,317488 4,317488
работа 2,708050 10,832201
услуг 3,064725 6,129450
вселюдизвериедапроисшествияперсонысчастливчикианомалии 2,813411 2,813411
эмоции 0,047791 0,047791
период 2,120264 4,240527
работники 2,813411 5,626821
обругала 4,317488 4,317488
внимал 4,317488 4,317488
клуб 3,624341 18,121705
сети 0,090654 0,090654
работы 1,455287 11,642298
военнослужащим 0,076161 0,076161
рабочего 3,218876 3,218876
работника 3,912023 3,912023
комом 4,317488 4,317488
зарегистрирована 4,317488 4,317488
виде 2,708050 2,708050
такую 2,931194 2,931194
стриптизеры 4,317488 4,317488
лабиринтам 4,317488 4,317488
циничен 4,317488 4,317488
материалы 0,000000 0,000000
объяснил 2,120264 4,240527
единоверцев 4,317488 4,317488
конституция 4,317488 4,317488
получает 4,317488 4,317488
ярко 3,624341 3,624341
снять 3,912023 15,648092
движением 4,317488 4,317488
депутат 0,076161 0,076161
привлечению 4,317488 4,317488
вышел 2,708050 8,124151
жест 4,317488 4,317488
статьи 0,000000 0,000000
старше 3,401197 3,401197
каблуках 3,912023 3,912023
стула 3,912023 3,912023
культура 0,000000 0,000000
стриптизера 2,931194 11,724775
индуизме 4,317488 4,317488
двумя 2,931194 2,931194
плутать 4,317488 4,317488
обслуживал 4,317488 8,634976
поверженному 4,317488 4,317488
грехопадение 4,317488 4,317488
профессионального 3,624341 3,624341
донесли 4,317488 4,317488
набор 3,218876 3,218876
балагурили 4,317488 4,317488
клиенток 4,317488 4,317488
заработка 3,401197 3,401197
хозяин 4,317488 4,317488
протирали 4,317488 4,317488
музыке 4,317488 4,317488
наполненных 4,317488 4,317488
пятый 3,912023 3,912023
контакте 3,624341 3,624341
музыка 3,624341 10,873023
мной 2,931194 5,862388
позднее 3,401197 3,401197
мужских 4,317488 4,317488
приспустил 3,912023 3,912023
комплимент 2,931194 11,724775
многим 3,218876 3,218876
советам 4,317488 4,317488
серьезный 3,624341 3,624341
спустило 4,317488 4,317488
информагентстве 4,317488 4,317488
многие 1,714798 1,714798
принес 3,401197 3,401197
язык 3,624341 3,624341
продажника 4,317488 4,317488
хрестоматийные 4,317488 4,317488
зачастую 3,912023 3,912023
снял 3,064725 6,129450
относился 3,912023 3,912023
коллектив 4,317488 4,317488
следил 4,317488 4,317488
внутрь 4,317488 4,317488
кожаный 4,317488 4,317488
уговоры 3,912023 3,912023
продукцией 4,317488 4,317488
настолько 3,624341 10,873023
оказывать 4,317488 4,317488
сделать 2,371578 4,743156
разных 2,445686 2,445686
работает 0,040822 0,081644
увлекательные 0,047791 0,047791
новеньких 4,317488 4,317488
взял 3,064725 6,129450
удавалось 3,912023 3,912023
алкоголя 3,912023 7,824046
спортом 3,912023 3,912023
учился 3,401197 3,401197
сексуальная 3,912023 3,912023
порядке 2,813411 2,813411
совмещать 3,912023 3,912023
комплекции 4,317488 4,317488
ушам 4,317488 4,317488
переговоры 0,054808 0,054808
тушуйтесь 4,317488 4,317488
раза 2,525729 2,525729
всеоружии 4,317488 4,317488
воля 3,912023 3,912023
год 1,714798 3,429597
содрал 4,317488 4,317488
кухне 4,317488 4,317488
храбрости 4,317488 4,317488
маккартни 0,097980 0,097980
нюанс 3,401197 3,401197
резким 4,317488 4,317488
искали 3,624341 3,624341
сбер 0,040822 0,040822
использованияполитика 0,000000 0,000000
головами 4,317488 4,317488
людном 4,317488 4,317488
посоветовал 3,401197 3,401197
поэтому 1,966113 1,966113
сахар 3,912023 3,912023
веселило 4,317488 4,317488
понятием 4,317488 4,317488
трусы 3,912023 31,296184
крупный 0,068993 0,068993
регионам 0,076161 0,076161
согласовал 4,317488 4,317488
крупным 0,076161 0,076161
хозяином 4,317488 4,317488
блин 3,401197 3,401197
натренировать 4,317488 4,317488
психологию 4,317488 4,317488
пощупать 4,317488 4,317488
перспектива 3,912023 3,912023
разбирался 4,317488 4,317488
танцор 4,317488 8,634976
прим 2,813411 11,253643
древнеримской 4,317488 4,317488
конфуз 4,317488 4,317488
респектабельные 4,317488 4,317488
самой 2,525729 2,525729
позвать 4,317488 4,317488
самом 2,014903 6,044709
журналистике 4,317488 4,317488
советы 3,064725 3,064725
солярий 4,317488 12,952464
уйду 4,317488 4,317488
остались 0,061875 0,061875
мыслью 4,317488 4,317488
избалованные 4,317488 4,317488
загуглил 4,317488 4,317488
столик 4,317488 8,634976
покивали 4,317488 4,317488
глубоко 3,624341 3,624341
сразу 2,066196 6,198589
казусе 4,317488 4,317488
острый 4,317488 4,317488
репетировал 4,317488 4,317488
искра 4,317488 4,317488
вместе 1,514128 3,028255
болтали 4,317488 4,317488
руку 3,218876 9,656627
ровно 3,401197 6,802395
интриге 4,317488 4,317488
такое 2,014903 6,044709
клиентка 4,317488 12,952464
журналистику 4,317488 8,634976
неуверенно 4,317488 4,317488
рады 0,068993 0,068993
убежал 4,317488 4,317488
лестница 4,317488 4,317488
водкой 4,317488 4,317488
возвышении 4,317488 4,317488
таком 2,813411 2,813411
руки 2,813411 2,813411
юлия 3,401197 3,401197
акции 0,047791 0,047791
громкой 3,912023 3,912023
рассказал 1,272966 3,818897
проходить 3,912023 3,912023
смотрел 3,912023 3,912023
звали 3,624341 3,624341
козырной 4,317488 4,317488
покорять 4,317488 4,317488
топ 3,401197 3,401197
экономика 0,000000 0,000000
совершенно 2,813411 2,813411
заработать 3,218876 6,437752
повязав 4,317488 4,317488
приходится 3,624341 3,624341
столов 3,912023 3,912023
рамках 2,371578 2,371578
сложно 2,525729 5,051457
устремленная 4,317488 4,317488
звучало 4,317488 4,317488
которая 1,875141 1,875141
подвешенный 4,317488 4,317488
крест 3,912023 7,824046
покурить 4,317488 4,317488
консумация 3,912023 3,912023
юное 4,317488 4,317488
отказываться 3,624341 3,624341
уверенности 3,401197 3,401197
выпил 4,317488 4,317488
вскоре 2,302585 4,605170
чистая 4,317488 4,317488
индивидуальная 4,317488 4,317488
заключенного 4,317488 4,317488
клином 4,317488 4,317488
довольно 3,064725 3,064725
либо 1,919593 7,678371
дорогих 3,912023 3,912023
танцора 3,912023 3,912023
непонятно 3,624341 3,624341
пожинать 4,317488 4,317488
распределял 4,317488 4,317488
реальный 0,013423 0,013423
амплуа 3,912023 3,912023
перерыва 3,624341 3,624341
площадка 3,912023 3,912023
молодой 3,218876 6,437752
тысячи 0,068993 0,137986
девушками 3,912023 7,824046
ушел 2,708050 5,416100
нежелание 3,912023 3,912023
возрасте 3,064725 3,064725
сулить 4,317488 4,317488
относишься 4,317488 4,317488
порядка 3,064725 3,064725
первое 2,612740 2,612740
предрек 0,076161 0,076161
стрессогенным 4,317488 4,317488
чередовали 4,317488 4,317488
казалось 2,708050 5,416100
аффекта 4,317488 4,317488
помогать 3,624341 3,624341
прямиком 4,317488 4,317488
отказались 2,931194 2,931194
появлялись 3,912023 3,912023
крестик 4,317488 8,634976
ремиксы 4,317488 4,317488
повезло 3,218876 3,218876
заявили 0,076161 0,076161
постоянно 2,525729 7,577186
дням 4,317488 8,634976
костюмы 4,317488 4,317488
своих 2,177422 2,177422
видеть 0,013423 0,013423
насыщенной 4,317488 4,317488
выпустили 3,064725 3,064725
признан 3,624341 3,624341
голыми 4,317488 4,317488
взаимодействовать 3,624341 3,624341
принято 3,064725 3,064725
семье 2,931194 2,931194
отпустил 4,317488 8,634976
подходил 3,912023 3,912023
клин 4,317488 4,317488
яркий 3,912023 3,912023
великолепие 4,317488 4,317488
второй 2,066196 2,066196
перемирии 0,076161 0,076161
играет 3,218876 3,218876
биографии 4,317488 4,317488
колизее 4,317488 4,317488
успел 3,064725 3,064725
поведение 3,401197 3,401197
образ 2,525729 10,102915
начну 4,317488 4,317488
новые 0,000000 0,000000
истины 4,317488 4,317488
выйти 2,813411 2,813411
рот 3,218876 3,218876
снимать 3,912023 7,824046
молоденькая 4,317488 4,317488
возникшем 4,317488 4,317488
сталкивался 4,317488 4,317488
приняли 3,912023 3,912023
добро 0,013423 0,013423
выражаете 0,047791 0,047791
любая 3,912023 3,912023
политики 2,525729 2,525729
менее 2,014903 2,014903
работают 2,612740 7,838220
крамолой 4,317488 4,317488
умение 3,064725 3,064725
пришлось 2,371578 2,371578
помощью 0,047791 0,047791
отдыхал 3,912023 3,912023
официанты 3,912023 15,648092
заметил 2,612740 2,612740
пропал 3,218876 3,218876
приходилось 3,401197 3,401197
политику 3,401197 3,401197
нести 4,317488 4,317488
мысль 3,401197 3,401197
помощь 2,177422 2,177422
добра 0,013423 0,026846
журналистом 4,317488 4,317488
должны 2,066196 2,066196
азарт 4,317488 4,317488
оглядела 4,317488 4,317488
пустил 4,317488 4,317488
просили 3,912023 7,824046
оценивайте 0,047791 0,047791
х 2,177422 2,177422
обрекающий 4,317488 4,317488
какие 1,875141 1,875141
краев 4,317488 4,317488
дивиденды 4,317488 4,317488
землю 3,064725 3,064725
тонкие 3,624341 3,624341
приходил 4,317488 4,317488
мир 0,000000 0,000000
моей 3,401197 6,802395
филолог 4,317488 4,317488
приходит 3,912023 3,912023
толком 3,912023 3,912023
этаж 4,317488 4,317488
заставили 3,624341 3,624341
погружайтесь 0,047791 0,047791
пустить 4,317488 4,317488
ставил 4,317488 4,317488
кастинге 4,317488 4,317488
бывший 0,000000 0,000000
конец 2,612740 5,225480
время 0,762140 9,145681
тебе 3,401197 10,203592
накапливайте 0,047791 0,047791
бывших 3,624341 3,624341
говоря 2,708050 2,708050
общались 4,317488 4,317488
чинно 4,317488 4,317488
ооо 0,000000 0,000000
деактивирована 0,013423 0,013423
выходить 2,931194 2,931194
торсом 4,317488 4,317488
утят 4,317488 4,317488
тремя 3,912023 3,912023
раздеть 4,317488 4,317488
начальник 2,931194 2,931194
внешности 3,401197 3,401197
агентом 4,317488 4,317488
структуры 0,000000 0,000000
заклепках 4,317488 4,317488
хочешь 0,013423 0,013423
пляжных 0,097980 0,097980
обычную 0,013423 0,013423
отец 2,177422 2,177422
диплом 4,317488 4,317488
внешность 0,097980 0,097980
могу 2,525729 2,525729
сумму 3,624341 3,624341
нерусскость 4,317488 4,317488
изменено 3,912023 3,912023
выводу 3,624341 3,624341
кастинги 4,317488 8,634976
увидеть 2,813411 2,813411
пляжным 4,317488 4,317488
коммуникации 3,912023 3,912023
хватит 3,912023 3,912023
инструкции 3,912023 3,912023
сдал 3,912023 3,912023
галереи 0,000000 0,000000
обеспечивать 3,912023 3,912023
впоследствии 3,401197 3,401197
хотя 2,445686 7,337058
девочка 3,401197 3,401197
переглянулись 4,317488 4,317488
развязывало 4,317488 4,317488
скрою 4,317488 4,317488
чувствуя 4,317488 4,317488
английски 4,317488 4,317488
мысли 3,624341 3,624341
меру 3,624341 3,624341
англ 4,317488 4,317488
божьим 4,317488 4,317488
мускулах 4,317488 4,317488
редакциярекламаконтактыпресс 0,000000 0,000000
вернувшись 3,912023 3,912023
люди 1,966113 1,966113
небритый 4,317488 4,317488
поднос 4,317488 4,317488
видео 0,000000 0,000000
спросил 3,912023 11,736069
сильно 2,445686 7,337058
надел 4,317488 4,317488
ходил 3,624341 3,624341
задавать 4,317488 4,317488
меньше 2,120264 2,120264
нынешняя 3,912023 3,912023
серьезнее 4,317488 4,317488
смогу 4,317488 4,317488
запомни 4,317488 4,317488
лишь 2,238047 2,238047
мог 2,302585 4,605170
мое 3,218876 6,437752
мои 3,624341 10,873023
танцевать 3,912023 7,824046
момент 1,714798 8,573992
летняя 2,177422 2,177422
уезжаете 4,317488 4,317488
нелепо 4,317488 4,317488
щедры 4,317488 4,317488
извлечь 4,317488 4,317488
коньяка 4,317488 4,317488
подготовила 4,317488 4,317488
любимый 2,813411 2,813411
махровая 4,317488 4,317488
немножко 3,624341 3,624341
районе 2,708050 2,708050
вынесли 3,624341 3,624341
сказку 3,912023 7,824046
хотелось 3,624341 3,624341
растанцовку 4,317488 4,317488
среда 0,000000 0,000000
уволившись 4,317488 4,317488
делать 1,966113 1,966113
увидит 4,317488 4,317488
представлялась 4,317488 4,317488
среде 3,912023 3,912023
градус 4,317488 4,317488
скидки 0,047791 0,047791
хамством 4,317488 4,317488
пришли 2,931194 2,931194
мужчинами 3,624341 3,624341
девушка 3,064725 3,064725
тату 4,317488 4,317488
профессия 3,912023 3,912023
эксклюзивы 0,000000 0,000000
выражайте 0,047791 0,047791
подготовившись 4,317488 4,317488
коем 4,317488 4,317488
девушки 2,445686 9,782744
меню 2,931194 2,931194
сказали 3,624341 3,624341
пришло 3,064725 3,064725
девушку 3,912023 11,736069
закурил 3,912023 3,912023
москву 2,120264 2,120264
конфликте 0,076161 0,076161
стереотипно 4,317488 4,317488
комплекцией 4,317488 4,317488
смерть 2,612740 2,612740
позже 1,919593 1,919593
продолжая 0,047791 0,047791
наобум 4,317488 4,317488
опыт 3,218876 3,218876
пауза 3,912023 3,912023
постажироваться 4,317488 4,317488
особенно 2,302585 4,605170
большой 2,371578 2,371578
эта 2,120264 4,240527
далее 2,708050 2,708050
ходит 3,624341 7,248682
большое 2,813411 2,813411
результаты 2,371578 2,371578
зато 2,931194 2,931194
должен 2,371578 4,743156
изначально 3,064725 3,064725
деньги 2,014903 4,029806
растанцовке 4,317488 4,317488
начальника 3,218876 3,218876
станцевать 4,317488 4,317488
приходящие 4,317488 4,317488
адреналину 4,317488 4,317488
конфиденциальностиправила 0,000000 0,000000
танец 4,317488 8,634976
которой 2,120264 4,240527
исповедь 2,931194 5,862388
политикой 0,047791 0,047791
стриптизе 4,317488 4,317488
вдоволь 4,317488 4,317488
августовским 4,317488 4,317488
отметил 1,791759 1,791759
полумиллиона 4,317488 4,317488
танцоров 4,317488 12,952464
смены 2,931194 2,931194
гримерку 4,317488 4,317488
достаточно 2,813411 2,813411
стать 1,875141 3,750282
раскладывали 4,317488 4,317488
работать 2,120264 4,240527
обеду 4,317488 4,317488
платили 4,317488 4,317488
смену 3,218876 6,437752
дам 4,317488 4,317488
разбитое 4,317488 8,634976
мышечная 4,317488 4,317488
загар 4,317488 4,317488
востоковеда 4,317488 4,317488
последовал 3,912023 3,912023
расставание 4,317488 4,317488
это 0,020203 0,727297
поддерживать 3,218876 3,218876
казались 3,912023 3,912023
вкус 3,912023 3,912023
ждали 3,218876 3,218876
разговоре 2,708050 2,708050
смена 3,624341 3,624341
две 0,033902 0,101705
прямое 4,317488 4,317488
вряд 2,612740 2,612740
раздеваетесь 4,317488 4,317488
половину 3,624341 3,624341
ягодицам 4,317488 4,317488
гримерке 3,912023 3,912023
народа 3,912023 3,912023
подвигаться 4,317488 4,317488
продвигать 4,317488 4,317488
убежден 3,218876 3,218876
вступительные 4,317488 4,317488
салфетки 4,317488 4,317488
пунктами 4,317488 4,317488
новости 0,000000 0,000000
разговора 1,609438 1,609438
войти 0,000000 0,000000
вертелся 4,317488 4,317488
достиг 3,912023 3,912023
поддался 4,317488 4,317488
рассказываешь 3,912023 3,912023
вышла 2,371578 2,371578
отключены 1,576648 1,576648
медитации 0,076161 0,076161
психологическая 4,317488 4,317488
отличие 3,912023 3,912023
недели 2,525729 2,525729
шестом 4,317488 4,317488
любовь 2,813411 2,813411
возраст 3,912023 7,824046
мартини 4,317488 4,317488
диван 3,912023 3,912023
вышли 4,317488 4,317488
неделе 3,064725 3,064725
особо 3,624341 10,873023
следовал 4,317488 4,317488
пачку 4,317488 4,317488
спускается 4,317488 4,317488
носили 3,912023 3,912023
ответил 3,064725 9,194175
считать 2,445686 2,445686
общение 3,624341 3,624341
смеялись 4,317488 4,317488
уход 0,076161 0,076161
стремишься 4,317488 4,317488
белой 4,317488 4,317488
периодически 3,218876 3,218876
подспорье 4,317488 4,317488
записали 3,912023 3,912023
вернулся 2,371578 4,743156
обсуждали 3,064725 3,064725
увидел 3,064725 3,064725
безумное 4,317488 4,317488
шутит 4,317488 4,317488
следующему 4,317488 4,317488
приватные 4,317488 4,317488
программе 3,624341 3,624341
ними 2,525729 5,051457
голым 3,624341 7,248682
ждать 2,813411 5,626821
спецпроекты 0,000000 0,000000
уверен 2,612740 2,612740
начал 2,445686 7,337058
первым 2,238047 6,714140
пикантный 4,317488 4,317488
девушек 3,218876 3,218876
первые 2,371578 2,371578
ночь 2,708050 5,416100
первый 1,832581 1,832581
неудачно 3,912023 3,912023
игры 0,000000 0,000000
поехал 3,912023 3,912023
прельщали 4,317488 4,317488
техника 0,000000 0,000000
заказали 3,912023 3,912023
программы 3,218876 3,218876
игру 4,317488 4,317488
трампа 0,054808 0,054808
минут 2,445686 2,445686
практически 2,525729 2,525729
стопках 4,317488 4,317488
вопрос 1,832581 1,832581
просек 4,317488 4,317488
луной 4,317488 4,317488
танцовщицей 4,317488 4,317488
усидеть 3,912023 3,912023
экзамены 3,912023 3,912023
самых 1,609438 1,609438
ночи 3,912023 3,912023
поскольку 2,238047 2,238047
христиане 3,912023 3,912023
отвел 0,076161 0,076161
компанию 3,401197 3,401197
происходит 2,014903 2,014903
пришел 2,813411 14,067054
высшей 3,912023 3,912023
драматическая 4,317488 4,317488
марта 0,040822 0,040822
имя 2,708050 2,708050
хуже 3,218876 3,218876
телом 4,317488 8,634976
ответ 2,177422 6,532266
старший 3,401197 3,401197
нравятся 4,317488 4,317488
групповому 4,317488 4,317488
тестостерона 4,317488 4,317488
невнятные 4,317488 4,317488
избежав 3,624341 3,624341
зазой 4,317488 4,317488
удивлению 3,912023 3,912023
реакций 0,047791 0,047791
показала 2,612740 2,612740
привык 4,317488 4,317488
реакции 0,047791 0,047791
зайти 3,218876 3,218876
компании 2,014903 6,044709
откровенно 3,624341 3,624341
одуванчиком 4,317488 4,317488
проявила 4,317488 4,317488
вечером 3,064725 3,064725
присматривать 4,317488 4,317488
недель 3,912023 3,912023
нечетным 4,317488 4,317488
твоя 3,624341 3,624341
самые 1,832581 1,832581
успешно 2,813411 2,813411
ведешь 4,317488 4,317488
зеленского 0,068993 0,068993
вывести 4,317488 4,317488
большей 2,813411 2,813411
добавил 2,445686 2,445686
покуролесил 4,317488 4,317488
аж 4,317488 8,634976
лента 0,000000 0,000000
улыбались 4,317488 4,317488
длится 3,401197 3,401197
расположение 4,317488 4,317488
стеснительными 4,317488 4,317488
приятно 3,218876 3,218876
сжалился 4,317488 4,317488
роль 1,966113 1,966113
раскрепостил 4,317488 4,317488
моему 3,912023 7,824046
черно 4,317488 4,317488
дежурном 4,317488 4,317488
половых 4,317488 4,317488
посмотрел 3,624341 3,624341
месяц 2,525729 2,525729
буквально 3,218876 3,218876
броские 4,317488 4,317488
подстриженными 4,317488 4,317488
коктейль 4,317488 4,317488
сердце 3,624341 7,248682
жми 0,013423 0,013423
позвал 3,912023 3,912023
вышибают 4,317488 4,317488
сигареты 3,912023 3,912023
подумал 4,317488 17,269952
разделся 4,317488 4,317488
приехал 2,612740 5,225480
молча 3,912023 3,912023
моргенштерна 4,317488 4,317488
тяжелое 3,401197 3,401197
растительности 4,317488 4,317488
возможности 2,238047 2,238047
страницы 3,624341 3,624341
женский 3,218876 3,218876
ленту 0,013423 0,013423
затопленного 0,076161 0,076161
ленты 1,678431 6,713723
сама 2,813411 2,813411
понимали 3,912023 3,912023
сердечную 4,317488 4,317488
женщин 2,302585 13,815511
дать 3,624341 3,624341
сказал 2,525729 7,577186
общак 4,317488 4,317488
некоторое 3,218876 3,218876
россии 0,425668 0,425668
застеснялась 4,317488 4,317488
применения 0,000000 0,000000
действовать 3,912023 3,912023
привело 3,218876 3,218876
сделал 2,120264 2,120264
ценности 0,000000 0,000000
стриптиз 4,317488 116,572179
учебой 4,317488 4,317488
штанов 3,912023 3,912023
стриптизерские 4,317488 4,317488
третий 2,931194 2,931194
обязан 3,912023 3,912023
будни 3,912023 3,912023
мастурбации 4,317488 4,317488
рублей 1,514128 6,056511
опасно 2,813411 2,813411
парень 3,624341 25,370387
материалам 0,047791 0,047791
вернуться 0,013423 0,026846
ваши 0,047791 0,047791
привела 2,525729 2,525729
процентов 1,875141 1,875141
подошел 3,401197 3,401197
наивно 4,317488 4,317488
существует 2,813411 2,813411
восстановить 3,624341 3,624341
преподаю 4,317488 4,317488
поджечь 4,317488 4,317488
зарплаты 3,218876 3,218876
конце 2,525729 7,577186
значительной 3,912023 3,912023
просто 1,678431 3,356862
врасплох 3,912023 3,912023
анаболические 4,317488 4,317488
психоактивными 4,317488 4,317488
россия 0,000000 0,000000
личной 3,064725 3,064725
простой 3,624341 3,624341
делились 4,317488 4,317488
лечить 3,912023 3,912023
корпоративов 4,317488 4,317488
рассказали 1,919593 1,919593
порно 3,218876 3,218876
нижнего 3,401197 3,401197
вопросы 2,120264 2,120264
коллегой 2,525729 2,525729
свой 2,177422 4,354844
свои 0,027029 0,027029
объяснили 3,064725 9,194175
стрип 3,912023 7,824046
проводите 4,317488 4,317488
свое 2,525729 2,525729
рассказала 1,919593 1,919593
военкомате 4,317488 4,317488
розовые 4,317488 4,317488
компаньоны 4,317488 4,317488
столкнулся 3,064725 3,064725
маленькая 3,912023 3,912023
уволит 0,076161 0,076161
большая 3,401197 10,203592
американский 0,061875 0,061875
любопытство 4,317488 4,317488
предстал 3,912023 3,912023
комбинезон 3,912023 3,912023
авантюру 4,317488 4,317488
палка 4,317488 4,317488
новгорода 3,624341 3,624341
компенсируют 4,317488 4,317488
трех 1,919593 1,919593
услугу 3,912023 3,912023
стероидах 4,317488 4,317488
сюда 3,401197 6,802395
началось 3,218876 3,218876
полноватый 4,317488 4,317488
влияют 3,218876 3,218876
двух 1,678431 3,356862
смотря 4,317488 4,317488
благородно 4,317488 4,317488
тяжело 2,931194 2,931194
объективизация 4,317488 4,317488
давать 3,064725 3,064725
коллегу 3,912023 3,912023
взяли 3,218876 3,218876
зеленским 0,076161 0,076161
естественной 4,317488 4,317488
словами 2,708050 2,708050
двум 0,076161 0,076161
вызвала 0,097980 0,097980
объяснять 3,912023 3,912023
хореографы 4,317488 4,317488
сел 3,624341 3,624341
вид 2,813411 5,626821
умел 3,912023 3,912023
гештальт 4,317488 4,317488
сигарет 3,912023 3,912023
атрибутам 4,317488 4,317488
благословив 4,317488 4,317488
умер 2,708050 2,708050
религии 4,317488 4,317488
стесняться 4,317488 4,317488
объявили 3,401197 3,401197
двигаться 3,401197 3,401197
импровизированных 4,317488 4,317488
мыле 4,317488 4,317488
анекдоты 3,912023 3,912023
переживал 4,317488 4,317488
прогресс 0,097980 0,097980
другу 3,401197 3,401197
дни 2,931194 2,931194
форма 4,317488 4,317488
помотал 4,317488 4,317488
позиции 2,302585 2,302585
форме 0,061875 0,061875
испорченное 4,317488 4,317488
временем 3,218876 3,218876
женское 3,624341 7,248682
маски 3,624341 3,624341
отправил 3,912023 3,912023
магистратуру 4,317488 4,317488
расслабленном 4,317488 4,317488
силовые 0,000000 0,000000
дверь 3,064725 6,129450
хорошую 3,912023 7,824046
коллега 3,624341 14,497364
импровизировать 4,317488 4,317488
костюм 3,912023 11,736069
дамы 3,912023 7,824046
магистратуры 4,317488 4,317488
тысяч 1,427116 4,281349
дня 0,061875 0,061875
любой 2,813411 2,813411
очевидное 4,317488 4,317488
смеялся 4,317488 4,317488
здорово 4,317488 8,634976
любил 3,624341 3,624341
приходят 3,624341 3,624341
ходить 2,931194 2,931194
грязно 4,317488 4,317488
морально 4,317488 4,317488
обстановка 3,624341 3,624341
подумывал 4,317488 4,317488
любопытными 4,317488 4,317488
просидели 4,317488 4,317488
очками 4,317488 4,317488
сотрудников 0,076161 0,076161
побываю 4,317488 4,317488
формы 3,624341 3,624341
сервиз 4,317488 4,317488
одетый 4,317488 4,317488
эвфемизм 4,317488 4,317488
комментарии 1,484275 1,484275
заказ 3,624341 3,624341
домой 2,612740 5,225480
форму 3,624341 3,624341
начались 0,068993 0,137986
нам 2,525729 12,628643
фантастическое 4,317488 4,317488
эпизод 3,624341 3,624341
предложение 2,302585 2,302585
рекомендательных 0,000000 0,000000
около 1,678431 3,356862
танцы 3,401197 3,401197
приболел 4,317488 4,317488
сорвать 2,931194 2,931194
тело 3,218876 6,437752
сидит 4,317488 4,317488
мужичье 4,317488 4,317488
попытался 2,931194 2,931194
вроде 3,064725 3,064725
заиграл 4,317488 4,317488
приличия 4,317488 4,317488
стриптизерская 4,317488 4,317488
теле 3,401197 3,401197
моего 3,912023 11,736069
устроился 3,624341 3,624341
впали 4,317488 4,317488
стене 3,912023 3,912023
классику 4,317488 4,317488
неплохое 4,317488 4,317488
забота 0,000000 0,000000
казалась 4,317488 4,317488
пихай 4,317488 4,317488
ко 3,064725 3,064725
пожаловать 0,013423 0,013423
щеки 4,317488 4,317488
волновался 3,912023 3,912023
которые 1,181994 3,545982
обобщать 4,317488 4,317488
дотанцевал 4,317488 4,317488
клубе 3,624341 57,989455
закрыт 3,912023 3,912023
который 1,272966 3,818897
клуба 2,931194 46,899100
танца 3,912023 3,912023
рекламировать 4,317488 4,317488
клубы 4,317488 4,317488
выкрученными 4,317488 4,317488
например 1,791759 3,583519
следующий 3,064725 6,129450
тренажерный 4,317488 4,317488
понял 3,064725 12,258901
которых 1,678431 1,678431
запутались 4,317488 4,317488
предшествовал 4,317488 4,317488
победа 0,000000 0,000000
коллег 3,064725 9,194175
привести 2,708050 2,708050
спали 4,317488 4,317488
комнату 3,912023 7,824046
испорченности 4,317488 4,317488
выбрать 3,218876 3,218876
поздравил 3,064725 3,064725
хватало 3,624341 3,624341
рассказать 3,624341 3,624341
случае 1,875141 1,875141
футболки 4,317488 4,317488
махом 4,317488 4,317488
опечатку 0,000000 0,000000
сми 0,000000 0,000000
клиенткам 4,317488 4,317488
звери 3,912023 3,912023
ударился 3,912023 3,912023
эрекция 2,931194 8,793581
эвфемизме 4,317488 4,317488
развернуться 4,317488 4,317488
понять 2,525729 2,525729
мобильность 4,317488 4,317488
самадхи 4,317488 4,317488
выучил 4,317488 4,317488
обеденного 4,317488 4,317488
диско 4,317488 4,317488
нездоровый 4,317488 4,317488
неоднозначной 4,317488 4,317488
комнаты 3,624341 3,624341
создание 2,813411 2,813411
сверху 3,912023 3,912023
милость 4,317488 4,317488
несколько 1,347074 2,694147
понятное 4,317488 4,317488
собой 2,014903 4,029806
место 0,054808 0,054808
примерно 2,813411 2,813411
папки 3,912023 3,912023
настал 4,317488 4,317488
мс 0,097980 0,097980
спустился 4,317488 4,317488
официант 4,317488 12,952464
начали 1,427116 1,427116
логичным 3,912023 3,912023
тренировался 4,317488 4,317488
пытаясь 2,931194 2,931194
хореограф 4,317488 21,587441
скучнее 4,317488 4,317488
давали 2,813411 2,813411
отвергла 4,317488 4,317488
показывал 4,317488 4,317488
ранхигс 4,317488 4,317488
черной 3,912023 3,912023
прошел 2,371578 2,371578
маленьких 3,912023 3,912023
выбор 3,064725 3,064725
суровым 4,317488 4,317488
каждый 2,066196 2,066196
смогли 2,525729 2,525729
трудовые 4,317488 4,317488
маленький 3,912023 3,912023
управляющий 3,624341 7,248682
таджикистана 4,317488 4,317488
ромкомами 4,317488 4,317488
нервничает 4,317488 4,317488
боль 3,912023 3,912023
получают 2,931194 5,862388
внешний 3,064725 3,064725
минюстом 3,624341 3,624341
прикрываетесь 4,317488 4,317488
проработав 3,912023 7,824046
способами 3,912023 3,912023
спишь 4,317488 8,634976
политеса 4,317488 4,317488
выступившие 4,317488 4,317488
количество 1,966113 3,932226
нами 3,218876 3,218876
проработал 3,912023 3,912023
висел 4,317488 4,317488
мужчины 2,525729 2,525729
месте 2,371578 7,114734
занятия 3,624341 3,624341
приготовился 4,317488 4,317488
любопытно 3,912023 3,912023
мужчина 2,371578 4,743156
категории 3,624341 3,624341
году 1,373049 1,373049
правды 0,068993 0,068993
купюр 4,317488 4,317488
получал 3,912023 3,912023
средненьких 4,317488 4,317488
одежды 2,931194 2,931194
пребывал 4,317488 4,317488
понимать 4,317488 4,317488
сотни 2,066196 2,066196
попробовать 3,624341 3,624341
внимание 2,302585 4,605170
видно 2,708050 2,708050
оказалась 2,302585 4,605170
городе 0,061875 0,123751
значительно 3,401197 3,401197
возможность 2,066196 2,066196
шикарно 4,317488 4,317488
оказания 4,317488 4,317488
аудиторией 4,317488 4,317488
марихуаны 4,317488 4,317488
года 0,899761 1,799523
взгляд 3,624341 3,624341
бритыми 4,317488 4,317488
непредвиденным 4,317488 4,317488
депиляции 4,317488 4,317488
вульгарные 4,317488 4,317488
скоро 3,064725 3,064725
бордель 3,912023 3,912023
коридорах 4,317488 4,317488
одежда 3,624341 3,624341
ногах 3,624341 3,624341
юриста 3,912023 3,912023
очень 1,347074 10,776589
влад 3,912023 3,912023
выяснилось 2,371578 2,371578
наука 0,000000 0,000000
касается 3,218876 3,218876
одежде 3,624341 3,624341
какое 2,612740 5,225480
никак 2,931194 5,862388
термин 4,317488 4,317488
придумав 4,317488 4,317488
вечера 3,912023 7,824046
участия 3,912023 3,912023
