зеленского 0,068993 0,068993
перемирии 0,076161 0,076161
ру 0,000000 0,000000
производителей 3,401197 3,401197
банк 0,076161 0,076161
лента 0,000000 0,000000
другими 2,931194 2,931194
новые 0,000000 0,000000
равными 5,010635 5,010635
ответила 3,064725 3,064725
спорт 0,000000 0,000000
защититься 2,931194 8,793581
составлен 5,010635 5,010635
последствием 5,010635 5,010635
мотоциклы 5,010635 5,010635
указал 2,525729 2,525729
сферанедвижимостьгородская 1,966113 1,966113
споры 0,097980 0,097980
согласие 0,047791 0,047791
добро 0,013423 0,013423
военной 0,061875 0,061875
выражаете 0,047791 0,047791
четыре 0,040822 0,040822
главе 3,218876 3,218876
жми 0,013423 0,013423
виски 4,317488 4,317488
правила 2,813411 2,813411
помощью 0,047791 0,047791
добра 0,013423 0,026846
снижения 3,401197 3,401197
ленту 0,013423 0,013423
затопленного 0,076161 0,076161
фото 0,061875 0,123751
стали 1,514128 6,056511
водой 0,061875 0,061875
силу 3,401197 3,401197
применения 0,000000 0,000000
крылышки 5,010635 5,010635
технологиймини 0,000000 0,000000
оценивайте 0,047791 0,047791
обитания 0,000000 0,000000
ценности 0,000000 0,000000
торговыми 5,010635 5,010635
стремление 3,218876 3,218876
пошлинами 5,010635 5,010635
назвал 1,347074 1,347074
материалам 0,047791 0,047791
конфиденциальности 0,047791 0,047791
вернуться 0,013423 0,013423
мир 0,000000 0,000000
ваши 0,047791 0,047791
весь 1,966113 1,966113
российским 0,076161 0,076161
процентов 1,875141 5,625423
нажмите 0,000000 0,000000
зеркальными 5,010635 5,010635
глобальном 5,010635 5,010635
сохранения 5,010635 5,010635
получайте 0,047791 0,047791
алюминия 5,010635 5,010635
рушится 5,010635 5,010635
погружайтесь 0,047791 0,047791
единственным 3,912023 3,912023
бывший 0,000000 0,000000
снизит 4,317488 4,317488
госэкономика 3,624341 3,624341
проблемы 0,076161 0,076161
всегосэкономикабизнесрынкикапиталсоциальная 1,966113 1,966113
китая 3,401197 3,401197
накапливайте 0,047791 0,047791
интернет 0,000000 0,000000
россия 0,000000 0,000000
ооо 0,000000 0,000000
обратился 0,076161 0,076161
нацбезопасности 4,317488 4,317488
деактивирована 0,013423 0,013423
путешествия 0,000000 0,000000
данным 2,014903 2,014903
свои 0,027029 0,027029
учетом 4,317488 4,317488
также 0,762140 0,762140
новых 2,014903 2,014903
структуры 0,000000 0,000000
американского 2,177422 2,177422
гид 0,076161 0,076161
индии 0,076161 0,152323
пошлины 5,010635 5,010635
хочешь 0,013423 0,013423
пляжных 0,097980 0,097980
нашли 0,000000 0,000000
уволит 0,076161 0,076161
американских 2,371578 2,371578
дмитрий 2,371578 2,371578
дома 0,061875 0,061875
американский 0,061875 0,061875
обычную 0,013423 0,013423
пола 0,097980 0,097980
таможенными 5,010635 5,010635
воронин 4,317488 4,317488
внешность 0,097980 0,097980
украинском 0,076161 0,076161
света 0,054808 0,054808
изменений 3,624341 3,624341
европа 2,525729 2,525729
прокомментировал 3,064725 3,064725
галереи 0,000000 0,000000
белоусов 0,076161 0,076161
эмоции 0,047791 0,047791
последствий 3,218876 6,437752
зеленским 0,076161 0,076161
дополнить 5,010635 5,010635
числе 1,714798 1,714798
ес 2,708050 16,248301
условиями 0,040822 0,081644
двум 0,076161 0,076161
тарифы 5,010635 5,010635
пригрозив 5,010635 5,010635
вызвала 0,097980 0,097980
поставляемый 5,010635 5,010635
еврокомиссия 5,010635 5,010635
сети 0,090654 0,090654
военнослужащим 0,076161 0,076161
товаров 3,624341 3,624341
дональд 2,238047 2,238047
могут 1,455287 1,455287
меры 3,064725 3,064725
читайте 0,040822 0,040822
крепкий 3,624341 3,624341
байконур 0,097980 0,097980
взимаемым 5,010635 5,010635
редакциярекламаконтактыпресс 0,000000 0,000000
материалы 0,000000 0,000000
видео 0,000000 0,000000
депутат 0,076161 0,076161
прогресс 0,097980 0,097980
машины 2,612740 2,612740
соблюдает 5,010635 5,010635
стефан 5,010635 5,010635
еврокомиссии 5,010635 5,010635
статьи 0,000000 0,000000
сежурне 5,010635 5,010635
размере 3,624341 3,624341
форме 0,061875 0,061875
последние 0,090654 0,090654
предрекли 0,076161 0,076161
женское 3,624341 3,624341
культура 0,000000 0,000000
обсудить 0,456758 0,456758
силовые 0,000000 0,000000
архив 0,000000 0,000000
введенных 3,064725 3,064725
дня 0,061875 0,061875
евросоюз 4,317488 4,317488
сократит 4,317488 4,317488
сша 0,040822 0,163288
канады 3,912023 3,912023
сухоруков 4,317488 4,317488
прикрываются 5,010635 5,010635
промышленность 4,317488 4,317488
среда 0,000000 0,000000
раскрытии 0,076161 0,076161
куриные 4,317488 4,317488
скидки 0,047791 0,047791
сотрудников 0,076161 0,076161
эксклюзивы 0,000000 0,000000
российском 0,076161 0,076161
выражайте 0,047791 0,047791
чиновник 3,624341 3,624341
континентом 5,010635 5,010635
начались 0,068993 0,068993
продавать 3,064725 3,064725
рекомендательных 0,000000 0,000000
конфликте 0,076161 0,076161
климат 1,919593 1,919593
продолжая 0,047791 0,047791
нижнее 5,010635 5,010635
работает 0,040822 0,040822
увлекательные 0,047791 0,047791
риа 1,272966 1,272966
средаклимат 1,966113 1,966113
алкоголь 3,401197 6,802395
переговоры 0,054808 0,054808
конфиденциальностиправила 0,000000 0,000000
бонусы 0,047791 0,095581
которой 2,120264 2,120264
коснуться 5,010635 5,010635
пошлин 3,624341 10,873023
политикой 0,047791 0,047791
маккартни 0,097980 0,097980
жильцы 0,076161 0,076161
жизни 0,000000 0,000000
забота 0,000000 0,000000
сбер 0,040822 0,040822
пожаловать 0,013423 0,013423
использованияполитика 0,000000 0,000000
квоты 5,010635 10,021271
стать 1,875141 1,875141
белье 3,912023 3,912023
трамп 1,484275 2,968550
процентные 5,010635 5,010635
крупный 0,068993 0,068993
импорте 5,010635 5,010635
регионам 0,076161 0,076161
сообщает 2,120264 2,120264
крупным 0,076161 0,076161
это 0,020203 0,020203
туристку 0,076161 0,076161
привлекательности 5,010635 5,010635
победа 0,000000 0,000000
странами 3,624341 3,624341
замглавы 3,912023 3,912023
остались 0,061875 0,061875
две 0,033902 0,033902
случае 1,875141 1,875141
мерами 5,010635 5,010635
мотор 0,000000 0,000000
обменивайте 0,047791 0,047791
опечатку 0,000000 0,000000
сми 0,000000 0,000000
продукции 4,317488 4,317488
страницах 5,010635 5,010635
рады 0,068993 0,068993
новости 0,000000 0,000000
войти 0,000000 0,000000
европейские 3,064725 3,064725
место 0,054808 0,054808
акции 0,047791 0,047791
хорошие 0,013423 0,013423
мс 0,097980 0,097980
решение 2,302585 2,302585
медитации 0,076161 0,076161
пытаясь 2,931194 2,931194
злобными 5,010635 5,010635
мира 1,576648 1,576648
экономика 0,000000 0,000000
уход 0,076161 0,076161
снегоуборочные 5,010635 5,010635
влияния 2,302585 2,302585
намерен 3,624341 3,624341
апреля 2,612740 7,838220
прибыл 0,083382 0,083382
тариф 4,317488 4,317488
спецпроекты 0,000000 0,000000
рынка 2,612740 2,612740
уровне 2,371578 2,371578
вопросами 4,317488 4,317488
реальный 0,013423 0,013423
список 2,708050 2,708050
игры 0,000000 0,000000
импорт 4,317488 12,952464
техника 0,000000 0,000000
ссср 0,000000 0,000000
правды 0,068993 0,068993
трампа 0,054808 0,164425
тысячи 0,068993 0,068993
никто 2,302585 2,302585
отвел 0,076161 0,076161
предрек 0,076161 0,076161
алексей 1,919593 1,919593
вступили 4,317488 4,317488
марта 0,040822 0,081644
городе 0,061875 0,061875
главное 0,000000 0,000000
реакций 0,047791 0,047791
летнего 0,097980 0,097980
заявили 0,076161 0,076161
реакции 0,047791 0,047791
мини 0,000000 0,000000
ввести 3,912023 3,912023
экологияделовой 1,966113 1,966113
видеть 0,013423 0,013423
включает 3,401197 3,401197
изнасиловал 0,076161 0,076161
выяснилось 2,371578 2,371578
способ 2,371578 4,743156
наука 0,000000 0,000000
вто 5,010635 5,010635
