зеленского 0,068993 0,068993
перемирии 0,076161 0,076161
ру 0,000000 0,000000
банк 0,076161 0,076161
лента 0,000000 0,000000
радиотехнической 3,624341 10,873023
новые 0,000000 0,000000
спорт 0,000000 0,000000
радиостанцию 4,317488 4,317488
департамента 3,218876 3,218876
споры 0,097980 0,097980
согласие 0,047791 0,047791
добро 0,013423 0,013423
военной 0,061875 0,123751
выражаете 0,047791 0,047791
четыре 0,040822 0,040822
сотрудники 2,066196 2,066196
жми 0,013423 0,013423
помощью 0,047791 0,047791
продать 3,912023 3,912023
добра 0,013423 0,026846
ленту 0,013423 0,013423
затопленного 0,076161 0,076161
фото 0,061875 0,123751
учреждениях 5,010635 5,010635
водой 0,061875 0,061875
санкт 3,218876 3,218876
россии 0,425668 0,851336
применения 0,000000 0,000000
суд 1,966113 1,966113
технологиймини 0,000000 0,000000
задержали 2,302585 2,302585
коммерсантъ 2,708050 5,416100
оценивайте 0,047791 0,047791
обитания 0,000000 0,000000
ценности 0,000000 0,000000
спецслужбыпреступная 2,525729 2,525729
задержала 3,401197 10,203592
кораблях 4,317488 4,317488
гарнизонный 5,010635 5,010635
материалам 0,047791 0,047791
конфиденциальности 0,047791 0,047791
вернуться 0,013423 0,013423
мир 0,000000 0,000000
связи 2,120264 4,240527
ваши 0,047791 0,047791
российским 0,076161 0,076161
нажмите 0,000000 0,000000
судкриминалполиция 2,525729 2,525729
получайте 0,047791 0,047791
погружайтесь 0,047791 0,047791
радиотехнического 5,010635 5,010635
бывший 0,000000 0,000000
проблемы 0,076161 0,076161
флотов 4,317488 4,317488
накапливайте 0,047791 0,047791
интернет 0,000000 0,000000
россия 0,000000 0,000000
ооо 0,000000 0,000000
обратился 0,076161 0,076161
россиянину 3,912023 3,912023
деактивирована 0,013423 0,013423
путешествия 0,000000 0,000000
отдела 0,579818 0,579818
данным 2,014903 2,014903
свои 0,027029 0,027029
ранее 1,003302 1,003302
капитана 5,010635 10,021271
контрразведки 4,317488 4,317488
также 0,762140 0,762140
структуры 0,000000 0,000000
индии 0,076161 0,076161
гид 0,076161 0,076161
хочешь 0,013423 0,013423
нашли 0,000000 0,000000
пляжных 0,097980 0,097980
уволит 0,076161 0,076161
дома 0,061875 0,061875
возглавлял 3,912023 3,912023
американский 0,061875 0,061875
обычную 0,013423 0,013423
пола 0,097980 0,097980
внешность 0,097980 0,097980
украинском 0,076161 0,076161
света 0,054808 0,054808
галереи 0,000000 0,000000
первого 2,612740 5,225480
белоусов 0,076161 0,076161
эмоции 0,047791 0,047791
зеленским 0,076161 0,076161
специалисты 3,064725 3,064725
условиями 0,040822 0,081644
двум 0,076161 0,076161
военную 2,813411 2,813411
вызвала 0,097980 0,097980
ранга 5,010635 10,021271
сети 0,090654 0,090654
военнослужащим 0,076161 0,076161
арестовал 4,317488 4,317488
читайте 0,040822 0,040822
полиция 2,931194 2,931194
байконур 0,097980 0,097980
редакциярекламаконтактыпресс 0,000000 0,000000
материалы 0,000000 0,000000
видео 0,000000 0,000000
контрабанду 4,317488 4,317488
лопатиева 5,010635 10,021271
депутат 0,076161 0,076161
прогресс 0,097980 0,097980
статьи 0,000000 0,000000
систем 4,317488 4,317488
форме 0,061875 0,061875
последние 0,090654 0,090654
предрекли 0,076161 0,076161
культура 0,000000 0,000000
обсудить 0,456758 0,456758
силовые 0,000000 0,000000
архив 0,000000 0,000000
аппаратуры 5,010635 5,010635
дня 0,061875 0,061875
сша 0,040822 0,040822
сообщалось 2,931194 2,931194
среда 0,000000 0,000000
базах 5,010635 5,010635
раскрытии 0,076161 0,076161
обслуживанием 5,010635 5,010635
редактор 0,567984 0,567984
скидки 0,047791 0,047791
сотрудников 0,076161 0,076161
флота 3,912023 3,912023
службы 2,525729 10,102915
эксклюзивы 0,000000 0,000000
российском 0,076161 0,076161
выражайте 0,047791 0,047791
колонии 3,064725 3,064725
начались 0,068993 0,068993
границу 3,218876 3,218876
установкой 5,010635 5,010635
дали 2,525729 2,525729
рекомендательных 0,000000 0,000000
конфликте 0,076161 0,076161
продолжая 0,047791 0,047791
работает 0,040822 0,040822
увлекательные 0,047791 0,047791
вмф 3,064725 9,194175
попытался 2,931194 2,931194
начальника 3,218876 9,656627
переговоры 0,054808 0,054808
службу 3,218876 3,218876
конфиденциальностиправила 0,000000 0,000000
всеследствие 2,525729 2,525729
бонусы 0,047791 0,095581
политикой 0,047791 0,047791
маккартни 0,097980 0,097980
жильцы 0,076161 0,076161
жизни 0,000000 0,000000
забота 0,000000 0,000000
сбер 0,040822 0,040822
фсб 2,931194 11,724775
пожаловать 0,013423 0,013423
использованияполитика 0,000000 0,000000
крупный 0,068993 0,068993
обеспечивают 5,010635 5,010635
регионам 0,076161 0,076161
сообщает 2,120264 2,120264
крупным 0,076161 0,076161
это 0,020203 0,020203
туристку 0,076161 0,076161
радиотехнических 5,010635 5,010635
габай 5,010635 5,010635
коррупционное 3,624341 14,497364
месяца 2,813411 2,813411
победа 0,000000 0,000000
остались 0,061875 0,061875
две 0,033902 0,033902
мотор 0,000000 0,000000
обменивайте 0,047791 0,047791
опечатку 0,000000 0,000000
сми 0,000000 0,000000
рады 0,068993 0,068993
иван 3,064725 3,064725
новости 0,000000 0,000000
войти 0,000000 0,000000
место 0,054808 0,054808
акции 0,047791 0,047791
хорошие 0,013423 0,013423
мс 0,097980 0,097980
медитации 0,076161 0,076161
преступление 3,218876 12,875503
военный 2,525729 2,525729
эксплуатацией 4,317488 4,317488
экономика 0,000000 0,000000
анна 3,912023 3,912023
уход 0,076161 0,076161
которая 1,875141 1,875141
прибыл 0,083382 0,083382
области 1,399717 1,399717
защиту 3,912023 3,912023
спецпроекты 0,000000 0,000000
московской 3,401197 3,401197
олега 5,010635 5,010635
подозреваемого 3,912023 3,912023
реальный 0,013423 0,013423
игры 0,000000 0,000000
занимается 3,218876 3,218876
издания 3,401197 3,401197
техника 0,000000 0,000000
ссср 0,000000 0,000000
правды 0,068993 0,068993
трампа 0,054808 0,054808
водопьянов 5,010635 5,010635
тысячи 0,068993 0,068993
петербургский 5,010635 5,010635
отвел 0,076161 0,076161
предрек 0,076161 0,076161
марта 0,040822 0,040822
городе 0,061875 0,061875
главное 0,000000 0,000000
года 0,899761 0,899761
реакций 0,047791 0,047791
летнего 0,097980 0,097980
заявили 0,076161 0,076161
реакции 0,047791 0,047791
лопатиев 5,010635 5,010635
мини 0,000000 0,000000
спецслужбы 2,525729 2,525729
видеть 0,013423 0,013423
изнасиловал 0,076161 0,076161
оборудования 5,010635 5,010635
наука 0,000000 0,000000
