особенностях 4,317488 4,317488
подсказывают 4,317488 4,317488
ру 0,000000 0,000000
выдачей 4,317488 4,317488
банк 0,076161 0,076161
факты 3,624341 3,624341
день 1,544899 1,544899
найти 2,525729 5,051457
быстрой 3,912023 3,912023
стал 1,203973 1,203973
преференции 4,317488 4,317488
партнеров 3,401197 3,401197
сферанедвижимостьгородская 1,966113 1,966113
согласие 0,047791 0,047791
делиться 4,317488 4,317488
курьерской 4,317488 4,317488
давайте 3,912023 3,912023
сотрудники 2,066196 8,264785
таким 2,014903 2,014903
людей 1,455287 2,910574
заданий 4,317488 4,317488
множество 3,401197 3,401197
встретить 3,624341 3,624341
человек 1,249435 2,498870
курьеров 4,317488 4,317488
те 1,919593 7,678371
реклама 3,064725 3,064725
сортировочных 4,317488 4,317488
фото 0,061875 0,371252
помещений 3,401197 3,401197
полгода 2,612740 2,612740
связь 2,813411 5,626821
ноги 3,401197 3,401197
водой 0,061875 0,061875
технологиймини 0,000000 0,000000
работникам 4,317488 4,317488
представлены 3,912023 3,912023
график 3,624341 14,497364
возникновения 4,317488 4,317488
мастерство 4,317488 4,317488
участков 4,317488 4,317488
знакомые 3,401197 3,401197
собрать 3,912023 3,912023
пор 2,238047 2,238047
конфиденциальности 0,047791 0,047791
весь 1,966113 3,932226
пунктов 2,813411 2,813411
пройти 2,931194 2,931194
продолжает 3,401197 3,401197
нажмите 0,000000 0,000000
своей 2,066196 6,198589
получайте 0,047791 0,047791
своем 1,919593 1,919593
возвратный 4,317488 8,634976
отмечает 2,612740 5,225480
быстро 2,813411 5,626821
секреты 3,064725 6,129450
проблемы 0,076161 0,076161
всегосэкономикабизнесрынкикапиталсоциальная 1,966113 1,966113
посмотреть 3,401197 3,401197
социальный 3,401197 3,401197
запредельный 4,317488 4,317488
представлено 4,317488 4,317488
путешествия 0,000000 0,000000
ситуация 2,931194 2,931194
викторины 4,317488 4,317488
максимально 3,218876 3,218876
также 0,762140 3,810700
поставщика 4,317488 4,317488
туда 2,813411 2,813411
резюмирует 4,317488 4,317488
опытные 3,624341 3,624341
индии 0,076161 0,076161
каневская 3,912023 3,912023
нашли 0,000000 0,000000
точками 3,912023 3,912023
каждую 3,624341 3,624341
сильные 2,708050 2,708050
руслан 3,912023 15,648092
снова 2,813411 2,813411
сначала 2,445686 4,891372
кадровый 4,317488 4,317488
подработку 4,317488 4,317488
украинском 0,076161 0,076161
света 0,054808 0,054808
миллиона 1,966113 1,966113
зевать 4,317488 4,317488
обратную 3,624341 3,624341
крошечных 4,317488 4,317488
отследить 3,912023 3,912023
упрощения 4,317488 4,317488
белоусов 0,076161 0,076161
полина 4,317488 4,317488
должности 3,912023 3,912023
покупках 4,317488 4,317488
условиями 0,040822 0,081644
постоянную 4,317488 4,317488
готовы 2,708050 2,708050
людьми 3,218876 6,437752
система 2,813411 2,813411
размещение 3,912023 3,912023
квадратных 3,912023 3,912023
довезти 4,317488 4,317488
могут 1,455287 4,365862
читайте 0,040822 0,040822
обрабатывают 4,317488 8,634976
открываться 4,317488 4,317488
стороны 1,643339 1,643339
раскрыли 2,302585 4,605170
байконур 0,097980 0,097980
слышали 3,912023 3,912023
товары 3,912023 7,824046
дают 2,813411 2,813411
помогали 4,317488 8,634976
иметь 3,064725 3,064725
новому 3,624341 3,624341
входит 3,624341 3,624341
заявке 4,317488 4,317488
вперед 2,931194 2,931194
сотрудникам 3,912023 3,912023
июне 3,624341 3,624341
товароведа 4,317488 8,634976
узнаем 4,317488 4,317488
часть 1,919593 1,919593
должность 2,931194 5,862388
заявку 3,912023 3,912023
говорит 2,014903 4,029806
последние 0,090654 0,181309
предрекли 0,076161 0,076161
одинаково 4,317488 4,317488
некоторые 2,445686 2,445686
архив 0,000000 0,000000
части 2,014903 2,014903
шерлоком 4,317488 4,317488
изнутри 4,317488 4,317488
личные 3,218876 3,218876
сша 0,040822 0,040822
процесс 2,931194 5,862388
прислушиваться 4,317488 4,317488
английского 4,317488 4,317488
труда 3,624341 7,248682
качества 3,218876 6,437752
самая 2,238047 4,476093
раскрытии 0,076161 0,076161
проблемных 4,317488 4,317488
скрывается 2,708050 5,416100
курсы 4,317488 4,317488
российском 0,076161 0,076161
мероприятия 3,624341 3,624341
шаговой 4,317488 4,317488
резерв 4,317488 4,317488
личную 3,218876 3,218876
столько 2,525729 2,525729
нравится 3,401197 6,802395
каналы 3,218876 3,218876
климат 1,919593 1,919593
влиять 3,624341 3,624341
клали 4,317488 4,317488
товара 4,317488 4,317488
склад 4,317488 17,269952
разобралась 4,317488 4,317488
команда 2,813411 2,813411
начальником 3,401197 3,401197
предпринимателей 3,064725 3,064725
лучшим 3,064725 3,064725
команде 3,912023 3,912023
пикинга 4,317488 4,317488
заказом 4,317488 4,317488
бонусы 0,047791 0,095581
поселках 4,317488 4,317488
открыто 3,912023 3,912023
хорошее 3,218876 3,218876
жильцы 0,076161 0,076161
зона 4,317488 4,317488
ачивок 4,317488 4,317488
жизни 0,000000 0,000000
логистической 4,317488 4,317488
процента 2,813411 2,813411
умные 3,912023 3,912023
нужно 1,791759 7,167038
системы 2,525729 2,525729
оформления 3,218876 3,218876
средств 2,931194 2,931194
дальнего 4,317488 4,317488
щупал 4,317488 4,317488
наших 2,708050 2,708050
находится 2,371578 4,743156
туристку 0,076161 0,076161
ответственность 3,218876 3,218876
достижениях 3,912023 3,912023
рост 2,302585 2,302585
предлагает 3,912023 3,912023
удобство 4,317488 4,317488
ответственности 3,624341 3,624341
мотор 0,000000 0,000000
обменивайте 0,047791 0,047791
жизнь 1,544899 1,544899
проблемные 3,624341 3,624341
средний 3,401197 3,401197
хорошие 0,013423 0,026846
отслеживать 3,624341 3,624341
беседы 2,813411 2,813411
целый 3,064725 6,129450
огромной 3,912023 3,912023
центров 4,317488 8,634976
хороших 4,317488 4,317488
череповце 4,317488 4,317488
почему 0,899761 0,899761
хорошего 3,401197 3,401197
заработал 3,624341 3,624341
этапов 3,624341 3,624341
прибыл 0,083382 0,083382
складов 4,317488 8,634976
доехать 4,317488 4,317488
могла 2,708050 2,708050
проводятся 3,912023 3,912023
ребята 3,064725 3,064725
помогает 3,218876 6,437752
примере 4,317488 4,317488
научилась 4,317488 4,317488
сложная 3,401197 3,401197
уважаю 4,317488 4,317488
масса 3,218876 3,218876
ссср 0,000000 0,000000
тар 4,317488 4,317488
успеваешь 4,317488 4,317488
покупателям 4,317488 4,317488
идти 2,813411 2,813411
карьерного 3,912023 3,912023
сборка 4,317488 4,317488
клиент 4,317488 4,317488
понравился 4,317488 4,317488
именно 1,875141 5,625423
другие 1,714798 3,429597
главное 0,000000 0,000000
развиваться 4,317488 8,634976
азорабеков 4,317488 4,317488
наверное 2,931194 2,931194
летнего 0,097980 0,097980
отсортировать 4,317488 4,317488
мини 0,000000 0,000000
других 1,576648 1,576648
напрямую 3,401197 3,401197
активным 3,912023 3,912023
затраты 4,317488 4,317488
изнасиловал 0,076161 0,076161
возвратной 4,317488 4,317488
стоит 1,791759 1,791759
укрепить 4,317488 4,317488
образом 2,066196 2,066196
товар 4,317488 21,587441
уголках 4,317488 4,317488
распределить 3,912023 3,912023
складах 4,317488 17,269952
вести 2,708050 2,708050
спорт 0,000000 0,000000
транспорт 4,317488 4,317488
переехал 3,912023 3,912023
прямого 3,624341 3,624341
споры 0,097980 0,097980
знаниями 4,317488 4,317488
военной 0,061875 0,061875
заводе 3,401197 3,401197
мухаммад 4,317488 25,904929
значимости 3,218876 3,218876
четыре 0,040822 0,081644
сказать 2,813411 2,813411
камеры 3,218876 3,218876
гигантская 4,317488 4,317488
друг 2,238047 4,476093
взаимодействия 4,317488 4,317488
стала 1,576648 1,576648
атмосферу 3,624341 3,624341
рекламодатель 3,624341 3,624341
работал 2,708050 2,708050
обитания 0,000000 0,000000
процессам 4,317488 4,317488
первая 2,371578 2,371578
важно 2,302585 2,302585
многое 3,624341 3,624341
отдел 3,912023 11,736069
стремиться 3,912023 3,912023
российским 0,076161 0,076161
проходит 3,064725 3,064725
отдаленных 4,317488 4,317488
обеспечивает 3,401197 3,401197
доброжелательны 4,317488 4,317488
тех 2,120264 4,240527
шести 2,445686 2,445686
давно 2,445686 2,445686
условно 4,317488 4,317488
спустя 1,832581 1,832581
интернет 0,000000 0,000000
вижу 3,624341 3,624341
сутки 2,931194 2,931194
обратился 0,076161 0,076161
назначения 3,624341 3,624341
работаю 3,624341 10,873023
отметок 4,317488 4,317488
хранения 3,912023 3,912023
гид 0,076161 0,076161
сделает 4,317488 4,317488
работе 1,791759 8,958797
дома 0,061875 0,061875
выполнение 3,912023 7,824046
пола 0,097980 0,097980
рубежом 3,912023 3,912023
пикнули 4,317488 4,317488
роста 2,708050 10,832201
отзывчивы 4,317488 4,317488
сообщения 3,218876 3,218876
передача 4,317488 4,317488
помогают 2,813411 2,813411
сеть 3,624341 3,624341
ценю 4,317488 8,634976
первого 2,612740 2,612740
эмоции 0,047791 0,047791
пока 1,678431 1,678431
период 2,120264 2,120264
самого 2,525729 2,525729
сети 0,090654 0,090654
работы 1,455287 11,642298
военнослужащим 0,076161 0,076161
миллионов 1,791759 5,375278
знать 3,401197 3,401197
почувствовала 4,317488 4,317488
личностного 4,317488 4,317488
короткий 3,624341 3,624341
кроме 1,427116 2,854233
виде 2,708050 2,708050
миллионами 3,218876 6,437752
материалы 0,000000 0,000000
депутат 0,076161 0,076161
различного 4,317488 4,317488
статьи 0,000000 0,000000
брать 3,064725 3,064725
обучаться 4,317488 4,317488
материале 2,120264 2,120264
культура 0,000000 0,000000
маркетплейс 4,317488 4,317488
профессионального 3,624341 3,624341
набор 3,218876 3,218876
заработка 3,401197 6,802395
современный 3,401197 3,401197
возвратов 4,317488 4,317488
автоматизированный 4,317488 4,317488
отношение 3,064725 6,129450
оператор 3,912023 3,912023
удалось 1,714798 1,714798
покупки 3,624341 7,248682
адаптироваться 3,912023 7,824046
руководством 2,931194 5,862388
получить 2,238047 2,238047
многие 1,714798 1,714798
ответственным 3,912023 3,912023
передать 3,401197 3,401197
настолько 3,624341 3,624341
сделать 2,371578 2,371578
разных 2,445686 2,445686
работает 0,040822 0,204110
увлекательные 0,047791 0,047791
обратная 3,064725 3,064725
различные 3,401197 3,401197
работаем 3,624341 3,624341
переговоры 0,054808 0,054808
раза 2,525729 2,525729
времени 1,919593 1,919593
повседневных 4,317488 4,317488
год 1,714798 6,859194
меняется 3,624341 3,624341
пакет 4,317488 4,317488
маккартни 0,097980 0,097980
калининграда 3,912023 3,912023
упаковывают 4,317488 4,317488
сбер 0,040822 0,040822
использованияполитика 0,000000 0,000000
перспективы 2,931194 2,931194
отправленных 4,317488 4,317488
крупный 0,068993 0,068993
командной 4,317488 4,317488
регионам 0,076161 0,076161
механизмы 3,064725 3,064725
крупным 0,076161 0,076161
прим 2,813411 2,813411
корпоративный 4,317488 4,317488
думал 3,401197 3,401197
стране 2,177422 2,177422
остались 0,061875 0,061875
сегодня 1,643339 4,930018
посылки 4,317488 4,317488
вещи 2,931194 5,862388
поставленные 4,317488 4,317488
отсканировали 4,317488 4,317488
самое 2,612740 2,612740
руководители 3,218876 3,218876
цифры 3,624341 3,624341
создать 2,612740 2,612740
покупатель 4,317488 8,634976
текущих 4,317488 4,317488
руководитель 3,218876 3,218876
страны 1,455287 1,455287
подольске 4,317488 4,317488
вместе 1,514128 1,514128
руководителя 4,317488 4,317488
рады 0,068993 0,068993
покупатели 4,317488 4,317488
юлия 3,401197 10,203592
отправление 4,317488 4,317488
акции 0,047791 0,047791
принципы 3,624341 3,624341
отправить 3,218876 3,218876
рассказал 1,272966 2,545931
благодаря 2,238047 2,238047
новыми 3,912023 3,912023
истории 1,966113 3,932226
расширению 3,912023 3,912023
экономика 0,000000 0,000000
подала 3,624341 3,624341
попал 2,445686 2,445686
уверенность 3,624341 3,624341
сложно 2,525729 2,525729
логистическая 4,317488 8,634976
отправления 4,317488 4,317488
решения 2,302585 2,302585
университет 3,912023 3,912023
увеличиваться 4,317488 4,317488
либо 1,919593 1,919593
непонятно 3,624341 3,624341
реальный 0,013423 0,013423
розыгрыши 4,317488 4,317488
предлагать 3,912023 3,912023
продавцам 4,317488 4,317488
тысячи 0,068993 0,068993
открытость 4,317488 4,317488
предрек 0,076161 0,076161
доставкой 4,317488 8,634976
коммуницировать 4,317488 4,317488
делаем 3,912023 3,912023
рынкам 4,317488 4,317488
отказались 2,931194 2,931194
следует 2,302585 2,302585
повезло 3,218876 3,218876
ящики 4,317488 4,317488
заявили 0,076161 0,076161
форматы 3,912023 3,912023
принципе 3,401197 3,401197
постоянно 2,525729 2,525729
принять 3,218876 6,437752
запустили 3,401197 3,401197
холмс 4,317488 4,317488
видеть 0,013423 0,013423
третье 3,912023 3,912023
высокий 2,931194 2,931194
сортируют 4,317488 4,317488
своим 2,445686 2,445686
сделано 4,317488 4,317488
условия 2,371578 7,114734
вникать 4,317488 4,317488
перемирии 0,076161 0,076161
кишко 4,317488 4,317488
новый 1,966113 1,966113
корректно 4,317488 4,317488
успел 3,064725 6,129450
новые 0,000000 0,000000
договору 3,624341 3,624341
доставки 4,317488 8,634976
доставку 4,317488 17,269952
выйти 2,813411 2,813411
клиенту 4,317488 4,317488
местных 2,708050 2,708050
вдохновляйте 4,317488 4,317488
координатором 4,317488 4,317488
местным 4,317488 4,317488
клиенты 3,912023 3,912023
добро 0,013423 0,013423
выражаете 0,047791 0,047791
работают 2,612740 5,225480
доступ 3,064725 3,064725
умение 3,064725 3,064725
помощью 0,047791 0,047791
заметил 2,612740 2,612740
остался 2,931194 2,931194
покупателем 4,317488 4,317488
готовность 3,218876 6,437752
добра 0,013423 0,026846
населения 2,708050 2,708050
словам 1,272966 1,272966
г 3,064725 3,064725
дополнительных 4,317488 4,317488
добиться 3,401197 3,401197
м 2,066196 2,066196
важные 3,218876 3,218876
оценивайте 0,047791 0,047791
какие 1,875141 1,875141
сезон 3,624341 3,624341
сотрудничества 3,401197 3,401197
мухаммада 4,317488 4,317488
возможностей 3,218876 3,218876
обращаться 3,912023 3,912023
мир 0,000000 0,000000
большую 2,612740 2,612740
моей 3,401197 3,401197
поделился 2,931194 5,862388
востока 3,912023 3,912023
погружайтесь 0,047791 0,047791
абсолютно 3,064725 3,064725
метров 3,064725 3,064725
небольшой 3,401197 3,401197
бывший 0,000000 0,000000
время 0,762140 3,048560
накапливайте 0,047791 0,047791
домодедово 3,912023 11,736069
говоря 2,708050 2,708050
коллективе 3,912023 3,912023
ооо 0,000000 0,000000
деактивирована 0,013423 0,013423
внутренний 4,317488 4,317488
отменить 3,064725 3,064725
отдела 0,579818 0,579818
отправится 3,912023 3,912023
новым 2,708050 5,416100
структуры 0,000000 0,000000
хочешь 0,013423 0,026846
честно 3,401197 6,802395
пляжных 0,097980 0,097980
обычную 0,013423 0,013423
удобно 3,624341 3,624341
корпорацией 4,317488 4,317488
внутренние 3,912023 11,736069
попадают 2,931194 2,931194
внешность 0,097980 0,097980
могу 2,525729 2,525729
вырасти 3,401197 3,401197
работой 3,624341 3,624341
увидеть 2,813411 2,813411
получения 3,912023 3,912023
пикал 4,317488 4,317488
задачи 2,931194 11,724775
крутой 3,624341 3,624341
галереи 0,000000 0,000000
продуктов 2,445686 2,445686
профессионалом 3,912023 3,912023
региональные 4,317488 4,317488
витрины 4,317488 4,317488
товаров 3,624341 3,624341
другому 4,317488 4,317488
чувствую 3,624341 3,624341
относится 3,401197 3,401197
командный 3,912023 3,912023
озон 4,317488 21,587441
редакциярекламаконтактыпресс 0,000000 0,000000
гарнир 4,317488 4,317488
интересные 3,912023 7,824046
всей 2,238047 2,238047
интересный 3,912023 3,912023
всем 1,966113 3,932226
видео 0,000000 0,000000
заказа 4,317488 8,634976
сильно 2,445686 2,445686
меньше 2,120264 2,120264
такого 2,612740 2,612740
объясняет 3,218876 3,218876
шерлок 4,317488 4,317488
мое 3,218876 3,218876
отвечали 4,317488 4,317488
помочь 2,708050 2,708050
бренд 3,064725 3,064725
посылок 3,218876 12,875503
временному 4,317488 4,317488
поиска 3,401197 3,401197
штатных 3,912023 3,912023
карте 4,317488 4,317488
вторая 2,813411 2,813411
среда 0,000000 0,000000
делать 1,966113 1,966113
инструментов 3,912023 3,912023
пришла 3,401197 3,401197
руках 3,401197 3,401197
начальники 3,912023 3,912023
повышаю 4,317488 4,317488
обработать 4,317488 4,317488
скидки 0,047791 0,047791
выдачи 3,912023 15,648092
попробовал 4,317488 4,317488
эксклюзивы 0,000000 0,000000
выражайте 0,047791 0,047791
москва 2,302585 2,302585
секрет 2,612740 2,612740
масштабный 3,624341 3,624341
пришло 3,064725 3,064725
партнерская 4,317488 4,317488
понимаю 3,624341 3,624341
москву 2,120264 2,120264
конфликте 0,076161 0,076161
монтажником 4,317488 4,317488
рассматривает 4,317488 4,317488
результат 3,064725 3,064725
позже 1,919593 1,919593
продолжая 0,047791 0,047791
опыт 3,218876 3,218876
отдельные 3,401197 6,802395
особенно 2,302585 2,302585
средаклимат 1,966113 1,966113
свыше 3,401197 6,802395
оплатить 3,912023 3,912023
хочу 2,813411 2,813411
конфиденциальностиправила 0,000000 0,000000
которой 2,120264 2,120264
политикой 0,047791 0,047791
отзывы 4,317488 4,317488
бренду 4,317488 4,317488
профессии 3,624341 3,624341
котором 2,238047 2,238047
эффективность 3,401197 3,401197
обработки 4,317488 8,634976
смены 2,931194 2,931194
перекантоваться 4,317488 4,317488
стать 1,875141 3,750282
отличные 3,912023 3,912023
работать 2,120264 4,240527
десятки 2,931194 2,931194
смену 3,218876 6,437752
раньше 2,371578 2,371578
результате 2,238047 2,238047
интересное 2,931194 2,931194
это 0,020203 0,484865
устроено 4,317488 8,634976
этим 2,302585 2,302585
желаемый 4,317488 4,317488
встать 3,912023 3,912023
категориях 4,317488 4,317488
подобающем 4,317488 4,317488
две 0,033902 0,067803
руслана 3,912023 3,912023
момента 2,931194 8,793581
снижаются 3,912023 3,912023
рядом 2,813411 2,813411
стабильность 3,912023 3,912023
поработать 4,317488 4,317488
несли 4,317488 4,317488
уехал 4,317488 4,317488
новости 0,000000 0,000000
войти 0,000000 0,000000
отключены 1,576648 1,576648
медитации 0,076161 0,076161
недели 2,525729 2,525729
регионе 2,302585 4,605170
уход 0,076161 0,076161
комиссарова 4,317488 4,317488
основного 3,624341 3,624341
новой 2,612740 2,612740
опытом 3,912023 3,912023
вернулся 2,371578 2,371578
подошли 4,317488 4,317488
объект 3,401197 3,401197
ними 2,525729 2,525729
фулфилмент 4,317488 8,634976
затем 1,875141 1,875141
разместить 3,218876 3,218876
спецпроекты 0,000000 0,000000
игры 0,000000 0,000000
задачам 4,317488 4,317488
занимается 3,218876 3,218876
техника 0,000000 0,000000
оперативную 4,317488 4,317488
правильной 3,912023 3,912023
программы 3,218876 3,218876
пять 1,576648 1,576648
трампа 0,054808 0,054808
мнению 2,302585 2,302585
инн 3,218876 3,218876
самых 1,609438 1,609438
старшего 3,912023 3,912023
компания 2,371578 9,486312
отвел 0,076161 0,076161
компанию 3,401197 3,401197
пришел 2,813411 2,813411
происходит 2,014903 2,014903
размер 3,912023 3,912023
марта 0,040822 0,040822
дружескую 4,317488 4,317488
старшим 4,317488 4,317488
срок 2,612740 2,612740
реакций 0,047791 0,047791
реакции 0,047791 0,047791
выслушать 4,317488 4,317488
компании 2,014903 14,104321
блюда 3,064725 3,064725
продавец 3,624341 3,624341
экологияделовой 1,966113 1,966113
пользователи 3,401197 6,802395
включает 3,401197 3,401197
самый 2,525729 2,525729
самым 1,966113 1,966113
доступности 4,317488 4,317488
твоя 3,624341 3,624341
зеленского 0,068993 0,068993
собрались 3,912023 3,912023
хранителя 4,317488 4,317488
лента 0,000000 0,000000
приятно 3,218876 3,218876
внимательно 3,401197 3,401197
сфера 3,912023 3,912023
сфере 2,813411 2,813411
собрал 4,317488 4,317488
приложение 3,912023 3,912023
жми 0,013423 0,013423
посчитали 3,912023 3,912023
появились 1,875141 1,875141
ленту 0,013423 0,013423
затопленного 0,076161 0,076161
тарные 4,317488 4,317488
приложения 3,624341 3,624341
ленты 1,678431 3,356862
наши 2,177422 2,177422
россии 0,425668 1,277003
применения 0,000000 0,000000
писал 3,624341 3,624341
ценности 0,000000 0,000000
сортировки 3,912023 3,912023
третий 2,931194 5,862388
уметь 4,317488 4,317488
поняла 3,218876 3,218876
дарксторах 4,317488 4,317488
материалам 0,047791 0,047791
вернуться 0,013423 0,013423
тренинги 4,317488 4,317488
ваши 0,047791 0,047791
процентов 1,875141 3,750282
цвет 4,317488 4,317488
подошел 3,401197 3,401197
понравились 4,317488 4,317488
отгружают 4,317488 4,317488
алгоритмы 3,912023 3,912023
просто 1,678431 3,356862
пункты 3,912023 3,912023
дашборды 4,317488 4,317488
россия 0,000000 0,000000
приобрела 4,317488 4,317488
скорость 3,218876 3,218876
рассказали 1,919593 1,919593
увеличилась 3,912023 3,912023
активное 3,912023 7,824046
свой 2,177422 6,532266
вопросы 2,120264 2,120264
свои 0,027029 0,054057
пролетело 4,317488 4,317488
рассказала 1,919593 3,839186
пункта 3,624341 3,624341
формировать 3,912023 3,912023
уволит 0,076161 0,076161
оплата 4,317488 4,317488
приемки 4,317488 4,317488
правильно 2,813411 2,813411
американский 0,061875 0,061875
точек 4,317488 4,317488
задач 3,912023 3,912023
наработанные 4,317488 4,317488
приемка 4,317488 4,317488
сервиса 3,624341 3,624341
трех 1,919593 1,919593
сюда 3,401197 3,401197
началось 3,218876 3,218876
другом 2,931194 2,931194
называется 4,317488 4,317488
интересно 2,813411 2,813411
развита 4,317488 4,317488
черта 4,317488 4,317488
регулярно 3,218876 3,218876
зеленским 0,076161 0,076161
подходят 3,624341 3,624341
работников 3,624341 3,624341
двум 0,076161 0,076161
вызвала 0,097980 0,097980
саморазвитие 3,912023 3,912023
маркетплейсе 4,317488 4,317488
причина 2,445686 4,891372
принимают 3,912023 3,912023
маркетплейса 4,317488 4,317488
доход 2,931194 5,862388
данной 3,912023 3,912023
заказов 4,317488 17,269952
секунду 3,218876 3,218876
селлеру 4,317488 4,317488
наесться 4,317488 4,317488
путь 2,931194 2,931194
пвз 4,317488 8,634976
договор 3,912023 3,912023
прогресс 0,097980 0,097980
среднем 3,401197 3,401197
другу 3,401197 3,401197
позиций 3,064725 3,064725
пути 2,445686 2,445686
форме 0,061875 0,061875
подробнее 3,624341 3,624341
коллеги 3,064725 3,064725
поток 3,401197 6,802395
друга 2,525729 2,525729
силовые 0,000000 0,000000
тысяч 1,427116 5,708465
кликом 4,317488 4,317488
дня 0,061875 0,123751
поддержать 3,912023 3,912023
позицию 3,218876 3,218876
любой 2,813411 5,626821
наш 3,064725 3,064725
рода 3,218876 3,218876
домом 3,624341 3,624341
позволяет 2,612740 2,612740
удобный 4,317488 4,317488
сотрудников 0,076161 0,304645
периоды 3,624341 3,624341
поделилась 3,912023 3,912023
комментарии 1,484275 1,484275
дней 1,791759 1,791759
заказ 3,624341 10,873023
затрат 4,317488 4,317488
начались 0,068993 0,068993
нам 2,525729 2,525729
сервис 3,218876 3,218876
сотрудником 3,912023 3,912023
сих 2,302585 2,302585
социальная 3,912023 3,912023
рекомендательных 0,000000 0,000000
продолжают 3,401197 3,401197
надолго 3,401197 3,401197
отличительная 4,317488 4,317488
охвачены 4,317488 4,317488
россиян 1,714798 3,429597
устроился 3,624341 10,873023
ваших 4,317488 4,317488
считаю 3,218876 9,656627
забота 0,000000 0,000000
мессенджер 4,317488 4,317488
ко 3,064725 3,064725
пожаловать 0,013423 0,013423
круглый 4,317488 4,317488
которые 1,181994 8,273957
постоянный 3,218876 3,218876
который 1,272966 2,545931
непосредственным 4,317488 4,317488
инфраструктуры 2,445686 2,445686
сократился 3,912023 3,912023
например 1,791759 5,375278
возвраты 4,317488 4,317488
которых 1,678431 3,356862
понял 3,064725 3,064725
открывает 3,912023 3,912023
подчинении 4,317488 4,317488
месяца 2,813411 2,813411
победа 0,000000 0,000000
коллег 3,064725 3,064725
учиться 3,401197 6,802395
изучать 4,317488 4,317488
друзья 3,401197 3,401197
выбрать 3,218876 3,218876
идеи 2,813411 2,813411
командировки 4,317488 4,317488
случае 1,875141 1,875141
опечатку 0,000000 0,000000
сми 0,000000 0,000000
заботится 4,317488 4,317488
понять 2,525729 2,525729
ролях 3,912023 3,912023
поступления 4,317488 4,317488
инфраструктура 3,912023 7,824046
возврата 4,317488 4,317488
герои 3,624341 3,624341
место 0,054808 0,054808
развития 2,612740 2,612740
удобен 3,912023 3,912023
мс 0,097980 0,097980
перешел 3,624341 3,624341
дух 3,624341 3,624341
начали 1,427116 1,427116
предоставляет 4,317488 4,317488
месту 3,624341 3,624341
давали 2,813411 2,813411
огрн 3,624341 3,624341
корреспондент 2,525729 2,525729
участие 2,612740 2,612740
прошел 2,371578 2,371578
успеха 2,525729 2,525729
использовать 2,612740 2,612740
самостоятельно 3,218876 3,218876
каждый 2,066196 6,198589
расти 3,624341 10,873023
опыта 3,912023 3,912023
проблем 2,445686 2,445686
понравилось 3,218876 3,218876
получают 2,931194 2,931194
локальной 3,912023 3,912023
количество 1,966113 1,966113
уровень 2,813411 2,813411
нем 2,371578 2,371578
превышает 3,624341 3,624341
месте 2,371578 2,371578
товароведом 4,317488 4,317488
привлекают 3,624341 3,624341
размещают 3,912023 3,912023
любимая 3,912023 3,912023
правды 0,068993 0,068993
логистике 3,912023 3,912023
участке 3,912023 3,912023
города 1,714798 1,714798
вернутся 3,624341 3,624341
видно 2,708050 2,708050
участка 3,912023 3,912023
городе 0,061875 0,061875
возможность 2,066196 10,330982
технических 4,317488 4,317488
года 0,899761 2,699284
внимательность 4,317488 4,317488
помогли 2,931194 8,793581
доволен 3,624341 3,624341
очень 1,347074 5,388295
склада 3,912023 15,648092
складе 4,317488 30,222417
наука 0,000000 0,000000
такому 3,624341 3,624341
подмосковных 4,317488 4,317488
складских 4,317488 4,317488
развивает 4,317488 4,317488
