зеленского 0,068993 0,068993
перемирии 0,076161 0,076161
собрались 3,912023 3,912023
ру 0,000000 0,000000
банк 0,076161 0,076161
лента 0,000000 0,000000
новые 0,000000 0,000000
спорт 0,000000 0,000000
крымском 3,064725 12,258901
споры 0,097980 0,097980
согласие 0,047791 0,047791
добро 0,013423 0,013423
военной 0,061875 0,061875
выражаете 0,047791 0,047791
четыре 0,040822 0,040822
декабря 2,120264 2,120264
жми 0,013423 0,013423
стало 1,181994 2,363988
помощью 0,047791 0,047791
пыталась 5,010635 5,010635
людей 1,455287 1,455287
растолкать 5,010635 5,010635
добра 0,013423 0,026846
ленту 0,013423 0,013423
затопленного 0,076161 0,076161
фото 0,061875 0,061875
расставаться 5,010635 5,010635
лет 0,967584 0,967584
водой 0,061875 0,061875
применения 0,000000 0,000000
подпускала 5,010635 5,010635
технологиймини 0,000000 0,000000
оценивайте 0,047791 0,047791
обитания 0,000000 0,000000
ценности 0,000000 0,000000
собратья 5,010635 5,010635
шри 5,010635 5,010635
материалам 0,047791 0,047791
конфиденциальности 0,047791 0,047791
вернуться 0,013423 0,013423
мир 0,000000 0,000000
ваши 0,047791 0,047791
российским 0,076161 0,076161
магда 5,010635 5,010635
нажмите 0,000000 0,000000
получайте 0,047791 0,047791
погружайтесь 0,047791 0,047791
неразлучны 3,064725 6,129450
жили 3,624341 3,624341
бывший 0,000000 0,000000
проблемы 0,076161 0,076161
накапливайте 0,047791 0,047791
интернет 0,000000 0,000000
россия 0,000000 0,000000
ооо 0,000000 0,000000
обратился 0,076161 0,076161
деактивирована 0,013423 0,013423
путешествия 0,000000 0,000000
часов 1,643339 4,930018
свои 0,027029 0,027029
серьезно 3,624341 3,624341
структуры 0,000000 0,000000
индии 0,076161 0,076161
гид 0,076161 0,076161
хочешь 0,013423 0,013423
нашли 0,000000 0,000000
пляжных 0,097980 0,097980
уволит 0,076161 0,076161
дома 0,061875 0,061875
американский 0,061875 0,061875
обычную 0,013423 0,013423
пола 0,097980 0,097980
лучшей 2,813411 8,440232
внешность 0,097980 0,097980
подругу 5,010635 5,010635
украинском 0,076161 0,076161
света 0,054808 0,054808
вселюдизвериедапроисшествияперсонысчастливчикианомалии 2,813411 2,813411
галереи 0,000000 0,000000
белоусов 0,076161 0,076161
эмоции 0,047791 0,047791
зеленским 0,076161 0,076161
дженни 4,317488 12,952464
условиями 0,040822 0,081644
двум 0,076161 0,076161
полвека 2,931194 5,862388
вызвала 0,097980 0,097980
уходят 4,317488 4,317488
сети 0,090654 0,090654
военнослужащим 0,076161 0,076161
читайте 0,040822 0,040822
байконур 0,097980 0,097980
редакциярекламаконтактыпресс 0,000000 0,000000
поднять 4,317488 4,317488
материалы 0,000000 0,000000
видео 0,000000 0,000000
всему 2,612740 2,612740
депутат 0,076161 0,076161
тайган 5,010635 5,010635
прогресс 0,097980 0,097980
меньше 2,120264 2,120264
статьи 0,000000 0,000000
безутешная 3,064725 6,129450
попрощаться 4,317488 8,634976
форме 0,061875 0,061875
олег 3,912023 3,912023
последние 0,090654 0,181309
предрекли 0,076161 0,076161
культура 0,000000 0,000000
силовые 0,000000 0,000000
архив 0,000000 0,000000
дня 0,061875 0,061875
сша 0,040822 0,040822
подругой 3,064725 12,258901
среда 0,000000 0,000000
пришла 3,401197 6,802395
раскрытии 0,076161 0,076161
скидки 0,047791 0,047791
сотрудников 0,076161 0,076161
несла 4,317488 4,317488
эксклюзивы 0,000000 0,000000
российском 0,076161 0,076161
выражайте 0,047791 0,047791
комментарии 1,484275 1,484275
начались 0,068993 0,068993
болела 5,010635 5,010635
горюют 5,010635 5,010635
рекомендательных 0,000000 0,000000
конфликте 0,076161 0,076161
слонов 5,010635 5,010635
продолжая 0,047791 0,047791
работает 0,040822 0,040822
увлекательные 0,047791 0,047791
тело 3,218876 3,218876
переговоры 0,054808 0,054808
конфиденциальностиправила 0,000000 0,000000
бонусы 0,047791 0,095581
политикой 0,047791 0,047791
индийская 3,912023 3,912023
маккартни 0,097980 0,097980
жильцы 0,076161 0,076161
детенышем 5,010635 5,010635
жизни 0,000000 0,000000
забота 0,000000 0,000000
сбер 0,040822 0,040822
пожаловать 0,013423 0,013423
использованияполитика 0,000000 0,000000
сорока 5,010635 5,010635
проститься 5,010635 5,010635
крупный 0,068993 0,068993
ветеринаров 5,010635 5,010635
регионам 0,076161 0,076161
ланке 5,010635 5,010635
крупным 0,076161 0,076161
это 0,020203 0,020203
туристку 0,076161 0,076161
семь 2,813411 2,813411
победа 0,000000 0,000000
известен 5,010635 5,010635
остались 0,061875 0,061875
две 0,033902 0,033902
мотор 0,000000 0,000000
случай 2,931194 2,931194
обменивайте 0,047791 0,047791
опечатку 0,000000 0,000000
сми 0,000000 0,000000
гастролировали 5,010635 5,010635
звери 3,912023 3,912023
вместе 1,514128 1,514128
рады 0,068993 0,068993
несколько 1,347074 4,041221
новости 0,000000 0,000000
войти 0,000000 0,000000
место 0,054808 0,054808
выступали 5,010635 5,010635
акции 0,047791 0,047791
миру 2,371578 2,371578
хорошие 0,013423 0,013423
мс 0,097980 0,097980
отключены 1,576648 1,576648
медитации 0,076161 0,076161
магдой 5,010635 10,021271
умершей 5,010635 5,010635
экономика 0,000000 0,000000
уход 0,076161 0,076161
слонихой 5,010635 5,010635
прибыл 0,083382 0,083382
спецпроекты 0,000000 0,000000
прощалась 3,064725 6,129450
ушедшим 4,317488 4,317488
цирке 5,010635 5,010635
годы 2,302585 2,302585
реальный 0,013423 0,013423
игры 0,000000 0,000000
километров 3,401197 3,401197
техника 0,000000 0,000000
ссср 0,000000 0,000000
правды 0,068993 0,068993
трампа 0,054808 0,054808
парке 4,317488 4,317488
тысячи 0,068993 0,068993
вожаком 5,010635 5,010635
отходила 5,010635 5,010635
отвел 0,076161 0,076161
предрек 0,076161 0,076161
марта 0,040822 0,081644
городе 0,061875 0,061875
главное 0,000000 0,000000
года 0,899761 0,899761
парамонов 5,010635 5,010635
реакций 0,047791 0,047791
летнего 0,097980 0,097980
заявили 0,076161 0,076161
реакции 0,047791 0,047791
мини 0,000000 0,000000
захотела 3,401197 3,401197
видеть 0,013423 0,013423
изнасиловал 0,076161 0,076161
зоопарке 3,064725 12,258901
львов 3,912023 3,912023
наука 0,000000 0,000000
слоны 5,010635 5,010635
слониха 3,064725 15,323626
