предупредили 3,064725 3,064725
перемирии 0,076161 0,076161
ру 0,000000 0,000000
банк 0,076161 0,076161
рф 1,514128 3,028255
дальнейшей 3,912023 3,912023
республику 5,010635 15,031906
день 1,544899 1,544899
государствами 3,912023 3,912023
этому 2,238047 6,714140
новые 0,000000 0,000000
качественных 5,010635 5,010635
ухудшения 4,317488 4,317488
расширить 3,912023 3,912023
местных 2,708050 2,708050
пригодности 5,010635 5,010635
даничев 5,010635 5,010635
согласие 0,047791 0,047791
добро 0,013423 0,013423
выражаете 0,047791 0,047791
частью 3,218876 3,218876
аэродромным 5,010635 5,010635
пришлось 2,371578 2,371578
рейс 3,912023 7,824046
помощью 0,047791 0,047791
предел 5,010635 5,010635
мид 3,064725 12,258901
спрогнозирован 5,010635 5,010635
наплыву 3,624341 3,624341
транспортом 5,010635 5,010635
добра 0,013423 0,026846
населению 5,010635 5,010635
должны 2,066196 2,066196
одна 1,875141 1,875141
фото 0,061875 0,185626
лет 0,967584 2,902752
перспективность 5,010635 5,010635
заметив 5,010635 5,010635
водой 0,061875 0,061875
привлек 3,912023 3,912023
технологиймини 0,000000 0,000000
оценивайте 0,047791 0,047791
х 2,177422 2,177422
течение 2,120264 2,120264
какие 1,875141 1,875141
совершают 4,317488 4,317488
главные 2,371578 2,371578
размещения 4,317488 4,317488
пор 2,238047 2,238047
сочи 3,624341 7,248682
конфиденциальности 0,047791 0,047791
многолетнего 5,010635 5,010635
готова 3,064725 3,064725
мир 0,000000 0,000000
связи 2,120264 2,120264
каких 2,612740 2,612740
сообщается 3,218876 3,218876
нажмите 0,000000 0,000000
получайте 0,047791 0,047791
ночей 5,010635 5,010635
трапами 5,010635 5,010635
автомобильным 5,010635 5,010635
погружайтесь 0,047791 0,047791
обновленный 5,010635 5,010635
бывший 0,000000 0,000000
время 0,762140 1,524280
проблемы 0,076161 0,076161
сегодняшний 3,912023 3,912023
накапливайте 0,047791 0,047791
добиваться 5,010635 5,010635
оон 3,218876 3,218876
благополучно 4,317488 4,317488
ооо 0,000000 0,000000
деактивирована 0,013423 0,013423
дельфин 5,010635 5,010635
рст 5,010635 5,010635
путешествия 0,000000 0,000000
ситуация 2,931194 2,931194
абхазской 5,010635 5,010635
отменена 5,010635 5,010635
республике 3,401197 6,802395
территории 1,919593 1,919593
началу 4,317488 4,317488
также 0,762140 0,762140
туда 2,813411 2,813411
структуры 0,000000 0,000000
сергей 2,708050 2,708050
индии 0,076161 0,076161
хочешь 0,013423 0,013423
нашли 0,000000 0,000000
пляжных 0,097980 0,097980
поездок 5,010635 10,021271
час 3,218876 3,218876
скидок 5,010635 5,010635
обычную 0,013423 0,013423
абхазском 5,010635 5,010635
удобно 3,624341 3,624341
последней 5,010635 5,010635
внешность 0,097980 0,097980
вырасти 3,401197 3,401197
украинском 0,076161 0,076161
света 0,054808 0,054808
отсутствия 3,912023 3,912023
основные 3,401197 3,401197
галереи 0,000000 0,000000
авиасообщением 5,010635 5,010635
белоусов 0,076161 0,076161
авиабилетов 4,317488 4,317488
однако 1,249435 3,748306
базы 4,317488 4,317488
условиями 0,040822 0,081644
вмешивается 5,010635 5,010635
южной 3,624341 3,624341
системе 3,912023 3,912023
коммерческий 3,912023 3,912023
воздержаться 4,317488 8,634976
читайте 0,040822 0,040822
расположены 4,317488 4,317488
перевозчики 5,010635 5,010635
работающий 5,010635 5,010635
байконур 0,097980 0,097980
редакциярекламаконтактыпресс 0,000000 0,000000
сограждан 4,317488 4,317488
ираклий 5,010635 5,010635
пожарными 5,010635 5,010635
всей 2,238047 2,238047
всем 1,966113 3,932226
видео 0,000000 0,000000
туротрасли 5,010635 5,010635
открыла 3,218876 3,218876
помощи 2,302585 2,302585
пользоваться 5,010635 5,010635
длительного 4,317488 4,317488
лишь 2,238047 2,238047
приняла 4,317488 4,317488
техникой 4,317488 4,317488
последние 0,090654 0,181309
предрекли 0,076161 0,076161
воздушная 5,010635 5,010635
архив 0,000000 0,000000
кобахидзе 5,010635 5,010635
туристов 2,931194 2,931194
подрасти 5,010635 5,010635
последних 3,401197 3,401197
добраться 3,218876 3,218876
сша 0,040822 0,040822
авиационные 5,010635 5,010635
туриндустрии 5,010635 5,010635
запустить 5,010635 5,010635
полетов 3,401197 3,401197
среда 0,000000 0,000000
милитаризации 3,624341 3,624341
увеличилось 4,317488 4,317488
тягачом 5,010635 5,010635
раскрытии 0,076161 0,076161
скидки 0,047791 0,047791
булах 5,010635 5,010635
эксклюзивы 0,000000 0,000000
российском 0,076161 0,152323
выражайте 0,047791 0,047791
соотечественники 5,010635 5,010635
гостиниц 4,317488 4,317488
автобусами 5,010635 5,010635
ноябре 2,813411 2,813411
нравится 3,401197 3,401197
конфликте 0,076161 0,076161
продолжая 0,047791 0,047791
ромашкингенеральный 5,010635 5,010635
конфликта 1,919593 1,919593
претензия 4,317488 4,317488
полеты 3,624341 3,624341
гавань 5,010635 5,010635
востребованности 5,010635 5,010635
возобновления 5,010635 5,010635
претензии 3,912023 3,912023
конфиденциальностиправила 0,000000 0,000000
авиаперевозчиков 5,010635 5,010635
отмечали 3,912023 3,912023
бонусы 0,047791 0,095581
москвы 1,832581 3,665163
политикой 0,047791 0,047791
аэропорту 3,401197 3,401197
авиации 3,064725 9,194175
жильцы 0,076161 0,076161
сезоне 5,010635 5,010635
связана 3,064725 3,064725
жизни 0,000000 0,000000
независимость 3,912023 3,912023
аэропорта 3,912023 31,296184
слова 2,177422 2,177422
скорой 3,912023 3,912023
невозможной 5,010635 5,010635
туристку 0,076161 0,076161
возобновление 5,010635 5,010635
это 0,020203 0,121216
отметила 3,401197 3,401197
этим 2,302585 4,605170
станет 2,708050 5,416100
сезона 3,624341 3,624341
рост 2,302585 2,302585
предлагает 3,912023 3,912023
незаконна 5,010635 5,010635
сказаться 5,010635 5,010635
прогнозируют 4,317488 4,317488
этих 2,371578 2,371578
две 0,033902 0,033902
очамчире 5,010635 5,010635
рядом 2,813411 2,813411
мотор 0,000000 0,000000
обменивайте 0,047791 0,047791
назвали 2,238047 2,238047
тележками 5,010635 5,010635
нарушает 3,912023 3,912023
цен 3,624341 3,624341
новости 0,000000 0,000000
взыскательные 5,010635 5,010635
построен 5,010635 5,010635
войти 0,000000 0,000000
хорошие 0,013423 0,013423
отключены 1,576648 1,576648
медитации 0,076161 0,076161
дипломат 3,912023 3,912023
кпп 4,317488 4,317488
регионе 2,302585 2,302585
неделе 3,064725 3,064725
уход 0,076161 0,076161
почему 0,899761 1,799523
власти 1,919593 3,839186
директор 2,612740 5,225480
прибыл 0,083382 0,083382
включено 4,317488 8,634976
ждать 2,813411 2,813411
спецпроекты 0,000000 0,000000
захарова 3,218876 3,218876
феврале 2,525729 2,525729
действий 2,813411 2,813411
первый 1,832581 3,665163
игры 0,000000 0,000000
двоих 5,010635 10,021271
эксперты 2,813411 5,626821
отдохнуть 3,624341 3,624341
февраля 1,272966 1,272966
техника 0,000000 0,000000
ссср 0,000000 0,000000
трампа 0,054808 0,054808
события 2,612740 2,612740
абхазские 5,010635 5,010635
отеле 4,317488 4,317488
поскольку 2,238047 6,714140
отвел 0,076161 0,076161
возобновляли 5,010635 5,010635
переход 3,401197 3,401197
международной 3,218876 6,437752
туристического 4,317488 4,317488
железнодорожным 5,010635 5,010635
иностранными 3,912023 3,912023
абхазских 5,010635 10,021271
марта 0,040822 0,081644
против 1,791759 3,583519
зарина 5,010635 5,010635
другие 1,714798 1,714798
главное 0,000000 0,000000
завтраками 5,010635 5,010635
рекомендация 5,010635 5,010635
рекомендацию 5,010635 5,010635
абхазского 5,010635 10,021271
больший 5,010635 5,010635
реакций 0,047791 0,047791
летнего 0,097980 0,195961
реакции 0,047791 0,047791
добираться 5,010635 5,010635
запрета 5,010635 5,010635
собирается 5,010635 5,010635
мини 0,000000 0,000000
других 1,576648 1,576648
компании 2,014903 4,029806
изнасиловал 0,076161 0,076161
стоит 1,791759 1,791759
больших 3,624341 3,624341
курортов 4,317488 4,317488
кризисная 5,010635 5,010635
зеленского 0,068993 0,068993
варианты 3,401197 3,401197
лента 0,000000 0,000000
другими 2,931194 2,931194
тормозит 5,010635 5,010635
летать 4,317488 4,317488
аэропорт 3,218876 19,313255
грузии 3,912023 19,560115
объяснила 3,064725 3,064725
сухум 5,010635 5,010635
призывом 5,010635 5,010635
спорт 0,000000 0,000000
прошлой 3,912023 3,912023
туров 3,624341 7,248682
сфере 2,813411 2,813411
грузия 5,010635 20,042541
помешать 3,624341 10,873023
сильное 5,010635 5,010635
споры 0,097980 0,097980
военной 0,061875 0,061875
четыре 0,040822 0,040822
остановить 2,708050 2,708050
жми 0,013423 0,013423
продолжения 5,010635 5,010635
намерены 4,317488 4,317488
посчитали 3,912023 3,912023
принял 2,931194 2,931194
снижения 3,401197 3,401197
грузинском 5,010635 5,010635
ленту 0,013423 0,013423
затопленного 0,076161 0,076161
гражданской 3,912023 11,736069
грузинское 5,010635 5,010635
сложилась 3,912023 3,912023
являются 2,931194 2,931194
илья 3,064725 3,064725
соседней 5,010635 5,010635
россии 0,425668 2,128339
применения 0,000000 0,000000
раскритиковала 4,317488 4,317488
работал 2,708050 5,416100
обитания 0,000000 0,000000
ценности 0,000000 0,000000
прогнозировать 5,010635 5,010635
адлера 5,010635 5,010635
направления 3,912023 3,912023
рублей 1,514128 6,056511
важно 2,302585 2,302585
материалам 0,047791 0,047791
российские 1,678431 1,678431
впервые 1,919593 1,919593
вернуться 0,013423 0,013423
удобнее 5,010635 5,010635
ваши 0,047791 0,047791
южнее 4,317488 4,317488
открытие 3,624341 7,248682
российским 0,076161 0,076161
процентов 1,875141 1,875141
аэродромной 5,010635 5,010635
нормализовалась 5,010635 5,010635
окажет 5,010635 5,010635
курортах 5,010635 5,010635
выступления 3,218876 3,218876
морской 4,317488 4,317488
ниже 3,624341 3,624341
бюджетной 5,010635 5,010635
интернет 0,000000 0,000000
россия 0,000000 0,000000
россию 1,609438 1,609438
регулярные 3,912023 7,824046
обратился 0,076161 0,152323
туристы 3,401197 3,401197
открытия 3,624341 7,248682
свои 0,027029 0,027029
объяснили 3,064725 3,064725
считаем 5,010635 5,010635
отдыхом 5,010635 5,010635
государстве 4,317488 4,317488
гид 0,076161 0,076161
заинтересовались 4,317488 4,317488
введения 5,010635 5,010635
уволит 0,076161 0,076161
дома 0,061875 0,061875
американский 0,061875 0,061875
пола 0,097980 0,097980
обеспечен 5,010635 5,010635
авиаперевозчиками 5,010635 5,010635
курорты 4,317488 4,317488
работу 1,791759 3,583519
питалев 3,624341 3,624341
багажными 5,010635 5,010635
представитель 2,120264 2,120264
абхазии 5,010635 50,106353
работа 2,708050 2,708050
турпотока 5,010635 5,010635
всероссиямирсобытияпроисшествиямнения 3,401197 3,401197
автомобилями 5,010635 5,010635
российских 1,576648 1,576648
эмоции 0,047791 0,047791
отелей 4,317488 4,317488
отрасли 3,064725 3,064725
зеленским 0,076161 0,076161
специалисты 3,064725 3,064725
мультитура 5,010635 5,010635
пока 1,678431 3,356862
числе 1,714798 1,714798
двум 0,076161 0,076161
вызвала 0,097980 0,097980
выдать 3,401197 3,401197
число 2,014903 2,014903
сети 0,090654 0,090654
работы 1,455287 1,455287
благотворно 5,010635 5,010635
военнослужащим 0,076161 0,076161
трехзвездочном 5,010635 5,010635
обойдутся 5,010635 5,010635
мария 2,525729 2,525729
гагра 5,010635 5,010635
высокого 4,317488 4,317488
всплеск 4,317488 8,634976
дешевле 4,317488 4,317488
материалы 0,000000 0,000000
планам 4,317488 4,317488
интурист 5,010635 5,010635
депутат 0,076161 0,076161
планируют 5,010635 5,010635
прогресс 0,097980 0,097980
призывы 4,317488 4,317488
чикагской 5,010635 5,010635
псоу 5,010635 5,010635
статьи 0,000000 0,000000
турпоток 5,010635 10,021271
гагру 5,010635 5,010635
военно 3,401197 3,401197
форме 0,061875 0,061875
составляет 3,401197 3,401197
культура 0,000000 0,000000
мегасобытием 5,010635 5,010635
настоящее 3,624341 3,624341
силовые 0,000000 0,000000
несмотря 2,120264 2,120264
объявило 4,317488 4,317488
грузинские 5,010635 10,021271
тысяч 1,427116 2,854233
отменил 3,624341 3,624341
открылось 5,010635 5,010635
дня 0,061875 0,061875
абхазия 3,624341 7,248682
абхазию 4,317488 12,952464
традиционно 5,010635 5,010635
лаша 5,010635 5,010635
соотечественников 5,010635 5,010635
ранних 4,317488 4,317488
обстановка 3,624341 3,624341
полтора 3,401197 3,401197
сотрудников 0,076161 0,076161
авиасообщения 5,010635 5,010635
границе 2,813411 2,813411
комментарии 1,484275 1,484275
теряли 4,317488 4,317488
начались 0,068993 0,068993
сервис 3,218876 3,218876
терминами 5,010635 5,010635
сих 2,302585 2,302585
авиагаванью 5,010635 5,010635
полетят 5,010635 5,010635
рекомендательных 0,000000 0,000000
около 1,678431 1,678431
резкого 5,010635 5,010635
оксана 3,912023 3,912023
признала 3,912023 3,912023
авиагавани 5,010635 10,021271
работает 0,040822 0,040822
увлекательные 0,047791 0,047791
риа 1,272966 2,545931
сертификата 5,010635 5,010635
пятницу 4,317488 4,317488
морским 4,317488 4,317488
легче 3,218876 3,218876
переговоры 0,054808 0,054808
объектов 3,912023 3,912023
авиакомпании 3,912023 3,912023
россиян 1,714798 6,859194
эксплуатацию 5,010635 5,010635
обширной 5,010635 5,010635
закавказскую 5,010635 5,010635
маккартни 0,097980 0,097980
министр 2,612740 2,612740
забота 0,000000 0,000000
сбер 0,040822 0,040822
городов 3,401197 3,401197
пожаловать 0,013423 0,013423
использованияполитика 0,000000 0,000000
заметно 3,912023 3,912023
которые 1,181994 1,181994
который 1,272966 1,272966
думаю 2,708050 2,708050
авиагавань 5,010635 5,010635
крупный 0,068993 0,068993
регионам 0,076161 0,076161
агентство 3,064725 3,064725
например 1,791759 1,791759
крупным 0,076161 0,076161
вне 3,912023 3,912023
призвала 3,401197 3,401197
мифическими 5,010635 5,010635
победа 0,000000 0,000000
ценами 3,912023 3,912023
бронирований 5,010635 5,010635
стране 2,177422 2,177422
остались 0,061875 0,061875
страна 1,714798 1,714798
системой 4,317488 4,317488
опечатку 0,000000 0,000000
сми 0,000000 0,000000
туристических 5,010635 5,010635
отмечают 3,401197 6,802395
страны 1,455287 1,455287
жить 2,177422 2,177422
рады 0,068993 0,068993
зависимости 2,813411 2,813411
несколько 1,347074 1,347074
ближе 4,317488 4,317488
место 0,054808 0,054808
акции 0,047791 0,047791
принципы 3,624341 3,624341
мс 0,097980 0,097980
начале 2,177422 2,177422
выступили 3,912023 3,912023
условиях 2,813411 2,813411
благодаря 2,238047 2,238047
отдых 4,317488 8,634976
считается 2,612740 2,612740
география 5,010635 5,010635
экономика 0,000000 0,000000
центре 2,525729 2,525729
абхазией 5,010635 10,021271
сложно 2,525729 2,525729
союзе 3,912023 3,912023
организации 2,708050 2,708050
пицунда 5,010635 5,010635
строительство 5,010635 5,010635
едином 5,010635 5,010635
осетии 4,317488 4,317488
дзагоева 5,010635 5,010635
выяснила 5,010635 5,010635
интереса 4,317488 8,634976
влияние 2,371578 2,371578
военных 1,966113 1,966113
летних 5,010635 5,010635
исхода 3,912023 3,912023
реальный 0,013423 0,013423
безопасности 2,177422 2,177422
развитие 3,401197 3,401197
перерыва 3,624341 7,248682
аналогичные 4,317488 4,317488
году 1,373049 2,746098
правды 0,068993 0,068993
условии 4,317488 4,317488
тысячи 0,068993 0,206979
интересе 5,010635 5,010635
официальный 3,064725 3,064725
дарсалиязамглавы 5,010635 5,010635
оккупации 2,612740 2,612740
рейсы 3,912023 11,736069
хочет 1,966113 1,966113
грузино 5,010635 5,010635
годах 2,931194 2,931194
предрек 0,076161 0,076161
города 1,714798 3,429597
алексей 1,919593 1,919593
городе 0,061875 0,061875
уровня 3,401197 3,401197
премьер 2,525729 2,525729
конвенции 5,010635 5,010635
значительно 3,401197 6,802395
года 0,899761 0,899761
жителей 1,966113 1,966113
сухуме 5,010635 10,021271
каретами 5,010635 5,010635
стоимость 2,371578 7,114734
заявили 0,076161 0,076161
алеан 5,010635 5,010635
сухума 5,010635 10,021271
закавказской 5,010635 5,010635
видеть 0,013423 0,013423
необходимой 4,317488 4,317488
наука 0,000000 0,000000
касается 3,218876 3,218876
сухумом 5,010635 5,010635
якобы 2,813411 2,813411
условия 2,371578 2,371578
