зеленского 0,068993 0,068993
перемирии 0,076161 0,076161
ру 0,000000 0,000000
банк 0,076161 0,076161
факты 3,624341 3,624341
паспортные 5,010635 5,010635
лента 0,000000 0,000000
новые 0,000000 0,000000
спорт 0,000000 0,000000
карты 2,931194 2,931194
качан 3,912023 3,912023
заявил 1,098612 1,098612
сферанедвижимостьгородская 1,966113 1,966113
споры 0,097980 0,097980
согласие 0,047791 0,047791
добро 0,013423 0,013423
военной 0,061875 0,061875
выражаете 0,047791 0,047791
четыре 0,040822 0,040822
жми 0,013423 0,013423
помощью 0,047791 0,047791
добра 0,013423 0,026846
возможности 2,238047 6,714140
ленту 0,013423 0,013423
затопленного 0,076161 0,076161
фото 0,061875 0,123751
водой 0,061875 0,061875
применения 0,000000 0,000000
бресонов 5,010635 5,010635
лишился 2,931194 8,793581
технологиймини 0,000000 0,000000
госуслуги 5,010635 5,010635
коммерсантъ 2,708050 2,708050
оценивайте 0,047791 0,047791
обитания 0,000000 0,000000
ценности 0,000000 0,000000
рублей 1,514128 3,028255
материалам 0,047791 0,047791
конфиденциальности 0,047791 0,047791
вернуться 0,013423 0,013423
мир 0,000000 0,000000
общая 4,317488 4,317488
связи 2,120264 2,120264
ваши 0,047791 0,047791
российским 0,076161 0,076161
нажмите 0,000000 0,000000
сообщают 3,218876 3,218876
получайте 0,047791 0,047791
житель 4,317488 8,634976
необходимо 2,120264 2,120264
погружайтесь 0,047791 0,047791
личного 3,401197 3,401197
накопленных 4,317488 4,317488
бывший 0,000000 0,000000
проблемы 0,076161 0,076161
всегосэкономикабизнесрынкикапиталсоциальная 1,966113 1,966113
накапливайте 0,047791 0,047791
интернет 0,000000 0,000000
россия 0,000000 0,000000
ооо 0,000000 0,000000
обратился 0,076161 0,076161
деактивирована 0,013423 0,013423
аферистам 5,010635 5,010635
путешествия 0,000000 0,000000
отдела 0,579818 0,579818
свои 0,027029 0,027029
хотят 2,708050 2,708050
продления 3,912023 3,912023
средства 3,218876 6,437752
сыктывкара 5,010635 10,021271
накопленные 5,010635 5,010635
ранее 1,003302 1,003302
убедили 3,624341 7,248682
данные 2,612740 2,612740
представились 4,317488 4,317488
номером 4,317488 4,317488
структуры 0,000000 0,000000
индии 0,076161 0,076161
гид 0,076161 0,076161
хочешь 0,013423 0,013423
аргумент 5,010635 5,010635
нашли 0,000000 0,000000
пляжных 0,097980 0,097980
уволит 0,076161 0,076161
дома 0,061875 0,061875
американский 0,061875 0,061875
обычную 0,013423 0,013423
пола 0,097980 0,097980
внешность 0,097980 0,097980
россиянин 3,218876 6,437752
украинском 0,076161 0,076161
света 0,054808 0,054808
россиянином 5,010635 5,010635
галереи 0,000000 0,000000
лишила 5,010635 5,010635
белоусов 0,076161 0,076161
телефон 3,624341 3,624341
эмоции 0,047791 0,047791
зеленским 0,076161 0,076161
счет 2,931194 2,931194
условиями 0,040822 0,081644
двум 0,076161 0,076161
оформить 5,010635 5,010635
вызвала 0,097980 0,097980
сети 0,090654 0,090654
которому 2,813411 2,813411
военнослужащим 0,076161 0,076161
составила 3,912023 3,912023
сообщение 3,401197 3,401197
читайте 0,040822 0,040822
сумма 3,401197 3,401197
представившийся 5,010635 5,010635
связался 4,317488 4,317488
злоумышленники 4,317488 4,317488
квартиры 2,813411 2,813411
купить 3,401197 10,203592
байконур 0,097980 0,097980
редакциярекламаконтактыпресс 0,000000 0,000000
квартиру 3,064725 12,258901
материалы 0,000000 0,000000
видео 0,000000 0,000000
похитить 4,317488 4,317488
депутат 0,076161 0,076161
прогресс 0,097980 0,097980
позвонил 5,010635 5,010635
статьи 0,000000 0,000000
форме 0,061875 0,061875
последние 0,090654 0,090654
предрекли 0,076161 0,076161
культура 0,000000 0,000000
обсудить 0,456758 0,456758
силовые 0,000000 0,000000
архив 0,000000 0,000000
тысяч 1,427116 1,427116
дня 0,061875 0,061875
сша 0,040822 0,040822
недвижимость 3,401197 3,401197
среда 0,000000 0,000000
неизвестный 5,010635 5,010635
оператором 4,317488 4,317488
раскрытии 0,076161 0,076161
редактор 0,567984 0,567984
тыс 4,317488 4,317488
скидки 0,047791 0,047791
сотрудников 0,076161 0,076161
эксклюзивы 0,000000 0,000000
российском 0,076161 0,076161
выражайте 0,047791 0,047791
сим 3,624341 3,624341
пришло 3,064725 3,064725
начались 0,068993 0,068993
неизлечимо 3,401197 3,401197
рекомендательных 0,000000 0,000000
конфликте 0,076161 0,076161
климат 1,919593 1,919593
продолжая 0,047791 0,047791
работает 0,040822 0,040822
увлекательные 0,047791 0,047791
средаклимат 1,966113 1,966113
риелторами 4,317488 4,317488
переговоры 0,054808 0,054808
покупку 5,010635 5,010635
конфиденциальностиправила 0,000000 0,000000
бонусы 0,047791 0,095581
продали 3,912023 3,912023
политикой 0,047791 0,047791
сотовой 5,010635 5,010635
маккартни 0,097980 0,097980
отдал 5,010635 10,021271
жильцы 0,076161 0,076161
жизни 0,000000 0,000000
андрей 3,064725 3,064725
забота 0,000000 0,000000
сбер 0,040822 0,040822
пожаловать 0,013423 0,013423
использованияполитика 0,000000 0,000000
крупный 0,068993 0,068993
пенсионерку 3,912023 3,912023
регионам 0,076161 0,076161
крупным 0,076161 0,076161
группа 2,813411 2,813411
это 0,020203 0,020203
туристку 0,076161 0,076161
собеседнику 5,010635 5,010635
победа 0,000000 0,000000
портале 5,010635 5,010635
обманула 4,317488 4,317488
ущерба 4,317488 4,317488
кабинета 5,010635 5,010635
остались 0,061875 0,061875
две 0,033902 0,033902
телефона 3,624341 3,624341
сбережения 4,317488 4,317488
мотор 0,000000 0,000000
обменивайте 0,047791 0,047791
опечатку 0,000000 0,000000
сми 0,000000 0,000000
собеседника 3,912023 3,912023
рады 0,068993 0,068993
мошенники 2,931194 2,931194
предоставить 3,912023 3,912023
новости 0,000000 0,000000
войти 0,000000 0,000000
летним 3,624341 3,624341
место 0,054808 0,054808
акции 0,047791 0,047791
хорошие 0,013423 0,013423
мс 0,097980 0,097980
больную 3,401197 3,401197
александра 2,445686 2,445686
медитации 0,076161 0,076161
экономика 0,000000 0,000000
уход 0,076161 0,076161
мошенников 2,708050 10,832201
смоленской 4,317488 4,317488
прибыл 0,083382 0,083382
области 1,399717 1,399717
спецпроекты 0,000000 0,000000
жилья 3,912023 3,912023
жилье 3,912023 3,912023
вынудили 3,912023 3,912023
реальный 0,013423 0,013423
игры 0,000000 0,000000
безопасности 2,177422 2,177422
мужчина 2,371578 2,371578
техника 0,000000 0,000000
ссср 0,000000 0,000000
правды 0,068993 0,068993
мошенникам 4,317488 4,317488
трампа 0,054808 0,054808
тысячи 0,068993 0,068993
доверенность 4,317488 4,317488
отвел 0,076161 0,076161
предрек 0,076161 0,076161
марта 0,040822 0,040822
городе 0,061875 0,061875
главное 0,000000 0,000000
безопасный 4,317488 4,317488
перевести 4,317488 4,317488
реакций 0,047791 0,047791
летнего 0,097980 0,097980
заявили 0,076161 0,076161
реакции 0,047791 0,047791
мини 0,000000 0,000000
экологияделовой 1,966113 1,966113
видеть 0,013423 0,013423
изнасиловал 0,076161 0,076161
взломе 5,010635 5,010635
наука 0,000000 0,000000
согласился 2,612740 2,612740
