зеленского 0,068993 0,068993
перемирии 0,076161 0,076161
ру 0,000000 0,000000
банк 0,076161 0,076161
изображением 5,010635 5,010635
лента 0,000000 0,000000
новые 0,000000 0,000000
свидетельства 5,010635 5,010635
помещения 4,317488 4,317488
спорт 0,000000 0,000000
жуткие 3,912023 3,912023
споры 0,097980 0,097980
согласие 0,047791 0,047791
добро 0,013423 0,013423
военной 0,061875 0,061875
выражаете 0,047791 0,047791
четыре 0,040822 0,040822
страдивари 5,010635 5,010635
камеры 3,218876 3,218876
археологов 5,010635 5,010635
совместная 5,010635 5,010635
жми 0,013423 0,013423
пришлось 2,371578 2,371578
правила 2,813411 2,813411
помощью 0,047791 0,047791
увенчанной 5,010635 5,010635
предположений 5,010635 5,010635
принадлежит 3,624341 3,624341
добра 0,013423 0,026846
скудными 5,010635 5,010635
ленту 0,013423 0,013423
затопленного 0,076161 0,076161
фото 0,061875 0,123751
раскопок 5,010635 10,021271
царя 5,010635 10,021271
лет 0,967584 2,902752
сохаг 5,010635 5,010635
сама 2,813411 2,813411
водой 0,061875 0,061875
коллекция 5,010635 5,010635
клада 5,010635 5,010635
богинь 5,010635 5,010635
применения 0,000000 0,000000
технологиймини 0,000000 0,000000
оценивайте 0,047791 0,047791
течение 2,120264 2,120264
обитания 0,000000 0,000000
фактическом 5,010635 5,010635
ценности 0,000000 0,000000
землю 3,064725 3,064725
династии 3,624341 25,370387
моллюски 5,010635 5,010635
материалам 0,047791 0,047791
конфиденциальности 0,047791 0,047791
исиды 5,010635 5,010635
вернуться 0,013423 0,013423
мир 0,000000 0,000000
ваши 0,047791 0,047791
привела 2,525729 2,525729
российским 0,076161 0,076161
нажмите 0,000000 0,000000
оставить 3,401197 3,401197
получайте 0,047791 0,047791
тайниках 5,010635 5,010635
гебель 5,010635 5,010635
обнаружили 3,218876 3,218876
анубис 5,010635 5,010635
погружайтесь 0,047791 0,047791
метров 3,064725 6,129450
значительной 3,912023 3,912023
царской 3,624341 7,248682
бывший 0,000000 0,000000
время 0,762140 0,762140
проблемы 0,076161 0,076161
накапливайте 0,047791 0,047791
интернет 0,000000 0,000000
россия 0,000000 0,000000
клады 5,010635 5,010635
ооо 0,000000 0,000000
обратился 0,076161 0,076161
деактивирована 0,013423 0,013423
существовании 4,317488 4,317488
абидосе 5,010635 10,021271
путешествия 0,000000 0,000000
свои 0,027029 0,027029
абидоса 5,010635 10,021271
ранее 1,003302 1,003302
января 1,791759 1,791759
археологам 5,010635 5,010635
структуры 0,000000 0,000000
индии 0,076161 0,076161
гид 0,076161 0,076161
древнюю 5,010635 5,010635
хочешь 0,013423 0,013423
пляжных 0,097980 0,097980
нашли 0,000000 0,000000
уволит 0,076161 0,076161
сенебкая 5,010635 10,021271
дома 0,061875 0,061875
состоит 3,912023 3,912023
американский 0,061875 0,061875
обычную 0,013423 0,013423
пола 0,097980 0,097980
правителю 5,010635 5,010635
антонина 5,010635 5,010635
степени 3,624341 3,624341
внешность 0,097980 0,097980
украшения 4,317488 4,317488
украинском 0,076161 0,076161
света 0,054808 0,054808
работа 2,708050 2,708050
сырцового 5,010635 5,010635
полагают 3,912023 3,912023
вселюдизвериедапроисшествияперсонысчастливчикианомалии 2,813411 2,813411
галереи 0,000000 0,000000
белоусов 0,076161 0,076161
эмоции 0,047791 0,047791
зеленским 0,076161 0,076161
надписей 5,010635 5,010635
однако 1,249435 1,249435
дьявола 5,010635 5,010635
мистические 5,010635 5,010635
числе 1,714798 1,714798
условиями 0,040822 0,081644
двум 0,076161 0,076161
вызвала 0,097980 0,097980
сети 0,090654 0,090654
военнослужащим 0,076161 0,076161
династию 5,010635 5,010635
нидерландах 4,317488 4,317488
находки 5,010635 5,010635
черташ 5,010635 5,010635
читайте 0,040822 0,040822
расположены 4,317488 4,317488
называемыми 3,912023 3,912023
находке 5,010635 5,010635
язычников 5,010635 5,010635
царская 5,010635 10,021271
байконур 0,097980 0,097980
редакциярекламаконтактыпресс 0,000000 0,000000
древних 5,010635 5,010635
египетских 5,010635 5,010635
материалы 0,000000 0,000000
новому 3,624341 3,624341
видео 0,000000 0,000000
депутат 0,076161 0,076161
прогресс 0,097980 0,097980
статьи 0,000000 0,000000
ходе 1,791759 1,791759
верхним 5,010635 5,010635
форме 0,061875 0,061875
последние 0,090654 0,090654
предрекли 0,076161 0,076161
культура 0,000000 0,000000
обсудить 0,456758 0,456758
происшествия 3,064725 3,064725
называемую 5,010635 5,010635
силовые 0,000000 0,000000
монолиты 5,010635 5,010635
возрастом 4,317488 8,634976
архив 0,000000 0,000000
захоронения 5,010635 5,010635
указано 4,317488 4,317488
дня 0,061875 0,061875
экспертов 3,624341 3,624341
добраться 3,218876 3,218876
сша 0,040822 0,040822
странные 5,010635 5,010635
пенсильванского 5,010635 5,010635
сообщалось 2,931194 2,931194
среда 0,000000 0,000000
раскрытии 0,076161 0,076161
погребенного 5,010635 5,010635
эры 5,010635 5,010635
позволяет 2,612740 2,612740
скидки 0,047791 0,047791
сотрудников 0,076161 0,076161
внутри 2,445686 2,445686
составляла 3,912023 3,912023
эксклюзивы 0,000000 0,000000
российском 0,076161 0,076161
сводами 5,010635 5,010635
выражайте 0,047791 0,047791
теме 1,514128 1,514128
гравюры 5,010635 5,010635
царскую 5,010635 5,010635
абидос 5,010635 10,021271
начались 0,068993 0,068993
входа 5,010635 5,010635
неубедительными 5,010635 5,010635
юге 5,010635 5,010635
рекомендательных 0,000000 0,000000
около 1,678431 1,678431
конфликте 0,076161 0,076161
прочие 5,010635 5,010635
продолжая 0,047791 0,047791
справедливость 5,010635 5,010635
работает 0,040822 0,040822
увлекательные 0,047791 0,047791
гробница 4,317488 30,222417
гробницу 3,624341 10,873023
переговоры 0,054808 0,054808
команды 3,218876 3,218876
конфиденциальностиправила 0,000000 0,000000
бонусы 0,047791 0,095581
находок 5,010635 5,010635
предшественнику 5,010635 5,010635
спорили 5,010635 5,010635
политикой 0,047791 0,047791
нераскрытой 5,010635 5,010635
фараонов 5,010635 5,010635
маккартни 0,097980 0,097980
жильцы 0,076161 0,076161
нефтиды 5,010635 5,010635
стройплощадке 5,010635 5,010635
жизни 0,000000 0,000000
берет 3,912023 3,912023
забота 0,000000 0,000000
сбер 0,040822 0,040822
пожаловать 0,013423 0,013423
использованияполитика 0,000000 0,000000
тайну 4,317488 4,317488
некрополе 5,010635 5,010635
египтом 5,010635 5,010635
взглянуть 5,010635 5,010635
возможно 2,813411 2,813411
мухафазе 5,010635 5,010635
крупный 0,068993 0,068993
найдена 4,317488 8,634976
регионам 0,076161 0,076161
крупным 0,076161 0,076161
туристку 0,076161 0,076161
это 0,020203 0,040405
которых 1,678431 1,678431
семь 2,813411 2,813411
победа 0,000000 0,000000
остатках 5,010635 5,010635
остались 0,061875 0,061875
две 0,033902 0,033902
погребальной 5,010635 5,010635
расположенном 4,317488 4,317488
мотор 0,000000 0,000000
подтверждают 4,317488 4,317488
обнаружена 4,317488 4,317488
обменивайте 0,047791 0,047791
опечатку 0,000000 0,000000
загадочную 4,317488 4,317488
сми 0,000000 0,000000
загадки 5,010635 5,010635
первоначально 5,010635 5,010635
бокам 5,010635 5,010635
рады 0,068993 0,068993
новости 0,000000 0,000000
войти 0,000000 0,000000
место 0,054808 0,054808
акции 0,047791 0,047791
хорошие 0,013423 0,013423
археологи 5,010635 15,031906
мс 0,097980 0,097980
медитации 0,076161 0,076161
деньгами 5,010635 5,010635
ученых 4,317488 4,317488
раннему 5,010635 5,010635
экономика 0,000000 0,000000
уход 0,076161 0,076161
которая 1,875141 1,875141
ученые 2,813411 2,813411
апреля 2,612740 2,612740
прибыл 0,083382 0,083382
спецпроекты 0,000000 0,000000
университета 3,912023 3,912023
пишет 2,371578 2,371578
места 3,218876 3,218876
реальный 0,013423 0,013423
игры 0,000000 0,000000
загадочной 3,401197 13,604790
техника 0,000000 0,000000
ссср 0,000000 0,000000
углубиться 5,010635 5,010635
году 1,373049 1,373049
пять 1,576648 1,576648
правды 0,068993 0,068993
трампа 0,054808 0,054808
нашей 2,525729 2,525729
тысячи 0,068993 0,206979
себезолото 5,010635 5,010635
годами 3,064725 3,064725
нашел 2,612740 2,612740
относилась 5,010635 5,010635
иероглифических 5,010635 5,010635
исторические 5,010635 5,010635
кирпича 5,010635 5,010635
поскольку 2,238047 2,238047
археологических 5,010635 5,010635
отвел 0,076161 0,076161
удивительной 5,010635 5,010635
предрек 0,076161 0,076161
высота 5,010635 5,010635
скрипка 5,010635 5,010635
марта 0,040822 0,040822
городе 0,061875 0,061875
имя 2,708050 2,708050
главное 0,000000 0,000000
известняка 5,010635 5,010635
года 0,899761 0,899761
египте 3,401197 13,604790
реакций 0,047791 0,047791
летнего 0,097980 0,097980
заявили 0,076161 0,076161
египта 4,317488 4,317488
реакции 0,047791 0,047791
монеты 5,010635 5,010635
мини 0,000000 0,000000
костей 4,317488 4,317488
видеть 0,013423 0,013423
изнасиловал 0,076161 0,076161
наука 0,000000 0,000000
найденные 4,317488 4,317488
группировку 5,010635 5,010635
самые 1,832581 1,832581
многих 3,401197 3,401197
