перемирии 0,076161 0,076161
иностранных 2,371578 16,601046
ру 0,000000 0,000000
банк 0,076161 0,076161
рф 1,514128 3,028255
совокупности 3,624341 3,624341
полуоткрытую 4,317488 4,317488
новые 0,000000 0,000000
освободившиеся 4,317488 4,317488
указал 2,525729 2,525729
местный 3,624341 3,624341
вынужденного 4,317488 4,317488
заявил 1,098612 1,098612
сферанедвижимостьгородская 1,966113 1,966113
ситуации 2,014903 2,014903
согласие 0,047791 0,047791
добро 0,013423 0,013423
правкомиссия 4,317488 4,317488
выражаете 0,047791 0,047791
процентами 4,317488 4,317488
акционеров 3,912023 3,912023
помощью 0,047791 0,095581
должно 3,624341 7,248682
недружественными 4,317488 4,317488
таким 2,014903 2,014903
стабильные 4,317488 4,317488
ухватиться 3,912023 3,912023
подчеркнул 2,525729 7,577186
передали 3,912023 3,912023
обратно 3,401197 6,802395
александр 1,832581 7,330326
та 2,813411 2,813411
добра 0,013423 0,026846
компаниям 3,624341 3,624341
должны 2,066196 4,132393
словам 1,272966 2,545931
иностранные 3,064725 9,194175
г 3,064725 3,064725
те 1,919593 3,839186
попытается 3,624341 3,624341
ниши 3,624341 7,248682
фото 0,061875 0,371252
поступало 4,317488 4,317488
политика 1,576648 1,576648
лет 0,967584 3,870336
компаниях 3,912023 3,912023
использованием 3,624341 3,624341
м 2,066196 2,066196
иностранным 3,218876 3,218876
иностранный 3,912023 3,912023
такие 2,120264 2,120264
водой 0,061875 0,061875
выкуп 3,912023 3,912023
технологиймини 0,000000 0,000000
оценивайте 0,047791 0,047791
течение 2,120264 2,120264
какие 1,875141 1,875141
назвал 1,347074 2,694147
ответа 3,401197 3,401197
слухи 3,624341 10,873023
конфиденциальности 0,047791 0,047791
готова 3,064725 3,064725
мир 0,000000 0,000000
каких 2,612740 2,612740
нажмите 0,000000 0,000000
должна 2,931194 5,862388
получайте 0,047791 0,047791
вторых 3,401197 3,401197
уточнил 3,401197 3,401197
погружайтесь 0,047791 0,047791
сомнением 3,912023 3,912023
бывший 0,000000 0,000000
госэкономика 3,624341 3,624341
проблемы 0,076161 0,076161
всегосэкономикабизнесрынкикапиталсоциальная 1,966113 1,966113
автомобильных 4,317488 4,317488
накапливайте 0,047791 0,047791
ооо 0,000000 0,000000
деактивирована 0,013423 0,013423
сценария 4,317488 4,317488
путешествия 0,000000 0,000000
отдела 0,579818 0,579818
хотят 2,708050 2,708050
согласования 4,317488 4,317488
максимально 3,218876 3,218876
имени 2,708050 2,708050
структуры 0,000000 0,000000
индии 0,076161 0,076161
хочешь 0,013423 0,013423
осуществляются 4,317488 4,317488
ушли 3,912023 3,912023
нашли 0,000000 0,000000
пляжных 0,097980 0,097980
автопром 4,317488 4,317488
рассуждал 4,317488 4,317488
обычную 0,013423 0,013423
обесценит 4,317488 4,317488
легко 2,813411 2,813411
понимания 3,624341 3,624341
вице 3,401197 6,802395
внешность 0,097980 0,097980
снова 2,813411 2,813411
украинском 0,076161 0,076161
света 0,054808 0,054808
первую 2,238047 4,476093
начать 2,445686 2,445686
публикации 3,401197 3,401197
эффективного 4,317488 4,317488
задачи 2,931194 2,931194
ближайшем 3,624341 3,624341
галереи 0,000000 0,000000
маловероятной 4,317488 4,317488
комплектующих 4,317488 4,317488
белоусов 0,076161 0,076161
брендом 3,912023 3,912023
кормилицына 3,401197 6,802395
чувствительная 4,317488 4,317488
запчастей 4,317488 4,317488
однако 1,249435 2,498870
зарубежных 3,218876 3,218876
брендов 3,624341 7,248682
условиями 0,040822 0,081644
могут 1,455287 2,910574
читайте 0,040822 0,040822
активы 4,317488 4,317488
байконур 0,097980 0,097980
редакциярекламаконтактыпресс 0,000000 0,000000
иметь 3,064725 3,064725
фирмы 4,317488 4,317488
видео 0,000000 0,000000
добросовестного 4,317488 4,317488
денис 3,624341 7,248682
исключил 3,624341 3,624341
небольшую 3,624341 3,624341
самостоятельный 3,912023 3,912023
машины 2,612740 2,612740
автоконцерна 4,317488 4,317488
персонал 3,624341 3,624341
путина 1,514128 1,514128
импортозамещения 4,317488 8,634976
последние 0,090654 0,090654
предрекли 0,076161 0,076161
ориентируется 4,317488 4,317488
возобновить 3,912023 7,824046
подешевеют 3,912023 3,912023
момент 1,714798 3,429597
некоторые 2,445686 7,337058
архив 0,000000 0,000000
съезде 3,624341 3,624341
середине 3,218876 3,218876
сможет 2,445686 4,891372
уважением 3,912023 3,912023
сша 0,040822 0,040822
первыми 3,912023 3,912023
говорил 2,708050 2,708050
оставляя 4,317488 4,317488
среда 0,000000 0,000000
одновременно 3,218876 3,218876
раскрытии 0,076161 0,076161
убеждена 3,912023 3,912023
отметив 3,401197 3,401197
собственность 3,912023 3,912023
среди 1,714798 1,714798
скидки 0,047791 0,047791
эксклюзивы 0,000000 0,000000
российском 0,076161 0,076161
выражайте 0,047791 0,047791
сохранили 4,317488 4,317488
думают 3,912023 3,912023
платформой 4,317488 4,317488
конфликте 0,076161 0,076161
климат 1,919593 1,919593
продолжая 0,047791 0,047791
предположила 4,317488 4,317488
средаклимат 1,966113 1,966113
екатерина 2,708050 2,708050
рынок 2,177422 13,064532
лентой 2,371578 2,371578
предпринимателей 3,064725 6,129450
должен 2,371578 2,371578
выгонялись 3,912023 3,912023
избавляясь 4,317488 4,317488
будут 1,919593 3,839186
названных 4,317488 4,317488
возвращение 3,401197 10,203592
бренды 3,912023 11,736069
конфиденциальностиправила 0,000000 0,000000
прозрачной 3,624341 3,624341
бонусы 0,047791 0,095581
москвы 1,832581 1,832581
политикой 0,047791 0,047791
возвращении 3,064725 9,194175
жильцы 0,076161 0,076161
систему 2,708050 2,708050
жизни 0,000000 0,000000
процента 2,813411 2,813411
минфина 3,624341 10,873023
большинства 3,912023 3,912023
одним 1,966113 1,966113
работать 2,120264 8,481054
решетников 4,317488 4,317488
раньше 2,371578 2,371578
объявил 2,813411 2,813411
туристку 0,076161 0,076161
это 0,020203 0,060608
цифровых 4,317488 4,317488
предусмотреть 4,317488 8,634976
разговоре 2,708050 2,708050
лука 4,317488 4,317488
мантуров 4,317488 12,952464
две 0,033902 0,033902
момента 2,931194 5,862388
нашим 3,624341 3,624341
комиссия 3,624341 3,624341
менеджменту 3,912023 3,912023
вряд 2,612740 2,612740
мотор 0,000000 0,000000
обменивайте 0,047791 0,047791
назвали 2,238047 2,238047
светит 3,912023 3,912023
фирм 4,317488 4,317488
эффект 3,912023 3,912023
создаваться 3,912023 3,912023
ведения 4,317488 4,317488
новости 0,000000 0,000000
войти 0,000000 0,000000
европейские 3,064725 3,064725
хорошие 0,013423 0,013423
выкупа 3,624341 3,624341
отключены 1,576648 1,576648
медитации 0,076161 0,076161
первых 2,612740 5,225480
относиться 3,218876 3,218876
особых 3,624341 3,624341
действия 2,302585 2,302585
минпромторге 4,317488 4,317488
чаще 2,708050 2,708050
ухода 3,912023 3,912023
уход 0,076161 0,076161
риски 3,401197 3,401197
правительственная 4,317488 4,317488
власти 1,919593 1,919593
директор 2,612740 2,612740
тьерри 4,317488 4,317488
могли 2,371578 2,371578
прибыл 0,083382 0,083382
рынке 2,708050 5,416100
ждать 2,813411 2,813411
спецпроекты 0,000000 0,000000
российскому 3,912023 3,912023
уверен 2,612740 2,612740
оставляли 4,317488 4,317488
рынка 2,612740 5,225480
партнерам 4,317488 4,317488
ушедшие 3,912023 3,912023
гарантии 3,624341 3,624341
первым 2,238047 2,238047
защиты 3,218876 3,218876
путин 1,203973 6,019864
уходя 3,912023 3,912023
объединенных 4,317488 4,317488
теории 4,317488 4,317488
первый 1,832581 3,665163
игры 0,000000 0,000000
февраля 1,272966 5,091863
техника 0,000000 0,000000
ссср 0,000000 0,000000
бизнеса 2,931194 17,587163
трампа 0,054808 0,054808
рэу 4,317488 4,317488
нашей 2,525729 2,525729
подобного 3,401197 3,401197
дел 3,064725 3,064725
вопрос 1,832581 1,832581
появляться 3,912023 3,912023
выполнить 4,317488 4,317488
нашем 3,218876 3,218876
ростех 3,912023 3,912023
цифрового 4,317488 4,317488
компания 2,371578 7,114734
отвел 0,076161 0,076161
деятельности 3,401197 3,401197
возвращения 2,445686 26,902545
марта 0,040822 0,122466
обязательные 4,317488 4,317488
главное 0,000000 0,000000
мнение 2,813411 2,813411
французский 3,912023 7,824046
автобренда 4,317488 4,317488
другим 2,813411 2,813411
срок 2,612740 2,612740
концерн 4,317488 4,317488
реакций 0,047791 0,047791
летнего 0,097980 0,097980
реакции 0,047791 0,047791
выступая 3,912023 3,912023
мини 0,000000 0,000000
других 1,576648 3,153296
технологий 3,064725 3,064725
компаний 2,525729 20,205829
напомнил 2,813411 5,626821
компании 2,014903 14,104321
поясняли 4,317488 4,317488
экологияделовой 1,966113 1,966113
беседе 2,445686 2,445686
автоваз 3,401197 6,802395
изнасиловал 0,076161 0,076161
пьетон 4,317488 4,317488
возвращенцам 4,317488 4,317488
стоит 1,791759 1,791759
успешно 2,813411 2,813411
чувствительным 4,317488 4,317488
зеленского 0,068993 0,068993
ключевых 2,931194 2,931194
ответственного 4,317488 4,317488
лента 0,000000 0,000000
исходить 3,624341 3,624341
автогигант 4,317488 4,317488
спорт 0,000000 0,000000
разработать 3,218876 3,218876
отечественных 3,401197 3,401197
споры 0,097980 0,097980
автомобили 3,218876 3,218876
военной 0,061875 0,061875
четыре 0,040822 0,040822
иная 4,317488 4,317488
жми 0,013423 0,013423
подчеркивал 4,317488 4,317488
глава 1,643339 8,216697
возможности 2,238047 4,476093
сохранить 2,525729 2,525729
сделали 3,218876 3,218876
появились 1,875141 1,875141
ленту 0,013423 0,013423
стала 1,576648 1,576648
затопленного 0,076161 0,076161
перешли 3,401197 3,401197
перспективах 4,317488 8,634976
россии 0,425668 2,979675
применения 0,000000 0,000000
профильного 4,317488 4,317488
обитания 0,000000 0,000000
ценности 0,000000 0,000000
прочего 4,317488 4,317488
важно 2,302585 2,302585
материалам 0,047791 0,047791
вернуться 0,013423 0,147653
ваши 0,047791 0,047791
очередь 2,177422 6,532266
российским 0,076161 0,152323
российский 1,484275 7,421374
президента 1,455287 1,455287
рспп 3,624341 10,873023
оговаривала 4,317488 4,317488
тех 2,120264 2,120264
январе 2,813411 2,813411
необходимо 2,120264 4,240527
шести 2,445686 2,445686
речь 2,525729 7,577186
конце 2,525729 2,525729
спустя 1,832581 1,832581
интернет 0,000000 0,000000
россия 0,000000 0,000000
россию 1,609438 11,266065
обратился 0,076161 0,076161
конца 2,708050 2,708050
шесть 2,525729 2,525729
государства 2,708050 5,416100
считает 2,445686 4,891372
свой 2,177422 2,177422
свои 0,027029 0,054057
говорили 2,813411 2,813411
ведомости 3,912023 3,912023
гид 0,076161 0,076161
поручил 2,931194 8,793581
де 3,624341 3,624341
уволит 0,076161 0,076161
владеет 4,317488 4,317488
сообщений 4,317488 4,317488
дома 0,061875 0,061875
новикова 4,317488 4,317488
американский 0,061875 0,061875
пола 0,097980 0,097980
работу 1,791759 3,583519
кристина 3,218876 6,437752
продолжили 3,912023 7,824046
представитель 2,120264 4,240527
руководство 3,401197 3,401197
опционы 4,317488 4,317488
услуг 3,064725 3,064725
западного 3,624341 3,624341
взаимосвязанных 4,317488 4,317488
эмоции 0,047791 0,047791
зеленским 0,076161 0,076161
пока 1,678431 6,713723
двум 0,076161 0,076161
кряжев 4,317488 4,317488
вызвала 0,097980 0,097980
сети 0,090654 0,090654
американские 2,931194 2,931194
которому 2,813411 2,813411
военнослужащим 0,076161 0,076161
кроме 1,427116 1,427116
возвращаться 3,218876 3,218876
такую 2,931194 2,931194
правительству 3,912023 3,912023
уважаем 4,317488 4,317488
гальперин 4,317488 4,317488
уважает 4,317488 4,317488
массовом 4,317488 4,317488
правительство 3,912023 3,912023
объяснил 2,120264 2,120264
материалы 0,000000 0,000000
российского 1,484275 4,452824
настаивает 3,912023 3,912023
реализация 4,317488 4,317488
путинпрезидент 3,912023 3,912023
депутат 0,076161 0,152323
газетой 3,912023 3,912023
бизнес 2,612740 2,612740
прогресс 0,097980 0,097980
статьи 0,000000 0,000000
отечественного 4,317488 4,317488
форме 0,061875 0,123751
культура 0,000000 0,000000
решает 4,317488 4,317488
материала 2,931194 2,931194
обратного 4,317488 4,317488
силовые 0,000000 0,000000
дверь 3,064725 3,064725
процедура 3,624341 3,624341
наполовину 4,317488 4,317488
дня 0,061875 0,061875
соответственно 3,064725 3,064725
современных 3,624341 3,624341
опциона 4,317488 8,634976
индивидуальными 4,317488 4,317488
позицию 3,218876 3,218876
дисконтом 3,912023 3,912023
удалось 1,714798 1,714798
западных 3,218876 3,218876
шохин 4,317488 4,317488
щукин 4,317488 4,317488
ответственный 4,317488 4,317488
редактор 0,567984 0,567984
фгуп 4,317488 4,317488
сотрудников 0,076161 0,076161
многие 1,714798 3,429597
поставки 3,401197 3,401197
теме 1,514128 1,514128
комментарии 1,484275 1,484275
начались 0,068993 0,068993
тема 3,401197 3,401197
сформировать 3,912023 3,912023
экономической 3,401197 3,401197
рекомендательных 0,000000 0,000000
оценивает 4,317488 4,317488
оксана 3,912023 3,912023
работает 0,040822 0,040822
плеханова 4,317488 4,317488
управления 2,931194 2,931194
увлекательные 0,047791 0,047791
риа 1,272966 5,091863
право 3,912023 3,912023
переговоры 0,054808 0,054808
выкупить 4,317488 4,317488
оставшиеся 3,624341 3,624341
продали 3,912023 3,912023
максим 2,931194 2,931194
иностранного 4,317488 12,952464
маккартни 0,097980 0,097980
нюанс 3,401197 3,401197
будущем 3,401197 3,401197
шохинглава 4,317488 4,317488
забота 0,000000 0,000000
сбер 0,040822 0,040822
перестали 3,912023 3,912023
уходил 4,317488 8,634976
никакие 3,912023 3,912023
пожаловать 0,013423 0,013423
использованияполитика 0,000000 0,000000
перспективы 2,931194 2,931194
обязана 3,912023 3,912023
управление 3,218876 3,218876
которые 1,181994 2,363988
который 1,272966 1,272966
поэтому 1,966113 1,966113
крупных 3,064725 3,064725
оставили 4,317488 4,317488
крупный 0,068993 0,068993
идет 2,177422 6,532266
писали 3,218876 3,218876
производств 3,912023 3,912023
платон 4,317488 4,317488
регионам 0,076161 0,076161
крупным 0,076161 0,076161
инвестиции 3,624341 3,624341
которых 1,678431 3,356862
победа 0,000000 0,000000
текущий 3,624341 3,624341
стране 2,177422 2,177422
остались 0,061875 0,061875
разрешит 3,912023 3,912023
уступать 4,317488 4,317488
президент 1,347074 4,041221
собираемся 4,317488 4,317488
опечатку 0,000000 0,000000
сми 0,000000 0,000000
госдумы 2,813411 2,813411
проработать 3,912023 7,824046
протекционизма 4,317488 8,634976
страны 1,455287 2,910574
четкого 3,912023 3,912023
рады 0,068993 0,068993
будем 2,612740 2,612740
создание 2,813411 2,813411
стран 2,302585 2,302585
отдельно 3,401197 3,401197
собой 2,014903 2,014903
место 0,054808 0,054808
решений 3,218876 3,218876
акции 0,047791 0,095581
акций 3,912023 11,736069
мс 0,097980 0,097980
продолжена 4,317488 4,317488
отечественном 4,317488 4,317488
расширение 4,317488 4,317488
заключившие 4,317488 4,317488
сложившейся 3,624341 3,624341
экономика 0,000000 0,000000
состав 3,218876 3,218876
промышленников 3,624341 7,248682
ведомства 2,931194 2,931194
выбор 3,064725 6,129450
безусловно 2,708050 2,708050
союза 2,302585 4,605170
организация 3,218876 3,218876
получится 3,624341 3,624341
дмитриева 4,317488 8,634976
рено 4,317488 4,317488
целевого 4,317488 4,317488
решения 2,302585 2,302585
резюмировал 3,912023 3,912023
нами 3,218876 3,218876
элементов 3,912023 3,912023
финансовый 3,912023 3,912023
владимир 1,373049 2,746098
либо 1,919593 1,919593
заключении 4,317488 4,317488
механизм 2,813411 11,253643
опасается 3,624341 3,624341
реальный 0,013423 0,013423
удачной 4,317488 4,317488
году 1,373049 1,373049
сохранил 3,912023 7,824046
правды 0,068993 0,068993
условий 2,813411 2,813411
тысячи 0,068993 0,068993
активов 3,401197 3,401197
поручение 3,624341 3,624341
кафедры 3,912023 3,912023
минэкономразвития 3,912023 3,912023
бывает 3,218876 3,218876
вернуть 2,708050 2,708050
продажи 3,401197 6,802395
предрек 0,076161 0,076161
вернутся 3,624341 3,624341
городе 0,061875 0,061875
премьер 2,525729 5,051457
возможность 2,066196 8,264785
года 0,899761 3,599046
официальных 4,317488 4,317488
информация 2,931194 2,931194
ходят 3,624341 3,624341
стоимость 2,371578 2,371578
заявили 0,076161 0,076161
занять 3,624341 3,624341
заняты 3,401197 6,802395
видеть 0,013423 0,013423
очень 1,347074 1,347074
принятии 4,317488 4,317488
инвестициям 4,317488 4,317488
мео 4,317488 4,317488
наука 0,000000 0,000000
доцент 4,317488 4,317488
подорвет 4,317488 4,317488
обратный 3,912023 3,912023
наличии 4,317488 4,317488
активно 2,708050 2,708050
заранее 3,624341 3,624341
условия 2,371578 4,743156
