перемирии 0,076161 0,152323
леонид 3,401197 6,802395
формуле 3,401197 3,401197
ру 0,000000 0,000000
банк 0,076161 0,076161
артиллерии 3,218876 3,218876
бесспорный 4,317488 4,317488
поведение 3,401197 3,401197
новые 0,000000 0,000000
перемирие 2,931194 2,931194
формулу 4,317488 4,317488
стал 1,203973 1,203973
указал 2,525729 2,525729
наблюдателям 4,317488 4,317488
вокруг 2,525729 2,525729
заявил 1,098612 1,098612
ультиматумов 4,317488 4,317488
слуцкий 4,317488 4,317488
согласие 0,047791 0,047791
добро 0,013423 0,013423
выражаете 0,047791 0,047791
помощью 0,047791 0,047791
таким 2,014903 2,014903
заявлений 3,912023 3,912023
возможное 3,064725 3,064725
перемирия 2,445686 4,891372
внятных 4,317488 4,317488
александр 1,832581 1,832581
сообщил 1,791759 1,791759
готовность 3,218876 3,218876
добра 0,013423 0,026846
человек 1,249435 2,498870
точную 4,317488 4,317488
фото 0,061875 0,247502
принудительной 3,912023 3,912023
бурю 4,317488 8,634976
политика 1,576648 1,576648
разговор 1,791759 8,958797
танков 3,218876 3,218876
водой 0,061875 0,061875
жеста 2,525729 2,525729
взаимном 3,218876 6,437752
технологиймини 0,000000 0,000000
оценивайте 0,047791 0,047791
течение 2,120264 2,120264
назвал 1,347074 1,347074
делам 3,401197 3,401197
конфиденциальности 0,047791 0,047791
удается 3,401197 3,401197
мир 0,000000 0,000000
переключится 4,317488 4,317488
пунктов 2,813411 2,813411
населенных 2,813411 2,813411
нажмите 0,000000 0,000000
должна 2,931194 2,931194
шаг 3,064725 3,064725
получайте 0,047791 0,047791
предприняв 4,317488 4,317488
ответе 4,317488 4,317488
своем 1,919593 1,919593
получается 3,624341 3,624341
провокации 3,218876 3,218876
конкретных 3,912023 3,912023
погружайтесь 0,047791 0,047791
глядишь 4,317488 4,317488
повелась 4,317488 4,317488
бывший 0,000000 0,000000
время 0,762140 0,762140
проблемы 0,076161 0,076161
накапливайте 0,047791 0,047791
телефонного 2,066196 8,264785
предприняли 3,912023 3,912023
ооо 0,000000 0,000000
деактивирована 0,013423 0,013423
бессмысленному 4,317488 4,317488
путешествия 0,000000 0,000000
часов 1,643339 1,643339
отдела 0,579818 0,579818
заговорили 4,317488 4,317488
односторонних 4,317488 4,317488
пристрастным 4,317488 4,317488
готовить 3,064725 3,064725
провокация 2,708050 2,708050
констатировать 3,912023 3,912023
отражены 4,317488 4,317488
продолжалась 4,317488 4,317488
также 0,762140 3,810700
структуры 0,000000 0,000000
параллельмоя 2,177422 2,177422
индии 0,076161 0,076161
востоку 3,064725 3,064725
украина 1,832581 3,665163
хочешь 0,013423 0,013423
нашли 0,000000 0,000000
пляжных 0,097980 0,097980
импульсы 4,317488 4,317488
обычную 0,013423 0,013423
пошла 2,813411 2,813411
украине 1,139434 1,139434
последствия 2,371578 2,371578
вице 3,401197 3,401197
внешность 0,097980 0,097980
территорию 2,612740 2,612740
дескать 4,317488 4,317488
света 0,054808 0,054808
украинском 0,076161 0,152323
киевского 3,401197 3,401197
часа 2,371578 2,371578
дневного 3,218876 6,437752
натиск 4,317488 8,634976
галереи 0,000000 0,000000
белоусов 0,076161 0,076161
кремль 3,218876 3,218876
контексте 3,218876 3,218876
условиями 0,040822 0,081644
минобороны 1,966113 3,932226
дональд 2,238047 2,238047
могут 1,455287 1,455287
читайте 0,040822 0,040822
кремле 2,708050 2,708050
киева 2,612740 5,225480
сферах 4,317488 4,317488
киеву 2,931194 2,931194
стороны 1,643339 1,643339
байконур 0,097980 0,097980
редакциярекламаконтактыпресс 0,000000 0,000000
дают 2,813411 2,813411
всей 2,238047 2,238047
председатель 2,813411 2,813411
всем 1,966113 1,966113
видео 0,000000 0,000000
длился 3,912023 3,912023
вклиниться 3,912023 3,912023
вперед 2,931194 2,931194
значительные 3,912023 3,912023
итогов 3,624341 3,624341
путина 1,514128 9,084766
умении 4,317488 4,317488
выработке 4,317488 4,317488
обороны 2,525729 5,051457
белгородской 2,931194 2,931194
сторона 3,218876 3,218876
последние 0,090654 0,181309
предрекли 0,076161 0,076161
оптимистично 4,317488 4,317488
момент 1,714798 1,714798
обсудить 0,456758 0,456758
виноградов 4,317488 4,317488
архив 0,000000 0,000000
части 2,014903 2,014903
прологом 4,317488 8,634976
константин 2,813411 5,626821
получив 4,317488 4,317488
сша 0,040822 0,285754
лидер 1,919593 1,919593
немножко 3,624341 7,248682
единиц 4,317488 4,317488
практических 4,317488 4,317488
комитета 2,813411 2,813411
среда 0,000000 0,000000
делать 1,966113 1,966113
негативный 3,912023 3,912023
написал 2,525729 2,525729
раскрытии 0,076161 0,076161
прекращением 3,401197 3,401197
отметив 3,401197 3,401197
качестве 2,302585 2,302585
среди 1,714798 1,714798
скидки 0,047791 0,047791
утверждает 2,931194 2,931194
эксклюзивы 0,000000 0,000000
российском 0,076161 0,076161
москве 1,791759 1,791759
выражайте 0,047791 0,047791
стратегического 3,912023 3,912023
москва 2,302585 2,302585
атаки 2,177422 2,177422
методам 4,317488 4,317488
соблюдении 4,317488 4,317488
нижней 4,317488 4,317488
конфликте 0,076161 0,076161
результат 3,064725 3,064725
продолжая 0,047791 0,047791
конфликта 1,919593 3,839186
кратко 4,317488 4,317488
обозначили 4,317488 4,317488
будут 1,919593 1,919593
провели 2,066196 2,066196
энергетики 2,445686 2,445686
конфиденциальностиправила 0,000000 0,000000
сроком 3,912023 3,912023
бонусы 0,047791 0,095581
канале 3,064725 3,064725
москвы 1,832581 5,497744
политикой 0,047791 0,047791
команду 2,708050 2,708050
отметил 1,791759 3,583519
возвращении 3,064725 6,129450
жильцы 0,076161 0,076161
отметили 3,064725 3,064725
стабильности 3,912023 3,912023
жизни 0,000000 0,000000
монолога 4,317488 4,317488
стать 1,875141 3,750282
украинских 1,919593 1,919593
наращивать 3,912023 3,912023
обозначил 3,624341 3,624341
туристку 0,076161 0,076161
это 0,020203 0,060608
энергетической 2,445686 7,337058
экспертные 4,317488 4,317488
ждали 3,218876 3,218876
западной 3,624341 3,624341
дмитриев 4,317488 4,317488
две 0,033902 0,033902
остановки 3,401197 3,401197
рядом 2,813411 2,813411
мотор 0,000000 0,000000
обменивайте 0,047791 0,047791
михаил 2,708050 5,416100
отказе 3,064725 6,129450
белого 2,302585 2,302585
группы 2,238047 2,238047
отказа 3,064725 3,064725
окончания 3,624341 3,624341
новости 0,000000 0,000000
разговора 1,609438 6,437752
войти 0,000000 0,000000
демидовка 3,401197 3,401197
черного 3,401197 3,401197
противнику 3,624341 3,624341
миру 2,371578 4,743156
хорошие 0,013423 0,013423
медитации 0,076161 0,076161
рынков 3,401197 3,401197
мире 1,919593 3,839186
мира 1,576648 3,153296
эр 3,624341 3,624341
политик 3,064725 3,064725
американская 3,218876 3,218876
дипломатия 2,931194 5,862388
уход 0,076161 0,076161
содействовать 4,317488 4,317488
нанесены 4,317488 4,317488
прилесье 3,624341 3,624341
сенатор 4,317488 4,317488
белом 2,371578 4,743156
государственной 3,624341 7,248682
прибыл 0,083382 0,083382
говорят 2,371578 2,371578
области 1,399717 1,399717
спецпроекты 0,000000 0,000000
путин 1,203973 4,815891
сюжетминобороны 4,317488 4,317488
первые 2,371578 2,371578
общения 3,401197 10,203592
игры 0,000000 0,000000
эксперты 2,813411 2,813411
техника 0,000000 0,000000
ссср 0,000000 0,000000
казаков 3,624341 3,624341
пять 1,576648 3,153296
русскую 3,912023 3,912023
минут 2,445686 2,445686
трампа 0,054808 0,493274
рияде 3,624341 3,624341
мнению 2,302585 2,302585
техники 2,813411 2,813411
возвращением 4,317488 4,317488
противником 4,317488 4,317488
акватории 4,317488 4,317488
вопрос 1,832581 1,832581
дмитров 4,317488 4,317488
никто 2,302585 2,302585
поскольку 2,238047 2,238047
отвел 0,076161 0,076161
показаться 3,912023 3,912023
высшем 2,612740 2,612740
переговорную 4,317488 4,317488
марта 0,040822 0,081644
против 1,791759 3,583519
продолжался 3,912023 3,912023
похоже 2,931194 2,931194
главное 0,000000 0,000000
общем 3,401197 3,401197
входивший 4,317488 4,317488
косачев 4,317488 8,634976
дипломатии 4,317488 17,269952
впечатление 3,624341 3,624341
журналистам 3,401197 3,401197
реакций 0,047791 0,047791
летнего 0,097980 0,097980
полагает 2,931194 2,931194
реакции 0,047791 0,047791
мини 0,000000 0,000000
подтвердила 4,317488 4,317488
реакция 2,612740 2,612740
изнасиловал 0,076161 0,076161
трампу 2,612740 2,612740
российско 3,218876 3,218876
распространения 3,401197 3,401197
образом 2,066196 2,066196
результатов 3,912023 7,824046
федерации 3,624341 7,248682
зеленского 0,068993 0,068993
лента 0,000000 0,000000
главы 2,302585 2,302585
урегулирования 3,064725 3,064725
вооружения 3,912023 3,912023
национальных 4,317488 4,317488
диалог 3,064725 3,064725
огнем 3,624341 3,624341
поддержал 2,525729 5,051457
спорт 0,000000 0,000000
сфере 2,813411 2,813411
линии 2,708050 2,708050
переговорах 2,612740 2,612740
прямого 3,624341 3,624341
споры 0,097980 0,097980
борьбе 3,401197 3,401197
военном 3,218876 3,218876
пытались 2,708050 2,708050
военной 0,061875 0,123751
четыре 0,040822 0,040822
жми 0,013423 0,013423
принимайте 4,317488 4,317488
министерстве 4,317488 4,317488
урегулировании 3,912023 3,912023
глава 1,643339 1,643339
министерство 3,218876 3,218876
состава 3,624341 3,624341
ленту 0,013423 0,013423
затопленного 0,076161 0,076161
гуманитарной 4,317488 4,317488
ленты 1,678431 1,678431
наши 2,177422 2,177422
дронов 2,177422 2,177422
россии 0,425668 5,533682
применения 0,000000 0,000000
тяжелораненых 3,218876 3,218876
возможным 3,912023 3,912023
сделан 4,317488 4,317488
обитания 0,000000 0,000000
ценности 0,000000 0,000000
слуцкийдепутат 4,317488 4,317488
палаты 3,401197 3,401197
материалам 0,047791 0,047791
гораздо 3,064725 3,064725
лидеры 3,218876 6,437752
вернуться 0,013423 0,013423
спикер 3,624341 3,624341
ваши 0,047791 0,047791
российским 0,076161 0,076161
кирилл 2,931194 5,862388
российский 1,484275 1,484275
президента 1,455287 2,910574
итогам 2,813411 2,813411
личного 3,401197 3,401197
доброй 2,525729 2,525729
интернет 0,000000 0,000000
россия 0,000000 0,000000
атак 2,931194 2,931194
обратился 0,076161 0,076161
смотреть 2,813411 2,813411
рассказали 1,919593 1,919593
считает 2,445686 2,445686
вопросы 2,120264 2,120264
свои 0,027029 0,027029
эффективной 4,317488 4,317488
европы 2,445686 2,445686
доме 2,014903 4,029806
создаются 3,912023 3,912023
президенты 2,931194 8,793581
гид 0,076161 0,076161
игорь 3,064725 3,064725
нацелены 4,317488 4,317488
уволит 0,076161 0,076161
американских 2,371578 2,371578
необходимость 3,064725 6,129450
дома 0,061875 0,123751
американский 0,061875 0,061875
телефонный 2,525729 7,577186
пола 0,097980 0,097980
нагнетание 4,317488 4,317488
прекращении 2,238047 2,238047
старалась 4,317488 4,317488
двух 1,678431 10,070585
имеется 3,912023 3,912023
интересов 3,218876 3,218876
направлении 2,813411 2,813411
фонда 3,401197 3,401197
эмоции 0,047791 0,047791
духе 4,317488 4,317488
зеленским 0,076161 0,076161
указали 3,064725 3,064725
итоги 2,612740 13,063700
числе 1,714798 1,714798
пока 1,678431 3,356862
достижением 4,317488 4,317488
отреагировал 2,612740 2,612740
двум 0,076161 0,076161
вызвала 0,097980 0,097980
выдать 3,401197 3,401197
сети 0,090654 0,090654
работы 1,455287 1,455287
лидеров 2,708050 5,416100
военнослужащим 0,076161 0,076161
контроля 2,371578 2,371578
отреагировали 2,238047 4,476093
кроме 1,427116 2,854233
пленных 3,624341 3,624341
обменялись 3,401197 3,401197
звонка 3,218876 3,218876
навязать 4,317488 4,317488
материалы 0,000000 0,000000
мобилизации 3,401197 3,401197
положении 3,218876 3,218876
российского 1,484275 1,484275
пользу 3,218876 3,218876
эксперт 2,371578 2,371578
депутат 0,076161 0,076161
ближнему 3,064725 3,064725
прогресс 0,097980 0,097980
статьи 0,000000 0,000000
касающиеся 3,624341 3,624341
дом 2,014903 2,014903
пути 2,445686 2,445686
форме 0,061875 0,061875
материале 2,120264 2,120264
культура 0,000000 0,000000
сторон 3,624341 3,624341
режиме 3,401197 3,401197
моря 3,912023 3,912023
сообщили 2,177422 2,177422
силовые 0,000000 0,000000
вернулась 2,445686 4,891372
режима 2,525729 2,525729
обе 3,624341 3,624341
дня 0,061875 0,123751
подустали 4,317488 4,317488
мнениями 3,218876 3,218876
сорвана 3,624341 3,624341
отношений 2,708050 5,416100
руководством 2,931194 2,931194
редактор 0,567984 0,567984
сотрудников 0,076161 0,076161
мясо 3,624341 3,624341
планировал 4,317488 4,317488
фон 3,624341 3,624341
дней 1,791759 3,583519
план 3,624341 3,624341
начались 0,068993 0,068993
нам 2,525729 2,525729
согласились 3,218876 3,218876
рекомендательных 0,000000 0,000000
рфпи 4,317488 8,634976
работает 0,040822 0,040822
подчеркнули 3,624341 3,624341
увлекательные 0,047791 0,047791
риа 1,272966 1,272966
развязки 4,317488 4,317488
белый 2,525729 2,525729
переговоры 0,054808 0,109616
уязвимость 4,317488 4,317488
предложения 3,218876 3,218876
инициативу 3,401197 3,401197
маккартни 0,097980 0,097980
международным 3,064725 3,064725
совета 2,445686 2,445686
забота 0,000000 0,000000
сбер 0,040822 0,040822
пожаловать 0,013423 0,013423
использованияполитика 0,000000 0,000000
которые 1,181994 1,181994
трамп 1,484275 4,452824
который 1,272966 2,545931
шаги 3,218876 3,218876
инфраструктуры 2,445686 2,445686
воли 2,302585 2,302585
крупный 0,068993 0,068993
регионам 0,076161 0,076161
инвестиций 3,401197 3,401197
крупным 0,076161 0,076161
которых 1,678431 1,678431
косачевсенатор 4,317488 4,317488
разговором 3,624341 3,624341
победа 0,000000 0,000000
совете 4,317488 4,317488
потери 3,064725 3,064725
идеи 2,813411 2,813411
динамики 3,912023 3,912023
остались 0,061875 0,061875
сегодня 1,643339 3,286679
страна 1,714798 1,714798
опечатку 0,000000 0,000000
руководители 3,218876 3,218876
сми 0,000000 0,000000
создать 2,612740 2,612740
америка 4,317488 4,317488
президентов 2,708050 13,540251
шагов 3,912023 3,912023
рады 0,068993 0,068993
ударов 2,302585 4,605170
стран 2,302585 4,605170
виноградовполитолог 4,317488 4,317488
инфраструктуре 2,445686 4,891372
место 0,054808 0,054808
акции 0,047791 0,047791
мс 0,097980 0,097980
ведомстве 2,931194 2,931194
прямых 3,912023 3,912023
тональность 4,317488 4,317488
накануне 2,238047 2,238047
дмитриевглава 4,317488 4,317488
пленными 2,813411 2,813411
улучшения 3,624341 3,624341
экономика 0,000000 0,000000
задействовано 3,912023 3,912023
государств 3,218876 3,218876
вашингтоном 3,912023 3,912023
госдуме 3,218876 3,218876
экономике 3,401197 3,401197
сильная 4,317488 4,317488
ударами 4,317488 4,317488
думы 4,317488 4,317488
украинского 2,445686 4,891372
обменяются 4,317488 4,317488
оценивая 4,317488 4,317488
уровне 2,371578 2,371578
думе 4,317488 4,317488
российская 2,525729 2,525729
геополитической 4,317488 4,317488
владимир 1,373049 1,373049
принести 3,401197 3,401197
либо 1,919593 3,839186
подняли 3,912023 3,912023
переговоров 1,714798 5,144395
реальный 0,013423 0,013423
попытку 3,624341 3,624341
сотрудничество 3,912023 3,912023
сдержать 2,931194 5,862388
последняя 3,912023 3,912023
всу 1,373049 2,746098
политолог 3,064725 3,064725
правды 0,068993 0,068993
результативное 4,317488 4,317488
тысячи 0,068993 0,068993
исторический 3,912023 3,912023
предрек 0,076161 0,076161
городе 0,061875 0,061875
огня 1,678431 1,678431
текущем 3,624341 3,624341
заявило 3,218876 3,218876
передаст 3,064725 3,064725
фронта 3,401197 3,401197
заявили 0,076161 0,304645
безопасным 4,317488 4,317488
принять 3,218876 3,218876
перевооружения 3,912023 3,912023
видеть 0,013423 0,013423
улучшение 4,317488 4,317488
наука 0,000000 0,000000
обсудили 2,931194 5,862388
условия 2,371578 2,371578
