зеленского 0,068993 0,068993
перемирии 0,076161 0,076161
ру 0,000000 0,000000
банк 0,076161 0,076161
рф 1,514128 1,514128
лента 0,000000 0,000000
главы 2,302585 2,302585
новые 0,000000 0,000000
спорт 0,000000 0,000000
сферанедвижимостьгородская 1,966113 1,966113
споры 0,097980 0,097980
согласие 0,047791 0,047791
добро 0,013423 0,013423
военной 0,061875 0,061875
выражаете 0,047791 0,047791
четыре 0,040822 0,040822
жми 0,013423 0,013423
помощью 0,047791 0,047791
подчеркнул 2,525729 2,525729
глава 1,643339 1,643339
добра 0,013423 0,026846
словам 1,272966 1,272966
ленту 0,013423 0,013423
затопленного 0,076161 0,076161
фото 0,061875 0,061875
санкций 2,302585 11,512925
санкции 2,612740 2,612740
водой 0,061875 0,061875
россии 0,425668 2,554007
применения 0,000000 0,000000
технологиймини 0,000000 0,000000
оценивайте 0,047791 0,047791
обитания 0,000000 0,000000
ценности 0,000000 0,000000
стремление 3,218876 3,218876
назвал 1,347074 2,694147
материалам 0,047791 0,047791
конфиденциальности 0,047791 0,047791
вернуться 0,013423 0,013423
мир 0,000000 0,000000
ваши 0,047791 0,047791
российским 0,076161 0,076161
нажмите 0,000000 0,000000
получайте 0,047791 0,047791
погружайтесь 0,047791 0,047791
бывший 0,000000 0,000000
госэкономика 3,624341 3,624341
проблемы 0,076161 0,076161
всегосэкономикабизнесрынкикапиталсоциальная 1,966113 1,966113
конкурентов 3,624341 3,624341
накапливайте 0,047791 0,047791
интернет 0,000000 0,000000
россия 0,000000 0,000000
россию 1,609438 1,609438
ооо 0,000000 0,000000
обратился 0,076161 0,076161
деактивирована 0,013423 0,013423
государства 2,708050 5,416100
путешествия 0,000000 0,000000
свои 0,027029 0,027029
структуры 0,000000 0,000000
индии 0,076161 0,076161
гид 0,076161 0,076161
хочешь 0,013423 0,013423
нашли 0,000000 0,000000
пляжных 0,097980 0,097980
уволит 0,076161 0,076161
точное 3,401197 6,802395
дома 0,061875 0,061875
американский 0,061875 0,061875
обычную 0,013423 0,013423
пола 0,097980 0,097980
озвучил 3,624341 3,624341
введено 5,010635 5,010635
внешность 0,097980 0,097980
украинском 0,076161 0,076161
света 0,054808 0,054808
галереи 0,000000 0,000000
белоусов 0,076161 0,076161
эмоции 0,047791 0,047791
зеленским 0,076161 0,076161
условиями 0,040822 0,081644
двум 0,076161 0,076161
вызвала 0,097980 0,097980
число 2,014903 4,029806
сети 0,090654 0,090654
военнослужащим 0,076161 0,076161
меры 3,064725 3,064725
читайте 0,040822 0,040822
стороны 1,643339 1,643339
байконур 0,097980 0,097980
редакциярекламаконтактыпресс 0,000000 0,000000
материалы 0,000000 0,000000
видео 0,000000 0,000000
депутат 0,076161 0,076161
прогресс 0,097980 0,097980
статьи 0,000000 0,000000
форме 0,061875 0,061875
последние 0,090654 0,090654
предрекли 0,076161 0,076161
культура 0,000000 0,000000
обсудить 0,456758 0,456758
силовые 0,000000 0,000000
архив 0,000000 0,000000
сюжетсанкции 4,317488 4,317488
введенных 3,064725 9,194175
дня 0,061875 0,061875
сша 0,040822 0,040822
среда 0,000000 0,000000
одновременно 3,218876 3,218876
ввели 3,401197 3,401197
раскрытии 0,076161 0,076161
скидки 0,047791 0,047791
сотрудников 0,076161 0,076161
эксклюзивы 0,000000 0,000000
российском 0,076161 0,076161
выражайте 0,047791 0,047791
начались 0,068993 0,068993
рекомендательных 0,000000 0,000000
конфликте 0,076161 0,076161
климат 1,919593 1,919593
продолжая 0,047791 0,047791
работает 0,040822 0,040822
увлекательные 0,047791 0,047791
средаклимат 1,966113 1,966113
эта 2,120264 4,240527
переговоры 0,054808 0,054808
конфиденциальностиправила 0,000000 0,000000
бонусы 0,047791 0,095581
политикой 0,047791 0,047791
маккартни 0,097980 0,097980
жильцы 0,076161 0,076161
жизни 0,000000 0,000000
забота 0,000000 0,000000
сбер 0,040822 0,040822
пожаловать 0,013423 0,013423
использованияполитика 0,000000 0,000000
крупный 0,068993 0,068993
регионам 0,076161 0,076161
крупным 0,076161 0,076161
туристку 0,076161 0,076161
это 0,020203 0,040405
победа 0,000000 0,000000
остались 0,061875 0,061875
две 0,033902 0,033902
президент 1,347074 1,347074
мотор 0,000000 0,000000
обменивайте 0,047791 0,047791
опечатку 0,000000 0,000000
сми 0,000000 0,000000
цифра 3,624341 7,248682
страны 1,455287 1,455287
рады 0,068993 0,068993
стран 2,302585 2,302585
новости 0,000000 0,000000
войти 0,000000 0,000000
место 0,054808 0,054808
акции 0,047791 0,047791
хорошие 0,013423 0,013423
мс 0,097980 0,097980
медитации 0,076161 0,076161
экономика 0,000000 0,000000
уход 0,076161 0,076161
прибыл 0,083382 0,083382
спецпроекты 0,000000 0,000000
количество 1,966113 1,966113
владимир 1,373049 1,373049
путин 1,203973 4,815891
механизм 2,813411 2,813411
реальный 0,013423 0,013423
игры 0,000000 0,000000
развитие 3,401197 3,401197
сдержать 2,931194 2,931194
техника 0,000000 0,000000
ссср 0,000000 0,000000
правды 0,068993 0,068993
трампа 0,054808 0,054808
тысячи 0,068993 0,137986
давления 3,064725 3,064725
бьет 3,401197 6,802395
отвел 0,076161 0,076161
предрек 0,076161 0,076161
общее 2,931194 2,931194
марта 0,040822 0,040822
городе 0,061875 0,061875
против 1,791759 10,750557
другие 1,714798 1,714798
главное 0,000000 0,000000
рекорды 3,218876 6,437752
реакций 0,047791 0,047791
летнего 0,097980 0,097980
заявили 0,076161 0,076161
реакции 0,047791 0,047791
мини 0,000000 0,000000
других 1,576648 1,576648
экологияделовой 1,966113 1,966113
видеть 0,013423 0,013423
временные 4,317488 4,317488
изнасиловал 0,076161 0,076161
наука 0,000000 0,000000
