предупредили 3,064725 3,064725
ру 0,000000 0,000000
голливудские 3,064725 3,064725
выгодного 3,912023 3,912023
новые 0,000000 0,000000
веками 3,064725 3,064725
разведка 3,401197 3,401197
ожидает 2,931194 2,931194
энергообъекту 3,912023 3,912023
крымском 3,064725 3,064725
угону 3,912023 3,912023
пакета 4,317488 4,317488
ответили 2,708050 5,416100
ситуации 2,014903 2,014903
согласие 0,047791 0,047791
добро 0,013423 0,013423
выражаете 0,047791 0,047791
включения 3,624341 3,624341
удар 2,612740 2,612740
готовящемся 3,064725 3,064725
помощью 0,047791 0,047791
заявление 2,445686 2,445686
польши 3,912023 3,912023
массированной 4,317488 4,317488
бывшего 2,445686 2,445686
добра 0,013423 0,026846
вызывающее 3,064725 3,064725
человек 1,249435 1,249435
населения 2,708050 2,708050
десятилетий 3,064725 3,064725
редчайшие 3,064725 3,064725
лет 0,967584 0,967584
санкций 2,302585 2,302585
звезды 2,371578 2,371578
жеста 2,525729 2,525729
суд 1,966113 3,932226
технологиймини 0,000000 0,000000
кривом 4,317488 4,317488
оценивайте 0,047791 0,047791
область 2,238047 4,476093
ачинска 3,912023 3,912023
главные 2,371578 2,371578
сообществом 2,708050 2,708050
назван 2,931194 2,931194
оно 2,445686 2,445686
конфиденциальности 0,047791 0,047791
белгородскую 2,612740 5,225480
мир 0,000000 0,000000
запад 2,525729 2,525729
нажмите 0,000000 0,000000
получайте 0,047791 0,047791
патовой 3,064725 3,064725
стрелке 3,912023 3,912023
погружайтесь 0,047791 0,047791
неразлучны 3,064725 3,064725
стамбула 2,931194 2,931194
бывшим 3,064725 3,064725
бывший 0,000000 0,000000
конец 2,612740 2,612740
накапливайте 0,047791 0,047791
телефонного 2,066196 2,066196
ооо 0,000000 0,000000
сицилию 3,912023 3,912023
деактивирована 0,013423 0,013423
путешествия 0,000000 0,000000
часов 1,643339 1,643339
обожали 2,931194 2,931194
провокация 2,708050 2,708050
предсказания 3,064725 3,064725
резко 2,371578 2,371578
съели 2,813411 2,813411
структуры 0,000000 0,000000
возненавидели 2,931194 2,931194
хочешь 0,013423 0,013423
лукашенко 2,813411 2,813411
нашли 0,000000 0,000000
контрразведывательные 3,064725 3,064725
обычную 0,013423 0,013423
популярном 2,931194 2,931194
украинцами 3,912023 3,912023
украине 1,139434 3,418303
лучшей 2,813411 2,813411
последствия 2,371578 2,371578
света 0,054808 0,054808
миллиона 1,966113 1,966113
украины 1,021651 3,064954
галереи 0,000000 0,000000
кубани 3,064725 3,064725
продуктов 2,445686 2,445686
нелепые 3,064725 3,064725
мирных 2,525729 2,525729
порядок 3,624341 3,624341
условиями 0,040822 0,081644
отчиталось 3,064725 3,064725
контрразведывательных 3,624341 3,624341
минобороны 1,966113 3,932226
читайте 0,040822 0,040822
родителям 3,064725 3,064725
раскрыли 2,302585 2,302585
сицилийская 3,064725 3,064725
редакциярекламаконтактыпресс 0,000000 0,000000
видео 0,000000 0,000000
назло 3,064725 3,064725
раскрыла 2,708050 2,708050
путина 1,514128 6,056511
безутешная 3,064725 3,064725
школьницы 3,624341 3,624341
коза 2,931194 2,931194
россиянка 2,612740 2,612740
одного 2,177422 2,177422
креме 3,064725 3,064725
лето 3,064725 3,064725
летняя 2,177422 2,177422
архив 0,000000 0,000000
сша 0,040822 0,244932
массированную 4,317488 4,317488
неприемлемости 3,218876 3,218876
мифы 3,064725 3,064725
школьница 3,064725 3,064725
названы 2,445686 4,891372
среда 0,000000 0,000000
мошенниками 3,401197 6,802395
скидки 0,047791 0,047791
кредита 3,912023 3,912023
эксклюзивы 0,000000 0,000000
москве 1,791759 1,791759
названо 2,813411 5,626821
выражайте 0,047791 0,047791
атаки 2,177422 2,177422
позже 1,919593 1,919593
продолжая 0,047791 0,047791
атаку 2,931194 2,931194
нефтебазе 3,064725 3,064725
лучший 2,525729 2,525729
опасности 2,813411 2,813411
результаты 2,371578 2,371578
бросают 2,931194 2,931194
энергетики 2,445686 2,445686
конфликту 3,401197 3,401197
конфиденциальностиправила 0,000000 0,000000
бонусы 0,047791 0,095581
исповедь 2,931194 2,931194
москвы 1,832581 1,832581
политикой 0,047791 0,047791
совместного 3,624341 3,624341
разочарование 3,912023 3,912023
перейти 3,064725 3,064725
операций 3,218876 3,218876
жизни 0,000000 0,000000
сын 2,525729 2,525729
операции 1,714798 1,714798
удержать 2,708050 2,708050
веке 2,445686 2,445686
бить 2,931194 2,931194
оформления 3,218876 3,218876
остановку 3,624341 3,624341
занялась 3,064725 3,064725
раскрыл 2,177422 2,177422
аптечном 3,064725 3,064725
это 0,020203 0,040405
легендарным 2,612740 2,612740
интересное 2,931194 2,931194
подготовки 3,064725 3,064725
объектам 2,525729 2,525729
противопехотные 3,912023 3,912023
подвели 3,624341 3,624341
покушении 3,064725 3,064725
последствиях 3,624341 3,624341
две 0,033902 0,033902
ударившего 4,317488 4,317488
прежнее 3,064725 3,064725
мотор 0,000000 0,000000
обменивайте 0,047791 0,047791
покушение 3,624341 3,624341
советско 3,624341 3,624341
ванги 3,064725 3,064725
выполнении 2,931194 2,931194
новости 0,000000 0,000000
разговора 1,609438 4,828314
войти 0,000000 0,000000
хорошие 0,013423 0,013423
россиянам 2,525729 2,525729
недели 2,525729 2,525729
лекарств 3,401197 3,401197
грядущих 3,912023 3,912023
считать 2,445686 2,445686
почему 0,899761 1,799523
ударили 2,931194 2,931194
утратила 3,401197 3,401197
пропавшей 3,912023 3,912023
затем 1,875141 1,875141
разместить 3,218876 3,218876
спецпроекты 0,000000 0,000000
жилья 3,912023 3,912023
пробует 3,064725 3,064725
путин 1,203973 1,203973
назад 1,678431 1,678431
финляндии 3,064725 3,064725
действий 2,813411 2,813411
путиным 1,966113 1,966113
игры 0,000000 0,000000
вещество 3,064725 3,064725
полмиллиона 2,931194 2,931194
февраля 1,272966 1,272966
техника 0,000000 0,000000
ссср 0,000000 0,000000
кладбища 3,064725 3,064725
французских 3,912023 3,912023
пять 1,576648 1,576648
трампа 0,054808 0,164425
пытается 2,177422 2,177422
германии 2,177422 2,177422
разъяснили 3,912023 3,912023
высшем 2,612740 2,612740
мины 3,401197 3,401197
марта 0,040822 0,204110
против 1,791759 1,791759
главное 0,000000 0,000000
финской 3,624341 3,624341
реакций 0,047791 0,047791
реакции 0,047791 0,047791
массово 2,371578 2,371578
мини 0,000000 0,000000
макрона 3,624341 3,624341
увольнений 3,064725 3,064725
вторгнуться 2,931194 2,931194
британией 4,317488 4,317488
попытках 2,612740 5,225480
самые 1,832581 1,832581
обвиняют 2,813411 2,813411
обмане 3,912023 3,912023
популярные 3,064725 3,064725
лента 0,000000 0,000000
жалобу 3,624341 3,624341
диалог 3,064725 3,064725
сквозь 2,931194 2,931194
спорт 0,000000 0,000000
туров 3,624341 3,624341
схемы 3,218876 3,218876
советская 3,624341 3,624341
приказа 2,813411 2,813411
пришельцами 3,064725 3,064725
борьба 2,445686 2,445686
четыре 0,040822 0,040822
жми 0,013423 0,013423
стало 1,181994 3,545982
договоренностей 2,813411 2,813411
ленту 0,013423 0,013423
беспилотники 2,813411 2,813411
доставили 2,708050 2,708050
бесполезны 3,064725 3,064725
проблемах 2,445686 2,445686
стали 1,514128 1,514128
украинская 2,612740 2,612740
дронов 2,177422 4,354844
россии 0,425668 5,108014
применения 0,000000 0,000000
задержали 2,302585 2,302585
обитания 0,000000 0,000000
ценности 0,000000 0,000000
прорваться 2,813411 2,813411
ожиданиях 3,912023 3,912023
женщине 2,612740 2,612740
рублей 1,514128 1,514128
приема 3,401197 3,401197
материалам 0,047791 0,047791
известно 1,297063 3,891190
мужской 2,708050 2,708050
вернуться 0,013423 0,013423
ваши 0,047791 0,047791
привела 2,525729 2,525729
совфеде 3,912023 3,912023
рак 2,931194 2,931194
российский 1,484275 1,484275
раскритиковали 3,624341 3,624341
волна 2,612740 2,612740
президента 1,455287 1,455287
доброй 2,525729 2,525729
интернет 0,000000 0,000000
россия 0,000000 0,000000
россию 1,609438 3,218876
объяснило 2,931194 2,931194
супы 3,064725 3,064725
свои 0,027029 0,054057
популярных 3,218876 3,218876
рассказала 1,919593 1,919593
требований 2,708050 2,708050
выглядит 2,445686 2,445686
джидде 3,624341 3,624341
трех 1,919593 1,919593
зеленский 1,714798 1,714798
причины 2,612740 2,612740
сбила 3,064725 3,064725
российских 1,576648 1,576648
контроле 3,218876 3,218876
особенности 3,401197 6,802395
эмоции 0,047791 0,047791
ударивших 4,317488 4,317488
аккаунтов 3,912023 3,912023
итоги 2,612740 2,612740
полвека 2,931194 2,931194
период 2,120264 2,120264
работники 2,813411 2,813411
самого 2,525729 2,525729
вида 2,708050 2,708050
севастополя 3,064725 3,064725
мэра 2,612740 2,612740
отреагировали 2,238047 6,714140
брата 2,525729 2,525729
украинскому 3,401197 3,401197
войны 1,791759 1,791759
материалы 0,000000 0,000000
объяснил 2,120264 2,120264
весеннего 3,624341 3,624341
статьи 0,000000 0,000000
разбираем 3,064725 3,064725
контакты 2,302585 2,302585
полковник 3,401197 3,401197
искандера 4,317488 4,317488
культура 0,000000 0,000000
стриптизера 2,931194 2,931194
угоном 3,401197 3,401197
вооружаться 3,912023 3,912023
силовые 0,000000 0,000000
путешествиях 3,624341 3,624341
ранения 3,401197 3,401197
подругой 3,064725 3,064725
калибров 4,317488 4,317488
отношении 1,791759 3,583519
лондоне 2,612740 2,612740
комплимент 2,931194 2,931194
внутри 2,445686 2,445686
начальству 3,064725 3,064725
границе 2,813411 2,813411
бронирования 3,912023 3,912023
потребовали 2,708050 2,708050
пропала 3,064725 3,064725
роге 4,317488 4,317488
рекомендательных 0,000000 0,000000
большого 3,624341 3,624341
сексуальности 2,931194 2,931194
призыв 3,912023 3,912023
работает 0,040822 0,040822
увлекательные 0,047791 0,047791
прыщей 3,064725 3,064725
красноярском 3,064725 3,064725
переговоры 0,054808 0,054808
россиян 1,714798 3,429597
соблюдением 3,064725 3,064725
признали 2,177422 2,177422
десяткам 4,317488 4,317488
забота 0,000000 0,000000
сбер 0,040822 0,040822
пожаловать 0,013423 0,013423
использованияполитика 0,000000 0,000000
вредны 3,064725 3,064725
потерю 2,612740 2,612740
планы 2,813411 2,813411
воли 2,302585 2,302585
квадрат 4,317488 4,317488
тяжелого 3,912023 3,912023
присоединить 3,912023 3,912023
россиянок 2,302585 2,302585
победа 0,000000 0,000000
хищники 3,064725 3,064725
россияне 1,919593 1,919593
прислали 3,064725 3,064725
отрастили 3,064725 3,064725
случае 1,875141 1,875141
детали 2,813411 2,813411
опечатку 0,000000 0,000000
сми 0,000000 0,000000
эрекция 2,931194 2,931194
сицилийской 2,708050 5,416100
спасение 2,371578 2,371578
типа 4,317488 4,317488
объяснены 3,912023 3,912023
спасении 3,624341 3,624341
несколько 1,347074 2,694147
акции 0,047791 0,047791
александра 2,445686 2,445686
рассказал 1,272966 2,545931
накануне 2,238047 2,238047
историк 2,931194 2,931194
губернатором 3,064725 3,064725
исчезающего 3,064725 3,064725
попытки 2,302585 2,302585
приостановили 3,064725 3,064725
обещанного 3,064725 3,064725
преступным 2,708050 2,708050
военный 2,525729 2,525729
экономика 0,000000 0,000000
преступлений 3,218876 3,218876
влияния 2,302585 2,302585
наиболее 3,218876 3,218876
суджей 3,064725 3,064725
устроившем 3,624341 3,624341
мирного 3,218876 3,218876
предупреждал 3,218876 3,218876
признаком 3,064725 3,064725
прощалась 3,064725 3,064725
уровне 2,371578 2,371578
взбудоражили 3,064725 3,064725
дракона 2,931194 2,931194
перевалила 4,317488 4,317488
ностра 2,931194 2,931194
влияние 2,371578 4,743156
военных 1,966113 1,966113
переговоров 1,714798 3,429597
высказались 3,064725 9,194175
мести 3,064725 3,064725
реальный 0,013423 0,013423
усы 3,064725 3,064725
всу 1,373049 9,611344
мафия 2,931194 2,931194
боссы 2,708050 2,708050
обострения 3,912023 3,912023
условие 3,218876 3,218876
зубы 2,813411 2,813411
скота 2,931194 2,931194
кеннеди 3,218876 6,437752
начался 2,931194 2,931194
евросоюза 3,401197 3,401197
правда 2,014903 2,014903
проникнуть 2,708050 2,708050
стоимость 2,371578 2,371578
оценили 2,525729 2,525729
видеть 0,013423 0,013423
зоопарке 3,064725 3,064725
мафии 2,708050 8,124151
наука 0,000000 0,000000
влюбил 2,931194 2,931194
слониха 3,064725 3,064725
