зеленского 0,068993 0,068993
перемирии 0,076161 0,076161
метро 2,931194 2,931194
ру 0,000000 0,000000
продолжение 3,218876 3,218876
банк 0,076161 0,076161
рф 1,514128 1,514128
лента 0,000000 0,000000
новые 0,000000 0,000000
стражу 4,317488 4,317488
спорт 0,000000 0,000000
споры 0,097980 0,097980
согласие 0,047791 0,047791
добро 0,013423 0,013423
военной 0,061875 0,061875
выражаете 0,047791 0,047791
четыре 0,040822 0,040822
адвоката 5,010635 5,010635
жми 0,013423 0,013423
помощью 0,047791 0,047791
кашурникова 5,010635 5,010635
сути 3,912023 3,912023
остался 2,931194 2,931194
ссылкой 3,064725 3,064725
добра 0,013423 0,026846
тв 3,912023 3,912023
словам 1,272966 1,272966
ленту 0,013423 0,013423
затопленного 0,076161 0,076161
фото 0,061875 0,123751
лет 0,967584 0,967584
полякову 5,010635 5,010635
грозит 3,064725 3,064725
водой 0,061875 0,061875
применения 0,000000 0,000000
суд 1,966113 3,932226
технологиймини 0,000000 0,000000
коммерсантъ 2,708050 2,708050
оценивайте 0,047791 0,047791
обитания 0,000000 0,000000
ценности 0,000000 0,000000
спецслужбыпреступная 2,525729 2,525729
выступление 3,624341 3,624341
материалам 0,047791 0,047791
конфиденциальности 0,047791 0,047791
вернуться 0,013423 0,013423
мир 0,000000 0,000000
ваши 0,047791 0,047791
ук 3,401197 3,401197
российским 0,076161 0,076161
нажмите 0,000000 0,000000
судкриминалполиция 2,525729 2,525729
получайте 0,047791 0,047791
погружайтесь 0,047791 0,047791
шести 2,445686 2,445686
бывший 0,000000 0,000000
проблемы 0,076161 0,076161
накапливайте 0,047791 0,047791
интернет 0,000000 0,000000
россия 0,000000 0,000000
обвинений 5,010635 5,010635
пошутивший 3,401197 13,604790
ооо 0,000000 0,000000
обратился 0,076161 0,076161
инвалида 2,931194 8,793581
деактивирована 0,013423 0,013423
путешествия 0,000000 0,000000
отдела 0,579818 0,579818
свои 0,027029 0,027029
ранее 1,003302 1,003302
структуры 0,000000 0,000000
столкнулся 3,064725 3,064725
индии 0,076161 0,076161
гид 0,076161 0,076161
хочешь 0,013423 0,013423
нашли 0,000000 0,000000
пляжных 0,097980 0,097980
уволит 0,076161 0,076161
инвалидом 3,401197 6,802395
веронику 5,010635 5,010635
дома 0,061875 0,061875
американский 0,061875 0,061875
обычную 0,013423 0,013423
пола 0,097980 0,097980
разжигании 4,317488 8,634976
внешность 0,097980 0,097980
останину 3,912023 7,824046
украинском 0,076161 0,076161
света 0,054808 0,054808
давать 3,064725 6,129450
галереи 0,000000 0,000000
ног 3,401197 3,401197
белоусов 0,076161 0,076161
эмоции 0,047791 0,047791
обжаловать 5,010635 5,010635
зеленским 0,076161 0,076161
пока 1,678431 1,678431
возбуждение 3,912023 3,912023
условиями 0,040822 0,081644
двум 0,076161 0,076161
вызвала 0,097980 0,097980
сети 0,090654 0,181309
военнослужащим 0,076161 0,076161
равно 2,931194 2,931194
отказался 2,708050 5,416100
читайте 0,040822 0,040822
арестом 3,401197 3,401197
останина 3,218876 3,218876
виде 2,708050 2,708050
защитница 5,010635 5,010635
меру 3,624341 3,624341
байконур 0,097980 0,097980
аресте 4,317488 4,317488
редакциярекламаконтактыпресс 0,000000 0,000000
материалы 0,000000 0,000000
видео 0,000000 0,000000
унижение 3,912023 3,912023
депутат 0,076161 0,076161
подорвавшегося 3,401197 6,802395
комика 3,064725 6,129450
прогресс 0,097980 0,097980
статье 2,813411 2,813411
статьи 0,000000 0,000000
пошутившего 3,218876 3,218876
форме 0,061875 0,061875
последние 0,090654 0,090654
подробнее 3,624341 3,624341
предрекли 0,076161 0,076161
культура 0,000000 0,000000
обсудить 0,456758 0,456758
силовые 0,000000 0,000000
архив 0,000000 0,000000
давал 3,624341 3,624341
дня 0,061875 0,061875
рен 4,317488 4,317488
сша 0,040822 0,040822
говорил 2,708050 2,708050
вражды 3,912023 3,912023
человеческого 3,912023 3,912023
распространилось 4,317488 4,317488
среда 0,000000 0,000000
раскрытии 0,076161 0,076161
редактор 0,567984 0,567984
следствие 2,813411 2,813411
скидки 0,047791 0,047791
сотрудников 0,076161 0,076161
эксклюзивы 0,000000 0,000000
российском 0,076161 0,076161
выражайте 0,047791 0,047791
колонии 3,064725 3,064725
начались 0,068993 0,068993
рекомендательных 0,000000 0,000000
конфликте 0,076161 0,076161
позже 1,919593 1,919593
выскажется 5,010635 5,010635
продолжая 0,047791 0,047791
работает 0,040822 0,040822
увлекательные 0,047791 0,047791
екатерина 2,708050 2,708050
переговоры 0,054808 0,054808
разумный 5,010635 5,010635
конфиденциальностиправила 0,000000 0,000000
всеследствие 2,525729 2,525729
бонусы 0,047791 0,095581
политикой 0,047791 0,047791
маккартни 0,097980 0,097980
котором 2,238047 2,238047
жильцы 0,076161 0,076161
жизни 0,000000 0,000000
забота 0,000000 0,000000
сбер 0,040822 0,040822
пожаловать 0,013423 0,013423
использованияполитика 0,000000 0,000000
крупный 0,068993 0,068993
регионам 0,076161 0,076161
сообщает 2,120264 2,120264
крупным 0,076161 0,076161
взрыва 3,624341 3,624341
это 0,020203 0,020203
туристку 0,076161 0,076161
победа 0,000000 0,000000
остались 0,061875 0,061875
две 0,033902 0,033902
мотор 0,000000 0,000000
ненависти 3,912023 11,736069
обменивайте 0,047791 0,047791
опечатку 0,000000 0,000000
сми 0,000000 0,000000
рады 0,068993 0,068993
новости 0,000000 0,000000
войти 0,000000 0,000000
место 0,054808 0,054808
акции 0,047791 0,047791
хорошие 0,013423 0,013423
мс 0,097980 0,097980
решение 2,302585 2,302585
пресечения 4,317488 4,317488
медитации 0,076161 0,076161
экономика 0,000000 0,000000
вину 3,912023 7,824046
культяпковозкой 3,912023 3,912023
ходатайству 4,317488 4,317488
уход 0,076161 0,076161
подорвавшимся 5,010635 5,010635
прибыл 0,083382 0,083382
спецпроекты 0,000000 0,000000
евгений 3,218876 3,218876
артемий 3,401197 6,802395
либо 1,919593 1,919593
избрал 4,317488 4,317488
реальный 0,013423 0,013423
игры 0,000000 0,000000
возмутились 3,064725 3,064725
мужчина 2,371578 2,371578
техника 0,000000 0,000000
ссср 0,000000 0,000000
следователя 4,317488 4,317488
правды 0,068993 0,068993
останин 3,912023 15,648092
трампа 0,054808 0,054808
тысячи 0,068993 0,068993
отвел 0,076161 0,076161
достоинства 3,912023 3,912023
предрек 0,076161 0,076161
мины 3,401197 3,401197
марта 0,040822 0,081644
городе 0,061875 0,061875
главное 0,000000 0,000000
заключения 3,624341 3,624341
реакций 0,047791 0,047791
летнего 0,097980 0,097980
заявили 0,076161 0,076161
показания 3,064725 9,194175
реакции 0,047791 0,047791
мине 3,218876 9,656627
мини 0,000000 0,000000
заявила 2,612740 2,612740
видеть 0,013423 0,013423
изнасиловал 0,076161 0,076161
признал 2,813411 5,626821
наука 0,000000 0,000000
комик 2,931194 14,655969
спч 3,401197 3,401197
