зеленского 0,068993 0,068993
перемирии 0,076161 0,076161
ру 0,000000 0,000000
банк 0,076161 0,076161
лента 0,000000 0,000000
новые 0,000000 0,000000
спорт 0,000000 0,000000
суть 3,624341 3,624341
заявил 1,098612 1,098612
споры 0,097980 0,097980
согласие 0,047791 0,047791
добро 0,013423 0,013423
военной 0,061875 0,061875
борьба 2,445686 2,445686
выражаете 0,047791 0,047791
четыре 0,040822 0,040822
жми 0,013423 0,013423
помощью 0,047791 0,047791
первом 3,064725 3,064725
добра 0,013423 0,026846
договоренностей 2,813411 2,813411
ленту 0,013423 0,013423
вашингтона 2,813411 2,813411
затопленного 0,076161 0,076161
фото 0,061875 0,123751
политика 1,576648 1,576648
разговор 1,791759 1,791759
водой 0,061875 0,061875
россии 0,425668 0,851336
применения 0,000000 0,000000
лысяков 3,912023 3,912023
технологиймини 0,000000 0,000000
противодействие 5,010635 5,010635
оценивайте 0,047791 0,047791
обитания 0,000000 0,000000
ценности 0,000000 0,000000
заседания 5,010635 10,021271
материалам 0,047791 0,047791
конфиденциальности 0,047791 0,047791
вернуться 0,013423 0,013423
мир 0,000000 0,000000
ваши 0,047791 0,047791
никольский 5,010635 5,010635
российским 0,076161 0,076161
нажмите 0,000000 0,000000
пожалуйста 4,317488 4,317488
получайте 0,047791 0,047791
президента 1,455287 1,455287
погружайтесь 0,047791 0,047791
прекращения 2,371578 2,371578
бывший 0,000000 0,000000
проблемы 0,076161 0,076161
накапливайте 0,047791 0,047791
интернет 0,000000 0,000000
россия 0,000000 0,000000
вопросе 3,401197 3,401197
дмитрию 5,010635 5,010635
ооо 0,000000 0,000000
обратился 0,076161 0,228484
деактивирована 0,013423 0,013423
путешествия 0,000000 0,000000
отдела 0,579818 0,579818
свои 0,027029 0,027029
ранее 1,003302 1,003302
генпрокуратуры 3,401197 17,005987
также 0,762140 0,762140
структуры 0,000000 0,000000
параллельмоя 2,177422 2,177422
индии 0,076161 0,076161
гид 0,076161 0,076161
заключается 4,317488 4,317488
хочешь 0,013423 0,013423
нашли 0,000000 0,000000
пляжных 0,097980 0,097980
уволит 0,076161 0,076161
дмитрий 2,371578 2,371578
дома 0,061875 0,061875
сидящему 5,010635 5,010635
американский 0,061875 0,061875
телефонный 2,525729 2,525729
обычную 0,013423 0,013423
пола 0,097980 0,097980
украине 1,139434 1,139434
внешность 0,097980 0,097980
попросил 2,931194 8,793581
совбеза 4,317488 4,317488
украинском 0,076161 0,076161
света 0,054808 0,054808
курской 1,832581 1,832581
галереи 0,000000 0,000000
белоусов 0,076161 0,076161
эмоции 0,047791 0,047791
зампреду 5,010635 5,010635
зеленским 0,076161 0,076161
числе 1,714798 1,714798
условиями 0,040822 0,081644
двум 0,076161 0,076161
вызвала 0,097980 0,097980
заседание 4,317488 4,317488
сети 0,090654 0,090654
военнослужащим 0,076161 0,076161
читайте 0,040822 0,040822
киеву 2,931194 2,931194
байконур 0,097980 0,097980
редакциярекламаконтактыпресс 0,000000 0,000000
материалы 0,000000 0,000000
видео 0,000000 0,000000
депутат 0,076161 0,076161
анатольевич 5,010635 5,010635
прогресс 0,097980 0,097980
статьи 0,000000 0,000000
ходе 1,791759 1,791759
путина 1,514128 1,514128
спектр 3,624341 3,624341
нему 3,218876 12,875503
форме 0,061875 0,061875
последние 0,090654 0,090654
предрекли 0,076161 0,076161
культура 0,000000 0,000000
коллеги 3,064725 3,064725
обсудить 0,456758 0,456758
силовые 0,000000 0,000000
архив 0,000000 0,000000
дня 0,061875 0,061875
константин 2,813411 2,813411
сша 0,040822 0,081644
разъяснить 5,010635 5,010635
медведев 3,912023 3,912023
отношении 1,791759 1,791759
среда 0,000000 0,000000
раскрытии 0,076161 0,076161
редактор 0,567984 0,567984
скидки 0,047791 0,047791
сотрудников 0,076161 0,076161
эксклюзивы 0,000000 0,000000
российском 0,076161 0,076161
выражайте 0,047791 0,047791
начались 0,068993 0,068993
зайдите 5,010635 5,010635
рекомендательных 0,000000 0,000000
ряду 5,010635 5,010635
конфликте 0,076161 0,076161
продолжая 0,047791 0,047791
работает 0,040822 0,040822
увлекательные 0,047791 0,047791
риа 1,272966 2,545931
переговоры 0,054808 0,054808
конфиденциальностиправила 0,000000 0,000000
бонусы 0,047791 0,095581
политикой 0,047791 0,047791
маккартни 0,097980 0,097980
верит 4,317488 4,317488
жильцы 0,076161 0,076161
жизни 0,000000 0,000000
забота 0,000000 0,000000
сбер 0,040822 0,040822
ко 3,064725 3,064725
пожаловать 0,013423 0,013423
использованияполитика 0,000000 0,000000
украинских 1,919593 1,919593
медведеву 5,010635 10,021271
крупный 0,068993 0,068993
дональда 2,177422 2,177422
регионам 0,076161 0,076161
крупным 0,076161 0,076161
это 0,020203 0,020203
туристку 0,076161 0,076161
состоялось 5,010635 5,010635
цитирует 4,317488 4,317488
победа 0,000000 0,000000
медведева 3,401197 10,203592
остались 0,061875 0,061875
две 0,033902 0,033902
агентства 3,401197 3,401197
страна 1,714798 1,714798
президент 1,347074 1,347074
мотор 0,000000 0,000000
обменивайте 0,047791 0,047791
опечатку 0,000000 0,000000
сми 0,000000 0,000000
рады 0,068993 0,068993
новости 0,000000 0,000000
войти 0,000000 0,000000
место 0,054808 0,054808
акции 0,047791 0,047791
хорошие 0,013423 0,013423
миссия 3,624341 3,624341
мс 0,097980 0,097980
медитации 0,076161 0,076161
жзл 3,401197 3,401197
широкий 3,912023 3,912023
москвой 3,218876 3,218876
корреспондент 2,525729 2,525729
действия 2,302585 2,302585
экономика 0,000000 0,000000
уход 0,076161 0,076161
терроризму 5,010635 5,010635
обсуждался 5,010635 5,010635
противоправные 5,010635 5,010635
прибыл 0,083382 0,083382
области 1,399717 1,399717
спецпроекты 0,000000 0,000000
пишет 2,371578 2,371578
экстремизмом 5,010635 5,010635
владимир 1,373049 1,373049
путин 1,203973 6,019864
коррупцией 4,317488 4,317488
военных 1,966113 1,966113
комментируя 4,317488 4,317488
реальный 0,013423 0,013423
игры 0,000000 0,000000
техника 0,000000 0,000000
ссср 0,000000 0,000000
правды 0,068993 0,068993
трампа 0,054808 0,109616
мнению 2,302585 2,302585
тысячи 0,068993 0,068993
коллегии 3,624341 14,497364
отвел 0,076161 0,076161
предрек 0,076161 0,076161
алексей 1,919593 1,919593
марта 0,040822 0,081644
городе 0,061875 0,061875
огня 1,678431 1,678431
главное 0,000000 0,000000
жителей 1,966113 1,966113
реакций 0,047791 0,047791
летнего 0,097980 0,097980
заявили 0,076161 0,076161
реакции 0,047791 0,047791
мини 0,000000 0,000000
зайти 3,218876 12,875503
видеть 0,013423 0,013423
изнасиловал 0,076161 0,076161
наука 0,000000 0,000000
просьбой 4,317488 4,317488
