зеленского 0,068993 0,068993
возникшего 5,010635 5,010635
перемирии 0,076161 0,076161
ру 0,000000 0,000000
банк 0,076161 0,076161
рф 1,514128 1,514128
лента 0,000000 0,000000
урегулированию 2,708050 2,708050
новые 0,000000 0,000000
спорт 0,000000 0,000000
бардака 5,010635 5,010635
ряд 2,813411 2,813411
заявил 1,098612 1,098612
споры 0,097980 0,097980
согласие 0,047791 0,047791
добро 0,013423 0,013423
неизвестно 3,401197 3,401197
военной 0,061875 0,061875
выражаете 0,047791 0,047791
четыре 0,040822 0,040822
остановить 2,708050 2,708050
жми 0,013423 0,013423
стало 1,181994 1,181994
помощью 0,047791 0,047791
официальную 5,010635 5,010635
ссылкой 3,064725 3,064725
глава 1,643339 1,643339
прекратил 5,010635 5,010635
добра 0,013423 0,026846
сюжетдиверсии 5,010635 5,010635
министерством 5,010635 5,010635
ленту 0,013423 0,013423
затопленного 0,076161 0,076161
фото 0,061875 0,123751
политика 1,576648 1,576648
стали 1,514128 1,514128
водой 0,061875 0,061875
россии 0,425668 2,554007
применения 0,000000 0,000000
технологиймини 0,000000 0,000000
экс 2,066196 2,066196
оценивайте 0,047791 0,047791
обитания 0,000000 0,000000
ценности 0,000000 0,000000
хегсет 5,010635 5,010635
материалам 0,047791 0,047791
известно 1,297063 1,297063
конфиденциальности 0,047791 0,047791
направлениям 5,010635 5,010635
вернуться 0,013423 0,013423
мир 0,000000 0,000000
ваши 0,047791 0,047791
российским 0,076161 0,076161
нажмите 0,000000 0,000000
получайте 0,047791 0,047791
президента 1,455287 2,910574
погружайтесь 0,047791 0,047791
бывший 0,000000 0,000000
президентства 5,010635 5,010635
отмечает 2,612740 2,612740
проблемы 0,076161 0,076161
накапливайте 0,047791 0,047791
бывших 3,624341 3,624341
интернет 0,000000 0,000000
россия 0,000000 0,000000
регулярные 3,912023 3,912023
национальной 2,813411 5,626821
ооо 0,000000 0,000000
обратился 0,076161 0,076161
деактивирована 0,013423 0,013423
путешествия 0,000000 0,000000
отдела 0,579818 0,579818
данным 2,014903 2,014903
свои 0,027029 0,027029
данный 3,064725 3,064725
также 0,762140 0,762140
структуры 0,000000 0,000000
индии 0,076161 0,076161
гид 0,076161 0,076161
хочешь 0,013423 0,013423
рабочих 5,010635 10,021271
нашли 0,000000 0,000000
пляжных 0,097980 0,097980
контрразведывательные 3,064725 9,194175
уволит 0,076161 0,076161
дома 0,061875 0,061875
американский 0,061875 0,123751
обычную 0,013423 0,013423
пола 0,097980 0,097980
украине 1,139434 1,139434
работу 1,791759 1,791759
внешность 0,097980 0,097980
украинском 0,076161 0,076161
света 0,054808 0,054808
галереи 0,000000 0,000000
белоусов 0,076161 0,076161
эмоции 0,047791 0,047791
зеленским 0,076161 0,076161
дезинформации 5,010635 5,010635
числе 1,714798 1,714798
условиями 0,040822 0,081644
двум 0,076161 0,076161
вызвала 0,097980 0,097980
контрразведывательных 3,624341 3,624341
сети 0,090654 0,090654
американские 2,931194 2,931194
военнослужащим 0,076161 0,076161
читайте 0,040822 0,040822
диверсий 5,010635 5,010635
стороны 1,643339 1,643339
байконур 0,097980 0,097980
редакциярекламаконтактыпресс 0,000000 0,000000
материалы 0,000000 0,000000
видео 0,000000 0,000000
внутренней 5,010635 5,010635
депутат 0,076161 0,076161
прогресс 0,097980 0,097980
статьи 0,000000 0,000000
органов 3,912023 3,912023
россией 2,120264 2,120264
форме 0,061875 0,061875
кибератак 5,010635 5,010635
последние 0,090654 0,090654
предрекли 0,076161 0,076161
культура 0,000000 0,000000
момент 1,714798 1,714798
разработана 4,317488 4,317488
обсудить 0,456758 0,456758
силовые 0,000000 0,000000
архив 0,000000 0,000000
китов 4,317488 4,317488
дня 0,061875 0,061875
чиновников 4,317488 4,317488
сша 0,040822 0,326576
лидер 1,919593 1,919593
всеполитикаобществопроисшествияконфликтыпреступность 2,014903 2,014903
групп 3,624341 3,624341
отношении 1,791759 7,167038
среда 0,000000 0,000000
прекратить 3,064725 3,064725
усилий 3,912023 7,824046
раскрытии 0,076161 0,076161
редактор 0,567984 0,567984
байдена 3,401197 6,802395
скидки 0,047791 0,047791
сотрудников 0,076161 0,076161
эксклюзивы 0,000000 0,000000
российском 0,076161 0,076161
выражайте 0,047791 0,047791
начались 0,068993 0,068993
группах 5,010635 5,010635
участвовавших 4,317488 4,317488
государственным 4,317488 4,317488
рекомендательных 0,000000 0,000000
конфликте 0,076161 0,076161
продолжая 0,047791 0,047791
работает 0,040822 0,040822
конфликта 1,919593 1,919593
увлекательные 0,047791 0,047791
переговоры 0,054808 0,054808
конфиденциальностиправила 0,000000 0,000000
бонусы 0,047791 0,095581
политикой 0,047791 0,047791
маккартни 0,097980 0,097980
жильцы 0,076161 0,076161
операций 3,218876 3,218876
жизни 0,000000 0,000000
забота 0,000000 0,000000
операции 1,714798 5,144395
сбер 0,040822 0,040822
пожаловать 0,013423 0,013423
использованияполитика 0,000000 0,000000
трамп 1,484275 1,484275
крупный 0,068993 0,068993
дональда 2,177422 2,177422
результате 2,238047 2,238047
координацию 5,010635 5,010635
регионам 0,076161 0,076161
департаментом 5,010635 5,010635
сообщает 2,120264 2,120264
крупным 0,076161 0,076161
это 0,020203 0,020203
туристку 0,076161 0,076161
победа 0,000000 0,000000
созданию 3,912023 3,912023
фбр 4,317488 4,317488
остались 0,061875 0,061875
две 0,033902 0,033902
избавится 5,010635 5,010635
приказал 4,317488 8,634976
мотор 0,000000 0,000000
обменивайте 0,047791 0,047791
опечатку 0,000000 0,000000
сми 0,000000 0,000000
рады 0,068993 0,068993
новости 0,000000 0,000000
войти 0,000000 0,000000
место 0,054808 0,054808
акции 0,047791 0,047791
отслеживания 5,010635 5,010635
хорошие 0,013423 0,013423
мс 0,097980 0,097980
снб 5,010635 10,021271
медитации 0,076161 0,076161
приостановили 3,064725 12,258901
киберкомандованию 5,010635 5,010635
экономика 0,000000 0,000000
уход 0,076161 0,076161
пит 5,010635 5,010635
рамках 2,371578 2,371578
прибыл 0,083382 0,083382
спецпроекты 0,000000 0,000000
пишет 2,371578 2,371578
агентствами 5,010635 5,010635
владислав 3,912023 3,912023
реальный 0,013423 0,013423
отношениях 3,624341 3,624341
игры 0,000000 0,000000
безопасности 2,177422 6,532266
февраля 1,272966 1,272966
техника 0,000000 0,000000
ссср 0,000000 0,000000
незапланированными 5,010635 5,010635
правды 0,068993 0,068993
трампа 0,054808 0,109616
тысячи 0,068993 0,068993
советом 5,010635 5,010635
деятельность 3,401197 3,401197
отвел 0,076161 0,076161
предрек 0,076161 0,076161
инициатива 5,010635 5,010635
марта 0,040822 0,081644
городе 0,061875 0,061875
против 1,791759 1,791759
главное 0,000000 0,000000
представителями 4,317488 4,317488
поручению 5,010635 5,010635
реакций 0,047791 0,047791
летнего 0,097980 0,097980
издание 2,445686 2,445686
заявили 0,076161 0,076161
встречи 2,525729 2,525729
реакции 0,047791 0,047791
мини 0,000000 0,000000
джо 3,624341 7,248682
спецслужбы 2,525729 2,525729
европейских 3,064725 3,064725
видеть 0,013423 0,013423
изнасиловал 0,076161 0,076161
наука 0,000000 0,000000
пентагона 3,912023 3,912023
