зеленского 0,068993 0,068993
перемирии 0,076161 0,076161
ру 0,000000 0,000000
банк 0,076161 0,076161
лента 0,000000 0,000000
новые 0,000000 0,000000
пластика 3,912023 3,912023
спорт 0,000000 0,000000
надежную 5,010635 5,010635
качан 3,912023 3,912023
сферанедвижимостьгородская 1,966113 1,966113
споры 0,097980 0,097980
согласие 0,047791 0,047791
добро 0,013423 0,013423
военной 0,061875 0,061875
стяжек 5,010635 5,010635
выражаете 0,047791 0,047791
четыре 0,040822 0,040822
жми 0,013423 0,013423
помощью 0,047791 0,047791
урожая 4,317488 4,317488
добра 0,013423 0,026846
словам 1,272966 1,272966
ленту 0,013423 0,013423
затопленного 0,076161 0,076161
фото 0,061875 0,123751
использованием 3,624341 3,624341
воздух 3,624341 3,624341
колготки 3,624341 25,370387
водой 0,061875 0,061875
деревьям 5,010635 5,010635
садоводам 5,010635 5,010635
сложности 3,624341 3,624341
применения 0,000000 0,000000
технологиймини 0,000000 0,000000
оценивайте 0,047791 0,047791
обитания 0,000000 0,000000
ценности 0,000000 0,000000
материалам 0,047791 0,047791
конфиденциальности 0,047791 0,047791
вернуться 0,013423 0,013423
мир 0,000000 0,000000
обеспечить 3,624341 3,624341
ваши 0,047791 0,047791
российским 0,076161 0,076161
очередь 2,177422 4,354844
нажмите 0,000000 0,000000
необходимый 4,317488 4,317488
получайте 0,047791 0,047791
необходимо 2,120264 2,120264
погружайтесь 0,047791 0,047791
растений 5,010635 10,021271
бывший 0,000000 0,000000
время 0,762140 0,762140
проблемы 0,076161 0,076161
всегосэкономикабизнесрынкикапиталсоциальная 1,966113 1,966113
накапливайте 0,047791 0,047791
интернет 0,000000 0,000000
россия 0,000000 0,000000
создавать 3,401197 3,401197
ооо 0,000000 0,000000
обратился 0,076161 0,076161
деактивирована 0,013423 0,013423
путешествия 0,000000 0,000000
свои 0,027029 0,027029
фруктов 3,218876 3,218876
ранее 1,003302 1,003302
структуры 0,000000 0,000000
индии 0,076161 0,076161
гид 0,076161 0,076161
хочешь 0,013423 0,013423
растениям 5,010635 5,010635
нашли 0,000000 0,000000
пляжных 0,097980 0,097980
уволит 0,076161 0,076161
нужных 4,317488 4,317488
пропускает 5,010635 5,010635
дома 0,061875 0,061875
американский 0,061875 0,061875
обычную 0,013423 0,013423
пола 0,097980 0,097980
внешность 0,097980 0,097980
барьером 5,010635 5,010635
перец 5,010635 5,010635
украинском 0,076161 0,076161
света 0,054808 0,054808
первую 2,238047 2,238047
галереи 0,000000 0,000000
белоусов 0,076161 0,076161
эмоции 0,047791 0,047791
зеленским 0,076161 0,076161
условиями 0,040822 0,081644
двум 0,076161 0,076161
вызвала 0,097980 0,097980
сети 0,090654 0,090654
стяжки 5,010635 5,010635
военнослужащим 0,076161 0,076161
могут 1,455287 2,910574
пластиковых 5,010635 5,010635
читайте 0,040822 0,040822
кроме 1,427116 1,427116
байконур 0,097980 0,097980
редакциярекламаконтактыпресс 0,000000 0,000000
председатель 2,813411 2,813411
материалы 0,000000 0,000000
совет 3,064725 3,064725
поддержки 3,218876 6,437752
видео 0,000000 0,000000
поддержку 2,813411 2,813411
депутат 0,076161 0,152323
прогресс 0,097980 0,097980
статьи 0,000000 0,000000
кустам 5,010635 5,010635
форме 0,061875 0,061875
последние 0,090654 0,090654
предрекли 0,076161 0,076161
культура 0,000000 0,000000
обсудить 0,456758 0,456758
силовые 0,000000 0,000000
никита 3,064725 3,064725
архив 0,000000 0,000000
удалении 4,317488 4,317488
помимо 2,813411 2,813411
дня 0,061875 0,061875
добраться 3,218876 3,218876
сша 0,040822 0,040822
кабельные 5,010635 5,010635
среда 0,000000 0,000000
специалистов 3,218876 3,218876
раскрытии 0,076161 0,076161
редактор 0,567984 0,567984
скидки 0,047791 0,047791
сотрудников 0,076161 0,076161
рассады 4,317488 4,317488
эксклюзивы 0,000000 0,000000
российском 0,076161 0,076161
выражайте 0,047791 0,047791
способны 3,401197 3,401197
начались 0,068993 0,068993
гибкие 4,317488 4,317488
дали 2,525729 2,525729
рекомендательных 0,000000 0,000000
конфликте 0,076161 0,076161
климат 1,919593 3,839186
продолжая 0,047791 0,047791
работает 0,040822 0,040822
увлекательные 0,047791 0,047791
овощей 3,624341 3,624341
средаклимат 1,966113 1,966113
дал 2,238047 2,238047
кабельных 5,010635 5,010635
переговоры 0,054808 0,054808
конфиденциальностиправила 0,000000 0,000000
бонусы 0,047791 0,095581
политикой 0,047791 0,047791
маккартни 0,097980 0,097980
томаты 5,010635 5,010635
жильцы 0,076161 0,076161
подмосковья 3,912023 3,912023
дачников 5,010635 5,010635
жизни 0,000000 0,000000
забота 0,000000 0,000000
сбер 0,040822 0,040822
пожаловать 0,013423 0,013423
использованияполитика 0,000000 0,000000
стать 1,875141 1,875141
вредителям 5,010635 5,010635
посоветовал 3,401197 3,401197
деревьев 3,912023 3,912023
легкий 4,317488 4,317488
крупный 0,068993 0,068993
призвали 2,708050 5,416100
регионам 0,076161 0,076161
крупным 0,076161 0,076161
это 0,020203 0,020203
туристку 0,076161 0,076161
разрезать 5,010635 5,010635
победа 0,000000 0,000000
подготовке 3,624341 3,624341
рост 2,302585 2,302585
советы 3,064725 3,064725
остались 0,061875 0,061875
две 0,033902 0,033902
одноразового 5,010635 5,010635
вместо 2,708050 2,708050
мотор 0,000000 0,000000
обменивайте 0,047791 0,047791
опечатку 0,000000 0,000000
сми 0,000000 0,000000
госдумы 2,813411 2,813411
рады 0,068993 0,068993
новости 0,000000 0,000000
войти 0,000000 0,000000
место 0,054808 0,054808
акции 0,047791 0,047791
хорошие 0,013423 0,013423
полосы 5,010635 5,010635
мс 0,097980 0,097980
сдерживать 5,010635 5,010635
александра 2,445686 2,445686
россиянам 2,525729 2,525729
медитации 0,076161 0,076161
экономика 0,000000 0,000000
уход 0,076161 0,076161
использовать 2,612740 10,450960
союза 2,302585 2,302585
баклажаны 5,010635 5,010635
чаплин 5,010635 5,010635
прибыл 0,083382 0,083382
затем 1,875141 1,875141
спецпроекты 0,000000 0,000000
реальный 0,013423 0,013423
игры 0,000000 0,000000
эксперты 2,813411 2,813411
техника 0,000000 0,000000
ссср 0,000000 0,000000
правды 0,068993 0,068993
трампа 0,054808 0,054808
тысячи 0,068993 0,068993
позволяющим 5,010635 5,010635
подвязать 5,010635 5,010635
отвел 0,076161 0,076161
предрек 0,076161 0,076161
экология 4,317488 4,317488
марта 0,040822 0,040822
городе 0,061875 0,061875
марте 2,708050 2,708050
главное 0,000000 0,000000
местах 3,912023 3,912023
реакций 0,047791 0,047791
летнего 0,097980 0,097980
заявили 0,076161 0,076161
защитным 5,010635 5,010635
садоводов 3,624341 7,248682
реакции 0,047791 0,047791
посадить 4,317488 4,317488
мини 0,000000 0,000000
капроновые 5,010635 10,021271
экологияделовой 1,966113 1,966113
видеть 0,013423 0,013423
изнасиловал 0,076161 0,076161
сделанные 5,010635 5,010635
материал 3,912023 3,912023
наука 0,000000 0,000000
ветви 4,317488 4,317488
