зеленского 0,068993 0,068993
перемирии 0,076161 0,076161
метро 2,931194 2,931194
ру 0,000000 0,000000
банк 0,076161 0,076161
рф 1,514128 1,514128
полякова 4,317488 4,317488
лента 0,000000 0,000000
арест 3,624341 3,624341
жалобу 3,624341 3,624341
новые 0,000000 0,000000
стражу 4,317488 8,634976
спорт 0,000000 0,000000
намерена 5,010635 5,010635
споры 0,097980 0,097980
согласие 0,047791 0,047791
добро 0,013423 0,013423
военной 0,061875 0,061875
выражаете 0,047791 0,047791
четыре 0,040822 0,040822
жми 0,013423 0,013423
помощью 0,047791 0,047791
остался 2,931194 2,931194
добра 0,013423 0,026846
словам 1,272966 1,272966
ленту 0,013423 0,013423
затопленного 0,076161 0,076161
фото 0,061875 0,123751
лет 0,967584 0,967584
грозит 3,064725 3,064725
водой 0,061875 0,061875
россии 0,425668 0,425668
применения 0,000000 0,000000
суд 1,966113 3,932226
технологиймини 0,000000 0,000000
оценивайте 0,047791 0,047791
извинения 3,912023 3,912023
обитания 0,000000 0,000000
ценности 0,000000 0,000000
спецслужбыпреступная 2,525729 2,525729
выступление 3,624341 3,624341
правам 5,010635 5,010635
материалам 0,047791 0,047791
президенте 5,010635 5,010635
конфиденциальности 0,047791 0,047791
недопустимо 5,010635 5,010635
вернуться 0,013423 0,013423
мир 0,000000 0,000000
ваши 0,047791 0,047791
ук 3,401197 3,401197
российским 0,076161 0,076161
сажать 4,317488 8,634976
нажмите 0,000000 0,000000
судкриминалполиция 2,525729 2,525729
получайте 0,047791 0,047791
погружайтесь 0,047791 0,047791
шести 2,445686 2,445686
человека 2,177422 6,532266
бывший 0,000000 0,000000
проблемы 0,076161 0,076161
накапливайте 0,047791 0,047791
интернет 0,000000 0,000000
россия 0,000000 0,000000
пошутивший 3,401197 3,401197
ооо 0,000000 0,000000
обратился 0,076161 0,076161
инвалида 2,931194 2,931194
практике 5,010635 5,010635
деактивирована 0,013423 0,013423
шутки 3,401197 6,802395
путешествия 0,000000 0,000000
отдела 0,579818 0,579818
свои 0,027029 0,054057
структуры 0,000000 0,000000
столкнулся 3,064725 3,064725
член 3,624341 7,248682
индии 0,076161 0,076161
гид 0,076161 0,076161
подать 4,317488 4,317488
хочешь 0,013423 0,013423
нашли 0,000000 0,000000
пляжных 0,097980 0,097980
уволит 0,076161 0,076161
инвалидом 3,401197 6,802395
дома 0,061875 0,061875
американский 0,061875 0,061875
обычную 0,013423 0,013423
пола 0,097980 0,097980
разжигании 4,317488 4,317488
внешность 0,097980 0,097980
кристина 3,218876 3,218876
останину 3,912023 11,736069
украинском 0,076161 0,076161
света 0,054808 0,054808
давать 3,064725 3,064725
указала 3,624341 3,624341
галереи 0,000000 0,000000
ног 3,401197 3,401197
белоусов 0,076161 0,076161
эмоции 0,047791 0,047791
кормилицына 3,401197 3,401197
зеленским 0,076161 0,076161
какую 3,218876 3,218876
возбуждение 3,912023 3,912023
высказала 5,010635 5,010635
условиями 0,040822 0,081644
двум 0,076161 0,076161
вызвала 0,097980 0,097980
вероника 3,912023 3,912023
сети 0,090654 0,181309
военнослужащим 0,076161 0,076161
равно 2,931194 2,931194
отказался 2,708050 2,708050
меры 3,064725 3,064725
редкостью 5,010635 5,010635
читайте 0,040822 0,040822
арестом 3,401197 6,802395
виде 2,708050 5,416100
останина 3,218876 6,437752
меру 3,624341 3,624341
сизо 3,912023 7,824046
байконур 0,097980 0,097980
аресте 4,317488 4,317488
редакциярекламаконтактыпресс 0,000000 0,000000
материалы 0,000000 0,000000
видео 0,000000 0,000000
унижение 3,912023 3,912023
депутат 0,076161 0,076161
подорвавшегося 3,401197 3,401197
комика 3,064725 9,194175
прогресс 0,097980 0,097980
статье 2,813411 2,813411
правозащитница 5,010635 5,010635
статьи 0,000000 0,000000
пошутившего 3,218876 6,437752
форме 0,061875 0,061875
последние 0,090654 0,090654
предрекли 0,076161 0,076161
судебной 4,317488 4,317488
культура 0,000000 0,000000
обсудить 0,456758 0,456758
силовые 0,000000 0,000000
архив 0,000000 0,000000
дня 0,061875 0,061875
сша 0,040822 0,040822
говорил 2,708050 2,708050
вражды 3,912023 3,912023
человеческого 3,912023 3,912023
распространилось 4,317488 4,317488
среда 0,000000 0,000000
раскрытии 0,076161 0,076161
редактор 0,567984 0,567984
следствие 2,813411 2,813411
скидки 0,047791 0,047791
сотрудников 0,076161 0,076161
эксклюзивы 0,000000 0,000000
принес 3,401197 3,401197
российском 0,076161 0,076161
выражайте 0,047791 0,047791
колонии 3,064725 3,064725
начались 0,068993 0,068993
рекомендательных 0,000000 0,000000
конфликте 0,076161 0,076161
ева 3,912023 3,912023
продолжая 0,047791 0,047791
работает 0,040822 0,040822
увлекательные 0,047791 0,047791
риа 1,272966 1,272966
адвокат 4,317488 4,317488
переговоры 0,054808 0,054808
конфиденциальностиправила 0,000000 0,000000
всеследствие 2,525729 2,525729
бонусы 0,047791 0,095581
канале 3,064725 3,064725
политикой 0,047791 0,047791
маккартни 0,097980 0,097980
котором 2,238047 2,238047
жильцы 0,076161 0,076161
жизни 0,000000 0,000000
совета 2,445686 2,445686
забота 0,000000 0,000000
сбер 0,040822 0,040822
является 1,966113 1,966113
пожаловать 0,013423 0,013423
использованияполитика 0,000000 0,000000
вопросом 5,010635 5,010635
крупный 0,068993 0,068993
регионам 0,076161 0,076161
крупным 0,076161 0,076161
взрыва 3,624341 3,624341
угрозу 4,317488 4,317488
это 0,020203 0,020203
туристку 0,076161 0,076161
победа 0,000000 0,000000
остались 0,061875 0,061875
избрания 5,010635 5,010635
две 0,033902 0,033902
мотор 0,000000 0,000000
ненависти 3,912023 7,824046
обменивайте 0,047791 0,047791
опечатку 0,000000 0,000000
сми 0,000000 0,000000
такое 2,014903 2,014903
рады 0,068993 0,068993
новости 0,000000 0,000000
войти 0,000000 0,000000
место 0,054808 0,054808
начало 3,624341 3,624341
акции 0,047791 0,047791
хорошие 0,013423 0,013423
мс 0,097980 0,097980
решение 2,302585 2,302585
пресечения 4,317488 8,634976
медитации 0,076161 0,076161
любовь 2,813411 2,813411
экономика 0,000000 0,000000
вину 3,912023 3,912023
культяпковозкой 3,912023 3,912023
ходатайству 4,317488 4,317488
уход 0,076161 0,076161
меркачева 5,010635 15,031906
ужасные 4,317488 8,634976
задалась 5,010635 5,010635
напомнила 5,010635 5,010635
прибыл 0,083382 0,083382
спецпроекты 0,000000 0,000000
представлял 5,010635 5,010635
ширижик 5,010635 5,010635
артемий 3,401197 3,401197
либо 1,919593 1,919593
избрал 4,317488 4,317488
комментируя 4,317488 4,317488
реальный 0,013423 0,013423
игры 0,000000 0,000000
возмутились 3,064725 6,129450
мужчина 2,371578 2,371578
техника 0,000000 0,000000
ссср 0,000000 0,000000
следователя 4,317488 4,317488
правды 0,068993 0,068993
останин 3,912023 3,912023
трампа 0,054808 0,054808
обществу 5,010635 5,010635
тысячи 0,068993 0,068993
отвел 0,076161 0,076161
достоинства 3,912023 3,912023
предрек 0,076161 0,076161
мины 3,401197 3,401197
марта 0,040822 0,081644
городе 0,061875 0,061875
против 1,791759 1,791759
главное 0,000000 0,000000
старший 3,401197 3,401197
мнение 2,813411 2,813411
заключения 3,624341 7,248682
суда 3,624341 3,624341
прокурор 3,912023 3,912023
реакций 0,047791 0,047791
летнего 0,097980 0,097980
заявили 0,076161 0,076161
показания 3,064725 3,064725
реакции 0,047791 0,047791
мине 3,218876 3,218876
событий 2,708050 2,708050
мини 0,000000 0,000000
заявила 2,612740 2,612740
видеть 0,013423 0,013423
изнасиловал 0,076161 0,076161
признал 2,813411 2,813411
комик 2,931194 8,793581
наука 0,000000 0,000000
спч 3,401197 10,203592
выступал 4,317488 4,317488
самые 1,832581 3,665163
