зеленского 0,068993 0,068993
перемирии 0,076161 0,076161
ру 0,000000 0,000000
банк 0,076161 0,076161
декабре 3,912023 3,912023
рф 1,514128 4,542383
лента 0,000000 0,000000
оснащение 3,624341 7,248682
новые 0,000000 0,000000
спорт 0,000000 0,000000
оценил 2,612740 5,225480
заявил 1,098612 1,098612
споры 0,097980 0,097980
согласие 0,047791 0,047791
добро 0,013423 0,013423
военной 0,061875 0,061875
выражаете 0,047791 0,047791
четыре 0,040822 0,081644
вооружении 5,010635 5,010635
жми 0,013423 0,013423
моисеев 5,010635 20,042541
помощью 0,047791 0,047791
александр 1,832581 3,665163
сообщил 1,791759 3,583519
добра 0,013423 0,026846
ленту 0,013423 0,013423
затопленного 0,076161 0,076161
фото 0,061875 0,123751
силы 2,177422 6,532266
ракетных 3,624341 3,624341
являются 2,931194 2,931194
м 2,066196 2,066196
водой 0,061875 0,061875
оружие 2,813411 2,813411
россии 0,425668 2,128339
применения 0,000000 0,000000
технологиймини 0,000000 0,000000
оценивайте 0,047791 0,047791
обитания 0,000000 0,000000
ценности 0,000000 0,000000
оснащены 5,010635 10,021271
материалам 0,047791 0,047791
конфиденциальности 0,047791 0,047791
вернуться 0,013423 0,013423
мир 0,000000 0,000000
ваши 0,047791 0,047791
весь 1,966113 1,966113
российским 0,076161 0,076161
нажмите 0,000000 0,000000
получайте 0,047791 0,047791
погружайтесь 0,047791 0,047791
бывший 0,000000 0,000000
проблемы 0,076161 0,076161
россиикосмосоружиеисторияздоровьебудущеетехникагаджетыигрысофт 3,064725 3,064725
накапливайте 0,047791 0,047791
интернет 0,000000 0,000000
россия 0,000000 0,000000
ооо 0,000000 0,000000
обратился 0,076161 0,076161
деактивирована 0,013423 0,013423
назначения 3,624341 3,624341
путешествия 0,000000 0,000000
свои 0,027029 0,027029
начальник 2,931194 2,931194
потапов 4,317488 4,317488
оружием 3,064725 9,194175
флот 3,912023 3,912023
структуры 0,000000 0,000000
индии 0,076161 0,076161
гид 0,076161 0,076161
проекта 3,064725 6,129450
оружия 2,813411 5,626821
хочешь 0,013423 0,013423
морского 4,317488 4,317488
нашли 0,000000 0,000000
пляжных 0,097980 0,097980
одной 1,514128 1,514128
уволит 0,076161 0,076161
дома 0,061875 0,061875
американский 0,061875 0,061875
обычную 0,013423 0,013423
пола 0,097980 0,097980
внешность 0,097980 0,097980
современного 4,317488 8,634976
украинском 0,076161 0,076161
света 0,054808 0,054808
борей 4,317488 4,317488
галереи 0,000000 0,000000
белоусов 0,076161 0,076161
эмоции 0,047791 0,047791
зеленским 0,076161 0,076161
числе 1,714798 1,714798
циркон 5,010635 5,010635
условиями 0,040822 0,081644
двум 0,076161 0,076161
вызвала 0,097980 0,097980
сети 0,090654 0,090654
военнослужащим 0,076161 0,076161
составляющих 4,317488 4,317488
читайте 0,040822 0,040822
байконур 0,097980 0,097980
выступил 3,401197 3,401197
получит 2,813411 2,813411
редакциярекламаконтактыпресс 0,000000 0,000000
материалы 0,000000 0,000000
всем 1,966113 3,932226
видео 0,000000 0,000000
гиперзвуковые 4,317488 4,317488
депутат 0,076161 0,076161
ядерной 3,064725 3,064725
прогресс 0,097980 0,097980
статьи 0,000000 0,000000
спектр 3,624341 3,624341
военно 3,401197 3,401197
форме 0,061875 0,061875
последние 0,090654 0,090654
предрекли 0,076161 0,076161
культура 0,000000 0,000000
обсудить 0,456758 0,456758
силовые 0,000000 0,000000
валерий 3,912023 3,912023
архив 0,000000 0,000000
современным 3,401197 10,203592
дня 0,061875 0,061875
сша 0,040822 0,040822
всенаукав 3,064725 3,064725
среда 0,000000 0,000000
раскрытии 0,076161 0,076161
скидки 0,047791 0,047791
сотрудников 0,076161 0,076161
флота 3,912023 3,912023
эксклюзивы 0,000000 0,000000
российском 0,076161 0,076161
выражайте 0,047791 0,047791
стратегического 3,912023 3,912023
сил 1,791759 5,375278
начались 0,068993 0,068993
главком 3,401197 17,005987
вооруженных 2,014903 2,014903
рекомендательных 0,000000 0,000000
конфликте 0,076161 0,076161
ракеты 3,218876 3,218876
ясень 5,010635 5,010635
продолжая 0,047791 0,047791
работает 0,040822 0,040822
увлекательные 0,047791 0,047791
атомные 5,010635 5,010635
риа 1,272966 1,272966
павел 2,708050 2,708050
вмф 3,064725 21,453076
триады 5,010635 5,010635
генштаба 5,010635 5,010635
тасс 2,371578 2,371578
переговоры 0,054808 0,054808
конфиденциальностиправила 0,000000 0,000000
бонусы 0,047791 0,095581
политикой 0,047791 0,047791
маккартни 0,097980 0,097980
жильцы 0,076161 0,076161
жизни 0,000000 0,000000
забота 0,000000 0,000000
сбер 0,040822 0,040822
пожаловать 0,013423 0,013423
использованияполитика 0,000000 0,000000
крупный 0,068993 0,068993
регионам 0,076161 0,076161
сообщает 2,120264 2,120264
крупным 0,076161 0,076161
это 0,020203 0,020203
туристку 0,076161 0,076161
месяце 5,010635 5,010635
победа 0,000000 0,000000
остались 0,061875 0,061875
две 0,033902 0,033902
мотор 0,000000 0,000000
обменивайте 0,047791 0,047791
опечатку 0,000000 0,000000
сми 0,000000 0,000000
поступят 4,317488 4,317488
рады 0,068993 0,068993
иван 3,064725 3,064725
новости 0,000000 0,000000
войти 0,000000 0,000000
место 0,054808 0,054808
акции 0,047791 0,047791
хорошие 0,013423 0,013423
герасимов 5,010635 5,010635
мс 0,097980 0,097980
медитации 0,076161 0,076161
подводных 3,624341 10,873023
экономика 0,000000 0,000000
уход 0,076161 0,076161
подводные 4,317488 17,269952
прибыл 0,083382 0,083382
спецпроекты 0,000000 0,000000
лодки 5,010635 5,010635
офицер 2,813411 2,813411
реальный 0,013423 0,013423
игры 0,000000 0,000000
ссср 0,000000 0,000000
техника 0,000000 0,000000
правды 0,068993 0,068993
трампа 0,054808 0,054808
тысячи 0,068993 0,068993
оценкой 4,317488 4,317488
отвел 0,076161 0,076161
предрек 0,076161 0,076161
марта 0,040822 0,040822
городе 0,061875 0,061875
главное 0,000000 0,000000
года 0,899761 1,799523
реакций 0,047791 0,047791
летнего 0,097980 0,097980
заявили 0,076161 0,076161
спектром 5,010635 5,010635
реакции 0,047791 0,047791
крейсера 5,010635 5,010635
мини 0,000000 0,000000
напомнил 2,813411 2,813411
видеть 0,013423 0,013423
изнасиловал 0,076161 0,076161
львов 3,912023 3,912023
наука 0,000000 0,000000
многоцелевые 5,010635 5,010635
