зеленского 0,068993 0,068993
перемирии 0,076161 0,076161
ру 0,000000 0,000000
банк 0,076161 0,076161
лента 0,000000 0,000000
новые 0,000000 0,000000
спорт 0,000000 0,000000
споры 0,097980 0,097980
согласие 0,047791 0,047791
добро 0,013423 0,013423
военной 0,061875 0,061875
выражаете 0,047791 0,047791
четыре 0,040822 0,040822
декабря 2,120264 2,120264
жми 0,013423 0,013423
помощью 0,047791 0,047791
добра 0,013423 0,026846
ленту 0,013423 0,013423
затопленного 0,076161 0,076161
фото 0,061875 0,123751
состоится 3,064725 3,064725
водой 0,061875 0,061875
космос 2,931194 2,931194
применения 0,000000 0,000000
технологиймини 0,000000 0,000000
оценивайте 0,047791 0,047791
обитания 0,000000 0,000000
ценности 0,000000 0,000000
материалам 0,047791 0,047791
конфиденциальности 0,047791 0,047791
вернуться 0,013423 0,013423
мир 0,000000 0,000000
ваши 0,047791 0,047791
российским 0,076161 0,076161
нажмите 0,000000 0,000000
получайте 0,047791 0,047791
погружайтесь 0,047791 0,047791
бывший 0,000000 0,000000
проблемы 0,076161 0,076161
россиикосмосоружиеисторияздоровьебудущеетехникагаджетыигрысофт 3,064725 3,064725
накапливайте 0,047791 0,047791
интернет 0,000000 0,000000
россия 0,000000 0,000000
ооо 0,000000 0,000000
обратился 0,076161 0,076161
космонавтика 4,317488 4,317488
деактивирована 0,013423 0,013423
путешествия 0,000000 0,000000
свои 0,027029 0,027029
ранее 1,003302 1,003302
января 1,791759 1,791759
потапов 4,317488 4,317488
структуры 0,000000 0,000000
индии 0,076161 0,076161
гид 0,076161 0,076161
хочешь 0,013423 0,013423
нашли 0,000000 0,000000
пляжных 0,097980 0,097980
уволит 0,076161 0,076161
дома 0,061875 0,061875
американский 0,061875 0,061875
обычную 0,013423 0,013423
пола 0,097980 0,097980
корабль 3,912023 7,824046
внешность 0,097980 0,097980
мощную 5,010635 5,010635
корабля 4,317488 4,317488
грузовик 5,010635 5,010635
мкс 4,317488 12,952464
украинском 0,076161 0,076161
света 0,054808 0,054808
осмотр 5,010635 5,010635
галереи 0,000000 0,000000
белоусов 0,076161 0,076161
эмоции 0,047791 0,047791
пилотируемым 5,010635 5,010635
зеленским 0,076161 0,076161
специалисты 3,064725 3,064725
условиями 0,040822 0,081644
двум 0,076161 0,076161
вызвала 0,097980 0,097980
отправился 3,912023 3,912023
сети 0,090654 0,090654
военнослужащим 0,076161 0,076161
читайте 0,040822 0,040822
байконур 0,097980 0,489902
редакциярекламаконтактыпресс 0,000000 0,000000
материалы 0,000000 0,000000
видео 0,000000 0,000000
самую 3,401197 3,401197
депутат 0,076161 0,076161
прогресс 0,097980 0,685863
статьи 0,000000 0,000000
форме 0,061875 0,061875
сообщила 3,912023 3,912023
последние 0,090654 0,090654
предрекли 0,076161 0,076161
культура 0,000000 0,000000
луны 3,912023 3,912023
лето 3,064725 3,064725
космодром 4,317488 8,634976
обсудить 0,456758 0,456758
эра 4,317488 4,317488
силовые 0,000000 0,000000
архив 0,000000 0,000000
дня 0,061875 0,061875
сша 0,040822 0,081644
отправила 5,010635 5,010635
всенаукав 3,064725 3,064725
вторая 2,813411 2,813411
среда 0,000000 0,000000
пуск 3,912023 3,912023
раскрытии 0,076161 0,076161
скидки 0,047791 0,047791
сотрудников 0,076161 0,076161
эксклюзивы 0,000000 0,000000
российском 0,076161 0,076161
выражайте 0,047791 0,047791
теме 1,514128 1,514128
госкорпорации 4,317488 4,317488
трудно 3,401197 3,401197
начались 0,068993 0,068993
началась 2,813411 2,813411
рекомендательных 0,000000 0,000000
конфликте 0,076161 0,076161
ракеты 3,218876 6,437752
продолжая 0,047791 0,047791
работает 0,040822 0,040822
увлекательные 0,047791 0,047791
госкорпорация 4,317488 4,317488
прорыв 3,624341 3,624341
пуску 4,317488 4,317488
переговоры 0,054808 0,054808
провели 2,066196 2,066196
законсервировали 4,317488 4,317488
конфиденциальностиправила 0,000000 0,000000
бонусы 0,047791 0,095581
год 1,714798 1,714798
политикой 0,047791 0,047791
ракету 5,010635 5,010635
маккартни 0,097980 0,097980
жильцы 0,076161 0,076161
жизни 0,000000 0,000000
забота 0,000000 0,000000
сбер 0,040822 0,040822
выгрузки 5,010635 5,010635
пожаловать 0,013423 0,013423
использованияполитика 0,000000 0,000000
станция 3,624341 3,624341
крупный 0,068993 0,068993
регионам 0,076161 0,076161
сообщает 2,120264 2,120264
грузовой 4,317488 4,317488
крупным 0,076161 0,076161
это 0,020203 0,020203
туристку 0,076161 0,076161
которого 1,875141 1,875141
подготовки 3,064725 3,064725
победа 0,000000 0,000000
космическая 3,912023 3,912023
остались 0,061875 0,061875
две 0,033902 0,033902
запуск 5,010635 5,010635
мотор 0,000000 0,000000
обменивайте 0,047791 0,047791
опечатку 0,000000 0,000000
сми 0,000000 0,000000
рады 0,068993 0,068993
союз 3,401197 10,203592
станции 3,624341 3,624341
иван 3,064725 3,064725
новости 0,000000 0,000000
кораблем 4,317488 8,634976
войти 0,000000 0,000000
место 0,054808 0,054808
акции 0,047791 0,047791
транспортный 5,010635 5,010635
хорошие 0,013423 0,013423
миссию 4,317488 4,317488
мс 0,097980 0,783843
космической 3,912023 3,912023
медитации 0,076161 0,076161
мире 1,919593 1,919593
догнать 5,010635 5,010635
изменится 2,813411 2,813411
начала 1,832581 1,832581
покорение 4,317488 4,317488
экономика 0,000000 0,000000
уход 0,076161 0,076161
апреля 2,612740 2,612740
прибыл 0,083382 0,416908
венере 4,317488 4,317488
спецпроекты 0,000000 0,000000
феврале 2,525729 2,525729
реальный 0,013423 0,013423
роскосмос 5,010635 10,021271
игры 0,000000 0,000000
ссср 0,000000 0,000000
техника 0,000000 0,000000
году 1,373049 1,373049
правды 0,068993 0,068993
запланирован 4,317488 4,317488
завершении 3,624341 3,624341
трампа 0,054808 0,054808
байконура 4,317488 4,317488
тысячи 0,068993 0,068993
отвел 0,076161 0,076161
предрек 0,076161 0,076161
международной 3,218876 3,218876
марта 0,040822 0,040822
городе 0,061875 0,061875
главное 0,000000 0,000000
реакций 0,047791 0,047791
летнего 0,097980 0,097980
заявили 0,076161 0,076161
реакции 0,047791 0,047791
мини 0,000000 0,000000
видеть 0,013423 0,013423
изнасиловал 0,076161 0,076161
юпитеру 5,010635 5,010635
запустила 3,218876 3,218876
наука 0,000000 0,000000
