зеленского 0,068993 0,137986
перемирии 0,076161 0,076161
ру 0,000000 0,000000
банк 0,076161 0,076161
лента 0,000000 0,000000
новый 1,966113 1,966113
голливудские 3,064725 3,064725
веками 3,064725 3,064725
новые 0,000000 0,000000
ожидает 2,931194 2,931194
сквозь 2,931194 2,931194
крымском 3,064725 3,064725
оценил 2,612740 2,612740
спорт 0,000000 0,000000
сфере 2,813411 2,813411
приказа 2,813411 2,813411
споры 0,097980 0,097980
ситуации 2,014903 2,014903
согласие 0,047791 0,047791
добро 0,013423 0,013423
пришельцами 3,064725 3,064725
борьба 2,445686 2,445686
военной 0,061875 0,061875
выражаете 0,047791 0,047791
четыре 0,040822 0,040822
жми 0,013423 0,013423
стало 1,181994 1,181994
помощью 0,047791 0,047791
бывшего 2,445686 2,445686
добра 0,013423 0,026846
вызывающее 3,064725 3,064725
человек 1,249435 1,249435
десятилетий 3,064725 3,064725
ленту 0,013423 0,013423
беспилотники 2,813411 2,813411
вашингтона 2,813411 2,813411
доставили 2,708050 2,708050
затопленного 0,076161 0,076161
фото 0,061875 0,061875
редчайшие 3,064725 3,064725
лет 0,967584 0,967584
бесполезны 3,064725 3,064725
разговор 1,791759 1,791759
стали 1,514128 1,514128
украинская 2,612740 2,612740
водой 0,061875 0,061875
звезды 2,371578 2,371578
россии 0,425668 0,425668
жеста 2,525729 2,525729
применения 0,000000 0,000000
суд 1,966113 3,932226
технологиймини 0,000000 0,000000
задержали 2,302585 2,302585
экс 2,066196 2,066196
оценивайте 0,047791 0,047791
обитания 0,000000 0,000000
ценности 0,000000 0,000000
прорваться 2,813411 2,813411
область 2,238047 4,476093
женщине 2,612740 2,612740
главные 2,371578 2,371578
сообществом 2,708050 2,708050
владелец 3,624341 3,624341
оно 2,445686 2,445686
рублей 1,514128 1,514128
материалам 0,047791 0,047791
известно 1,297063 1,297063
конфиденциальности 0,047791 0,047791
мужской 2,708050 2,708050
белгородскую 2,612740 5,225480
вернуться 0,013423 0,013423
мир 0,000000 0,000000
ваши 0,047791 0,047791
запад 2,525729 2,525729
привела 2,525729 2,525729
российским 0,076161 0,076161
нажмите 0,000000 0,000000
рак 2,931194 2,931194
превысило 4,317488 4,317488
получайте 0,047791 0,047791
сво 2,445686 2,445686
волна 2,612740 2,612740
патовой 3,064725 3,064725
погружайтесь 0,047791 0,047791
неразлучны 3,064725 3,064725
стамбула 2,931194 2,931194
бывшим 3,064725 3,064725
бывший 0,000000 0,000000
конец 2,612740 2,612740
время 0,762140 0,762140
проблемы 0,076161 0,076161
накапливайте 0,047791 0,047791
доброй 2,525729 2,525729
интернет 0,000000 0,000000
россия 0,000000 0,000000
россию 1,609438 3,218876
ооо 0,000000 0,000000
обратился 0,076161 0,076161
деактивирована 0,013423 0,013423
объяснило 2,931194 2,931194
супы 3,064725 3,064725
путешествия 0,000000 0,000000
часов 1,643339 1,643339
обожали 2,931194 2,931194
свои 0,027029 0,054057
провокация 2,708050 2,708050
рассказала 1,919593 1,919593
предсказания 3,064725 3,064725
резко 2,371578 2,371578
съели 2,813411 2,813411
структуры 0,000000 0,000000
индии 0,076161 0,076161
гид 0,076161 0,076161
возненавидели 2,931194 2,931194
овечкина 4,317488 4,317488
хочешь 0,013423 0,013423
лукашенко 2,813411 2,813411
уголовных 4,317488 4,317488
нашли 0,000000 0,000000
работе 1,791759 1,791759
пляжных 0,097980 0,097980
контрразведывательные 3,064725 3,064725
уволит 0,076161 0,076161
дома 0,061875 0,061875
американский 0,061875 0,061875
обычную 0,013423 0,013423
популярном 2,931194 2,931194
пола 0,097980 0,097980
выглядит 2,445686 2,445686
лучшей 2,813411 2,813411
внешность 0,097980 0,097980
трех 1,919593 1,919593
росте 3,401197 3,401197
зеленский 1,714798 1,714798
сбила 3,064725 3,064725
первую 2,238047 2,238047
украинском 0,076161 0,076161
света 0,054808 0,109616
украины 1,021651 2,043302
показать 2,708050 2,708050
упрощении 4,317488 4,317488
украл 3,912023 3,912023
галереи 0,000000 0,000000
кубани 3,064725 3,064725
нелепые 3,064725 3,064725
миллиард 3,912023 3,912023
белоусов 0,076161 0,076161
эмоции 0,047791 0,047791
зеленским 0,076161 0,076161
законопроект 3,912023 3,912023
условиями 0,040822 0,081644
двум 0,076161 0,076161
полвека 2,931194 2,931194
работники 2,813411 2,813411
киеве 2,813411 2,813411
отчиталось 3,064725 3,064725
вызвала 0,097980 0,097980
число 2,014903 2,014903
сети 0,090654 0,090654
минобороны 1,966113 3,932226
военнослужащим 0,076161 0,076161
оргии 3,401197 3,401197
вида 2,708050 2,708050
севастополя 3,064725 3,064725
читайте 0,040822 0,040822
мэра 2,612740 2,612740
родителям 3,064725 3,064725
байконур 0,097980 0,097980
цвета 3,401197 3,401197
редакциярекламаконтактыпресс 0,000000 0,000000
материалы 0,000000 0,000000
видео 0,000000 0,000000
депутат 0,076161 0,076161
назло 3,064725 3,064725
прогресс 0,097980 0,097980
статьи 0,000000 0,000000
разбираем 3,064725 3,064725
путина 1,514128 1,514128
безутешная 3,064725 3,064725
контакты 2,302585 2,302585
форме 0,061875 0,061875
креме 3,064725 3,064725
предрекли 0,076161 0,076161
культура 0,000000 0,000000
стриптизера 2,931194 2,931194
загрузка 3,064725 3,064725
пользователей 3,218876 3,218876
летняя 2,177422 2,177422
сообщили 2,177422 2,177422
силовые 0,000000 0,000000
архив 0,000000 0,000000
бренд 3,064725 3,064725
миграции 4,317488 4,317488
дня 0,061875 0,061875
подругой 3,064725 3,064725
сша 0,040822 0,081644
женской 3,064725 3,064725
отношении 1,791759 1,791759
мифы 3,064725 3,064725
школьница 3,064725 3,064725
лондоне 2,612740 2,612740
среда 0,000000 0,000000
комплимент 2,931194 2,931194
раскрытии 0,076161 0,076161
скидки 0,047791 0,047791
сотрудников 0,076161 0,076161
начальству 3,064725 3,064725
эксклюзивы 0,000000 0,000000
миража 3,401197 3,401197
российском 0,076161 0,076161
выражайте 0,047791 0,047791
потребовали 2,708050 2,708050
пропала 3,064725 3,064725
пилот 2,813411 2,813411
начались 0,068993 0,068993
участников 3,064725 3,064725
банкротства 4,317488 4,317488
рекомендательных 0,000000 0,000000
конфликте 0,076161 0,076161
сексуальности 2,931194 2,931194
позже 1,919593 1,919593
продолжая 0,047791 0,047791
работает 0,040822 0,040822
увлекательные 0,047791 0,047791
прыщей 3,064725 3,064725
нефтебазе 3,064725 3,064725
незаконной 3,912023 3,912023
лучший 2,525729 2,525729
бросают 2,931194 2,931194
красноярском 3,064725 3,064725
переговоры 0,054808 0,054808
энергетики 2,445686 2,445686
конфиденциальностиправила 0,000000 0,000000
бонусы 0,047791 0,095581
исповедь 2,931194 2,931194
политикой 0,047791 0,047791
маккартни 0,097980 0,097980
признали 2,177422 2,177422
туфельки 4,317488 4,317488
жильцы 0,076161 0,076161
жизни 0,000000 0,000000
сын 2,525729 2,525729
операции 1,714798 1,714798
солистка 3,218876 3,218876
забота 0,000000 0,000000
сбер 0,040822 0,040822
удержать 2,708050 2,708050
пожаловать 0,013423 0,013423
использованияполитика 0,000000 0,000000
веке 2,445686 2,445686
вредны 3,064725 3,064725
бить 2,931194 2,931194
потерю 2,612740 2,612740
воли 2,302585 2,302585
груди 3,064725 3,064725
крупный 0,068993 0,068993
регионам 0,076161 0,076161
легендарные 3,624341 3,624341
крупным 0,076161 0,076161
аптечном 3,064725 3,064725
россиянок 2,302585 2,302585
это 0,020203 0,040405
легендарным 2,612740 2,612740
интересное 2,931194 2,931194
туристку 0,076161 0,076161
объектам 2,525729 2,525729
победа 0,000000 0,000000
хищники 3,064725 3,064725
россияне 1,919593 1,919593
прислали 3,064725 3,064725
остались 0,061875 0,061875
две 0,033902 0,067803
отрастили 3,064725 3,064725
мотор 0,000000 0,000000
обменивайте 0,047791 0,047791
опечатку 0,000000 0,000000
сми 0,000000 0,000000
эрекция 2,931194 2,931194
сицилийской 2,708050 2,708050
ванги 3,064725 3,064725
выполнении 2,931194 2,931194
рассмотрела 4,317488 4,317488
спасение 2,371578 2,371578
рады 0,068993 0,068993
несколько 1,347074 2,694147
новости 0,000000 0,000000
войти 0,000000 0,000000
место 0,054808 0,054808
акции 0,047791 0,047791
хорошие 0,013423 0,013423
мс 0,097980 0,097980
александра 2,445686 2,445686
рассказал 1,272966 1,272966
накануне 2,238047 2,238047
губернатором 3,064725 3,064725
медитации 0,076161 0,076161
исчезающего 3,064725 3,064725
недели 2,525729 2,525729
попытки 2,302585 2,302585
приостановили 3,064725 3,064725
обещанного 3,064725 3,064725
преступным 2,708050 2,708050
генпрокуратуре 3,401197 3,401197
экономика 0,000000 0,000000
считать 2,445686 2,445686
уход 0,076161 0,076161
почему 0,899761 1,799523
влияния 2,302585 2,302585
обиде 3,401197 3,401197
ударили 2,931194 2,931194
госдума 3,912023 3,912023
вернулся 2,371578 2,371578
красные 3,912023 3,912023
прибыл 0,083382 0,083382
затем 1,875141 1,875141
спецпроекты 0,000000 0,000000
начал 2,445686 2,445686
признаком 3,064725 3,064725
прощалась 3,064725 3,064725
уровне 2,371578 2,371578
взбудоражили 3,064725 3,064725
пробует 3,064725 3,064725
модель 3,401197 3,401197
дракона 2,931194 2,931194
баскова 3,401197 3,401197
путин 1,203973 1,203973
влияние 2,371578 2,371578
назад 1,678431 1,678431
переговоров 1,714798 1,714798
мести 3,064725 3,064725
путиным 1,966113 1,966113
реальный 0,013423 0,013423
усы 3,064725 3,064725
игры 0,000000 0,000000
вещество 3,064725 3,064725
полмиллиона 2,931194 2,931194
мужчина 2,371578 2,371578
техника 0,000000 0,000000
ссср 0,000000 0,000000
кладбища 3,064725 3,064725
пять 1,576648 1,576648
всу 1,373049 4,119147
употребивший 3,401197 3,401197
правды 0,068993 0,068993
трампа 0,054808 0,109616
тысячи 0,068993 0,068993
пытается 2,177422 2,177422
дел 3,064725 3,064725
боссы 2,708050 2,708050
отвел 0,076161 0,076161
высшем 2,612740 2,612740
активных 3,401197 3,401197
предрек 0,076161 0,076161
дожил 4,317488 4,317488
городе 0,061875 0,061875
главное 0,000000 0,000000
зубы 2,813411 2,813411
начался 2,931194 2,931194
правда 2,014903 2,014903
кокаин 3,401197 3,401197
проникнуть 2,708050 2,708050
суда 3,624341 3,624341
реакций 0,047791 0,047791
летнего 0,097980 0,097980
заявили 0,076161 0,076161
подтвердили 3,064725 3,064725
реакции 0,047791 0,047791
массово 2,371578 2,371578
мини 0,000000 0,000000
анонсировал 2,813411 2,813411
увольнений 3,064725 3,064725
яркие 3,401197 3,401197
видеть 0,013423 0,013423
автоваз 3,401197 3,401197
изнасиловал 0,076161 0,076161
зоопарке 3,064725 3,064725
мафии 2,708050 2,708050
вторгнуться 2,931194 2,931194
попытках 2,612740 2,612740
наука 0,000000 0,000000
влюбил 2,931194 2,931194
красить 3,912023 3,912023
слониха 3,064725 3,064725
обвиняют 2,813411 2,813411
