зеленского 0,068993 0,068993
состояться 4,317488 4,317488
перемирии 0,076161 0,076161
ру 0,000000 0,000000
банк 0,076161 0,076161
формирования 5,010635 5,010635
лента 0,000000 0,000000
парламент 5,010635 15,031906
новые 0,000000 0,000000
завершились 4,317488 4,317488
спорт 0,000000 0,000000
споры 0,097980 0,097980
согласие 0,047791 0,047791
добро 0,013423 0,013423
военной 0,061875 0,061875
выражаете 0,047791 0,047791
четыре 0,040822 0,040822
жми 0,013423 0,013423
стало 1,181994 1,181994
помощью 0,047791 0,047791
таким 2,014903 2,014903
глава 1,643339 1,643339
добра 0,013423 0,026846
должны 2,066196 2,066196
принял 2,931194 5,862388
милоша 5,010635 15,031906
ленту 0,013423 0,013423
затопленного 0,076161 0,076161
фото 0,061875 0,123751
политика 1,576648 1,576648
даты 3,624341 3,624341
водой 0,061875 0,061875
сербский 5,010635 5,010635
применения 0,000000 0,000000
технологиймини 0,000000 0,000000
оценивайте 0,047791 0,047791
обитания 0,000000 0,000000
ценности 0,000000 0,000000
материалам 0,047791 0,047791
конфиденциальности 0,047791 0,047791
сербского 5,010635 5,010635
вернуться 0,013423 0,013423
мир 0,000000 0,000000
спикер 3,624341 3,624341
ваши 0,047791 0,047791
российским 0,076161 0,076161
нажмите 0,000000 0,000000
нови 5,010635 5,010635
получайте 0,047791 0,047791
вучевич 5,010635 5,010635
необходимо 2,120264 2,120264
погружайтесь 0,047791 0,047791
бывший 0,000000 0,000000
проблемы 0,076161 0,076161
накапливайте 0,047791 0,047791
интернет 0,000000 0,000000
россия 0,000000 0,000000
ооо 0,000000 0,000000
обратился 0,076161 0,076161
деактивирована 0,013423 0,013423
государства 2,708050 2,708050
путешествия 0,000000 0,000000
отдела 0,579818 0,579818
свои 0,027029 0,027029
бетонного 5,010635 5,010635
структуры 0,000000 0,000000
премьера 3,218876 6,437752
индии 0,076161 0,076161
гид 0,076161 0,076161
произошло 2,445686 2,445686
полномочия 5,010635 5,010635
хочешь 0,013423 0,013423
нашли 0,000000 0,000000
пляжных 0,097980 0,097980
утвердили 5,010635 5,010635
уволит 0,076161 0,076161
дома 0,061875 0,061875
американский 0,061875 0,061875
протестов 5,010635 5,010635
обычную 0,013423 0,013423
пола 0,097980 0,097980
внешность 0,097980 0,097980
сообщило 3,401197 3,401197
соответствии 4,317488 4,317488
украинском 0,076161 0,076161
света 0,054808 0,054808
завтра 3,401197 3,401197
галереи 0,000000 0,000000
белоусов 0,076161 0,076161
эмоции 0,047791 0,047791
зеленским 0,076161 0,076161
иначе 3,401197 3,401197
условиями 0,040822 0,081644
двум 0,076161 0,076161
период 2,120264 2,120264
вызвала 0,097980 0,097980
сети 0,090654 0,090654
военнослужащим 0,076161 0,076161
читайте 0,040822 0,040822
мэра 2,612740 2,612740
вокзала 4,317488 4,317488
байконур 0,097980 0,097980
редакциярекламаконтактыпресс 0,000000 0,000000
конституции 3,912023 3,912023
правительство 3,912023 3,912023
материалы 0,000000 0,000000
видео 0,000000 0,000000
депутат 0,076161 0,076161
прогресс 0,097980 0,097980
статьи 0,000000 0,000000
форме 0,061875 0,061875
последние 0,090654 0,090654
предрекли 0,076161 0,076161
отмечается 2,371578 2,371578
культура 0,000000 0,000000
обсудить 0,456758 0,456758
силовые 0,000000 0,000000
архив 0,000000 0,000000
китов 4,317488 4,317488
дня 0,061875 0,061875
брнабич 5,010635 5,010635
отправили 2,708050 5,416100
сша 0,040822 0,040822
отставку 3,401197 17,005987
всеполитикаобществопроисшествияконфликтыпреступность 2,014903 2,014903
среда 0,000000 0,000000
раскрытии 0,076161 0,076161
редактор 0,567984 0,567984
скидки 0,047791 0,047791
сотрудников 0,076161 0,076161
эксклюзивы 0,000000 0,000000
российском 0,076161 0,076161
выражайте 0,047791 0,047791
дней 1,791759 1,791759
начались 0,068993 0,068993
сформировать 3,912023 3,912023
рекомендательных 0,000000 0,000000
официально 2,931194 2,931194
конфликте 0,076161 0,076161
продолжая 0,047791 0,047791
работает 0,040822 0,040822
увлекательные 0,047791 0,047791
назначить 3,624341 3,624341
антиправительственных 5,010635 5,010635
должен 2,371578 2,371578
правительства 5,010635 10,021271
переговоры 0,054808 0,054808
которое 2,371578 2,371578
сада 5,010635 5,010635
конфиденциальностиправила 0,000000 0,000000
бонусы 0,047791 0,095581
провинившегося 3,218876 6,437752
политикой 0,047791 0,047791
парламента 3,401197 6,802395
маккартни 0,097980 0,097980
распустить 5,010635 5,010635
жильцы 0,076161 0,076161
жизни 0,000000 0,000000
забота 0,000000 0,000000
сбер 0,040822 0,040822
пожаловать 0,013423 0,013423
использованияполитика 0,000000 0,000000
поводом 3,912023 3,912023
вучевича 5,010635 15,031906
которые 1,181994 1,181994
обрушения 4,317488 4,317488
сербии 3,624341 18,121705
крупный 0,068993 0,068993
регионам 0,076161 0,076161
крупным 0,076161 0,076161
козырька 5,010635 5,010635
это 0,020203 0,020203
туристку 0,076161 0,076161
отметила 3,401197 3,401197
победа 0,000000 0,000000
депутаты 4,317488 4,317488
остались 0,061875 0,061875
две 0,033902 0,033902
мотор 0,000000 0,000000
обменивайте 0,047791 0,047791
опечатку 0,000000 0,000000
массовых 4,317488 4,317488
сми 0,000000 0,000000
страны 1,455287 1,455287
рады 0,068993 0,068993
статьей 4,317488 4,317488
телевидение 4,317488 4,317488
новости 0,000000 0,000000
войти 0,000000 0,000000
место 0,054808 0,054808
акции 0,047791 0,047791
хорошие 0,013423 0,013423
мс 0,097980 0,097980
медитации 0,076161 0,076161
шла 2,813411 2,813411
радио 3,912023 3,912023
экономика 0,000000 0,000000
уход 0,076161 0,076161
реконструкция 5,010635 5,010635
новое 2,931194 2,931194
апреля 2,612740 2,612740
прибыл 0,083382 0,083382
спецпроекты 0,000000 0,000000
градоначальства 5,010635 5,010635
владислав 3,912023 3,912023
реальный 0,013423 0,013423
игры 0,000000 0,000000
пост 3,064725 3,064725
техника 0,000000 0,000000
ссср 0,000000 0,000000
правды 0,068993 0,068993
главного 2,612740 2,612740
трампа 0,054808 0,054808
тысячи 0,068993 0,068993
отвел 0,076161 0,076161
ана 5,010635 5,010635
предрек 0,076161 0,076161
города 1,714798 1,714798
министра 3,401197 10,203592
марта 0,040822 0,081644
городе 0,061875 0,061875
именно 1,875141 1,875141
премьер 2,525729 7,577186
главное 0,000000 0,000000
года 0,899761 0,899761
нового 2,371578 2,371578
срок 2,612740 5,225480
реакций 0,047791 0,047791
летнего 0,097980 0,097980
заявили 0,076161 0,076161
реакции 0,047791 0,047791
мини 0,000000 0,000000
начинается 3,624341 3,624341
занимал 3,912023 3,912023
видеть 0,013423 0,013423
изнасиловал 0,076161 0,076161
наука 0,000000 0,000000
внеочередные 5,010635 5,010635
образом 2,066196 2,066196
выборы 4,317488 4,317488
