перемирии 0,076161 0,076161
ру 0,000000 0,000000
банк 0,076161 0,076161
разведки 3,401197 3,401197
определяют 5,010635 5,010635
рф 1,514128 1,514128
новые 0,000000 0,000000
опасаются 5,010635 5,010635
заявил 1,098612 1,098612
ситуации 2,014903 2,014903
согласие 0,047791 0,047791
добро 0,013423 0,013423
выражаете 0,047791 0,047791
переживут 4,317488 4,317488
помощью 0,047791 0,047791
важным 3,624341 3,624341
народные 5,010635 5,010635
перемирия 2,445686 2,445686
добра 0,013423 0,026846
словам 1,272966 1,272966
вашингтона 2,813411 2,813411
фото 0,061875 0,185626
разговор 1,791759 3,583519
водой 0,061875 0,061875
технологиймини 0,000000 0,000000
оценивайте 0,047791 0,047791
исследований 3,624341 3,624341
конфиденциальности 0,047791 0,047791
мир 0,000000 0,000000
конференцией 4,317488 4,317488
нажмите 0,000000 0,000000
получайте 0,047791 0,047791
погружайтесь 0,047791 0,047791
действиям 5,010635 5,010635
бывший 0,000000 0,000000
конец 2,612740 2,612740
проблемы 0,076161 0,076161
майк 3,218876 3,218876
данных 2,931194 2,931194
накапливайте 0,047791 0,047791
телефонного 2,066196 2,066196
национальной 2,813411 2,813411
ооо 0,000000 0,000000
деактивирована 0,013423 0,013423
путешествия 0,000000 0,000000
отдела 0,579818 0,579818
ранее 1,003302 1,003302
территории 1,919593 1,919593
также 0,762140 0,762140
республики 3,401197 3,401197
структуры 0,000000 0,000000
индии 0,076161 0,076161
хочешь 0,013423 0,013423
украина 1,832581 5,497744
обсуждать 3,218876 3,218876
нашли 0,000000 0,000000
пляжных 0,097980 0,097980
территорий 3,401197 10,203592
обычную 0,013423 0,013423
украине 1,139434 4,557737
внешность 0,097980 0,097980
научный 3,624341 3,624341
киевом 3,624341 3,624341
украину 2,302585 2,302585
света 0,054808 0,054808
украинском 0,076161 0,152323
боевым 4,317488 4,317488
украины 1,021651 1,021651
курской 1,832581 1,832581
значат 3,912023 3,912023
галереи 0,000000 0,000000
белоусов 0,076161 0,076161
судить 3,624341 3,624341
боится 3,912023 3,912023
хотя 2,445686 2,445686
условиями 0,040822 0,081644
луганскую 5,010635 5,010635
дональд 2,238047 2,238047
читайте 0,040822 0,040822
киева 2,612740 5,225480
стороны 1,643339 1,643339
байконур 0,097980 0,097980
получит 2,813411 2,813411
редакциярекламаконтактыпресс 0,000000 0,000000
видео 0,000000 0,000000
благодарил 4,317488 4,317488
путина 1,514128 4,542383
всеми 3,624341 3,624341
сторона 3,218876 3,218876
последние 0,090654 0,090654
предрекли 0,076161 0,076161
ялтинской 4,317488 4,317488
момент 1,714798 3,429597
называл 5,010635 5,010635
обсудить 0,456758 0,456758
владимира 2,445686 4,891372
архив 0,000000 0,000000
константин 2,813411 2,813411
сша 0,040822 0,285754
говорил 2,708050 2,708050
среда 0,000000 0,000000
говорить 3,064725 3,064725
приведет 2,525729 2,525729
раскрытии 0,076161 0,076161
скидки 0,047791 0,047791
кэролайн 4,317488 4,317488
стремится 4,317488 4,317488
всерьез 3,912023 3,912023
эксклюзивы 0,000000 0,000000
российском 0,076161 0,076161
выражайте 0,047791 0,047791
пояснил 2,931194 2,931194
секрет 2,612740 2,612740
российской 2,014903 2,014903
столько 2,525729 2,525729
конфликте 0,076161 0,152323
продолжая 0,047791 0,047791
донецкую 5,010635 5,010635
конфликта 1,919593 3,839186
команда 2,813411 2,813411
большой 2,371578 2,371578
заявлял 5,010635 5,010635
конфиденциальностиправила 0,000000 0,000000
промежуточный 4,317488 4,317488
бонусы 0,047791 0,095581
москвы 1,832581 1,832581
политикой 0,047791 0,047791
жильцы 0,076161 0,076161
преддверии 5,010635 5,010635
жизни 0,000000 0,000000
операции 1,714798 1,714798
траектория 3,912023 3,912023
связано 3,218876 3,218876
гончарова 3,912023 3,912023
туристку 0,076161 0,076161
это 0,020203 0,080811
две 0,033902 0,033902
мотор 0,000000 0,000000
обменивайте 0,047791 0,047791
осталась 3,624341 3,624341
катастрофа 3,624341 3,624341
оперативной 2,177422 2,177422
похожее 3,912023 3,912023
белого 2,302585 2,302585
новости 0,000000 0,000000
разговора 1,609438 3,218876
войти 0,000000 0,000000
хорошие 0,013423 0,013423
некоторыми 3,912023 3,912023
отключены 1,576648 1,576648
уолтц 3,624341 3,624341
медитации 0,076161 0,076161
политик 3,064725 3,064725
силами 3,624341 3,624341
уход 0,076161 0,076161
почему 0,899761 0,899761
белом 2,371578 2,371578
прибыл 0,083382 0,083382
области 1,399717 2,799435
обеими 5,010635 5,010635
спецпроекты 0,000000 0,000000
гарантий 3,624341 3,624341
ялтинский 4,317488 4,317488
аравии 2,813411 2,813411
путин 1,203973 2,407946
путиным 1,966113 1,966113
игры 0,000000 0,000000
возможные 3,912023 3,912023
техника 0,000000 0,000000
ссср 0,000000 0,000000
трампа 0,054808 0,219233
вопрос 1,832581 7,330326
отвел 0,076161 0,076161
помощников 5,010635 5,010635
аэс 3,912023 3,912023
марта 0,040822 0,204110
главное 0,000000 0,000000
порт 5,010635 5,010635
американист 4,317488 4,317488
реакций 0,047791 0,047791
летнего 0,097980 0,097980
реакции 0,047791 0,047791
мини 0,000000 0,000000
напрямую 3,401197 6,802395
событиями 5,010635 5,010635
планирует 3,624341 3,624341
изнасиловал 0,076161 0,076161
порта 5,010635 5,010635
зеленского 0,068993 0,206979
лента 0,000000 0,000000
урегулированию 2,708050 2,708050
урегулирования 3,064725 3,064725
обсуждалось 5,010635 5,010635
спорт 0,000000 0,000000
одессе 5,010635 10,021271
переговорах 2,612740 2,612740
коллапсу 4,317488 4,317488
споры 0,097980 0,097980
военной 0,061875 0,061875
темой 3,912023 3,912023
четыре 0,040822 0,040822
жми 0,013423 0,013423
урегулирование 4,317488 4,317488
ссылкой 3,064725 3,064725
левитт 5,010635 5,010635
высказался 3,218876 3,218876
ленту 0,013423 0,013423
затопленного 0,076161 0,076161
илья 3,064725 3,064725
украинская 2,612740 2,612740
россии 0,425668 2,979675
применения 0,000000 0,000000
обитания 0,000000 0,000000
ценности 0,000000 0,000000
отдаст 3,912023 3,912023
материалам 0,047791 0,047791
многое 3,624341 3,624341
требования 2,302585 2,302585
известно 1,297063 1,297063
вернуться 0,013423 0,013423
ваши 0,047791 0,047791
очередь 2,177422 2,177422
российским 0,076161 0,152323
опасения 3,624341 3,624341
ран 3,218876 3,218876
президента 1,455287 8,731723
интернет 0,000000 0,000000
россия 0,000000 0,000000
вопросе 3,401197 3,401197
обратился 0,076161 0,076161
саудовской 2,813411 2,813411
вопросы 2,120264 2,120264
свои 0,027029 0,027029
запланированного 4,317488 4,317488
убедили 3,624341 3,624341
доме 2,014903 2,014903
американского 2,177422 6,532266
гид 0,076161 0,076161
оружия 2,813411 2,813411
европе 2,813411 2,813411
запорожскую 4,317488 4,317488
лидером 2,813411 2,813411
уволит 0,076161 0,076161
дома 0,061875 0,123751
великие 4,317488 4,317488
станут 3,912023 3,912023
сложным 4,317488 4,317488
американский 0,061875 0,061875
пола 0,097980 0,097980
проиграет 3,218876 3,218876
прекращение 2,813411 2,813411
питалев 3,624341 3,624341
положить 3,912023 3,912023
представитель 2,120264 2,120264
сотрудник 2,813411 2,813411
зеленский 1,714798 3,429597
передачи 4,317488 4,317488
указала 3,624341 3,624341
помощники 5,010635 5,010635
собственный 4,317488 4,317488
эмоции 0,047791 0,047791
зеленским 0,076161 0,076161
азия 2,525729 2,525729
числе 1,714798 3,429597
блохин 4,317488 4,317488
двум 0,076161 0,076161
вызвала 0,097980 0,097980
сети 0,090654 0,090654
военнослужащим 0,076161 0,076161
контроль 2,445686 9,782744
контроля 2,371578 2,371578
будущих 3,624341 3,624341
войны 1,791759 1,791759
территориях 3,624341 3,624341
материалы 0,000000 0,000000
эксперт 2,371578 2,371578
депутат 0,076161 0,076161
будущие 4,317488 4,317488
прогресс 0,097980 0,097980
статьи 0,000000 0,000000
добавила 4,317488 4,317488
согласиться 3,064725 9,194175
форме 0,061875 0,061875
культура 0,000000 0,000000
коллеги 3,064725 3,064725
херсонскую 5,010635 5,010635
крым 3,912023 3,912023
силовые 0,000000 0,000000
несмотря 2,120264 2,120264
одессы 3,624341 10,873023
дня 0,061875 0,061875
отношений 2,708050 2,708050
обеспокоены 4,317488 4,317488
зависит 3,064725 3,064725
мировой 2,445686 2,445686
редактор 0,567984 0,567984
сотрудников 0,076161 0,076161
грядущего 4,317488 4,317488
настоящий 3,401197 3,401197
территориальный 5,010635 5,010635
теме 1,514128 1,514128
комментарии 1,484275 1,484275
начались 0,068993 0,068993
насчет 4,317488 4,317488
территориальных 5,010635 10,021271
алина 3,624341 3,624341
сторонами 3,912023 3,912023
рекомендательных 0,000000 0,000000
работает 0,040822 0,040822
увлекательные 0,047791 0,047791
риа 1,272966 1,272966
переговоры 0,054808 0,109616
портом 3,912023 7,824046
маккартни 0,097980 0,097980
забота 0,000000 0,000000
сбер 0,040822 0,040822
пожаловать 0,013423 0,013423
использованияполитика 0,000000 0,000000
ведущий 3,401197 3,401197
трамп 1,484275 10,389923
думаю 2,708050 5,416100
крупный 0,068993 0,068993
регионам 0,076161 0,076161
знает 2,612740 2,612740
крупным 0,076161 0,076161
территориями 3,912023 3,912023
указывал 5,010635 5,010635
российскими 2,813411 2,813411
победа 0,000000 0,000000
остались 0,061875 0,061875
президент 1,347074 2,694147
помощник 3,912023 3,912023
опечатку 0,000000 0,000000
сми 0,000000 0,000000
президентов 2,708050 2,708050
рады 0,068993 0,068993
будем 2,612740 5,225480
ближе 4,317488 4,317488
место 0,054808 0,054808
развития 2,612740 2,612740
акции 0,047791 0,047791
мс 0,097980 0,097980
перешел 3,624341 3,624341
всеприбалтикаукраинабелоруссиямолдавиязакавказьесредняя 2,525729 2,525729
державы 3,912023 3,912023
экономика 0,000000 0,000000
обсуждении 5,010635 5,010635
центра 2,708050 2,708050
успеха 2,525729 2,525729
проблем 2,445686 2,445686
украинского 2,445686 4,891372
киев 2,708050 5,416100
решению 3,912023 3,912023
пишет 2,371578 4,743156
владимир 1,373049 2,746098
будущая 4,317488 4,317488
уделяет 5,010635 5,010635
опасается 3,624341 3,624341
реальный 0,013423 0,013423
безопасности 2,177422 6,532266
уступок 5,010635 10,021271
отказом 4,317488 4,317488
политолог 3,064725 3,064725
всу 1,373049 1,373049
правды 0,068993 0,068993
тысячи 0,068993 0,068993
признает 3,912023 3,912023
хочет 1,966113 1,966113
предрек 0,076161 0,076161
городе 0,061875 0,061875
огня 1,678431 1,678431
сравнили 3,912023 3,912023
года 0,899761 0,899761
информации 1,919593 1,919593
границы 3,218876 3,218876
критически 5,010635 5,010635
заявили 0,076161 0,152323
встречи 2,525729 2,525729
проводил 5,010635 5,010635
скоро 3,064725 3,064725
видеть 0,013423 0,013423
обсуждают 3,912023 3,912023
наука 0,000000 0,000000
аналогию 5,010635 5,010635
второй 2,066196 2,066196
внимания 3,401197 3,401197
