придумать 5,010635 5,010635
перемирии 0,076161 0,076161
иностранных 2,371578 2,371578
ру 0,000000 0,000000
банк 0,076161 0,076161
день 1,544899 1,544899
поведение 3,401197 3,401197
новые 0,000000 0,000000
частично 4,317488 4,317488
заявил 1,098612 1,098612
согласие 0,047791 0,047791
добро 0,013423 0,013423
выражаете 0,047791 0,047791
давайте 3,912023 3,912023
политики 2,525729 7,577186
помощью 0,047791 0,095581
создана 5,010635 5,010635
анисеева 4,317488 4,317488
таким 2,014903 2,014903
заметил 2,612740 5,225480
подчеркнул 2,525729 2,525729
таких 2,177422 2,177422
добра 0,013423 0,026846
словам 1,272966 2,545931
иностранные 3,064725 3,064725
фондов 4,317488 4,317488
вашингтона 2,813411 2,813411
фото 0,061875 0,247502
лет 0,967584 0,967584
санкций 2,302585 9,210340
политика 1,576648 1,576648
санкции 2,612740 2,612740
придерживаются 4,317488 4,317488
водой 0,061875 0,061875
технологиймини 0,000000 0,000000
оценивайте 0,047791 0,047791
денег 3,401197 6,802395
проблемой 3,218876 3,218876
тратить 3,912023 7,824046
конфиденциальности 0,047791 0,047791
войной 3,624341 3,624341
мир 0,000000 0,000000
запад 2,525729 2,525729
продолжает 3,401197 3,401197
нажмите 0,000000 0,000000
нерыночной 5,010635 5,010635
знают 3,218876 3,218876
получайте 0,047791 0,047791
поделился 2,931194 2,931194
физических 5,010635 5,010635
погружайтесь 0,047791 0,047791
задумались 5,010635 5,010635
накопленных 4,317488 4,317488
бывший 0,000000 0,000000
время 0,762140 0,762140
проблемы 0,076161 0,076161
накапливайте 0,047791 0,047791
говоря 2,708050 8,124151
ооо 0,000000 0,000000
деактивирована 0,013423 0,013423
путешествия 0,000000 0,000000
отдела 0,579818 0,579818
главный 2,708050 2,708050
режим 2,931194 2,931194
иной 3,218876 3,218876
новых 2,014903 2,014903
также 0,762140 1,524280
структуры 0,000000 0,000000
индии 0,076161 0,076161
сделку 4,317488 4,317488
призвал 2,931194 2,931194
хочешь 0,013423 0,013423
нашли 0,000000 0,000000
пляжных 0,097980 0,097980
точное 3,401197 3,401197
обычную 0,013423 0,013423
вернется 3,912023 3,912023
украине 1,139434 1,139434
внешность 0,097980 0,097980
украинском 0,076161 0,076161
света 0,054808 0,054808
лиц 3,218876 3,218876
зарубежные 3,912023 3,912023
свободу 5,010635 10,021271
прежнему 3,064725 3,064725
прокомментировал 3,064725 3,064725
галереи 0,000000 0,000000
белоусов 0,076161 0,076161
кормилицына 3,401197 6,802395
счет 2,931194 2,931194
зарубежных 3,218876 3,218876
условиями 0,040822 0,081644
антироссийских 3,218876 3,218876
реальностью 5,010635 5,010635
могут 1,455287 2,910574
читайте 0,040822 0,040822
калина 5,010635 5,010635
надеяться 3,912023 3,912023
постепенно 3,624341 3,624341
байконур 0,097980 0,097980
противоречит 5,010635 10,021271
редакциярекламаконтактыпресс 0,000000 0,000000
видео 0,000000 0,000000
путина 1,514128 3,028255
едва 2,177422 6,532266
последние 0,090654 0,090654
предрекли 0,076161 0,076161
обсудить 0,456758 0,456758
некоторые 2,445686 4,891372
рассчитывать 3,912023 3,912023
архив 0,000000 0,000000
части 2,014903 2,014903
торговли 3,912023 7,824046
заморозки 5,010635 5,010635
сюжетсанкции 4,317488 4,317488
экономикой 5,010635 5,010635
съезде 3,624341 3,624341
последних 3,401197 3,401197
сможет 2,445686 2,445686
сша 0,040822 0,040822
другая 3,401197 3,401197
говорил 2,708050 2,708050
лидер 1,919593 1,919593
всеполитикаобществопроисшествияконфликтыпреступность 2,014903 2,014903
среда 0,000000 0,000000
списка 4,317488 4,317488
ослаблен 5,010635 5,010635
ввели 3,401197 3,401197
раскрытии 0,076161 0,076161
скидки 0,047791 0,047791
эксклюзивы 0,000000 0,000000
российском 0,076161 0,076161
становится 3,218876 3,218876
выражайте 0,047791 0,047791
москву 2,120264 2,120264
конфликте 0,076161 0,076161
продолжая 0,047791 0,047791
предпринимателей 3,064725 3,064725
деньги 2,014903 2,014903
конфиденциальностиправила 0,000000 0,000000
бонусы 0,047791 0,095581
москвы 1,832581 1,832581
нормы 3,912023 3,912023
политикой 0,047791 0,047791
жильцы 0,076161 0,076161
жизни 0,000000 0,000000
кого 2,708050 2,708050
красная 3,401197 3,401197
это 0,020203 0,020203
туристку 0,076161 0,076161
две 0,033902 0,033902
вряд 2,612740 2,612740
мотор 0,000000 0,000000
обменивайте 0,047791 0,047791
оперативной 2,177422 2,177422
михаил 2,708050 2,708050
метцель 5,010635 5,010635
новости 0,000000 0,000000
войти 0,000000 0,000000
черного 3,401197 3,401197
хорошие 0,013423 0,026846
упразднения 5,010635 5,010635
непонимании 4,317488 4,317488
медитации 0,076161 0,076161
политик 3,064725 9,194175
уход 0,076161 0,076161
белом 2,371578 2,371578
заключить 5,010635 5,010635
прибыл 0,083382 0,083382
спецпроекты 0,000000 0,000000
первым 2,238047 2,238047
ослабления 5,010635 5,010635
путин 1,203973 9,631782
игры 0,000000 0,000000
техника 0,000000 0,000000
ссср 0,000000 0,000000
фильма 4,317488 4,317488
трампа 0,054808 0,054808
вопрос 1,832581 1,832581
отвел 0,076161 0,076161
возвращения 2,445686 2,445686
вычеркнуть 5,010635 5,010635
марта 0,040822 0,122466
против 1,791759 8,958797
главное 0,000000 0,000000
думаешь 5,010635 5,010635
постоянной 4,317488 4,317488
мнение 2,813411 2,813411
денежной 5,010635 5,010635
другим 2,813411 2,813411
реакций 0,047791 0,047791
летнего 0,097980 0,097980
реакции 0,047791 0,047791
событий 2,708050 2,708050
мини 0,000000 0,000000
компаний 2,525729 7,577186
напомнил 2,813411 2,813411
накопить 5,010635 5,010635
изнасиловал 0,076161 0,076161
мнением 4,317488 4,317488
образом 2,066196 2,066196
зеленского 0,068993 0,068993
добавил 2,445686 4,891372
лента 0,000000 0,000000
спорт 0,000000 0,000000
разработать 3,218876 3,218876
сфере 2,813411 2,813411
споры 0,097980 0,097980
военной 0,061875 0,061875
четыре 0,040822 0,040822
снятии 5,010635 5,010635
жми 0,013423 0,013423
жгут 5,010635 5,010635
глава 1,643339 3,286679
знаете 3,624341 3,624341
правовых 5,010635 10,021271
колеса 4,317488 4,317488
ленту 0,013423 0,013423
затопленного 0,076161 0,076161
применение 4,317488 4,317488
стали 1,514128 1,514128
давление 2,813411 2,813411
сказал 2,525729 2,525729
вставить 5,010635 5,010635
отвечают 3,401197 3,401197
россии 0,425668 2,554007
применения 0,000000 0,000000
обитания 0,000000 0,000000
ценности 0,000000 0,000000
поправку 5,010635 5,010635
важно 2,302585 2,302585
игнорировании 5,010635 10,021271
выступление 3,624341 3,624341
материалам 0,047791 0,047791
впервые 1,919593 1,919593
вернуться 0,013423 0,026846
ваши 0,047791 0,047791
западе 2,612740 2,612740
российским 0,076161 0,076161
грубых 5,010635 5,010635
запада 2,708050 2,708050
российский 1,484275 1,484275
угрозой 2,931194 2,931194
президента 1,455287 1,455287
рспп 3,624341 7,248682
просто 1,678431 1,678431
давно 2,445686 2,445686
интернет 0,000000 0,000000
россия 0,000000 0,000000
россию 1,609438 1,609438
вопросе 3,401197 3,401197
извините 3,912023 7,824046
обратился 0,076161 0,076161
государства 2,708050 8,124151
пошутил 3,912023 3,912023
свои 0,027029 0,054057
января 1,791759 1,791759
доме 2,014903 2,014903
гид 0,076161 0,076161
поручил 2,931194 2,931194
уволит 0,076161 0,076161
палки 5,010635 5,010635
дома 0,061875 0,061875
американский 0,061875 0,061875
пола 0,097980 0,097980
озвучил 3,624341 3,624341
кристина 3,218876 6,437752
отношения 2,525729 2,525729
нормой 4,317488 4,317488
норм 5,010635 10,021271
российских 1,576648 3,153296
рестрикций 5,010635 10,021271
особенности 3,401197 3,401197
эмоции 0,047791 0,047791
подобное 4,317488 4,317488
зеленским 0,076161 0,076161
платежей 4,317488 4,317488
двум 0,076161 0,076161
вызвала 0,097980 0,097980
требует 3,912023 3,912023
сети 0,090654 0,090654
найдут 4,317488 4,317488
сей 4,317488 4,317488
военнослужащим 0,076161 0,076161
актуальная 5,010635 5,010635
накопления 5,010635 5,010635
джексона 5,010635 5,010635
данной 3,912023 3,912023
материалы 0,000000 0,000000
российского 1,484275 1,484275
путинпрезидент 3,912023 3,912023
депутат 0,076161 0,076161
прогресс 0,097980 0,097980
статьи 0,000000 0,000000
оказать 5,010635 5,010635
введенный 5,010635 5,010635
форме 0,061875 0,061875
культура 0,000000 0,000000
силовые 0,000000 0,000000
западные 3,218876 9,656627
введенных 3,064725 3,064725
дня 0,061875 0,061875
западных 3,218876 6,437752
бюро 5,010635 5,010635
полную 4,317488 8,634976
редактор 0,567984 0,567984
сотрудников 0,076161 0,076161
теме 1,514128 1,514128
начались 0,068993 0,068993
насчет 4,317488 4,317488
держав 5,010635 5,010635
рекомендательных 0,000000 0,000000
порядку 5,010635 5,010635
работает 0,040822 0,040822
увлекательные 0,047791 0,047791
риа 1,272966 3,818897
красной 3,401197 3,401197
переговоры 0,054808 0,054808
западом 4,317488 4,317488
различных 3,624341 3,624341
маккартни 0,097980 0,097980
забота 0,000000 0,000000
сбер 0,040822 0,040822
пожаловать 0,013423 0,013423
использованияполитика 0,000000 0,000000
трамп 1,484275 1,484275
граждан 3,912023 3,912023
наталья 3,401197 3,401197
крупный 0,068993 0,068993
штамповать 5,010635 5,010635
регионам 0,076161 0,076161
например 1,791759 1,791759
крупным 0,076161 0,076161
блин 3,401197 6,802395
калины 5,010635 5,010635
победа 0,000000 0,000000
странами 3,624341 3,624341
советского 2,371578 2,371578
политиках 3,912023 3,912023
отменили 3,624341 3,624341
политический 4,317488 4,317488
остались 0,061875 0,061875
высказал 5,010635 5,010635
случае 1,875141 3,750282
нормам 4,317488 4,317488
президент 1,347074 4,041221
бизнесменам 5,010635 5,010635
опечатку 0,000000 0,000000
сми 0,000000 0,000000
страны 1,455287 2,910574
такое 2,014903 2,014903
рады 0,068993 0,068993
стран 2,302585 4,605170
герой 2,612740 2,612740
место 0,054808 0,054808
акции 0,047791 0,047791
мс 0,097980 0,097980
санкционные 4,317488 4,317488
выругался 3,912023 11,736069
санкционный 4,317488 4,317488
державы 3,912023 3,912023
считается 2,612740 2,612740
экономика 0,000000 0,000000
промышленников 3,624341 3,624341
уверенность 3,624341 3,624341
нецивилизованных 5,010635 5,010635
союза 2,302585 2,302585
экономики 3,624341 3,624341
вэника 5,010635 5,010635
понравилось 3,218876 3,218876
ляжку 5,010635 5,010635
количество 1,966113 1,966113
владимир 1,373049 2,746098
механизм 2,813411 2,813411
реальный 0,013423 0,013423
году 1,373049 1,373049
правды 0,068993 0,068993
тысячи 0,068993 0,068993
активов 3,401197 3,401197
целесообразно 4,317488 4,317488
выразил 4,317488 4,317488
предрек 0,076161 0,076161
цитатой 4,317488 4,317488
городе 0,061875 0,061875
делаем 3,912023 3,912023
информации 1,919593 1,919593
сумели 5,010635 5,010635
следует 2,302585 2,302585
заявили 0,076161 0,076161
методов 5,010635 5,010635
встречи 2,525729 2,525729
видеть 0,013423 0,013423
обсуждают 3,912023 3,912023
способ 2,371578 2,371578
направленную 5,010635 5,010635
пакеты 5,010635 5,010635
наука 0,000000 0,000000
забывать 3,912023 3,912023
своим 2,445686 2,445686
покончим 5,010635 5,010635
