предупредили 3,064725 3,064725
ру 0,000000 0,000000
банк 0,076161 0,152323
размером 4,317488 8,634976
муся 4,317488 4,317488
лед 4,317488 4,317488
разоблачения 5,010635 5,010635
крымском 3,064725 3,064725
стал 1,203973 1,203973
утащил 5,010635 5,010635
рассекречены 5,010635 5,010635
ситуации 2,014903 2,014903
согласие 0,047791 0,047791
пляже 3,912023 7,824046
бывшего 2,445686 2,445686
студентка 5,010635 5,010635
подозреваемый 4,317488 4,317488
человек 1,249435 3,748306
дубай 4,317488 4,317488
фото 0,061875 0,061875
редчайшие 3,064725 3,064725
полгода 2,612740 2,612740
лет 0,967584 9,675840
внезапно 3,624341 3,624341
бабушку 4,317488 8,634976
ноги 3,401197 3,401197
узнал 3,218876 9,656627
волосатым 5,010635 5,010635
котов 5,010635 5,010635
водой 0,061875 0,061875
билла 5,010635 5,010635
технологиймини 0,000000 0,000000
миллиардер 3,624341 3,624341
ловушке 3,912023 3,912023
суп 4,317488 4,317488
денег 3,401197 3,401197
жутко 5,010635 5,010635
назвал 1,347074 1,347074
приятелем 5,010635 5,010635
делу 3,624341 3,624341
конфиденциальности 0,047791 0,047791
приговора 5,010635 10,021271
нажмите 0,000000 0,000000
жизнью 3,064725 3,064725
зубов 3,401197 3,401197
получайте 0,047791 0,047791
своем 1,919593 1,919593
выжила 5,010635 5,010635
патовой 3,064725 3,064725
мерзкую 5,010635 5,010635
аллигатор 5,010635 5,010635
южную 5,010635 5,010635
неразлучны 3,064725 3,064725
царской 3,624341 3,624341
секреты 3,064725 6,129450
проблемы 0,076161 0,076161
родины 4,317488 4,317488
сицилию 3,912023 3,912023
путешествия 0,000000 0,000000
часов 1,643339 1,643339
съели 2,813411 2,813411
индии 0,076161 0,076161
одной 1,514128 1,514128
нашли 0,000000 0,000000
секты 5,010635 5,010635
спермы 5,010635 5,010635
фотография 4,317488 4,317488
лучшей 2,813411 2,813411
сбежала 5,010635 5,010635
миллиона 1,966113 1,966113
украинском 0,076161 0,076161
света 0,054808 0,054808
нашла 3,624341 7,248682
украл 3,912023 3,912023
белоусов 0,076161 0,076161
людоеда 5,010635 5,010635
массировать 5,010635 5,010635
скрываться 4,317488 4,317488
пожил 5,010635 10,021271
условиями 0,040822 0,081644
растерзанной 5,010635 5,010635
сколько 2,525729 2,525729
корею 4,317488 4,317488
ядовитый 4,317488 4,317488
читайте 0,040822 0,040822
квартиры 2,813411 2,813411
раскрыли 2,302585 4,605170
сицилийская 3,064725 3,064725
потерял 3,218876 6,437752
байконур 0,097980 0,097980
женой 3,064725 3,064725
падения 3,401197 3,401197
россиянки 2,525729 5,051457
безутешная 3,064725 3,064725
незнакомой 5,010635 5,010635
последний 3,218876 3,218876
россиянка 2,612740 2,612740
прабабушку 5,010635 5,010635
последние 0,090654 0,090654
немец 3,912023 7,824046
предрекли 0,076161 0,076161
архив 0,000000 0,000000
богачей 5,010635 5,010635
спрятался 5,010635 5,010635
церкви 4,317488 4,317488
смертельной 4,317488 8,634976
последних 3,401197 6,802395
клад 5,010635 5,010635
сша 0,040822 0,204110
раскрытии 0,076161 0,076161
заболели 5,010635 5,010635
лосиху 5,010635 5,010635
король 3,912023 3,912023
российском 0,076161 0,076161
королю 5,010635 5,010635
лучший 2,525729 2,525729
опасности 2,813411 2,813411
цикла 2,813411 5,626821
бонусы 0,047791 0,095581
платят 5,010635 5,010635
провела 3,912023 3,912023
жильцы 0,076161 0,076161
века 2,813411 2,813411
жизни 0,000000 0,000000
сын 2,525729 2,525729
ожил 5,010635 5,010635
свалку 5,010635 5,010635
веке 2,445686 2,445686
отрезала 5,010635 5,010635
одним 1,966113 1,966113
занялась 3,064725 3,064725
умели 5,010635 5,010635
туристку 0,076161 0,076161
картине 5,010635 5,010635
расправилась 4,317488 4,317488
отбился 5,010635 5,010635
вытащили 3,912023 3,912023
четырех 3,624341 3,624341
килограмма 3,912023 3,912023
парикмахерша 5,010635 5,010635
футболистом 3,912023 3,912023
мотор 0,000000 0,000000
обменивайте 0,047791 0,047791
съел 5,010635 5,010635
жизнь 1,544899 1,544899
уничтожить 3,064725 3,064725
педофилии 5,010635 5,010635
мужа 3,064725 3,064725
поверили 4,317488 4,317488
обжег 5,010635 5,010635
хорошие 0,013423 0,013423
завел 5,010635 5,010635
готовила 5,010635 5,010635
трое 3,401197 3,401197
мире 1,919593 1,919593
лекарств 3,401197 3,401197
мира 1,576648 1,576648
близнецы 5,010635 5,010635
почему 0,899761 4,498807
власти 1,919593 1,919593
физкультуры 4,317488 4,317488
разводятся 5,010635 5,010635
работающая 5,010635 5,010635
гарри 3,912023 15,648092
утратила 3,401197 3,401197
тайный 4,317488 4,317488
красные 3,912023 3,912023
салаты 5,010635 10,021271
совершать 3,624341 3,624341
авантюристов 5,010635 5,010635
женщинах 4,317488 4,317488
прибыл 0,083382 0,083382
навсегда 4,317488 4,317488
болезни 3,064725 3,064725
манит 4,317488 4,317488
посоветовала 5,010635 5,010635
змеи 4,317488 4,317488
назад 1,678431 3,356862
километров 3,401197 3,401197
отдохнуть 3,624341 3,624341
ссср 0,000000 0,000000
арестовали 3,401197 6,802395
сброшенная 4,317488 4,317488
выгрузили 5,010635 5,010635
нашел 2,612740 5,225480
синдромом 5,010635 5,010635
потратил 5,010635 5,010635
новичков 3,912023 3,912023
общество 2,612740 2,612740
зла 5,010635 10,021271
главное 0,000000 0,000000
летнего 0,097980 0,195961
мине 3,218876 3,218876
общества 3,218876 3,218876
отказалась 3,912023 3,912023
сетевой 5,010635 5,010635
мини 0,000000 0,000000
роскошной 4,317488 4,317488
раскрыты 3,624341 3,624341
изнасиловал 0,076161 0,076161
гейтса 5,010635 5,010635
трехлетний 5,010635 5,010635
клиническую 5,010635 5,010635
уехавшей 4,317488 4,317488
культуры 3,064725 3,064725
ошибкой 5,010635 5,010635
женщиной 4,317488 4,317488
спорт 0,000000 0,000000
любовниц 5,010635 5,010635
аристократка 5,010635 5,010635
съемками 5,010635 5,010635
высшего 4,317488 4,317488
споры 0,097980 0,097980
экстравагантных 5,010635 5,010635
шоу 2,813411 2,813411
военной 0,061875 0,061875
четыре 0,040822 0,040822
признанный 3,912023 3,912023
стало 1,181994 3,545982
игуаны 5,010635 5,010635
сделала 3,912023 7,824046
продать 3,912023 3,912023
маркл 5,010635 20,042541
стала 1,576648 1,576648
ласточкином 4,317488 4,317488
стали 1,514128 1,514128
спасена 4,317488 4,317488
немецкий 4,317488 4,317488
работал 2,708050 2,708050
обитания 0,000000 0,000000
испании 3,912023 3,912023
женщине 2,612740 5,225480
женщина 2,813411 11,253643
впервые 1,919593 1,919593
похищен 5,010635 5,010635
российским 0,076161 0,076161
актеру 4,317488 4,317488
российский 1,484275 1,484275
женщину 3,912023 3,912023
человека 2,177422 2,177422
хозяйкой 5,010635 5,010635
спустя 1,832581 5,497744
мужчиной 4,317488 4,317488
интернет 0,000000 0,000000
обратился 0,076161 0,076161
школьника 4,317488 4,317488
популярных 3,218876 3,218876
предупредил 3,401197 3,401197
гид 0,076161 0,076161
дома 0,061875 0,061875
пола 0,097980 0,097980
работу 1,791759 1,791759
покойницей 5,010635 5,010635
тигра 5,010635 10,021271
вселюдизвериедапроисшествияперсонысчастливчикианомалии 2,813411 2,813411
особенности 3,401197 6,802395
эмоции 0,047791 0,047791
эротического 5,010635 5,010635
колокольного 5,010635 5,010635
воры 5,010635 5,010635
полвека 2,931194 2,931194
сети 0,090654 0,090654
военнослужащим 0,076161 0,076161
миллионов 1,791759 3,583519
вида 2,708050 2,708050
брата 2,525729 2,525729
пережил 3,912023 3,912023
орудовать 5,010635 5,010635
плотах 5,010635 5,010635
материалы 0,000000 0,000000
ярко 3,624341 3,624341
документов 3,912023 7,824046
депутат 0,076161 0,076161
зуб 4,317488 4,317488
статьи 0,000000 0,000000
прихожанами 5,010635 5,010635
разыскиваемых 5,010635 5,010635
россией 2,120264 2,120264
кофейни 5,010635 5,010635
культура 0,000000 0,000000
стриптизера 2,931194 2,931194
монстр 5,010635 5,010635
посмеялся 4,317488 4,317488
виновным 4,317488 4,317488
музыкант 4,317488 4,317488
насильника 5,010635 5,010635
отношений 2,708050 2,708050
отношении 1,791759 1,791759
комплимент 2,931194 2,931194
зимовку 5,010635 5,010635
смертного 5,010635 10,021271
внутри 2,445686 2,445686
грядущего 4,317488 4,317488
вдохов 5,010635 5,010635
черчилля 5,010635 5,010635
летней 2,708050 2,708050
продала 5,010635 5,010635
таинственной 5,010635 5,010635
работает 0,040822 0,040822
новая 2,612740 2,612740
увлекательные 0,047791 0,047791
удавалось 3,912023 3,912023
фермер 5,010635 5,010635
учился 3,401197 3,401197
алкоголь 3,401197 3,401197
чаем 5,010635 5,010635
переговоры 0,054808 0,054808
медбрат 5,010635 5,010635
спящей 5,010635 5,010635
маккартни 0,097980 0,097980
колодце 5,010635 5,010635
клиентку 5,010635 5,010635
туфельки 4,317488 4,317488
кухню 5,010635 5,010635
сбер 0,040822 0,040822
пенсионерки 5,010635 5,010635
использованияполитика 0,000000 0,000000
потерю 2,612740 2,612740
человеческие 5,010635 5,010635
выживания 4,317488 4,317488
крупный 0,068993 0,068993
присоединить 3,912023 3,912023
регионам 0,076161 0,076161
крупным 0,076161 0,076161
украла 5,010635 5,010635
пляж 5,010635 5,010635
самой 2,525729 5,051457
украли 3,401197 3,401197
хищники 3,064725 3,064725
россияне 1,919593 1,919593
стране 2,177422 2,177422
найдено 5,010635 5,010635
остались 0,061875 0,061875
продал 5,010635 5,010635
жена 3,624341 7,248682
авосе 5,010635 10,021271
сразу 2,066196 2,066196
загадочную 4,317488 4,317488
оттуда 3,401197 3,401197
виновником 4,317488 4,317488
рады 0,068993 0,068993
руки 2,813411 2,813411
взорвали 3,218876 3,218876
долгой 5,010635 5,010635
летним 3,624341 7,248682
акции 0,047791 0,047791
громкой 3,912023 3,912023
рассказал 1,272966 2,545931
историк 2,931194 2,931194
исчезающего 3,064725 3,064725
долголетия 5,010635 5,010635
преступным 2,708050 2,708050
родила 5,010635 5,010635
истории 1,966113 1,966113
летний 2,612740 2,612740
экономика 0,000000 0,000000
заменивший 3,912023 3,912023
сложно 2,525729 2,525729
каково 4,317488 4,317488
называют 2,931194 2,931194
останки 4,317488 4,317488
секретами 5,010635 10,021271
загадочное 4,317488 4,317488
рецепт 5,010635 5,010635
секс 2,371578 4,743156
сеуле 5,010635 5,010635
перу 5,010635 5,010635
история 2,238047 4,476093
насильником 5,010635 5,010635
кобре 5,010635 5,010635
прощалась 3,064725 3,064725
замести 5,010635 5,010635
ностра 2,931194 2,931194
реальный 0,013423 0,013423
загадочной 3,401197 3,401197
сняли 3,064725 3,064725
мафия 2,931194 2,931194
тысячи 0,068993 0,068993
ушел 2,708050 2,708050
любовница 5,010635 5,010635
прожившего 5,010635 5,010635
боссы 2,708050 2,708050
дождалась 5,010635 5,010635
предрек 0,076161 0,076161
брака 4,317488 4,317488
отшельника 5,010635 5,010635
девушкам 5,010635 5,010635
породы 5,010635 5,010635
опасные 4,317488 4,317488
оборотня 5,010635 5,010635
отказались 2,931194 2,931194
видениями 5,010635 5,010635
присутствии 4,317488 4,317488
египте 3,401197 3,401197
серебром 5,010635 5,010635
заявили 0,076161 0,076161
опасный 3,218876 3,218876
видеть 0,013423 0,026846
мафии 2,708050 8,124151
елизаветы 5,010635 5,010635
попало 3,401197 3,401197
пены 5,010635 5,010635
получила 3,401197 3,401197
перемирии 0,076161 0,076161
новые 0,000000 0,000000
загадочные 4,317488 4,317488
идентифицировали 5,010635 5,010635
удивили 3,912023 3,912023
местных 2,708050 2,708050
ребенок 4,317488 4,317488
написанной 5,010635 5,010635
добро 0,013423 0,013423
выражаете 0,047791 0,047791
заметили 3,401197 3,401197
помощью 0,047791 0,047791
стирающих 5,010635 5,010635
пожаре 5,010635 5,010635
исполнение 5,010635 5,010635
добра 0,013423 0,053692
сладкие 5,010635 5,010635
букингемском 5,010635 5,010635
живой 3,624341 3,624341
китае 4,317488 4,317488
оценивайте 0,047791 0,047791
выгнали 5,010635 5,010635
любви 3,218876 3,218876
звезд 3,064725 3,064725
сообществом 2,708050 2,708050
тюрьмы 4,317488 4,317488
силе 5,010635 5,010635
каким 2,525729 2,525729
русские 3,218876 9,656627
гениталии 5,010635 5,010635
мальчик 5,010635 10,021271
мир 0,000000 0,000000
поневоле 4,317488 4,317488
кефирный 5,010635 5,010635
зрителям 5,010635 5,010635
решила 3,401197 3,401197
рыболов 5,010635 5,010635
поделился 2,931194 2,931194
погружайтесь 0,047791 0,047791
младенца 5,010635 5,010635
бывший 0,000000 0,000000
время 0,762140 0,762140
бутылки 5,010635 5,010635
краже 5,010635 10,021271
накапливайте 0,047791 0,047791
поймал 5,010635 5,010635
странной 5,010635 5,010635
ооо 0,000000 0,000000
деактивирована 0,013423 0,013423
сознание 3,624341 3,624341
сбросил 5,010635 5,010635
тюрьму 3,401197 3,401197
кражу 4,317488 4,317488
убила 5,010635 5,010635
внешности 3,401197 3,401197
поработала 5,010635 5,010635
структуры 0,000000 0,000000
провел 2,708050 2,708050
городские 4,317488 4,317488
возненавидели 2,931194 2,931194
город 2,445686 2,445686
хочешь 0,013423 0,013423
девочку 3,401197 3,401197
пляжных 0,097980 0,097980
пятиметровой 5,010635 5,010635
обычную 0,013423 0,013423
пределами 4,317488 8,634976
восемь 3,064725 3,064725
внешность 0,097980 0,097980
северный 3,401197 3,401197
подростком 5,010635 5,010635
месяцами 5,010635 5,010635
парковке 4,317488 4,317488
галереи 0,000000 0,000000
продуктов 2,445686 2,445686
пальцы 5,010635 5,010635
подмосковье 3,064725 3,064725
подкатывают 5,010635 5,010635
девочка 3,401197 3,401197
кинолог 5,010635 5,010635
столетним 5,010635 5,010635
описать 5,010635 5,010635
чувствую 3,624341 3,624341
сэндвич 5,010635 5,010635
признавать 3,401197 3,401197
родные 3,624341 3,624341
редакциярекламаконтактыпресс 0,000000 0,000000
видео 0,000000 0,000000
сексолог 5,010635 5,010635
захватили 4,317488 8,634976
шлем 5,010635 5,010635
острове 3,912023 3,912023
коза 2,931194 2,931194
вынесло 5,010635 5,010635
момент 1,714798 1,714798
долларов 2,708050 2,708050
летняя 2,177422 8,709688
смог 2,612740 2,612740
воссоединилась 5,010635 5,010635
шестерых 5,010635 5,010635
любимый 2,813411 2,813411
священника 5,010635 5,010635
активности 3,401197 3,401197
потерять 4,317488 4,317488
особняки 5,010635 5,010635
обнародования 5,010635 5,010635
среда 0,000000 0,000000
худшие 5,010635 5,010635
скидки 0,047791 0,047791
задержан 3,624341 3,624341
девушка 3,064725 3,064725
эксклюзивы 0,000000 0,000000
русском 3,912023 7,824046
москве 1,791759 1,791759
выражайте 0,047791 0,047791
принца 5,010635 20,042541
переехала 5,010635 5,010635
секрет 2,612740 2,612740
русской 3,624341 3,624341
девушки 2,445686 2,445686
карла 5,010635 5,010635
оставшейся 5,010635 5,010635
крысы 5,010635 5,010635
конфликте 0,076161 0,076161
рискует 3,912023 3,912023
пропавшая 4,317488 4,317488
дыру 5,010635 5,010635
смерть 2,612740 2,612740
работница 5,010635 5,010635
продолжая 0,047791 0,047791
дрейфовал 5,010635 5,010635
хочу 2,813411 2,813411
конфиденциальностиправила 0,000000 0,000000
маленькую 3,912023 3,912023
исповедь 2,931194 2,931194
политикой 0,047791 0,047791
лица 2,612740 2,612740
совместного 3,624341 3,624341
связана 3,064725 3,064725
смертельно 5,010635 5,010635
остановку 3,624341 3,624341
пациентами 5,010635 5,010635
собак 5,010635 5,010635
раскрыл 2,177422 4,354844
кого 2,708050 2,708050
лишил 4,317488 4,317488
легендарные 3,624341 3,624341
объявил 2,813411 2,813411
бывшая 3,912023 7,824046
работавшего 5,010635 5,010635
это 0,020203 0,121216
легендарным 2,612740 2,612740
легендарный 3,401197 3,401197
выпускал 4,317488 4,317488
провалившуюся 5,010635 5,010635
две 0,033902 0,067803
прежнее 3,064725 3,064725
детей 2,177422 4,354844
новости 0,000000 0,000000
ночью 3,218876 3,218876
войти 0,000000 0,000000
объявлена 4,317488 4,317488
мутанта 4,317488 4,317488
медитации 0,076161 0,076161
недели 2,525729 2,525729
решеткой 3,912023 7,824046
мститель 5,010635 5,010635
считать 2,445686 2,445686
сестры 3,624341 10,873023
остров 3,624341 3,624341
открытом 3,912023 3,912023
уход 0,076161 0,076161
рассказывают 5,010635 10,021271
новой 2,612740 2,612740
вернулся 2,371578 2,371578
новое 2,931194 2,931194
муж 3,624341 3,624341
удивил 3,912023 3,912023
земли 3,218876 6,437752
нерожденного 5,010635 5,010635
переехавшей 5,010635 5,010635
развода 5,010635 10,021271
спецпроекты 0,000000 0,000000
начал 2,445686 4,891372
сома 5,010635 5,010635
секретарша 5,010635 5,010635
нашлась 5,010635 10,021271
поразительное 5,010635 5,010635
игры 0,000000 0,000000
пенис 5,010635 10,021271
февраля 1,272966 8,910760
техника 0,000000 0,000000
бывшей 5,010635 5,010635
пять 1,576648 1,576648
соли 4,317488 4,317488
трампа 0,054808 0,054808
минут 2,445686 2,445686
русскую 3,912023 7,824046
живота 4,317488 4,317488
стихах 5,010635 5,010635
самых 1,609438 3,218876
укуса 4,317488 4,317488
отвел 0,076161 0,076161
марта 0,040822 2,326854
имя 2,708050 2,708050
музея 3,912023 3,912023
загробного 5,010635 5,010635
ребенка 3,624341 3,624341
реакций 0,047791 0,047791
показала 2,612740 2,612740
пережившие 4,317488 4,317488
реакции 0,047791 0,047791
массово 2,371578 2,371578
пениса 5,010635 5,010635
вырезали 5,010635 5,010635
откровенно 3,624341 3,624341
поразило 5,010635 10,021271
погубил 5,010635 5,010635
самым 1,966113 1,966113
ошибочного 5,010635 5,010635
попытках 2,612740 2,612740
жертвой 3,624341 3,624341
пробрался 5,010635 5,010635
капотом 5,010635 5,010635
твою 5,010635 5,010635
зеленского 0,068993 0,068993
преступников 3,624341 3,624341
миллионершей 5,010635 5,010635
лента 0,000000 0,000000
охота 4,317488 4,317488
тайной 5,010635 5,010635
убийцу 5,010635 5,010635
истинной 5,010635 5,010635
спасатели 3,912023 3,912023
гнезде 4,317488 4,317488
убийцы 5,010635 5,010635
борьба 2,445686 2,445686
захотел 3,912023 3,912023
жми 0,013423 0,013423
виски 4,317488 4,317488
увлекся 5,010635 5,010635
сердца 3,218876 3,218876
кремации 5,010635 5,010635
пожарный 5,010635 5,010635
умершим 5,010635 5,010635
ленту 0,013423 0,013423
борьбы 3,912023 3,912023
затопленного 0,076161 0,076161
кошка 4,317488 8,634976
странностях 5,010635 5,010635
владельцев 4,317488 4,317488
личинок 5,010635 5,010635
проблемах 2,445686 2,445686
женщин 2,302585 4,605170
россии 0,425668 0,851336
применения 0,000000 0,000000
лишился 2,931194 2,931194
сходство 4,317488 4,317488
знаменитого 3,401197 3,401197
сделал 2,120264 2,120264
ценности 0,000000 0,000000
морге 5,010635 5,010635
облысением 5,010635 5,010635
третий 2,931194 2,931194
династии 3,624341 3,624341
рублей 1,514128 6,056511
приема 3,401197 3,401197
материалам 0,047791 0,047791
начинаются 4,317488 4,317488
дворца 5,010635 5,010635
известно 1,297063 3,891190
чужой 5,010635 5,010635
дворце 4,317488 4,317488
развод 5,010635 5,010635
вернуться 0,013423 0,013423
ваши 0,047791 0,047791
привела 2,525729 2,525729
зарплаты 3,218876 3,218876
кипр 5,010635 5,010635
жилой 5,010635 5,010635
границей 5,010635 10,021271
пожаров 5,010635 5,010635
сжались 5,010635 5,010635
россия 0,000000 0,000000
девственность 5,010635 5,010635
порно 3,218876 3,218876
морга 5,010635 5,010635
горячим 5,010635 5,010635
свой 2,177422 2,177422
свои 0,027029 0,027029
койот 5,010635 5,010635
января 1,791759 14,334076
рассказала 1,919593 1,919593
рыбы 3,401197 3,401197
пара 3,912023 7,824046
изгнании 5,010635 5,010635
шпионе 5,010635 5,010635
уволит 0,076161 0,076161
унитаз 4,317488 4,317488
американский 0,061875 0,061875
сроки 3,064725 3,064725
инъекции 5,010635 5,010635
отца 2,813411 8,440232
трех 1,919593 1,919593
двух 1,678431 1,678431
популярность 3,064725 3,064725
двери 3,912023 3,912023
знаменитый 5,010635 5,010635
проник 4,317488 4,317488
зеленским 0,076161 0,076161
двум 0,076161 0,076161
вызвала 0,097980 0,097980
традициях 5,010635 5,010635
рожу 5,010635 5,010635
которому 2,813411 2,813411
меган 5,010635 15,031906
окружающих 3,912023 3,912023
попасть 3,912023 3,912023
звона 5,010635 5,010635
крокодила 5,010635 5,010635
иисуса 5,010635 5,010635
аферистов 3,401197 3,401197
прогресс 0,097980 0,097980
следы 3,912023 3,912023
маска 4,317488 8,634976
похудения 3,912023 3,912023
дом 2,014903 4,029806
донором 5,010635 5,010635
форме 0,061875 0,061875
документы 3,624341 3,624341
растерзал 5,010635 5,010635
угоном 3,401197 3,401197
силовые 0,000000 0,000000
тысяч 1,427116 4,281349
окружении 3,912023 3,912023
дня 0,061875 0,123751
подругой 3,064725 3,064725
деформировались 5,010635 5,010635
илона 3,912023 7,824046
бездомный 5,010635 5,010635
кататься 5,010635 5,010635
море 2,931194 2,931194
пасти 5,010635 5,010635
юношу 4,317488 4,317488
сотрудников 0,076161 0,076161
никому 3,624341 3,624341
отложили 5,010635 5,010635
прослыл 3,401197 3,401197
поделилась 3,912023 7,824046
дней 1,791759 1,791759
бездомных 4,317488 4,317488
начались 0,068993 0,068993
вдали 4,317488 4,317488
мальчика 3,912023 3,912023
великобритании 2,813411 2,813411
рекомендательных 0,000000 0,000000
саду 4,317488 4,317488
съесть 3,912023 3,912023
художницы 5,010635 5,010635
гробницу 3,624341 3,624341
зеленое 5,010635 5,010635
троих 3,401197 3,401197
отсудил 5,010635 5,010635
россиян 1,714798 1,714798
тихом 3,401197 3,401197
глазах 2,931194 2,931194
вызывает 3,624341 3,624341
пес 5,010635 5,010635
неформал 5,010635 5,010635
признали 2,177422 6,532266
забота 0,000000 0,000000
пожаловать 0,013423 0,013423
танца 3,912023 3,912023
хозяина 5,010635 5,010635
собственного 3,912023 3,912023
спас 3,624341 3,624341
подорвались 5,010635 5,010635
крокодил 5,010635 10,021271
тайно 4,317488 4,317488
стримером 5,010635 5,010635
месяца 2,813411 5,626821
победа 0,000000 0,000000
знаменитому 5,010635 5,010635
известная 3,624341 3,624341
опечатку 0,000000 0,000000
сми 0,000000 0,000000
эрекция 2,931194 2,931194
сицилийской 2,708050 5,416100
плейбоем 5,010635 5,010635
священник 5,010635 5,010635
пожилую 5,010635 5,010635
жить 2,177422 4,354844
подтверждение 4,317488 4,317488
спасение 2,371578 2,371578
несколько 1,347074 1,347074
примерно 2,813411 2,813411
место 0,054808 0,054808
обрыва 4,317488 4,317488
мс 0,097980 0,097980
отпраздновала 4,317488 4,317488
возлюбленная 4,317488 4,317488
океане 3,401197 6,802395
золотом 5,010635 5,010635
влияния 2,302585 2,302585
узнали 3,912023 3,912023
золотой 3,401197 6,802395
учительницу 4,317488 4,317488
ужас 3,624341 3,624341
ванн 5,010635 5,010635
ученый 3,912023 3,912023
преступления 3,624341 7,248682
хватает 3,624341 3,624341
прождала 5,010635 5,010635
проплыли 5,010635 5,010635
пламя 5,010635 5,010635
мужчину 3,624341 3,624341
влияние 2,371578 2,371578
мужчины 2,525729 5,051457
умирающих 5,010635 5,010635
мужчина 2,371578 21,344202
правды 0,068993 0,068993
учительница 5,010635 5,010635
оказалась 2,302585 2,302585
дожил 4,317488 4,317488
городе 0,061875 0,061875
знакомой 5,010635 5,010635
скота 2,931194 2,931194
велосипеде 5,010635 5,010635
года 0,899761 2,699284
правда 2,014903 4,029806
суда 3,624341 3,624341
треугольную 5,010635 5,010635
обрел 5,010635 5,010635
зоопарке 3,064725 3,064725
выяснилось 2,371578 2,371578
миллион 3,064725 3,064725
рыбак 5,010635 10,021271
наука 0,000000 0,000000
найденные 4,317488 4,317488
красиво 4,317488 4,317488
слониха 3,064725 3,064725
укусил 4,317488 4,317488
