зеленского 0,068993 0,068993
перемирии 0,076161 0,076161
ру 0,000000 0,000000
банк 0,076161 0,076161
добавил 2,445686 2,445686
лента 0,000000 0,000000
новые 0,000000 0,000000
ожидает 2,931194 2,931194
спорт 0,000000 0,000000
услышать 5,010635 5,010635
заявил 1,098612 1,098612
споры 0,097980 0,097980
согласие 0,047791 0,047791
добро 0,013423 0,013423
военной 0,061875 0,061875
выражаете 0,047791 0,047791
четыре 0,040822 0,040822
жми 0,013423 0,013423
помощью 0,047791 0,047791
сообщил 1,791759 1,791759
добра 0,013423 0,026846
ленту 0,013423 0,013423
затопленного 0,076161 0,076161
фото 0,061875 0,123751
политика 1,576648 1,576648
разговор 1,791759 5,375278
водой 0,061875 0,061875
россии 0,425668 0,425668
применения 0,000000 0,000000
технологиймини 0,000000 0,000000
оценивайте 0,047791 0,047791
обитания 0,000000 0,000000
ценности 0,000000 0,000000
назвал 1,347074 2,694147
материалам 0,047791 0,047791
конфиденциальности 0,047791 0,047791
вернуться 0,013423 0,013423
мир 0,000000 0,000000
ваши 0,047791 0,047791
российским 0,076161 0,076161
нажмите 0,000000 0,000000
получайте 0,047791 0,047791
погружайтесь 0,047791 0,047791
бывший 0,000000 0,000000
время 0,762140 1,524280
проблемы 0,076161 0,076161
накапливайте 0,047791 0,047791
интернет 0,000000 0,000000
россия 0,000000 0,000000
ооо 0,000000 0,000000
обратился 0,076161 0,076161
деактивирована 0,013423 0,013423
путешествия 0,000000 0,000000
отдела 0,579818 0,579818
лидера 2,302585 2,302585
свои 0,027029 0,027029
ранее 1,003302 1,003302
также 0,762140 0,762140
структуры 0,000000 0,000000
американского 2,177422 2,177422
индии 0,076161 0,076161
гид 0,076161 0,076161
хочешь 0,013423 0,013423
нашли 0,000000 0,000000
пляжных 0,097980 0,097980
лидером 2,813411 2,813411
уволит 0,076161 0,076161
территорий 3,401197 3,401197
дома 0,061875 0,123751
американский 0,061875 0,061875
телефонный 2,525729 5,051457
обычную 0,013423 0,013423
пола 0,097980 0,097980
внешность 0,097980 0,097980
утра 3,624341 3,624341
представитель 2,120264 2,120264
зеленский 1,714798 1,714798
украинском 0,076161 0,076161
света 0,054808 0,054808
галереи 0,000000 0,000000
белоусов 0,076161 0,076161
эмоции 0,047791 0,047791
зеленским 0,076161 0,456968
условиями 0,040822 0,081644
двум 0,076161 0,076161
вызвала 0,097980 0,097980
сети 0,090654 0,090654
военнослужащим 0,076161 0,076161
дональд 2,238047 2,238047
читайте 0,040822 0,040822
киева 2,612740 2,612740
московскому 3,218876 6,437752
владимиром 2,931194 5,862388
байконур 0,097980 0,097980
редакциярекламаконтактыпресс 0,000000 0,000000
материалы 0,000000 0,000000
видео 0,000000 0,000000
трампом 2,525729 2,525729
депутат 0,076161 0,076161
прогресс 0,097980 0,097980
статьи 0,000000 0,000000
дом 2,014903 8,059612
форме 0,061875 0,061875
последние 0,090654 0,090654
предрекли 0,076161 0,076161
культура 0,000000 0,000000
обсудить 0,456758 0,456758
силовые 0,000000 0,000000
архив 0,000000 0,000000
среду 2,931194 5,862388
дарья 3,624341 3,624341
дня 0,061875 0,061875
сша 0,040822 0,081644
лидер 1,919593 1,919593
всеполитикаобществопроисшествияконфликтыпреступность 2,014903 2,014903
среда 0,000000 0,000000
раскрытии 0,076161 0,076161
редактор 0,567984 0,567984
скидки 0,047791 0,047791
сотрудников 0,076161 0,076161
эксклюзивы 0,000000 0,000000
российском 0,076161 0,076161
выражайте 0,047791 0,047791
начались 0,068993 0,068993
рекомендательных 0,000000 0,000000
конфликте 0,076161 0,076161
продолжая 0,047791 0,047791
работает 0,040822 0,040822
увлекательные 0,047791 0,047791
признание 5,010635 5,010635
устьянцева 3,912023 3,912023
белый 2,525729 10,102915
красной 3,401197 3,401197
переговоры 0,054808 0,054808
конфиденциальностиправила 0,000000 0,000000
бонусы 0,047791 0,095581
времени 1,919593 3,839186
политикой 0,047791 0,047791
маккартни 0,097980 0,097980
жильцы 0,076161 0,076161
жизни 0,000000 0,000000
забота 0,000000 0,000000
сбер 0,040822 0,040822
является 1,966113 1,966113
пожаловать 0,013423 0,013423
использованияполитика 0,000000 0,000000
мск 3,912023 3,912023
трамп 1,484275 4,452824
крупный 0,068993 0,068993
утраченных 5,010635 5,010635
украинским 2,813411 2,813411
регионам 0,076161 0,076161
сообщает 2,120264 2,120264
крупным 0,076161 0,076161
агентству 5,010635 5,010635
это 0,020203 0,020203
туристку 0,076161 0,076161
российскими 2,813411 2,813411
победа 0,000000 0,000000
украинский 2,612740 2,612740
президентом 2,813411 5,626821
остались 0,061875 0,061875
две 0,033902 0,033902
президент 1,347074 2,694147
детали 2,813411 2,813411
мотор 0,000000 0,000000
обменивайте 0,047791 0,047791
опечатку 0,000000 0,000000
сми 0,000000 0,000000
белого 2,302585 2,302585
рады 0,068993 0,068993
передает 3,218876 3,218876
новости 0,000000 0,000000
войти 0,000000 0,000000
разговора 1,609438 3,218876
место 0,054808 0,054808
проведет 3,912023 7,824046
акции 0,047791 0,047791
хорошие 0,013423 0,013423
мс 0,097980 0,097980
медитации 0,076161 0,076161
начала 1,832581 3,665163
экономика 0,000000 0,000000
уход 0,076161 0,076161
прибыл 0,083382 0,083382
спецпроекты 0,000000 0,000000
переговоров 1,714798 1,714798
путиным 1,966113 1,966113
реальный 0,013423 0,013423
игры 0,000000 0,000000
техника 0,000000 0,000000
ссср 0,000000 0,000000
правды 0,068993 0,068993
республикой 5,010635 5,010635
трампа 0,054808 0,164425
тысячи 0,068993 0,068993
поговорит 5,010635 5,010635
отвел 0,076161 0,076161
предрек 0,076161 0,076161
марта 0,040822 0,081644
городе 0,061875 0,061875
главное 0,000000 0,000000
линией 5,010635 5,010635
реакций 0,047791 0,047791
летнего 0,097980 0,097980
заявили 0,076161 0,076161
реакции 0,047791 0,047791
мини 0,000000 0,000000
анонсировал 2,813411 2,813411
видеть 0,013423 0,013423
изнасиловал 0,076161 0,076161
наука 0,000000 0,000000
