ру 0,000000 0,000000
банк 0,076161 0,076161
день 1,544899 3,089799
броскими 5,010635 5,010635
называемые 3,912023 3,912023
бунтарства 5,010635 5,010635
стал 1,203973 1,203973
си 3,912023 7,824046
укороченными 5,010635 5,010635
стиль 5,010635 5,010635
стиля 3,912023 7,824046
согласие 0,047791 0,047791
укрепил 5,010635 5,010635
пуаро 5,010635 5,010635
стиле 5,010635 10,021271
арт 4,317488 4,317488
жиголо 5,010635 5,010635
режиссера 3,912023 3,912023
людей 1,455287 1,455287
легкость 5,010635 5,010635
пол 3,401197 3,401197
таких 2,177422 2,177422
прилагались 5,010635 5,010635
сценического 5,010635 5,010635
немного 2,813411 2,813411
фото 0,061875 0,371252
сбрейте 5,010635 5,010635
лет 0,967584 2,902752
волосатый 5,010635 5,010635
шейха 4,317488 4,317488
прядями 5,010635 5,010635
такие 2,120264 2,120264
водой 0,061875 0,061875
звезды 2,371578 7,114734
технологиймини 0,000000 0,000000
назвал 1,347074 1,347074
эдди 5,010635 5,010635
конфиденциальности 0,047791 0,047791
маскулинно 5,010635 5,010635
нажмите 0,000000 0,000000
своей 2,066196 4,132393
получайте 0,047791 0,047791
мужского 4,317488 4,317488
деле 2,238047 4,476093
лондонском 5,010635 10,021271
отмечает 2,612740 2,612740
проблемы 0,076161 0,076161
социальным 5,010635 5,010635
социальный 3,401197 3,401197
путешествия 0,000000 0,000000
мендес 5,010635 5,010635
вечеринку 4,317488 4,317488
главных 2,445686 4,891372
также 0,762140 0,762140
индии 0,076161 0,076161
последнее 2,931194 2,931194
нашли 0,000000 0,000000
верхней 5,010635 10,021271
спросили 4,317488 4,317488
друзей 3,401197 3,401197
небрежны 5,010635 5,010635
неугасающей 5,010635 5,010635
самыми 3,624341 3,624341
украинском 0,076161 0,076161
света 0,054808 0,054808
сыграв 5,010635 5,010635
белоусов 0,076161 0,076161
скуфом 4,317488 4,317488
креативный 4,317488 4,317488
однако 1,249435 1,249435
условиями 0,040822 0,081644
шириной 5,010635 5,010635
спорта 3,912023 3,912023
продемонстрировал 4,317488 4,317488
крошечные 5,010635 10,021271
могут 1,455287 1,455287
начинали 4,317488 4,317488
придает 5,010635 5,010635
читайте 0,040822 0,040822
кларк 3,912023 3,912023
здоровья 2,813411 2,813411
байконур 0,097980 0,097980
дают 2,813411 2,813411
иметь 3,064725 3,064725
отращивают 5,010635 5,010635
вручения 4,317488 4,317488
пример 3,624341 3,624341
золотому 5,010635 5,010635
комика 3,064725 3,064725
заголовки 5,010635 5,010635
часть 1,919593 1,919593
комики 5,010635 5,010635
манчестера 5,010635 5,010635
бума 5,010635 5,010635
изменилось 3,218876 3,218876
персонаж 5,010635 5,010635
последний 3,218876 3,218876
поддержания 3,624341 3,624341
последние 0,090654 0,090654
предрекли 0,076161 0,076161
общего 3,624341 3,624341
часто 2,525729 5,051457
архив 0,000000 0,000000
части 2,014903 2,014903
противоречия 4,317488 4,317488
просят 3,912023 3,912023
рекламную 5,010635 5,010635
включают 5,010635 5,010635
сша 0,040822 0,040822
детектив 5,010635 5,010635
самая 2,238047 2,238047
усилий 3,912023 3,912023
раскрытии 0,076161 0,076161
маллета 5,010635 5,010635
естественность 5,010635 5,010635
повторить 5,010635 5,010635
процветает 5,010635 5,010635
российском 0,076161 0,076161
затылке 5,010635 5,010635
выглядеть 3,624341 7,248682
вычурных 5,010635 5,010635
безразличия 5,010635 5,010635
отращивать 5,010635 5,010635
веку 5,010635 5,010635
журналисты 3,401197 3,401197
закрученными 5,010635 5,010635
бонусы 0,047791 0,095581
знаменитостей 4,317488 4,317488
списки 5,010635 5,010635
жильцы 0,076161 0,076161
века 2,813411 5,626821
жизни 0,000000 0,000000
грэм 5,010635 5,010635
шаламе 4,317488 38,857393
интерес 3,624341 3,624341
одним 1,966113 5,898339
тома 5,010635 5,010635
губы 3,912023 3,912023
туристку 0,076161 0,076161
покровом 5,010635 5,010635
графичные 5,010635 5,010635
молодая 5,010635 5,010635
неуместной 5,010635 5,010635
популярны 5,010635 5,010635
выдавая 4,317488 4,317488
мотор 0,000000 0,000000
обменивайте 0,047791 0,047791
джейс 5,010635 5,010635
сальвадора 5,010635 5,010635
звание 2,931194 2,931194
театре 4,317488 4,317488
сводила 5,010635 5,010635
кристи 4,317488 4,317488
хорошие 0,013423 0,013423
трое 3,401197 3,401197
шла 2,813411 2,813411
идеально 3,912023 3,912023
менялась 5,010635 5,010635
почему 0,899761 1,799523
директор 2,612740 5,225480
художника 5,010635 10,021271
парикмахерской 5,010635 5,010635
гарри 3,912023 3,912023
идут 2,525729 2,525729
колено 5,010635 5,010635
прибыл 0,083382 0,083382
вверх 4,317488 8,634976
членами 3,624341 3,624341
желающие 5,010635 5,010635
годов 2,612740 5,225480
назад 1,678431 1,678431
глобус 5,010635 5,010635
помешались 5,010635 5,010635
ссср 0,000000 0,000000
фильме 3,912023 7,824046
след 4,317488 4,317488
никто 2,302585 2,302585
заслуга 5,010635 5,010635
мескал 5,010635 5,010635
карандашах 5,010635 5,010635
против 1,791759 1,791759
похоже 2,931194 2,931194
другие 1,714798 3,429597
главное 0,000000 0,000000
карандаши 4,317488 8,634976
летнего 0,097980 0,097980
свежо 5,010635 5,010635
повысить 4,317488 4,317488
издание 2,445686 2,445686
глобальным 5,010635 5,010635
хотите 4,317488 4,317488
мини 0,000000 0,000000
вновь 3,218876 6,437752
изнасиловал 0,076161 0,076161
мировые 3,401197 10,203592
селлека 5,010635 15,031906
бьюти 5,010635 5,010635
получали 4,317488 4,317488
бегуны 5,010635 5,010635
возродилась 3,912023 3,912023
создают 3,624341 3,624341
наркоторговца 5,010635 5,010635
похвалила 3,624341 3,624341
заодно 4,317488 4,317488
шевроны 5,010635 5,010635
губой 5,010635 10,021271
спорт 0,000000 0,000000
шон 5,010635 5,010635
линии 2,708050 2,708050
споры 0,097980 0,097980
пытались 2,708050 2,708050
шоу 2,813411 5,626821
военной 0,061875 0,061875
четыре 0,040822 0,040822
сказать 2,813411 2,813411
стало 1,181994 1,181994
ведущая 3,624341 3,624341
преобразить 4,317488 4,317488
стали 1,514128 6,056511
немецкий 4,317488 4,317488
обитания 0,000000 0,000000
испании 3,912023 3,912023
домохозяек 5,010635 5,010635
актеры 3,912023 3,912023
мужской 2,708050 8,124151
впервые 1,919593 1,919593
подтекст 5,010635 5,010635
мужском 3,912023 3,912023
российским 0,076161 0,076161
подводит 5,010635 5,010635
оставить 3,401197 3,401197
изменились 5,010635 5,010635
волна 2,612740 2,612740
гейбла 5,010635 10,021271
тех 2,120264 4,240527
дона 5,010635 5,010635
спустя 1,832581 1,832581
интернет 0,000000 0,000000
вижу 3,624341 3,624341
обратился 0,076161 0,076161
шутки 3,401197 3,401197
аккуратно 3,401197 3,401197
джимми 5,010635 5,010635
сюрреализма 5,010635 5,010635
тео 5,010635 5,010635
бороду 5,010635 10,021271
американского 2,177422 4,354844
гид 0,076161 0,076161
грязными 5,010635 5,010635
накрыла 3,912023 3,912023
дома 0,061875 0,061875
глаза 2,931194 2,931194
глейзер 5,010635 5,010635
пола 0,097980 0,097980
работу 1,791759 5,375278
представил 3,401197 3,401197
олриджбарбер 5,010635 5,010635
усов 5,010635 50,106353
джеймса 5,010635 5,010635
депрессии 3,912023 3,912023
австралийских 5,010635 5,010635
законодателем 5,010635 5,010635
поцеловали 5,010635 5,010635
помогают 2,813411 2,813411
эмоции 0,047791 0,047791
определенно 5,010635 5,010635
представив 5,010635 5,010635
сочетании 4,317488 8,634976
сочетания 5,010635 5,010635
стендап 5,010635 5,010635
заседание 4,317488 4,317488
требует 3,912023 3,912023
сети 0,090654 0,181309
военнослужащим 0,076161 0,076161
актера 3,624341 10,873023
опубликовала 3,218876 3,218876
комментирует 4,317488 4,317488
происшествие 4,317488 4,317488
образа 3,912023 7,824046
войны 1,791759 1,791759
самовыражения 5,010635 5,010635
порекомендовал 5,010635 5,010635
материалы 0,000000 0,000000
объяснил 2,120264 2,120264
эксперт 2,371578 2,371578
стильных 5,010635 5,010635
депутат 0,076161 0,076161
придаток 5,010635 5,010635
покорили 5,010635 5,010635
статьи 0,000000 0,000000
барбершопе 5,010635 5,010635
стильным 5,010635 5,010635
проблемами 3,218876 3,218876
видявленияроскошьличности 2,813411 2,813411
брать 3,064725 3,064725
обучающим 5,010635 5,010635
материале 2,120264 2,120264
культура 0,000000 0,000000
всестильвнешний 2,813411 2,813411
пространство 3,912023 3,912023
очередной 2,931194 2,931194
советовал 5,010635 5,010635
современный 3,401197 3,401197
уоррен 5,010635 5,010635
ищете 5,010635 5,010635
лондоне 2,612740 2,612740
мировой 2,445686 2,445686
призывает 5,010635 5,010635
получить 2,238047 4,476093
многие 1,714798 3,429597
бросается 4,317488 4,317488
исключительно 3,624341 3,624341
пилот 2,813411 2,813411
рональда 5,010635 5,010635
сексуальности 2,931194 2,931194
работает 0,040822 0,040822
новая 2,612740 2,612740
вона 5,010635 5,010635
увлекательные 0,047791 0,047791
участники 3,218876 3,218876
рыбака 5,010635 5,010635
времена 4,317488 4,317488
переговоры 0,054808 0,054808
мауи 5,010635 5,010635
скопировать 5,010635 5,010635
отчет 5,010635 5,010635
год 1,714798 1,714798
маккартни 0,097980 0,097980
мерфи 5,010635 5,010635
андрей 3,064725 3,064725
сбер 0,040822 0,040822
использованияполитика 0,000000 0,000000
резкий 4,317488 4,317488
иконы 4,317488 4,317488
деталь 4,317488 4,317488
резкие 5,010635 5,010635
флинна 5,010635 5,010635
ведущий 3,401197 3,401197
руль 5,010635 5,010635
запрещается 5,010635 5,010635
эррола 5,010635 5,010635
вывод 3,912023 3,912023
поэтому 1,966113 1,966113
крупный 0,068993 0,068993
знаем 3,624341 3,624341
регионам 0,076161 0,076161
мелтон 5,010635 5,010635
крупным 0,076161 0,152323
грязных 5,010635 5,010635
упомянутой 5,010635 5,010635
рули 5,010635 5,010635
истребителей 3,401197 3,401197
самом 2,014903 4,029806
иронично 5,010635 5,010635
потенциала 5,010635 5,010635
чарльз 5,010635 10,021271
остались 0,061875 0,061875
сегодня 1,643339 1,643339
отрастили 3,064725 3,064725
детали 2,813411 2,813411
той 2,931194 2,931194
сразу 2,066196 2,066196
самое 2,612740 2,612740
косичками 5,010635 5,010635
острым 4,317488 4,317488
рады 0,068993 0,068993
актеров 3,912023 3,912023
джейкоб 5,010635 5,010635
долгое 3,624341 3,624341
олридж 5,010635 5,010635
руки 2,813411 2,813411
атрибут 5,010635 10,021271
агата 5,010635 5,010635
акции 0,047791 0,047791
премии 3,624341 7,248682
ради 2,371578 2,371578
селлек 5,010635 5,010635
благодаря 2,238047 2,238047
страдающие 5,010635 5,010635
истории 1,966113 1,966113
летний 2,612740 2,612740
считается 2,612740 2,612740
экономика 0,000000 0,000000
читателей 5,010635 5,010635
центре 2,525729 2,525729
попал 2,445686 2,445686
которая 1,875141 5,625423
называют 2,931194 2,931194
делает 3,401197 6,802395
летчиков 4,317488 4,317488
загадочное 4,317488 4,317488
секс 2,371578 2,371578
уверенности 3,401197 10,203592
гейбл 5,010635 5,010635
история 2,238047 2,238047
баре 5,010635 5,010635
пишет 2,371578 7,114734
шевронах 5,010635 5,010635
детективный 5,010635 5,010635
отвязные 5,010635 5,010635
реальный 0,013423 0,013423
стилистов 5,010635 5,010635
джеймс 4,317488 8,634976
предстоящей 4,317488 4,317488
молодой 3,218876 3,218876
тысячи 0,068993 0,068993
блогов 5,010635 5,010635
героев 2,931194 2,931194
первое 2,612740 2,612740
предрек 0,076161 0,076161
мятежного 5,010635 5,010635
подходит 3,624341 3,624341
заявили 0,076161 0,076161
вдохновением 5,010635 5,010635
сериале 3,624341 3,624341
своих 2,177422 2,177422
видеть 0,013423 0,013423
каникулы 4,317488 4,317488
запустила 3,218876 3,218876
стрижкой 5,010635 10,021271
кларка 3,912023 7,824046
комик 2,931194 2,931194
ярким 5,010635 5,010635
кампанию 4,317488 4,317488
второй 2,066196 2,066196
кончиками 5,010635 10,021271
перемирии 0,076161 0,076161
голливудские 3,064725 3,064725
образ 2,525729 2,525729
новые 0,000000 0,000000
лохматым 5,010635 5,010635
знаменитость 5,010635 5,010635
голливудских 3,912023 7,824046
добро 0,013423 0,013423
выражаете 0,047791 0,047791
звездами 4,317488 4,317488
колмана 5,010635 5,010635
помощью 0,047791 0,143372
вернул 4,317488 4,317488
небрежной 5,010635 5,010635
заметил 2,612740 2,612740
александр 1,832581 1,832581
добра 0,013423 0,026846
должны 2,066196 2,066196
месяцев 2,708050 2,708050
словам 1,272966 1,272966
флешмоб 5,010635 5,010635
элорди 5,010635 5,010635
знаменитости 3,912023 3,912023
связывают 4,317488 4,317488
оценивайте 0,047791 0,047791
отрастить 5,010635 5,010635
х 2,177422 13,064532
расслабленная 5,010635 5,010635
индивидуальность 5,010635 5,010635
тонкие 3,624341 7,248682
мир 0,000000 0,000000
полного 3,624341 3,624341
серьезная 5,010635 5,010635
устроил 3,624341 3,624341
длинными 5,010635 5,010635
тонких 5,010635 5,010635
погружайтесь 0,047791 0,047791
вызывала 5,010635 5,010635
моды 3,624341 10,873023
бывший 0,000000 0,000000
время 0,762140 3,048560
накапливайте 0,047791 0,047791
забыть 3,624341 3,624341
моду 3,912023 3,912023
ооо 0,000000 0,000000
течения 5,010635 5,010635
деактивирована 0,013423 0,013423
пирамидальные 5,010635 5,010635
тренд 3,912023 11,736069
символов 5,010635 5,010635
индивидуальности 5,010635 5,010635
внешности 3,401197 13,604790
структуры 0,000000 0,000000
рта 3,401197 3,401197
кризиса 3,912023 3,912023
хочешь 0,013423 0,013423
отражает 5,010635 5,010635
пляжных 0,097980 0,097980
газет 5,010635 5,010635
мода 4,317488 4,317488
усами 4,317488 12,952464
символом 3,401197 10,203592
носить 3,624341 14,497364
рембрандта 5,010635 5,010635
голливуда 3,218876 6,437752
обычную 0,013423 0,013423
уголками 5,010635 5,010635
внешность 0,097980 0,097980
могу 2,525729 2,525729
своего 2,238047 2,238047
взялся 3,912023 3,912023
галереи 0,000000 0,000000
впоследствии 3,401197 3,401197
горизонтальных 5,010635 5,010635
старался 5,010635 5,010635
подбирать 4,317488 4,317488
нелепые 3,064725 3,064725
хотя 2,445686 4,891372
экономического 4,317488 4,317488
включили 5,010635 5,010635
платформа 5,010635 5,010635
храбрых 5,010635 5,010635
ресницы 5,010635 5,010635
профессионалов 4,317488 4,317488
известного 3,624341 3,624341
геллер 5,010635 5,010635
редакциярекламаконтактыпресс 0,000000 0,000000
всем 1,966113 1,966113
видео 0,000000 0,000000
сильно 2,445686 2,445686
меньше 2,120264 2,120264
нынешняя 3,912023 3,912023
актер 2,813411 16,880464
берт 5,010635 5,010635
мятежный 5,010635 5,010635
эпохи 4,317488 4,317488
помочь 2,708050 2,708050
смог 2,612740 5,225480
бренд 3,064725 3,064725
усах 5,010635 10,021271
хендлбарах 5,010635 5,010635
среда 0,000000 0,000000
современно 5,010635 5,010635
скидки 0,047791 0,047791
вызывая 5,010635 5,010635
эксклюзивы 0,000000 0,000000
придумали 3,218876 3,218876
выражайте 0,047791 0,047791
косметический 5,010635 5,010635
тимоти 4,317488 25,904929
жидких 5,010635 5,010635
конфликте 0,076161 0,076161
продолжая 0,047791 0,047791
узнаваемыми 5,010635 5,010635
особенно 2,302585 4,605170
ноябрьским 5,010635 5,010635
монику 5,010635 5,010635
лице 4,317488 21,587441
массивные 5,010635 5,010635
подобные 2,931194 2,931194
конфиденциальностиправила 0,000000 0,000000
политикой 0,047791 0,047791
лица 2,612740 5,225480
рестлера 5,010635 5,010635
маллет 5,010635 10,021271
стать 1,875141 1,875141
подойдут 5,010635 5,010635
прически 5,010635 5,010635
это 0,020203 0,141419
которого 1,875141 3,750282
живописца 5,010635 5,010635
растительностью 5,010635 5,010635
легкомысленная 5,010635 5,010635
две 0,033902 0,033902
прическу 5,010635 5,010635
эркюля 5,010635 5,010635
гримерке 3,912023 3,912023
новости 0,000000 0,000000
войти 0,000000 0,000000
модой 5,010635 5,010635
отключены 1,576648 1,576648
медитации 0,076161 0,076161
личности 4,317488 4,317488
рулях 5,010635 5,010635
нелепую 5,010635 5,010635
привносят 5,010635 5,010635
неожиданной 5,010635 5,010635
ответил 3,064725 3,064725
будоражить 5,010635 5,010635
считать 2,445686 2,445686
уход 0,076161 0,076161
неконтролируемую 5,010635 5,010635
фрая 5,010635 5,010635
молодых 3,401197 3,401197
выпивкой 5,010635 5,010635
спецпроекты 0,000000 0,000000
ван 4,317488 4,317488
великолепные 5,010635 5,010635
зрителю 4,317488 4,317488
первый 1,832581 1,832581
игры 0,000000 0,000000
техника 0,000000 0,000000
итог 5,010635 5,010635
бизнеса 2,931194 5,862388
трампа 0,054808 0,054808
кисть 4,317488 4,317488
практически 2,525729 2,525729
мнению 2,302585 2,302585
предпочтения 3,912023 3,912023
эдвардс 5,010635 5,010635
славу 3,912023 3,912023
франко 5,010635 10,021271
мягким 5,010635 5,010635
лицам 4,317488 4,317488
самых 1,609438 3,218876
ниточках 5,010635 10,021271
поскольку 2,238047 2,238047
компания 2,371578 2,371578
отвел 0,076161 0,076161
происходит 2,014903 2,014903
марта 0,040822 0,040822
прошлого 2,813411 2,813411
насмешек 5,010635 5,010635
впечатление 3,624341 3,624341
остин 5,010635 5,010635
реакций 0,047791 0,047791
спущенными 5,010635 5,010635
реакции 0,047791 0,047791
событий 2,708050 2,708050
массово 2,371578 2,371578
публику 5,010635 5,010635
осведомленность 5,010635 5,010635
вечером 3,064725 3,064725
публике 3,624341 3,624341
самые 1,832581 1,832581
зеленского 0,068993 0,068993
большей 2,813411 2,813411
лента 0,000000 0,000000
ввс 4,317488 4,317488
достигают 5,010635 5,010635
выбрали 3,912023 3,912023
заверили 4,317488 4,317488
жми 0,013423 0,013423
роли 3,401197 6,802395
делается 5,010635 5,010635
дик 5,010635 5,010635
сердца 3,218876 3,218876
би 5,010635 20,042541
аксессуаром 5,010635 5,010635
неряшливы 5,010635 5,010635
ленту 0,013423 0,013423
затопленного 0,076161 0,076161
стрижки 4,317488 4,317488
проблемах 2,445686 2,445686
отращивали 5,010635 5,010635
растительность 5,010635 20,042541
ленты 1,678431 1,678431
женщин 2,302585 2,302585
применения 0,000000 0,000000
небрежная 5,010635 5,010635
сделал 2,120264 2,120264
ценности 0,000000 0,000000
стайлзе 5,010635 5,010635
прозвали 3,624341 7,248682
материалам 0,047791 0,047791
мужчин 2,371578 2,371578
вернуться 0,013423 0,013423
ваши 0,047791 0,047791
западе 2,612740 2,612740
рейнольдс 5,010635 5,010635
сапогами 5,010635 5,010635
английские 5,010635 5,010635
сексуальный 5,010635 5,010635
привлекательной 5,010635 5,010635
откуда 3,064725 3,064725
речь 2,525729 2,525729
просто 1,678431 3,356862
россия 0,000000 0,000000
церемонии 4,317488 4,317488
оставляйте 5,010635 5,010635
запоминается 5,010635 5,010635
свой 2,177422 2,177422
экспериментов 4,317488 8,634976
последователи 5,010635 5,010635
свои 0,027029 0,054057
ретро 5,010635 5,010635
обрели 5,010635 5,010635
знаменитые 4,317488 8,634976
уволит 0,076161 0,076161
американский 0,061875 0,061875
стайлс 5,010635 5,010635
популярность 3,064725 3,064725
духа 5,010635 5,010635
зеленским 0,076161 0,076161
какую 3,218876 3,218876
двум 0,076161 0,076161
подкручивает 5,010635 5,010635
вызвала 0,097980 0,097980
жестко 4,317488 4,317488
сей 4,317488 4,317488
вид 2,813411 5,626821
индустрии 3,624341 7,248682
стрижку 5,010635 5,010635
всплеск 4,317488 4,317488
мастер 4,317488 4,317488
никки 5,010635 5,010635
ищут 3,218876 3,218876
обратились 4,317488 4,317488
рулями 5,010635 5,010635
перекочевали 5,010635 5,010635
прогресс 0,097980 0,097980
позиции 2,302585 2,302585
пути 2,445686 2,445686
форме 0,061875 0,123751
ума 3,624341 3,624341
похожих 4,317488 4,317488
уголки 5,010635 15,031906
силовые 0,000000 0,000000
вернулась 2,445686 2,445686
дня 0,061875 0,061875
популярности 3,624341 7,248682
опубликовал 3,401197 6,802395
татуировками 5,010635 5,010635
обрамляющих 5,010635 5,010635
актуальных 4,317488 4,317488
приходят 3,624341 3,624341
тему 3,624341 3,624341
эффектно 5,010635 5,010635
книгу 4,317488 4,317488
символизировала 5,010635 5,010635
сотрудников 0,076161 0,076161
формы 3,624341 7,248682
комментарии 1,484275 1,484275
форму 3,624341 3,624341
начались 0,068993 0,068993
сервис 3,218876 3,218876
дали 2,525729 5,051457
рекомендательных 0,000000 0,000000
носят 5,010635 5,010635
наблюдается 3,912023 3,912023
легендой 4,317488 4,317488
ушами 5,010635 5,010635
движение 3,064725 6,129450
признали 2,177422 2,177422
батлер 5,010635 5,010635
выглядят 2,813411 2,813411
забота 0,000000 0,000000
перестали 3,912023 3,912023
пожаловать 0,013423 0,013423
голливудского 5,010635 5,010635
героя 3,064725 3,064725
которые 1,181994 4,727976
клубе 3,624341 3,624341
образам 5,010635 5,010635
клуба 2,931194 2,931194
который 1,272966 3,818897
которым 2,708050 2,708050
идет 2,177422 2,177422
например 1,791759 1,791759
королевских 5,010635 5,010635
следующий 3,064725 6,129450
престижном 5,010635 5,010635
победа 0,000000 0,000000
выбирает 4,317488 4,317488
обзавелись 5,010635 5,010635
нелепая 5,010635 5,010635
бородин 5,010635 5,010635
друзья 3,401197 3,401197
выбрать 3,218876 3,218876
дайк 5,010635 5,010635
частный 4,317488 4,317488
волосяным 5,010635 5,010635
нормам 4,317488 4,317488
роман 3,218876 3,218876
считают 3,064725 3,064725
опечатку 0,000000 0,000000
сми 0,000000 0,000000
вниз 3,401197 3,401197
магнум 5,010635 5,010635
заканчивающиеся 5,010635 5,010635
несколько 1,347074 4,041221
место 0,054808 0,054808
мс 0,097980 0,097980
дух 3,624341 3,624341
начали 1,427116 4,281349
начале 2,177422 8,709688
недоумение 5,010635 5,010635
тенденцию 3,912023 3,912023
тенденция 4,317488 4,317488
нетрадиционные 5,010635 5,010635
подковах 5,010635 5,010635
подкрученными 5,010635 5,010635
корнеев 5,010635 5,010635
выбор 3,064725 3,064725
успеха 2,525729 2,525729
лоутон 5,010635 5,010635
каждый 2,066196 2,066196
золотой 3,401197 3,401197
природу 4,317488 4,317488
внешний 3,064725 3,064725
признаком 3,064725 3,064725
харизматичный 5,010635 5,010635
формах 5,010635 5,010635
считался 5,010635 5,010635
икон 5,010635 10,021271
вакансий 4,317488 4,317488
мужчины 2,525729 10,102915
усы 3,064725 82,747579
году 1,373049 12,357442
правды 0,068993 0,068993
велосипеда 5,010635 5,010635
олриджа 5,010635 5,010635
подчеркнуть 5,010635 5,010635
названием 3,624341 3,624341
отращивает 5,010635 5,010635
волосами 4,317488 4,317488
хочет 1,966113 1,966113
вернуть 2,708050 2,708050
городе 0,061875 0,061875
года 0,899761 1,799523
трендов 5,010635 10,021271
пропорциями 5,010635 5,010635
челюсти 5,010635 5,010635
очень 1,347074 1,347074
наука 0,000000 0,000000
одежде 3,624341 3,624341
вдохновлены 5,010635 5,010635
худощавым 5,010635 5,010635
примером 4,317488 4,317488
внимания 3,401197 3,401197
