зеленского 0,068993 0,068993
перемирии 0,076161 0,076161
ру 0,000000 0,000000
банк 0,076161 0,076161
лента 0,000000 0,000000
главы 2,302585 2,302585
день 1,544899 1,544899
новые 0,000000 0,000000
спорт 0,000000 0,000000
эвакуации 5,010635 5,010635
споры 0,097980 0,097980
согласие 0,047791 0,047791
добро 0,013423 0,013423
военной 0,061875 0,061875
выражаете 0,047791 0,047791
четыре 0,040822 0,040822
жми 0,013423 0,013423
помощью 0,047791 0,047791
александр 1,832581 1,832581
врио 5,010635 5,010635
сообщил 1,791759 1,791759
добра 0,013423 0,026846
человек 1,249435 2,498870
ленту 0,013423 0,013423
затопленного 0,076161 0,076161
фото 0,061875 0,123751
водой 0,061875 0,061875
применения 0,000000 0,000000
технологиймини 0,000000 0,000000
оценивайте 0,047791 0,047791
обитания 0,000000 0,000000
ценности 0,000000 0,000000
размещения 4,317488 4,317488
материалам 0,047791 0,047791
конфиденциальности 0,047791 0,047791
вернуться 0,013423 0,013423
мир 0,000000 0,000000
ваши 0,047791 0,047791
российским 0,076161 0,076161
нажмите 0,000000 0,000000
получайте 0,047791 0,047791
погружайтесь 0,047791 0,047791
речь 2,525729 2,525729
бывший 0,000000 0,000000
проблемы 0,076161 0,076161
хинштейн 5,010635 10,021271
сегодняшний 3,912023 3,912023
накапливайте 0,047791 0,047791
интернет 0,000000 0,000000
россия 0,000000 0,000000
торубарова 5,010635 5,010635
сутки 2,931194 2,931194
ооо 0,000000 0,000000
обратился 0,076161 0,076161
деактивирована 0,013423 0,013423
путешествия 0,000000 0,000000
отдела 0,579818 0,579818
свои 0,027029 0,027029
ранее 1,003302 1,003302
структуры 0,000000 0,000000
параллельмоя 2,177422 2,177422
индии 0,076161 0,076161
гид 0,076161 0,076161
хочешь 0,013423 0,013423
нашли 0,000000 0,000000
пляжных 0,097980 0,097980
уволит 0,076161 0,076161
родственников 3,624341 3,624341
территорий 3,401197 3,401197
дома 0,061875 0,061875
американский 0,061875 0,061875
обычную 0,013423 0,013423
пола 0,097980 0,097980
внешность 0,097980 0,097980
украинском 0,076161 0,076161
света 0,054808 0,054808
работа 2,708050 2,708050
украины 1,021651 1,021651
курской 1,832581 3,665163
галереи 0,000000 0,000000
мирных 2,525729 2,525729
белоусов 0,076161 0,076161
девахина 5,010635 5,010635
эмоции 0,047791 0,047791
зеленским 0,076161 0,076161
эвакуированные 5,010635 5,010635
условиями 0,040822 0,081644
двум 0,076161 0,076161
вызвала 0,097980 0,097980
число 2,014903 4,029806
пунктах 3,624341 3,624341
сети 0,090654 0,090654
военнослужащим 0,076161 0,076161
эвакуированных 5,010635 10,021271
читайте 0,040822 0,040822
мария 2,525729 2,525729
байконур 0,097980 0,097980
редакциярекламаконтактыпресс 0,000000 0,000000
материалы 0,000000 0,000000
видео 0,000000 0,000000
российского 1,484275 1,484275
депутат 0,076161 0,076161
минуту 3,624341 3,624341
жителях 5,010635 5,010635
прогресс 0,097980 0,097980
статьи 0,000000 0,000000
форме 0,061875 0,061875
последние 0,090654 0,090654
предрекли 0,076161 0,076161
культура 0,000000 0,000000
обсудить 0,456758 0,456758
силовые 0,000000 0,000000
архив 0,000000 0,000000
суджанского 4,317488 12,952464
дня 0,061875 0,061875
сша 0,040822 0,040822
района 4,317488 12,952464
сообщалось 2,931194 2,931194
среда 0,000000 0,000000
раскрытии 0,076161 0,076161
редактор 0,567984 0,567984
днем 2,813411 2,813411
среди 1,714798 1,714798
скидки 0,047791 0,047791
сотрудников 0,076161 0,076161
составляло 5,010635 5,010635
эксклюзивы 0,000000 0,000000
российском 0,076161 0,076161
выражайте 0,047791 0,047791
сил 1,791759 1,791759
начались 0,068993 0,068993
вооруженных 2,014903 2,014903
рекомендательных 0,000000 0,000000
конфликте 0,076161 0,076161
продолжая 0,047791 0,047791
работает 0,040822 0,040822
увлекательные 0,047791 0,047791
риа 1,272966 1,272966
приграничных 4,317488 4,317488
останавливается 5,010635 5,010635
переговоры 0,054808 0,054808
россиян 1,714798 5,144395
конфиденциальностиправила 0,000000 0,000000
бонусы 0,047791 0,095581
политикой 0,047791 0,047791
маккартни 0,097980 0,097980
жильцы 0,076161 0,076161
жизни 0,000000 0,000000
забота 0,000000 0,000000
сбер 0,040822 0,040822
пожаловать 0,013423 0,013423
использованияполитика 0,000000 0,000000
крупный 0,068993 0,068993
идет 2,177422 2,177422
регионам 0,076161 0,076161
крупным 0,076161 0,076161
это 0,020203 0,020203
туристку 0,076161 0,076161
победа 0,000000 0,000000
остались 0,061875 0,061875
суджи 3,064725 6,129450
две 0,033902 0,033902
елена 4,317488 4,317488
страна 1,714798 1,714798
мотор 0,000000 0,000000
обменивайте 0,047791 0,047791
опечатку 0,000000 0,000000
сми 0,000000 0,000000
приграничья 5,010635 10,021271
детей 2,177422 2,177422
рады 0,068993 0,068993
эвакуировали 3,218876 9,656627
заключил 3,218876 3,218876
новости 0,000000 0,000000
войти 0,000000 0,000000
региона 3,912023 3,912023
место 0,054808 0,054808
акции 0,047791 0,047791
хорошие 0,013423 0,013423
мс 0,097980 0,097980
медитации 0,076161 0,076161
экономика 0,000000 0,000000
уход 0,076161 0,076161
временного 4,317488 4,317488
вывезенных 5,010635 5,010635
каждым 3,624341 3,624341
вывезли 3,218876 6,437752
прибыл 0,083382 0,083382
области 1,399717 2,799435
спецпроекты 0,000000 0,000000
реальный 0,013423 0,013423
игры 0,000000 0,000000
техника 0,000000 0,000000
ссср 0,000000 0,000000
всу 1,373049 4,119147
правды 0,068993 0,068993
трампа 0,054808 0,054808
тысячи 0,068993 0,068993
сотни 2,066196 6,198589
оккупации 2,612740 7,838220
отвел 0,076161 0,076161
курского 5,010635 5,010635
предрек 0,076161 0,076161
общее 2,931194 2,931194
марта 0,040822 0,122466
городе 0,061875 0,061875
общество 2,612740 2,612740
губернатор 3,624341 3,624341
главное 0,000000 0,000000
жителей 1,966113 5,898339
растет 3,624341 3,624341
реакций 0,047791 0,047791
летнего 0,097980 0,097980
заявили 0,076161 0,076161
реакции 0,047791 0,047791
находятся 2,708050 2,708050
мини 0,000000 0,000000
видеть 0,013423 0,013423
изнасиловал 0,076161 0,076161
наука 0,000000 0,000000
