воскресенский 4,317488 4,317488
сообщалось 2,931194 2,931194
среда 0,000000 0,000000
ру 0,000000 0,000000
самая 2,238047 6,714140
лента 0,000000 0,000000
редактор 0,567984 0,567984
московская 4,317488 21,587441
новые 0,000000 0,000000
беспилотника 5,010635 5,010635
эксклюзивы 0,000000 0,000000
москве 1,791759 1,791759
спорт 0,000000 0,000000
комментарии 1,484275 1,484275
москва 2,302585 6,907755
атака 3,064725 12,258901
целом 3,064725 3,064725
добро 0,013423 0,013423
неизвестно 3,401197 3,401197
москву 2,120264 2,120264
рекомендательных 0,000000 0,000000
жми 0,013423 0,013423
разных 2,445686 2,445686
риа 1,272966 5,091863
сообщил 1,791759 1,791759
добра 0,013423 0,026846
калугина 5,010635 5,010635
тасс 2,371578 4,743156
ленту 0,013423 0,013423
конфиденциальностиправила 0,000000 0,000000
фото 0,061875 0,618754
москвы 1,832581 3,665163
рубежах 5,010635 5,010635
подлете 5,010635 10,021271
ленты 1,678431 1,678431
илья 3,064725 6,129450
дронов 2,177422 4,354844
сапроново 5,010635 5,010635
россии 0,425668 0,425668
применения 0,000000 0,000000
жизни 0,000000 0,000000
технологиймини 0,000000 0,000000
майшев 5,010635 5,010635
забота 0,000000 0,000000
пожаловать 0,013423 0,013423
использованияполитика 0,000000 0,000000
обитания 0,000000 0,000000
ценности 0,000000 0,000000
область 2,238047 11,190233
главные 2,371578 7,114734
вернуться 0,013423 0,013423
мир 0,000000 0,000000
населенных 2,813411 2,813411
нажмите 0,000000 0,000000
победа 0,000000 0,000000
сво 2,445686 2,445686
бывший 0,000000 0,000000
интернет 0,000000 0,000000
россия 0,000000 0,000000
домодедово 3,912023 11,736069
россию 1,609438 1,609438
мотор 0,000000 0,000000
опечатку 0,000000 0,000000
сми 0,000000 0,000000
ооо 0,000000 0,000000
деактивирована 0,013423 0,013423
путешествия 0,000000 0,000000
отдела 0,579818 0,579818
михаил 2,708050 2,708050
летели 3,624341 3,624341
мираторга 5,010635 5,010635
произошедшего 5,010635 5,010635
также 0,762140 0,762140
серегей 5,010635 5,010635
структуры 0,000000 0,000000
сергей 2,708050 2,708050
отбита 5,010635 10,021271
новости 0,000000 0,000000
войти 0,000000 0,000000
хочешь 0,013423 0,013423
хорошие 0,013423 0,013423
нашли 0,000000 0,000000
отключены 1,576648 1,576648
истомин 5,010635 5,010635
обычную 0,013423 0,013423
питалев 3,624341 7,248682
сбито 5,010635 5,010635
массированная 3,401197 10,203592
начала 1,832581 1,832581
сотрудник 2,813411 2,813411
экономика 0,000000 0,000000
канал 2,813411 2,813411
совершена 3,401197 3,401197
сбиты 4,317488 4,317488
собянин 5,010635 10,021271
столице 4,317488 4,317488
галереи 0,000000 0,000000
земле 3,218876 3,218876
подмосковье 3,064725 3,064725
области 1,399717 1,399717
спецпроекты 0,000000 0,000000
московской 3,401197 3,401197
вероника 3,912023 3,912023
число 2,014903 2,014903
пунктах 3,624341 3,624341
раменское 5,010635 10,021271
минобороны 1,966113 1,966113
ленинском 5,010635 5,010635
беспилотников 3,218876 3,218876
раменском 5,010635 5,010635
реальный 0,013423 0,013423
игры 0,000000 0,000000
кадр 2,302585 2,302585
техника 0,000000 0,000000
ссср 0,000000 0,000000
редакциярекламаконтактыпресс 0,000000 0,000000
сторону 2,708050 2,708050
материалы 0,000000 0,000000
видео 0,000000 0,000000
кадры 2,371578 4,743156
сотни 2,066196 4,132393
алексей 1,919593 1,919593
марта 0,040822 0,081644
статьи 0,000000 0,000000
общество 2,612740 2,612740
главное 0,000000 0,000000
года 0,899761 0,899761
мэр 5,010635 5,010635
заявило 3,218876 3,218876
материале 2,120264 2,120264
повреждения 4,317488 4,317488
культура 0,000000 0,000000
мини 0,000000 0,000000
других 1,576648 1,576648
силовые 0,000000 0,000000
подмосковного 5,010635 5,010635
архив 0,000000 0,000000
видеть 0,013423 0,013423
зорина 5,010635 5,010635
наука 0,000000 0,000000
валерия 3,624341 3,624341
пострадавших 3,912023 3,912023
бпла 2,931194 5,862388
погиб 3,218876 3,218876
