телевизионщиков 5,010635 5,010635
состояться 4,317488 4,317488
ру 0,000000 0,000000
банк 0,076161 0,076161
рф 1,514128 1,514128
декабре 3,912023 3,912023
контактах 5,010635 5,010635
опасностей 5,010635 5,010635
разведке 5,010635 5,010635
бабушки 5,010635 5,010635
газета 3,401197 13,604790
укрепит 5,010635 10,021271
заявил 1,098612 1,098612
вокруг 2,525729 7,577186
воды 3,064725 6,129450
согласие 0,047791 0,047791
ельцина 3,912023 3,912023
центр 3,218876 3,218876
частью 3,218876 3,218876
бабой 5,010635 5,010635
таким 2,014903 4,029806
людей 1,455287 10,187011
множество 3,401197 3,401197
одно 2,813411 2,813411
встретить 3,624341 3,624341
стабильный 4,317488 4,317488
сторонников 3,912023 3,912023
бывшего 2,445686 2,445686
таких 2,177422 2,177422
македонии 5,010635 5,010635
человек 1,249435 4,997741
пусть 3,912023 3,912023
предлагали 3,912023 3,912023
частности 2,525729 7,577186
десятилетий 3,064725 3,064725
возможном 3,912023 3,912023
одна 1,875141 5,625423
фото 0,061875 0,495003
вышедших 5,010635 5,010635
теракты 5,010635 5,010635
явление 4,317488 4,317488
полгода 2,612740 2,612740
лет 0,967584 2,902752
надеется 3,912023 3,912023
появилась 2,445686 2,445686
такие 2,120264 2,120264
водой 0,061875 0,061875
оказалось 2,177422 2,177422
технологиймини 0,000000 0,000000
неясно 3,912023 3,912023
телепередачи 3,912023 3,912023
слепую 5,010635 5,010635
знакомые 3,401197 3,401197
денег 3,401197 6,802395
японией 4,317488 4,317488
пор 2,238047 2,238047
конфиденциальности 0,047791 0,047791
числом 3,912023 3,912023
запад 2,525729 5,051457
недоношенной 5,010635 5,010635
нажмите 0,000000 0,000000
эмпирическим 5,010635 5,010635
своей 2,066196 2,066196
нехватке 5,010635 5,010635
получайте 0,047791 0,047791
катастрофического 5,010635 5,010635
деле 2,238047 6,714140
забирать 5,010635 5,010635
болгарии 3,912023 11,736069
сомнением 3,912023 3,912023
слишком 2,371578 2,371578
проблемы 0,076161 0,076161
начнет 3,912023 7,824046
создавать 3,401197 3,401197
позволят 3,912023 3,912023
недавно 3,218876 3,218876
путешествия 0,000000 0,000000
данным 2,014903 2,014903
территории 1,919593 1,919593
предсказания 3,064725 30,647251
набирают 3,912023 3,912023
имени 2,708050 2,708050
близости 4,317488 4,317488
также 0,762140 5,334980
веру 5,010635 5,010635
индии 0,076161 0,076161
положительные 5,010635 5,010635
книг 3,912023 3,912023
выкладывала 5,010635 5,010635
чепуху 5,010635 5,010635
нашли 0,000000 0,000000
одной 1,514128 1,514128
воскресила 5,010635 5,010635
спросили 4,317488 4,317488
дмитрий 2,371578 2,371578
развяжет 5,010635 5,010635
блока 4,317488 4,317488
приоли 5,010635 5,010635
обратил 3,624341 3,624341
украине 1,139434 4,557737
снова 2,813411 2,813411
риме 5,010635 5,010635
чепухе 5,010635 5,010635
подписчиков 3,912023 3,912023
идеями 5,010635 5,010635
украинском 0,076161 0,076161
света 0,054808 0,219233
украины 1,021651 1,021651
пророчествами 5,010635 5,010635
предрекла 5,010635 15,031906
приходить 3,624341 3,624341
отрицать 5,010635 5,010635
европейцы 4,317488 4,317488
белоусов 0,076161 0,076161
дженни 4,317488 4,317488
однако 1,249435 6,247176
условиями 0,040822 0,081644
следующем 4,317488 4,317488
последствиями 3,912023 3,912023
атомной 3,401197 6,802395
заверениям 5,010635 10,021271
корею 4,317488 4,317488
могут 1,455287 5,821149
читайте 0,040822 0,040822
всплывает 5,010635 5,010635
уничтожения 5,010635 5,010635
безоговорочно 5,010635 5,010635
помогала 3,912023 3,912023
успехом 3,912023 3,912023
значительных 5,010635 5,010635
байконур 0,097980 0,097980
уточнила 4,317488 4,317488
супругом 5,010635 5,010635
получит 2,813411 2,813411
дают 2,813411 2,813411
ближайшие 3,064725 3,064725
обрастает 5,010635 5,010635
дэн 4,317488 4,317488
июне 3,624341 3,624341
падения 3,401197 3,401197
исполняются 5,010635 10,021271
персонал 3,624341 3,624341
часть 1,919593 1,919593
открыли 3,912023 3,912023
биологического 5,010635 5,010635
хакеров 4,317488 4,317488
обороны 2,525729 2,525729
чушь 5,010635 5,010635
последний 3,218876 3,218876
газеты 3,624341 7,248682
майкл 3,624341 7,248682
говорит 2,014903 2,014903
последние 0,090654 0,090654
журналист 2,931194 8,793581
предрекли 0,076161 0,152323
загадок 5,010635 5,010635
часто 2,525729 2,525729
способности 3,624341 10,873023
некоторые 2,445686 4,891372
архив 0,000000 0,000000
крестьян 5,010635 5,010635
туристов 2,931194 2,931194
подарки 3,624341 3,624341
сша 0,040822 0,244932
лидер 1,919593 1,919593
метод 4,317488 4,317488
природные 4,317488 4,317488
перемен 4,317488 4,317488
приведет 2,525729 2,525729
написал 2,525729 2,525729
раскрытии 0,076161 0,076161
бизнесмены 5,010635 5,010635
положительно 5,010635 5,010635
качестве 2,302585 2,302585
отмечала 5,010635 5,010635
российском 0,076161 0,152323
пояснил 2,931194 2,931194
зрение 4,317488 8,634976
ожидают 4,317488 4,317488
переводе 5,010635 5,010635
скажет 5,010635 5,010635
современной 4,317488 4,317488
суеверной 5,010635 5,010635
порохом 5,010635 5,010635
нравиться 5,010635 5,010635
предсказала 5,010635 20,042541
спойлер 5,010635 5,010635
старой 4,317488 4,317488
республиканец 5,010635 5,010635
местная 3,912023 3,912023
лучший 2,525729 2,525729
кончину 5,010635 5,010635
будут 1,919593 1,919593
гроша 5,010635 5,010635
журналисты 3,401197 3,401197
новостей 3,624341 3,624341
бонусы 0,047791 0,095581
жильцы 0,076161 0,076161
жизни 0,000000 0,000000
предвзятость 5,010635 5,010635
называли 2,931194 2,931194
прямо 2,525729 5,051457
веке 2,445686 2,445686
привлекательность 5,010635 5,010635
системы 2,525729 2,525729
интерес 3,624341 3,624341
одним 1,966113 1,966113
приемной 5,010635 5,010635
слова 2,177422 2,177422
прорицательница 5,010635 20,042541
груди 3,064725 3,064725
принадлежат 5,010635 5,010635
сообщает 2,120264 2,120264
зеленым 5,010635 5,010635
возникло 3,624341 3,624341
туристку 0,076161 0,076161
пастбища 5,010635 5,010635
зеленый 4,317488 4,317488
сформировалась 4,317488 4,317488
рост 2,302585 4,605170
бабы 5,010635 10,021271
придерживается 4,317488 4,317488
прорицательницы 5,010635 10,021271
скептики 5,010635 5,010635
грэмми 4,317488 4,317488
катастрофе 4,317488 12,952464
окрепла 5,010635 5,010635
мотор 0,000000 0,000000
обменивайте 0,047791 0,047791
прокатилась 5,010635 5,010635
возведена 5,010635 5,010635
опасной 3,401197 3,401197
начнется 3,401197 6,802395
жизнь 1,544899 1,544899
уничтожить 3,064725 3,064725
мужа 3,064725 3,064725
миллионы 2,445686 2,445686
хорошие 0,013423 0,013423
деятели 5,010635 5,010635
баба 5,010635 25,053176
дальше 2,612740 2,612740
мире 1,919593 7,678371
случаев 4,317488 4,317488
относиться 3,218876 3,218876
дороге 3,624341 3,624341
аравия 4,317488 4,317488
мира 1,576648 4,729944
еду 4,317488 4,317488
катастрофы 3,912023 3,912023
звучит 4,317488 4,317488
обмениваться 5,010635 5,010635
чаще 2,708050 2,708050
американская 3,218876 6,437752
энергетические 4,317488 4,317488
почему 0,899761 0,899761
хорошего 3,401197 3,401197
власти 1,919593 1,919593
предупреждала 5,010635 5,010635
катастрофу 3,624341 3,624341
эволюции 4,317488 4,317488
чувство 3,912023 3,912023
ветками 5,010635 5,010635
прибыл 0,083382 0,083382
засилье 5,010635 5,010635
власть 2,813411 2,813411
объясняя 5,010635 5,010635
могла 2,708050 8,124151
землетрясения 5,010635 5,010635
предыдущих 4,317488 4,317488
годов 2,612740 2,612740
буду 4,317488 4,317488
имели 4,317488 4,317488
кадр 2,302585 2,302585
жары 4,317488 4,317488
издания 3,401197 3,401197
ссср 0,000000 0,000000
шутили 4,317488 4,317488
жару 4,317488 4,317488
телепатические 5,010635 5,010635
жившей 5,010635 5,010635
подобного 3,401197 6,802395
средневековье 5,010635 5,010635
окутана 5,010635 5,010635
превратилось 5,010635 5,010635
выделил 4,317488 4,317488
аэс 3,912023 3,912023
родственники 3,912023 7,824046
международной 3,218876 3,218876
надвигающимся 5,010635 5,010635
министра 3,401197 3,401197
похоже 2,931194 2,931194
другие 1,714798 3,429597
главное 0,000000 0,000000
ливийский 5,010635 5,010635
мировых 4,317488 8,634976
летнего 0,097980 0,097980
полагает 2,931194 2,931194
издание 2,445686 2,445686
фильмы 3,624341 3,624341
верят 5,010635 15,031906
мини 0,000000 0,000000
других 1,576648 4,729944
пророчества 5,010635 55,116988
расстреляны 5,010635 5,010635
спецслужбы 2,525729 2,525729
пророчестве 5,010635 5,010635
глобальные 5,010635 5,010635
европейских 3,064725 3,064725
изнасиловал 0,076161 0,076161
целых 5,010635 5,010635
пророчество 5,010635 20,042541
стоит 1,791759 3,583519
пророчеству 5,010635 5,010635
охотно 5,010635 10,021271
нынешний 4,317488 4,317488
курск 4,317488 12,952464
сериалы 3,218876 3,218876
александров 4,317488 4,317488
женщиной 4,317488 4,317488
спорт 0,000000 0,000000
исчезновению 5,010635 5,010635
сюжетзасуха 5,010635 5,010635
споры 0,097980 0,391922
шоу 2,813411 2,813411
военной 0,061875 0,061875
четыре 0,040822 0,040822
признанный 3,912023 3,912023
кроется 3,912023 7,824046
стало 1,181994 1,181994
мексиканскую 5,010635 5,010635
телевизионных 5,010635 5,010635
провидицу 5,010635 5,010635
известных 3,401197 6,802395
сделала 3,912023 3,912023
исчезновение 5,010635 5,010635
непроходимой 5,010635 5,010635
провидицы 5,010635 15,031906
знаете 3,624341 3,624341
весть 5,010635 5,010635
сделали 3,218876 3,218876
народ 4,317488 4,317488
интеллекта 3,401197 3,401197
стала 1,576648 9,459889
прекратит 5,010635 5,010635
остаются 3,064725 3,064725
стали 1,514128 6,056511
увлечение 4,317488 4,317488
отвечают 3,401197 3,401197
медиаимперию 5,010635 5,010635
обитания 0,000000 0,000000
спортивные 4,317488 4,317488
поможет 3,401197 3,401197
памятнику 5,010635 5,010635
провидице 5,010635 5,010635
впервые 1,919593 1,919593
прорывы 5,010635 5,010635
леонова 4,317488 4,317488
российским 0,076161 0,076161
старую 5,010635 5,010635
ран 3,218876 6,437752
женщину 3,912023 3,912023
волна 2,612740 2,612740
президента 1,455287 2,910574
передаю 5,010635 5,010635
шутку 4,317488 4,317488
давно 2,445686 2,445686
экономический 4,317488 4,317488
версия 3,912023 11,736069
совпадают 4,317488 4,317488
интернет 0,000000 0,000000
обратился 0,076161 0,076161
иосифа 5,010635 5,010635
считает 2,445686 4,891372
человеку 3,218876 6,437752
обычно 3,218876 3,218876
европы 2,445686 4,891372
версии 3,218876 3,218876
застал 3,401197 3,401197
сбывались 5,010635 10,021271
знаю 3,624341 3,624341
гид 0,076161 0,076161
легенд 5,010635 10,021271
европе 2,813411 16,880464
унес 4,317488 4,317488
дома 0,061875 0,061875
словно 4,317488 8,634976
слепая 5,010635 15,031906
глаза 2,931194 2,931194
мудрость 5,010635 5,010635
уходом 4,317488 4,317488
пола 0,097980 0,097980
представители 3,624341 3,624341
образованны 5,010635 5,010635
европу 3,624341 3,624341
сотрудник 2,813411 2,813411
цирроза 5,010635 5,010635
петриче 5,010635 5,010635
страшные 4,317488 8,634976
предрекает 5,010635 5,010635
паломничества 4,317488 4,317488
европа 2,525729 2,525729
медицине 5,010635 5,010635
первого 2,612740 2,612740
итоге 2,708050 5,416100
эмоции 0,047791 0,047791
собираются 4,317488 8,634976
широкая 5,010635 5,010635
радиации 5,010635 5,010635
виду 5,010635 5,010635
шэппса 5,010635 5,010635
потрясения 5,010635 5,010635
кризис 3,624341 3,624341
работы 1,455287 1,455287
сети 0,090654 0,453272
военнослужащим 0,076161 0,076161
автор 3,912023 3,912023
принцессы 4,317488 8,634976
кроме 1,427116 1,427116
ураган 5,010635 5,010635
бороться 2,708050 2,708050
фонарев 5,010635 5,010635
игил 5,010635 15,031906
подтвердить 5,010635 5,010635
войны 1,791759 3,583519
мирное 2,931194 2,931194
придет 4,317488 12,952464
объяснил 2,120264 2,120264
материалы 0,000000 0,000000
войну 3,218876 9,656627
захватив 5,010635 5,010635
депутат 0,076161 0,076161
мировую 3,064725 3,064725
привлечения 5,010635 5,010635
ядерной 3,064725 3,064725
рака 3,624341 7,248682
статье 2,813411 5,626821
статьи 0,000000 0,000000
контакты 2,302585 4,605170
мусульманских 5,010635 5,010635
материале 2,120264 4,240527
культура 0,000000 0,000000
масштабные 4,317488 4,317488
рупите 5,010635 10,021271
иран 3,912023 7,824046
статья 3,912023 7,824046
глухого 5,010635 5,010635
рек 4,317488 4,317488
верить 4,317488 12,952464
удалось 1,714798 1,714798
мной 2,931194 5,862388
появятся 4,317488 4,317488
близких 3,912023 3,912023
позднее 3,401197 3,401197
широко 3,401197 3,401197
борются 5,010635 5,010635
гарднер 5,010635 5,010635
полную 4,317488 4,317488
европейского 5,010635 5,010635
мировой 2,445686 2,445686
вангаболгарская 5,010635 5,010635
серьезные 3,401197 3,401197
любили 3,401197 3,401197
драматично 5,010635 5,010635
распад 5,010635 5,010635
заголовками 5,010635 5,010635
вспомнил 4,317488 4,317488
бедствия 4,317488 4,317488
михалкова 4,317488 4,317488
везунчиков 5,010635 5,010635
многие 1,714798 1,714798
близкие 5,010635 5,010635
возлагают 5,010635 5,010635
произносила 5,010635 10,021271
мировое 5,010635 5,010635
пропали 4,317488 4,317488
сильнее 3,624341 3,624341
посещать 5,010635 5,010635
работает 0,040822 0,040822
увлекательные 0,047791 0,047791
алкоголем 3,912023 3,912023
переговоры 0,054808 0,054808
куринной 5,010635 5,010635
усыновила 5,010635 5,010635
будущее 2,612740 7,838220
год 1,714798 12,003589
маккартни 0,097980 0,097980
молился 5,010635 5,010635
гостей 3,401197 3,401197
мать 2,813411 2,813411
сбер 0,040822 0,040822
громкими 4,317488 4,317488
использованияполитика 0,000000 0,000000
террористическая 4,317488 4,317488
лечении 3,912023 3,912023
посвященные 5,010635 5,010635
языка 3,912023 3,912023
трамп 1,484275 1,484275
феномен 4,317488 8,634976
вторую 3,912023 3,912023
крупных 3,064725 6,129450
наумова 5,010635 5,010635
думаю 2,708050 2,708050
крупный 0,068993 0,068993
знаем 3,624341 3,624341
регионам 0,076161 0,076161
оставила 4,317488 4,317488
крупным 0,076161 0,152323
апокалипсисом 5,010635 5,010635
прогнозы 5,010635 10,021271
расстоянии 5,010635 5,010635
заявляла 5,010635 5,010635
крупные 3,218876 3,218876
советского 2,371578 2,371578
доминировать 5,010635 5,010635
ученого 4,317488 4,317488
самом 2,014903 6,044709
думал 3,401197 3,401197
остались 0,061875 0,061875
сегодня 1,643339 1,643339
межличностном 5,010635 5,010635
повышенный 5,010635 5,010635
петр 3,624341 3,624341
спровоцировать 5,010635 5,010635
вместе 1,514128 1,514128
страны 1,455287 2,910574
союзы 5,010635 5,010635
австралией 5,010635 5,010635
рады 0,068993 0,068993
заработок 4,317488 4,317488
ошеломляют 5,010635 5,010635
обращаются 5,010635 5,010635
посвященных 4,317488 4,317488
ситуацией 5,010635 5,010635
родилась 4,317488 4,317488
неожиданный 3,912023 3,912023
телевидение 4,317488 4,317488
акции 0,047791 0,047791
рассказал 1,272966 2,545931
собираться 4,317488 4,317488
евгения 3,401197 3,401197
село 3,401197 3,401197
военные 2,371578 2,371578
ради 2,371578 4,743156
благодаря 2,238047 4,476093
экстремистов 3,912023 3,912023
новыми 3,912023 3,912023
считается 2,612740 2,612740
предвзятостью 5,010635 5,010635
фоне 2,813411 2,813411
экономика 0,000000 0,000000
заработать 3,218876 3,218876
сергея 3,624341 7,248682
пороге 4,317488 4,317488
инопланетянами 5,010635 10,021271
организация 3,218876 3,218876
нейросетевая 5,010635 5,010635
соглашение 3,912023 3,912023
которая 1,875141 3,750282
называют 2,931194 2,931194
премию 3,912023 3,912023
уверенности 3,401197 3,401197
проживала 5,010635 5,010635
вскоре 2,302585 4,605170
евгений 3,218876 6,437752
излюбленной 5,010635 5,010635
согласно 3,064725 6,129450
военных 1,966113 1,966113
реальный 0,013423 0,013423
достижения 2,931194 2,931194
предстоящей 4,317488 4,317488
тысячи 0,068993 0,068993
ушел 2,708050 2,708050
родов 4,317488 4,317488
возрасте 3,064725 3,064725
избегать 3,401197 3,401197
браке 4,317488 4,317488
первое 2,612740 2,612740
возмутился 5,010635 10,021271
предрек 0,076161 0,076161
саудовская 4,317488 4,317488
кафе 4,317488 4,317488
вангелией 5,010635 5,010635
текущем 3,624341 3,624341
фронте 3,218876 3,218876
выпускать 3,912023 3,912023
заявили 0,076161 0,076161
встречи 2,525729 2,525729
предсказаниям 5,010635 10,021271
родители 4,317488 4,317488
видеть 0,013423 0,053692
брала 5,010635 5,010635
навещавшие 5,010635 5,010635
семье 2,931194 2,931194
порошенко 4,317488 4,317488
второй 2,066196 2,066196
перемирии 0,076161 0,076161
ясновидящую 5,010635 5,010635
кгб 3,401197 3,401197
новые 0,000000 0,000000
предупреждениями 5,010635 5,010635
ответила 3,064725 3,064725
страхом 4,317488 4,317488
эпоху 4,317488 4,317488
жуткие 3,912023 7,824046
получили 2,813411 2,813411
благая 5,010635 5,010635
население 3,912023 3,912023
добро 0,013423 0,013423
центральное 4,317488 4,317488
выражаете 0,047791 0,047791
политики 2,525729 2,525729
менее 2,014903 2,014903
выдают 5,010635 5,010635
помощью 0,047791 0,095581
официанты 3,912023 3,912023
рейн 5,010635 5,010635
апокалипсис 5,010635 10,021271
конфликт 3,218876 3,218876
соответствует 3,912023 3,912023
добра 0,013423 0,026846
терактов 4,317488 4,317488
систематического 5,010635 5,010635
должны 2,066196 2,066196
истина 5,010635 10,021271
словам 1,272966 6,364828
британской 5,010635 5,010635
царь 5,010635 5,010635
сталина 3,912023 3,912023
секретаря 3,912023 3,912023
пламенем 5,010635 5,010635
вплоть 3,624341 3,624341
конфликтах 5,010635 5,010635
экс 2,066196 2,066196
оценивайте 0,047791 0,047791
х 2,177422 4,354844
китай 3,401197 6,802395
усиливается 5,010635 5,010635
аварию 5,010635 5,010635
приближаемся 5,010635 5,010635
мир 0,000000 0,000000
тиражировать 5,010635 5,010635
сообщается 3,218876 3,218876
мифов 5,010635 10,021271
означает 4,317488 4,317488
конкретных 3,912023 3,912023
неопределенности 5,010635 5,010635
погружайтесь 0,047791 0,047791
прожила 5,010635 5,010635
метров 3,064725 3,064725
бывший 0,000000 0,000000
замужем 5,010635 5,010635
время 0,762140 5,334980
конец 2,612740 5,225480
накапливайте 0,047791 0,047791
запоминает 5,010635 5,010635
вызывали 4,317488 4,317488
говоря 2,708050 2,708050
желтой 4,317488 4,317488
ооо 0,000000 0,000000
деактивирована 0,013423 0,013423
отдыхает 5,010635 5,010635
биография 3,401197 3,401197
конкретно 3,912023 3,912023
веселый 5,010635 5,010635
существование 3,218876 3,218876
математических 5,010635 5,010635
структуры 0,000000 0,000000
кризиса 3,912023 3,912023
вторжении 5,010635 5,010635
город 2,445686 2,445686
народов 3,912023 3,912023
хочешь 0,013423 0,013423
честно 3,401197 3,401197
пляжных 0,097980 0,097980
клиентам 5,010635 5,010635
физико 5,010635 5,010635
обычную 0,013423 0,013423
следующего 5,010635 5,010635
пошла 2,813411 2,813411
отец 2,177422 2,177422
внешность 0,097980 0,097980
обращает 3,912023 3,912023
научный 3,624341 3,624341
высмеивали 5,010635 5,010635
научные 5,010635 5,010635
популярной 3,912023 3,912023
публикаций 5,010635 5,010635
активнее 5,010635 5,010635
скорую 5,010635 5,010635
зарубежные 3,912023 3,912023
политиками 5,010635 5,010635
тиражируемые 5,010635 5,010635
галереи 0,000000 0,000000
ключевой 4,317488 4,317488
хотя 2,445686 7,337058
димитр 5,010635 10,021271
чернобыльской 5,010635 5,010635
девочка 3,401197 6,802395
засухи 5,010635 5,010635
подробностями 3,912023 3,912023
опубликовавшая 5,010635 5,010635
рассказывалось 5,010635 5,010635
дональд 2,238047 2,238047
девочки 3,912023 3,912023
лежала 5,010635 5,010635
вангой 5,010635 5,010635
заголовком 4,317488 4,317488
ослепла 5,010635 5,010635
струмица 5,010635 5,010635
редакциярекламаконтактыпресс 0,000000 0,000000
люди 1,966113 7,864451
всем 1,966113 1,966113
видео 0,000000 0,000000
стихийные 5,010635 5,010635
утверждалось 5,010635 10,021271
аномальную 5,010635 5,010635
геннадий 3,912023 3,912023
помощи 2,302585 2,302585
придавленная 5,010635 5,010635
лишь 2,238047 2,238047
болгарские 5,010635 10,021271
странах 3,401197 6,802395
англоязычных 5,010635 5,010635
мои 3,624341 3,624341
приведенных 4,317488 4,317488
кажется 3,218876 6,437752
долларов 2,708050 2,708050
говорится 3,064725 3,064725
леонида 5,010635 5,010635
экономическую 5,010635 5,010635
борис 3,401197 3,401197
геополитический 4,317488 4,317488
академик 5,010635 5,010635
помимо 2,813411 5,626821
бехтереву 5,010635 5,010635
середине 3,218876 3,218876
иллюзий 5,010635 5,010635
лишают 5,010635 5,010635
гадалкам 5,010635 5,010635
среда 0,000000 0,000000
калифорнии 3,912023 3,912023
ужаса 5,010635 5,010635
живем 4,317488 4,317488
восхитились 3,624341 3,624341
пользуются 4,317488 4,317488
среди 1,714798 5,144395
скидки 0,047791 0,047791
людям 3,401197 3,401197
несла 4,317488 4,317488
утверждает 2,931194 2,931194
приписали 5,010635 5,010635
эксклюзивы 0,000000 0,000000
придумали 3,218876 6,437752
девушке 4,317488 4,317488
выражайте 0,047791 0,047791
людях 5,010635 5,010635
гостиниц 4,317488 4,317488
собкором 5,010635 5,010635
опасаясь 4,317488 4,317488
отмечалось 4,317488 4,317488
атаки 2,177422 2,177422
угрозы 3,912023 3,912023
цветы 4,317488 4,317488
конфликте 0,076161 0,152323
анатолий 3,401197 3,401197
смерть 2,612740 2,612740
позже 1,919593 1,919593
продолжая 0,047791 0,047791
находят 4,317488 4,317488
конфликта 1,919593 1,919593
эта 2,120264 2,120264
должен 2,371578 2,371578
деньги 2,014903 2,014903
которое 2,371578 2,371578
конфиденциальностиправила 0,000000 0,000000
которой 2,120264 4,240527
фонтана 5,010635 5,010635
болгарская 5,010635 20,042541
политикой 0,047791 0,047791
северной 3,912023 3,912023
конфликты 4,317488 4,317488
котором 2,238047 2,238047
отметил 1,791759 1,791759
связана 3,064725 3,064725
сомнениям 5,010635 5,010635
скорое 4,317488 4,317488
ванга 5,010635 110,233976
работать 2,120264 2,120264
писателей 5,010635 5,010635
приведенному 5,010635 5,010635
десятки 2,931194 2,931194
возможно 2,813411 2,813411
смерти 2,445686 2,445686
дональда 2,177422 2,177422
пьянства 5,010635 5,010635
гостями 5,010635 5,010635
результате 2,238047 8,952186
большинстве 4,317488 4,317488
проявляется 4,317488 4,317488
подвергались 5,010635 5,010635
это 0,020203 0,121216
станет 2,708050 8,124151
искренне 4,317488 4,317488
живы 3,912023 7,824046
распространять 4,317488 4,317488
медведева 3,401197 3,401197
случится 5,010635 5,010635
этих 2,371578 2,371578
назвала 2,931194 2,931194
две 0,033902 0,033902
момента 2,931194 2,931194
ядерную 5,010635 5,010635
новость 3,401197 3,401197
надеюсь 5,010635 5,010635
социалистического 4,317488 4,317488
придуманы 4,317488 4,317488
назвали 2,238047 2,238047
детей 2,177422 2,177422
бориса 3,401197 3,401197
ванги 3,064725 82,747579
ванге 5,010635 35,074447
вангу 5,010635 15,031906
ландшафт 5,010635 5,010635
сентября 2,708050 5,416100
видеохостинге 5,010635 5,010635
новости 0,000000 0,000000
верующих 5,010635 5,010635
войти 0,000000 0,000000
просмотров 5,010635 5,010635
мачеха 5,010635 5,010635
вышла 2,371578 2,371578
отключены 1,576648 1,576648
снимают 5,010635 5,010635
медитации 0,076161 0,076161
судьбе 4,317488 4,317488
северную 4,317488 4,317488
увидела 3,401197 10,203592
печени 5,010635 5,010635
ошибалась 5,010635 5,010635
общении 5,010635 5,010635
уход 0,076161 0,076161
принадлежать 5,010635 5,010635
пророчеств 5,010635 20,042541
радиофактчекинг 3,218876 3,218876
муж 3,624341 3,624341
музей 3,624341 3,624341
обсуждали 3,064725 3,064725
югославии 5,010635 5,010635
укрепляет 4,317488 4,317488
предсказаниями 5,010635 5,010635
говорят 2,371578 2,371578
затем 1,875141 3,750282
спецпроекты 0,000000 0,000000
уверен 2,612740 5,225480
феврале 2,525729 2,525729
миллиарды 4,317488 8,634976
задают 4,317488 4,317488
путин 1,203973 3,611918
тайваня 5,010635 5,010635
воюющие 5,010635 5,010635
придают 5,010635 5,010635
игры 0,000000 0,000000
техника 0,000000 0,000000
обрести 5,010635 5,010635
трампа 0,054808 0,109616
мнению 2,302585 2,302585
события 2,612740 7,838220
славу 3,912023 3,912023
германии 2,177422 2,177422
женился 3,912023 3,912023
сверхъестественные 5,010635 10,021271
самых 1,609438 1,609438
предвидела 5,010635 5,010635
британская 5,010635 5,010635
отвел 0,076161 0,076161
происходит 2,014903 2,014903
приписывать 5,010635 5,010635
иностранными 3,912023 3,912023
марта 0,040822 0,040822
сверхъестественных 5,010635 5,010635
имя 2,708050 8,124151
покойники 5,010635 5,010635
конечном 3,912023 3,912023
властелином 5,010635 5,010635
актрису 5,010635 5,010635
прошлого 2,813411 2,813411
большим 2,931194 2,931194
потеряла 3,624341 7,248682
греческого 5,010635 5,010635
ребенка 3,624341 3,624341
срок 2,612740 2,612740
личность 3,912023 3,912023
реакций 0,047791 0,047791
говорившую 5,010635 5,010635
продолжающегося 5,010635 5,010635
песок 5,010635 5,010635
большие 2,813411 2,813411
реакции 0,047791 0,047791
отставали 5,010635 5,010635
событий 2,708050 5,416100
массово 2,371578 2,371578
следовало 3,912023 3,912023
событие 5,010635 5,010635
испытания 3,624341 3,624341
пользователи 3,401197 3,401197
задавали 5,010635 5,010635
вечером 3,064725 3,064725
одному 3,912023 3,912023
вызовет 5,010635 5,010635
вспомните 5,010635 5,010635
господарем 5,010635 5,010635
гуштеров 5,010635 5,010635
пишут 4,317488 4,317488
зеленского 0,068993 0,068993
узнавала 5,010635 5,010635
комментаторы 5,010635 5,010635
обрела 4,317488 4,317488
лента 0,000000 0,000000
виолетты 5,010635 5,010635
зарубежной 3,401197 3,401197
ряд 2,813411 2,813411
скончалась 5,010635 10,021271
порох 5,010635 5,010635
пришельцами 3,064725 3,064725
темой 3,912023 3,912023
реннер 5,010635 10,021271
перемены 4,317488 4,317488
жми 0,013423 0,013423
проверим 4,317488 4,317488
приехал 2,612740 2,612740
появились 1,875141 1,875141
ленту 0,013423 0,013423
сами 3,064725 6,129450
бурные 5,010635 5,010635
затопленного 0,076161 0,076161
пожарные 5,010635 5,010635
умершие 5,010635 5,010635
ленты 1,678431 1,678431
сама 2,813411 5,626821
господарь 5,010635 5,010635
передо 3,401197 6,802395
некоторое 3,218876 3,218876
пресс 2,708050 2,708050
россии 0,425668 2,128339
применения 0,000000 0,000000
очереди 3,912023 3,912023
способностях 5,010635 5,010635
ценности 0,000000 0,000000
подлодкой 5,010635 5,010635
душа 5,010635 5,010635
прогноз 4,317488 4,317488
собирали 3,912023 3,912023
материалам 0,047791 0,047791
известно 1,297063 1,297063
живым 4,317488 4,317488
забился 5,010635 5,010635
сайте 3,401197 10,203592
вернуться 0,013423 0,013423
больной 5,010635 5,010635
ваши 0,047791 0,047791
западе 2,612740 5,225480
материалах 5,010635 5,010635
запада 2,708050 2,708050
откуда 3,064725 3,064725
пары 3,912023 3,912023
январе 2,813411 2,813411
певица 3,912023 3,912023
конце 2,525729 2,525729
узнать 3,624341 7,248682
которую 2,708050 2,708050
россия 0,000000 0,000000
го 2,302585 2,302585
россию 1,609438 3,218876
искусственного 3,401197 3,401197
лидере 5,010635 5,010635
услышу 5,010635 5,010635
свой 2,177422 2,177422
вопросы 2,120264 4,240527
виктор 3,912023 3,912023
судов 4,317488 4,317488
свои 0,027029 0,054057
переживет 5,010635 5,010635
предсказывала 5,010635 5,010635
свое 2,525729 2,525729
концу 4,317488 4,317488
континента 5,010635 5,010635
говорила 3,912023 3,912023
оружия 2,813411 2,813411
ясновидящей 5,010635 65,138259
ногин 5,010635 5,010635
злоупотреблял 4,317488 4,317488
альбом 3,912023 3,912023
лидером 2,813411 2,813411
формировать 3,912023 3,912023
уволит 0,076161 0,076161
культ 4,317488 4,317488
коснулся 5,010635 5,010635
американский 0,061875 0,061875
использовали 3,912023 3,912023
нагнетании 5,010635 5,010635
скончался 5,010635 10,021271
зеленский 1,714798 1,714798
другом 2,931194 2,931194
вождя 5,010635 5,010635
континент 5,010635 5,010635
популярность 3,064725 3,064725
духи 4,317488 4,317488
подлодки 5,010635 10,021271
общемировой 5,010635 5,010635
имеется 3,912023 3,912023
плохие 5,010635 5,010635
психологических 4,317488 4,317488
подпишут 5,010635 5,010635
регулярно 3,218876 3,218876
зеленским 0,076161 0,076161
писала 4,317488 4,317488
словами 2,708050 5,416100
гранта 5,010635 5,010635
двум 0,076161 0,076161
вызвала 0,097980 0,097980
останется 5,010635 5,010635
неиссякаема 5,010635 5,010635
которому 2,813411 2,813411
человечества 4,317488 4,317488
психолог 3,401197 6,802395
человечество 5,010635 5,010635
ею 5,010635 5,010635
мрачное 5,010635 5,010635
сотворили 5,010635 5,010635
контроля 2,371578 2,371578
запишем 5,010635 5,010635
вызвало 3,912023 3,912023
комсомольская 4,317488 4,317488
передавали 4,317488 4,317488
александровакадемик 5,010635 5,010635
наук 3,401197 3,401197
газетой 3,912023 3,912023
прогресс 0,097980 0,097980
предсказывает 5,010635 5,010635
дом 2,014903 2,014903
слухам 5,010635 10,021271
позиции 2,302585 2,302585
ясновидящих 5,010635 5,010635
форме 0,061875 0,061875
подробнее 3,624341 3,624341
пользователей 3,218876 3,218876
троллями 5,010635 5,010635
силовые 0,000000 0,000000
несмотря 2,120264 2,120264
роликов 5,010635 5,010635
строев 5,010635 15,031906
западные 3,218876 9,656627
тысяч 1,427116 2,854233
дня 0,061875 0,061875
популярности 3,624341 3,624341
передавала 5,010635 5,010635
предварительную 5,010635 5,010635
утверждается 4,317488 4,317488
ии 3,624341 14,497364
дискуссии 5,010635 5,010635
естественных 5,010635 5,010635
сотрудников 0,076161 0,076161
триумфы 5,010635 5,010635
беспорядки 5,010635 5,010635
опубликованном 5,010635 5,010635
комментарии 1,484275 1,484275
публикуют 4,317488 4,317488
домой 2,612740 2,612740
повышение 4,317488 4,317488
начались 0,068993 0,068993
тема 3,401197 3,401197
нам 2,525729 2,525729
побывал 3,912023 3,912023
восточным 5,010635 5,010635
мальчика 3,912023 3,912023
сих 2,302585 2,302585
охваченных 5,010635 5,010635
великобритании 2,813411 2,813411
рекомендательных 0,000000 0,000000
негативу 5,010635 10,021271
управления 2,931194 2,931194
пророчествам 5,010635 5,010635
приводится 5,010635 5,010635
заинтересовался 5,010635 5,010635
грузовых 5,010635 5,010635
сбывшемся 5,010635 5,010635
достояние 5,010635 5,010635
пророчествах 5,010635 5,010635
выживет 3,912023 3,912023
стоять 3,912023 3,912023
изучавший 5,010635 5,010635
рабство 5,010635 5,010635
приписывают 5,010635 5,010635
глазах 2,931194 5,862388
потекли 5,010635 5,010635
вызывает 3,624341 3,624341
индийская 3,912023 3,912023
объекты 3,624341 3,624341
искусстве 3,912023 3,912023
опровергнуть 5,010635 5,010635
забота 0,000000 0,000000
является 1,966113 3,932226
аллу 5,010635 5,010635
пожаловать 0,013423 0,013423
могущественным 5,010635 5,010635
которые 1,181994 9,455951
дипломатами 5,010635 5,010635
блокаду 5,010635 5,010635
который 1,272966 5,091863
наталью 5,010635 5,010635
инфраструктуры 2,445686 2,445686
нейрофизиолога 5,010635 5,010635
которым 2,708050 2,708050
кумира 5,010635 5,010635
сбылось 5,010635 10,021271
например 1,791759 3,583519
множеством 4,317488 4,317488
выдумкой 5,010635 5,010635
победа 0,000000 0,000000
искусства 4,317488 4,317488
запрещенная 4,317488 4,317488
воспитывать 5,010635 5,010635
привести 2,708050 2,708050
местную 4,317488 4,317488
говорилось 3,624341 3,624341
политические 5,010635 5,010635
президент 1,347074 4,041221
опечатку 0,000000 0,000000
болгарскую 5,010635 5,010635
сми 0,000000 0,000000
доктор 3,624341 3,624341
союз 3,401197 3,401197
арене 4,317488 4,317488
несколько 1,347074 2,694147
стран 2,302585 2,302585
озвучивала 5,010635 5,010635
место 0,054808 0,054808
свет 3,401197 3,401197
мс 0,097980 0,097980
начали 1,427116 2,854233
сегодняшнее 5,010635 5,010635
давали 2,813411 2,813411
предсказаний 5,010635 15,031906
действительно 2,612740 5,225480
матерью 3,624341 3,624341
предсказание 5,010635 15,031906
слушать 3,912023 3,912023
болгарской 5,010635 25,053176
задним 4,317488 4,317488
переживали 4,317488 4,317488
ученые 2,813411 2,813411
демидову 5,010635 5,010635
таксисты 5,010635 5,010635
блогерши 4,317488 4,317488
сирт 5,010635 5,010635
легендарной 3,624341 3,624341
великая 3,064725 6,129450
мыслями 5,010635 5,010635
гибель 5,010635 5,010635
терактах 5,010635 5,010635
достопримечательность 5,010635 5,010635
гибели 4,317488 4,317488
взбудоражили 3,064725 3,064725
места 3,218876 3,218876
тенденции 5,010635 5,010635
владимир 1,373049 2,746098
местной 3,912023 3,912023
влияние 2,371578 2,371578
годы 2,302585 2,302585
возмутились 3,064725 3,064725
произойдет 3,912023 7,824046
мужчина 2,371578 2,371578
году 1,373049 19,222688
правды 0,068993 0,068993
гостелерадио 5,010635 5,010635
используя 3,401197 3,401197
сотни 2,066196 4,132393
годах 2,931194 2,931194
внимание 2,302585 4,605170
личная 3,912023 3,912023
городе 0,061875 0,123751
уровня 3,401197 6,802395
возможность 2,066196 2,066196
пресса 3,624341 3,624341
года 0,899761 10,797137
правда 2,014903 2,014903
прессе 4,317488 4,317488
успехи 3,912023 3,912023
желавших 5,010635 5,010635
сведения 4,317488 8,634976
пустым 5,010635 5,010635
информацию 2,612740 5,225480
усилить 4,317488 4,317488
дианы 4,317488 8,634976
ясновидящая 5,010635 55,116988
выяснилось 2,371578 2,371578
книги 3,912023 3,912023
прессы 5,010635 10,021271
наука 0,000000 0,000000
касается 3,218876 3,218876
науке 5,010635 5,010635
якобы 2,813411 8,440232
науки 4,317488 4,317488
