зеленского 0,068993 0,068993
перемирии 0,076161 0,076161
ру 0,000000 0,000000
банк 0,076161 0,076161
лента 0,000000 0,000000
спутников 3,912023 3,912023
мотоцикле 5,010635 5,010635
новые 0,000000 0,000000
одиноких 4,317488 4,317488
спорт 0,000000 0,000000
споры 0,097980 0,097980
согласие 0,047791 0,047791
добро 0,013423 0,013423
военной 0,061875 0,061875
индиец 5,010635 5,010635
выражаете 0,047791 0,047791
четыре 0,040822 0,040822
жми 0,013423 0,013423
помощью 0,047791 0,047791
добра 0,013423 0,026846
израильтянкой 5,010635 5,010635
франции 3,624341 3,624341
те 1,919593 1,919593
ленту 0,013423 0,013423
затопленного 0,076161 0,076161
венкатесана 5,010635 5,010635
фото 0,061875 0,123751
женщин 2,302585 2,302585
водой 0,061875 0,061875
звезды 2,371578 2,371578
применения 0,000000 0,000000
европейской 4,317488 4,317488
технологиймини 0,000000 0,000000
задержали 2,302585 2,302585
оценивайте 0,047791 0,047791
обитания 0,000000 0,000000
какие 1,875141 1,875141
ценности 0,000000 0,000000
правах 5,010635 5,010635
женщина 2,813411 2,813411
насилие 3,401197 3,401197
материалам 0,047791 0,047791
венкатесан 5,010635 5,010635
конфиденциальности 0,047791 0,047791
мужчин 2,371578 2,371578
вернуться 0,013423 0,013423
мир 0,000000 0,000000
ваши 0,047791 0,047791
спасли 3,401197 3,401197
российским 0,076161 0,076161
гида 5,010635 5,010635
нажмите 0,000000 0,000000
изнасилование 4,317488 4,317488
гиривалам 5,010635 5,010635
получайте 0,047791 0,047791
жительницей 5,010635 5,010635
женщину 3,912023 3,912023
январе 2,813411 2,813411
погружайтесь 0,047791 0,047791
заставило 5,010635 5,010635
бывший 0,000000 0,000000
проблемы 0,076161 0,076161
тропе 5,010635 5,010635
накапливайте 0,047791 0,047791
интернет 0,000000 0,000000
россия 0,000000 0,000000
ооо 0,000000 0,000000
обратился 0,076161 0,076161
смотреть 2,813411 2,813411
деактивирована 0,013423 0,013423
рассказали 1,919593 1,919593
путешествия 0,000000 0,000000
ашрамам 5,010635 5,010635
данным 2,014903 2,014903
свои 0,027029 0,027029
структуры 0,000000 0,000000
индии 0,076161 0,380807
гид 0,076161 0,228484
хочешь 0,013423 0,013423
нашли 0,000000 0,000000
пляжных 0,097980 0,097980
уволит 0,076161 0,076161
дома 0,061875 0,061875
американский 0,061875 0,061875
изнасиловали 5,010635 5,010635
обычную 0,013423 0,013423
пола 0,097980 0,097980
популярном 2,931194 2,931194
внешность 0,097980 0,097980
сначала 2,445686 2,445686
аруначалешвара 5,010635 5,010635
индийском 5,010635 5,010635
полиции 2,445686 2,445686
украинском 0,076161 0,076161
света 0,054808 0,054808
паломничества 4,317488 8,634976
пострадавшую 5,010635 5,010635
всероссиямирсобытияпроисшествиямнения 3,401197 3,401197
галереи 0,000000 0,000000
белоусов 0,076161 0,076161
эмоции 0,047791 0,047791
зеленским 0,076161 0,076161
условиями 0,040822 0,081644
двум 0,076161 0,076161
прицелом 4,317488 4,317488
отвезла 5,010635 5,010635
вызвала 0,097980 0,097980
подробностями 3,912023 3,912023
сети 0,090654 0,090654
военнослужащим 0,076161 0,076161
сексуальное 4,317488 4,317488
произошел 3,912023 3,912023
читайте 0,040822 0,040822
полиция 2,931194 2,931194
отдыхавшую 5,010635 5,010635
черненко 5,010635 5,010635
поиски 4,317488 4,317488
байконур 0,097980 0,097980
редакциярекламаконтактыпресс 0,000000 0,000000
всемирного 5,010635 5,010635
путешественницей 5,010635 5,010635
летнюю 3,401197 3,401197
материалы 0,000000 0,000000
раскрывается 4,317488 4,317488
видео 0,000000 0,000000
депутат 0,076161 0,076161
предложил 3,218876 3,218876
арестовать 5,010635 5,010635
прогресс 0,097980 0,097980
громкий 5,010635 5,010635
аруначала 5,010635 5,010635
статьи 0,000000 0,000000
надругательстве 5,010635 5,010635
больницу 3,401197 3,401197
форме 0,061875 0,061875
сообщила 3,912023 3,912023
поделилось 5,010635 5,010635
последние 0,090654 0,090654
консульство 5,010635 5,010635
предрекли 0,076161 0,076161
культура 0,000000 0,000000
обсудить 0,456758 0,456758
происшествия 3,064725 3,064725
прохожие 5,010635 5,010635
силовые 0,000000 0,000000
архив 0,000000 0,000000
путешествиях 3,624341 3,624341
среду 2,931194 2,931194
дня 0,061875 0,061875
заявить 4,317488 4,317488
сша 0,040822 0,040822
медицинского 5,010635 5,010635
сбросили 4,317488 4,317488
храма 3,912023 3,912023
удалось 1,714798 1,714798
среда 0,000000 0,000000
приведет 2,525729 2,525729
целями 4,317488 4,317488
раскрытии 0,076161 0,076161
скидки 0,047791 0,047791
сотрудников 0,076161 0,076161
объекта 4,317488 4,317488
идентифицировать 5,010635 5,010635
эксклюзивы 0,000000 0,000000
российском 0,076161 0,076161
поджидают 5,010635 5,010635
выражайте 0,047791 0,047791
теме 1,514128 1,514128
начались 0,068993 0,068993
возле 3,912023 3,912023
алина 3,624341 3,624341
летней 2,708050 2,708050
рекомендательных 0,000000 0,000000
около 1,678431 1,678431
конфликте 0,076161 0,076161
позже 1,919593 1,919593
продолжая 0,047791 0,047791
работает 0,040822 0,040822
различным 4,317488 4,317488
увлекательные 0,047791 0,047791
местная 3,912023 3,912023
опасности 2,813411 2,813411
юнеско 5,010635 5,010635
переговоры 0,054808 0,054808
конфиденциальностиправила 0,000000 0,000000
бонусы 0,047791 0,095581
которой 2,120264 2,120264
политикой 0,047791 0,047791
наследия 5,010635 5,010635
маккартни 0,097980 0,097980
жильцы 0,076161 0,076161
спасению 5,010635 5,010635
водившим 5,010635 5,010635
жизни 0,000000 0,000000
забота 0,000000 0,000000
сбер 0,040822 0,040822
пожаловать 0,013423 0,013423
использованияполитика 0,000000 0,000000
француженкой 5,010635 5,010635
гидом 5,010635 5,010635
крупный 0,068993 0,068993
регионам 0,076161 0,076161
израильскую 5,010635 5,010635
крупным 0,076161 0,076161
россиянок 2,302585 2,302585
которого 1,875141 1,875141
это 0,020203 0,060608
туристку 0,076161 0,380807
победа 0,000000 0,000000
карнатака 5,010635 5,010635
туристки 4,317488 4,317488
обследования 5,010635 5,010635
остались 0,061875 0,061875
произошедшем 5,010635 5,010635
две 0,033902 0,033902
религиозными 5,010635 5,010635
туристка 4,317488 4,317488
мотор 0,000000 0,000000
случай 2,931194 2,931194
помедитировать 5,010635 5,010635
обменивайте 0,047791 0,047791
опечатку 0,000000 0,000000
сми 0,000000 0,000000
туристке 5,010635 5,010635
уверил 5,010635 5,010635
всколыхнуло 5,010635 5,010635
рады 0,068993 0,068993
напали 4,317488 4,317488
шедшие 5,010635 5,010635
сентября 2,708050 2,708050
штате 4,317488 4,317488
новости 0,000000 0,000000
войти 0,000000 0,000000
место 0,054808 0,164425
акции 0,047791 0,047791
хорошие 0,013423 0,013423
мс 0,097980 0,097980
преступники 4,317488 4,317488
начале 2,177422 2,177422
медитации 0,076161 0,228484
истории 1,966113 1,966113
начала 1,832581 1,832581
уединенном 5,010635 5,010635
экономика 0,000000 0,000000
канал 2,813411 2,813411
уход 0,076161 0,076161
познакомилась 5,010635 5,010635
грабежа 5,010635 5,010635
изнасилования 5,010635 10,021271
жестоко 4,317488 4,317488
совершил 3,912023 3,912023
прибыл 0,083382 0,083382
холмах 5,010635 5,010635
вскоре 2,302585 2,302585
затем 1,875141 1,875141
спецпроекты 0,000000 0,000000
подозреваемого 3,912023 3,912023
шли 3,401197 3,401197
местной 3,912023 3,912023
действие 3,912023 3,912023
согласно 3,064725 3,064725
реальный 0,013423 0,013423
игры 0,000000 0,000000
месте 2,371578 4,743156
техника 0,000000 0,000000
ссср 0,000000 0,000000
услышавшие 5,010635 5,010635
арестовали 3,401197 3,401197
правды 0,068993 0,068993
трампа 0,054808 0,054808
тысячи 0,068993 0,068993
тируваннамалай 5,010635 10,021271
отвел 0,076161 0,228484
предрек 0,076161 0,076161
марта 0,040822 0,163288
городе 0,061875 0,185626
имя 2,708050 2,708050
общество 2,612740 2,612740
главное 0,000000 0,000000
мужем 5,010635 5,010635
надругались 5,010635 5,010635
реакций 0,047791 0,047791
летнего 0,097980 0,195961
издание 2,445686 2,445686
заявили 0,076161 0,076161
реакции 0,047791 0,047791
мини 0,000000 0,000000
местам 3,912023 3,912023
видеть 0,013423 0,013423
расследования 3,912023 3,912023
изнасиловал 0,076161 0,228484
приехавшей 5,010635 5,010635
наука 0,000000 0,000000
частного 4,317488 4,317488
крики 5,010635 5,010635
обвиняют 2,813411 2,813411
