перемирии 0,076161 0,076161
иностранных 2,371578 2,371578
ру 0,000000 0,000000
банк 0,076161 0,076161
рф 1,514128 3,028255
энергоинфраструктуре 5,010635 5,010635
новые 0,000000 0,000000
перевалку 5,010635 5,010635
перевалки 4,317488 4,317488
согласие 0,047791 0,047791
добро 0,013423 0,013423
выражаете 0,047791 0,047791
удар 2,612740 5,225480
помощью 0,047791 0,047791
упавший 5,010635 5,010635
подчеркнул 2,525729 2,525729
возможное 3,064725 3,064725
добра 0,013423 0,026846
секретарь 3,218876 3,218876
словам 1,272966 1,272966
вашингтона 2,813411 2,813411
фото 0,061875 0,247502
пункт 3,218876 3,218876
силы 2,177422 6,532266
политика 1,576648 1,576648
живой 3,624341 3,624341
григоров 5,010635 5,010635
придерживаются 4,317488 4,317488
данного 3,912023 3,912023
водой 0,061875 0,061875
технологиймини 0,000000 0,000000
оценивайте 0,047791 0,047791
область 2,238047 2,238047
удары 2,931194 5,862388
страха 3,064725 3,064725
панцирь 5,010635 5,010635
нефтетранспортной 5,010635 5,010635
конфиденциальности 0,047791 0,047791
белгородскую 2,612740 2,612740
мир 0,000000 0,000000
связи 2,120264 2,120264
весь 1,966113 1,966113
продолжает 3,401197 3,401197
летательные 5,010635 5,010635
срыв 4,317488 8,634976
нажмите 0,000000 0,000000
главой 3,912023 3,912023
получайте 0,047791 0,047791
провокации 3,218876 3,218876
погружайтесь 0,047791 0,047791
метров 3,064725 3,064725
бывший 0,000000 0,000000
время 0,762140 1,524280
проблемы 0,076161 0,076161
накапливайте 0,047791 0,047791
телефонного 2,066196 6,198589
ооо 0,000000 0,000000
деактивирована 0,013423 0,013423
путешествия 0,000000 0,000000
отдела 0,579818 0,579818
данный 3,064725 9,194175
провокация 2,708050 2,708050
дневном 4,317488 4,317488
провокацию 4,317488 4,317488
также 0,762140 1,524280
структуры 0,000000 0,000000
параллельмоя 2,177422 2,177422
индии 0,076161 0,076161
хочешь 0,013423 0,013423
нашли 0,000000 0,000000
пляжных 0,097980 0,097980
дмитрий 2,371578 2,371578
обычную 0,013423 0,013423
украине 1,139434 2,278869
внешность 0,097980 0,097980
территорию 2,612740 2,612740
украинском 0,076161 0,076161
света 0,054808 0,054808
украины 1,021651 6,129907
галереи 0,000000 0,000000
кубани 3,064725 9,194175
мирных 2,525729 5,051457
белоусов 0,076161 0,076161
однако 1,249435 1,249435
прислушается 5,010635 5,010635
условиями 0,040822 0,081644
ждал 3,064725 3,064725
мирные 4,317488 4,317488
минобороны 1,966113 7,864451
квадратных 3,912023 3,912023
усилиями 3,912023 3,912023
читайте 0,040822 0,040822
кремле 2,708050 2,708050
киева 2,612740 2,612740
краснодарского 5,010635 5,010635
повреждений 5,010635 5,010635
байконур 0,097980 0,097980
редакциярекламаконтактыпресс 0,000000 0,000000
сторону 2,708050 5,416100
видео 0,000000 0,000000
вызвал 5,010635 5,010635
несвязанным 5,010635 5,010635
кропоткинская 5,010635 5,010635
предложением 4,317488 4,317488
трампом 2,525729 2,525729
помощи 2,302585 2,302585
путина 1,514128 9,084766
одного 2,177422 2,177422
последние 0,090654 0,090654
предрекли 0,076161 0,076161
момент 1,714798 3,429597
обсудить 0,456758 0,456758
владимира 2,445686 2,445686
архив 0,000000 0,000000
среду 2,931194 2,931194
специально 3,401197 3,401197
сша 0,040822 0,081644
лидер 1,919593 1,919593
уточнили 3,912023 3,912023
среда 0,000000 0,000000
нефтебазы 5,010635 5,010635
раскрытии 0,076161 0,076161
скидки 0,047791 0,047791
российское 3,401197 3,401197
эксклюзивы 0,000000 0,000000
российском 0,076161 0,152323
выражайте 0,047791 0,047791
пояснил 2,931194 2,931194
атака 3,064725 6,129450
российской 2,014903 2,014903
нефтебазу 4,317488 4,317488
атаки 2,177422 2,177422
конфликте 0,076161 0,076161
соответствующего 5,010635 5,010635
продолжая 0,047791 0,047791
нефтебазе 3,064725 9,194175
железнодорожных 5,010635 5,010635
провели 2,066196 2,066196
подобные 2,931194 2,931194
энергетики 2,445686 4,891372
конфиденциальностиправила 0,000000 0,000000
бонусы 0,047791 0,095581
москвы 1,832581 3,665163
исключить 4,317488 4,317488
политикой 0,047791 0,047791
отменял 5,010635 5,010635
команду 2,708050 2,708050
жильцы 0,076161 0,076161
систему 2,708050 2,708050
армия 2,708050 2,708050
жизни 0,000000 0,000000
бить 2,931194 5,862388
станцию 3,912023 3,912023
трубопроводную 5,010635 5,010635
нефти 4,317488 8,634976
пожар 5,010635 5,010635
результате 2,238047 6,714140
сообщает 2,120264 2,120264
огонь 3,401197 3,401197
туристку 0,076161 0,076161
это 0,020203 0,060608
украинские 2,525729 2,525729
энергетической 2,445686 4,891372
объектам 2,525729 12,628643
этим 2,302585 2,302585
аналогичного 4,317488 4,317488
русло 3,912023 3,912023
две 0,033902 0,033902
мотор 0,000000 0,000000
обменивайте 0,047791 0,047791
оперативной 2,177422 2,177422
понятно 3,401197 3,401197
менять 3,912023 3,912023
цистерн 5,010635 5,010635
новости 0,000000 0,000000
разговора 1,609438 4,828314
войти 0,000000 0,000000
режимом 5,010635 5,010635
хорошие 0,013423 0,013423
оглашенного 5,010635 5,010635
медитации 0,076161 0,076161
боеприпасов 3,624341 3,624341
уничтожили 3,218876 3,218876
действия 2,302585 2,302585
вывели 3,624341 3,624341
дипломатия 2,931194 2,931194
уход 0,076161 0,076161
энергетические 4,317488 4,317488
энергетикой 5,010635 5,010635
выхода 2,525729 2,525729
власти 1,919593 1,919593
ударили 2,931194 5,862388
идут 2,525729 2,525729
наносить 5,010635 5,010635
объект 3,401197 3,401197
прибыл 0,083382 0,083382
спецпроекты 0,000000 0,000000
путин 1,203973 3,611918
подготовленной 5,010635 5,010635
мнения 4,317488 4,317488
истребителя 4,317488 4,317488
игры 0,000000 0,000000
техника 0,000000 0,000000
ссср 0,000000 0,000000
трампа 0,054808 0,274041
техники 2,813411 2,813411
пытается 2,177422 2,177422
каспийский 5,010635 5,010635
отвел 0,076161 0,076161
высшем 2,612740 2,612740
международной 3,218876 3,218876
марта 0,040822 0,163288
главное 0,000000 0,000000
реакций 0,047791 0,047791
летнего 0,097980 0,097980
реакции 0,047791 0,047791
мини 0,000000 0,000000
компании 2,014903 2,014903
реакция 2,612740 2,612740
изнасиловал 0,076161 0,076161
вторгнуться 2,931194 2,931194
согласился 2,612740 2,612740
зеленского 0,068993 0,068993
складам 5,010635 5,010635
добавил 2,445686 2,445686
лента 0,000000 0,000000
урегулированию 2,708050 2,708050
резервуаров 5,010635 5,010635
добавив 5,010635 5,010635
внимательно 3,401197 3,401197
спорт 0,000000 0,000000
края 3,912023 3,912023
споры 0,097980 0,097980
приказа 2,813411 8,440232
военной 0,061875 0,061875
четыре 0,040822 0,040822
жми 0,013423 0,013423
отчитались 4,317488 4,317488
ленту 0,013423 0,013423
трубопроводный 5,010635 5,010635
беспилотники 2,813411 2,813411
затопленного 0,076161 0,076161
стали 1,514128 1,514128
дронов 2,177422 2,177422
аппараты 5,010635 5,010635
пресс 2,708050 2,708050
небе 2,931194 2,931194
россии 0,425668 2,554007
применения 0,000000 0,000000
потушить 5,010635 5,010635
анастасия 3,401197 3,401197
обитания 0,000000 0,000000
ценности 0,000000 0,000000
киевским 5,010635 5,010635
инициатив 3,912023 7,824046
ликвидированы 5,010635 5,010635
произошла 3,912023 3,912023
песков 3,218876 9,656627
вс 2,371578 7,114734
материалам 0,047791 0,047791
российские 1,678431 1,678431
вернуться 0,013423 0,013423
ваши 0,047791 0,047791
российским 0,076161 0,152323
принятых 4,317488 4,317488
станице 4,317488 4,317488
обеспечивает 3,401197 3,401197
российский 1,484275 1,484275
президента 1,455287 4,365862
речь 2,525729 2,525729
боялся 2,931194 2,931194
интернет 0,000000 0,000000
россия 0,000000 0,000000
обратился 0,076161 0,076161
сбили 5,010635 5,010635
объяснило 2,931194 2,931194
пытаются 2,931194 2,931194
свои 0,027029 0,108115
хранения 3,912023 3,912023
американского 2,177422 2,177422
гид 0,076161 0,076161
произошло 2,445686 2,445686
лидером 2,813411 2,813411
уволит 0,076161 0,076161
дома 0,061875 0,061875
направленной 5,010635 5,010635
американский 0,061875 0,061875
пола 0,097980 0,097980
американским 3,064725 3,064725
телефонные 3,064725 3,064725
прекращении 2,238047 4,476093
аэродромов 5,010635 5,010635
вразрез 5,010635 5,010635
сбила 3,064725 3,064725
нанесен 4,317488 4,317488
мирному 4,317488 4,317488
районах 3,401197 3,401197
европа 2,525729 2,525729
российских 1,576648 1,576648
преднамеренной 5,010635 5,010635
числа 3,064725 3,064725
эмоции 0,047791 0,047791
зеленским 0,076161 0,076161
указали 3,064725 6,129450
итоги 2,612740 2,612740
двум 0,076161 0,076161
вызвала 0,097980 0,097980
дрон 3,624341 3,624341
дежурного 4,317488 4,317488
сюжетракетные 5,010635 5,010635
сети 0,090654 0,090654
военнослужащим 0,076161 0,076161
намерению 5,010635 5,010635
атаковали 3,624341 3,624341
отреагировали 2,238047 2,238047
алимпиева 3,912023 3,912023
гавриил 5,010635 5,010635
мирное 2,931194 2,931194
поражение 4,317488 4,317488
скоплениям 5,010635 5,010635
материалы 0,000000 0,000000
нефтеперекачивающую 5,010635 5,010635
зенитного 5,010635 5,010635
российского 1,484275 1,484275
разгерметизация 5,010635 5,010635
депутат 0,076161 0,076161
прогресс 0,097980 0,097980
статьи 0,000000 0,000000
ходе 1,791759 1,791759
форме 0,061875 0,061875
культура 0,000000 0,000000
коллеги 3,064725 3,064725
вкс 5,010635 5,010635
очередной 2,931194 2,931194
силовые 0,000000 0,000000
вернулась 2,445686 2,445686
несмотря 2,120264 4,240527
кавказской 4,317488 4,317488
дня 0,061875 0,061875
направлена 4,317488 4,317488
прекратить 3,064725 3,064725
временном 3,624341 3,624341
наблюдают 3,912023 3,912023
редактор 0,567984 0,567984
сотрудников 0,076161 0,076161
вооруженные 2,708050 5,416100
теме 1,514128 1,514128
объекте 5,010635 5,010635
начались 0,068993 0,068993
комплекса 4,317488 4,317488
рекомендательных 0,000000 0,000000
целей 3,912023 3,912023
сделать 2,371578 2,371578
работает 0,040822 0,040822
сорвать 2,931194 2,931194
увлекательные 0,047791 0,047791
военного 3,401197 3,401197
риа 1,272966 1,272966
оборонном 4,317488 8,634976
инициативы 3,912023 7,824046
имущества 4,317488 4,317488
переговоры 0,054808 0,109616
выпущены 5,010635 5,010635
маккартни 0,097980 0,097980
объекты 3,624341 7,248682
забота 0,000000 0,000000
сбер 0,040822 0,040822
пожаловать 0,013423 0,013423
использованияполитика 0,000000 0,000000
которые 1,181994 1,181994
трамп 1,484275 2,968550
вывод 3,912023 3,912023
дрожит 3,064725 3,064725
планы 2,813411 2,813411
инфраструктуры 2,445686 4,891372
крупный 0,068993 0,068993
идет 2,177422 2,177422
регионам 0,076161 0,076161
крупным 0,076161 0,076161
выпущенные 3,912023 3,912023
семь 2,813411 2,813411
победа 0,000000 0,000000
остались 0,061875 0,061875
сегодня 1,643339 1,643339
страна 1,714798 1,714798
считают 3,064725 3,064725
опечатку 0,000000 0,000000
сми 0,000000 0,000000
наведены 5,010635 5,010635
рады 0,068993 0,068993
ударов 2,302585 2,302585
инфраструктуре 2,445686 2,445686
место 0,054808 0,054808
решений 3,218876 3,218876
акции 0,047791 0,047791
мо 5,010635 5,010635
мс 0,097980 0,097980
ведомстве 2,931194 5,862388
решение 2,302585 4,605170
накануне 2,238047 2,238047
попытки 2,302585 2,302585
экономика 0,000000 0,000000
совершенно 2,813411 2,813411
киев 2,708050 5,416100
решения 2,302585 2,302585
уровне 2,371578 2,371578
полученных 4,317488 4,317488
российская 2,525729 2,525729
военных 1,966113 1,966113
переговоров 1,714798 1,714798
беспилотные 5,010635 5,010635
реальный 0,013423 0,013423
консорциум 5,010635 5,010635
наемников 3,624341 3,624341
всу 1,373049 10,984393
правды 0,068993 0,068993
тысячи 0,068993 0,137986
нанесли 3,401197 3,401197
предрек 0,076161 0,076161
городе 0,061875 0,061875
огня 1,678431 1,678431
эксплуатации 4,317488 4,317488
площади 5,010635 5,010635
информации 1,919593 1,919593
следует 2,302585 2,302585
заявили 0,076161 0,152323
местам 3,912023 3,912023
вся 2,612740 2,612740
дональдом 3,624341 3,624341
видеть 0,013423 0,013423
договорились 2,612740 2,612740
наука 0,000000 0,000000
бпла 2,931194 8,793581
