зеленского 0,068993 0,068993
перемирии 0,076161 0,076161
иностранных 2,371578 4,743156
ру 0,000000 0,000000
банк 0,076161 0,076161
рф 1,514128 1,514128
лента 0,000000 0,000000
исходить 3,624341 3,624341
новые 0,000000 0,000000
спорт 0,000000 0,000000
местный 3,624341 3,624341
заявил 1,098612 2,197225
сферанедвижимостьгородская 1,966113 1,966113
споры 0,097980 0,097980
ситуации 2,014903 4,029806
ведомствами 5,010635 5,010635
согласие 0,047791 0,047791
добро 0,013423 0,013423
военной 0,061875 0,061875
выражаете 0,047791 0,047791
четыре 0,040822 0,040822
жми 0,013423 0,013423
помощью 0,047791 0,047791
подчеркнул 2,525729 2,525729
обратно 3,401197 3,401197
глава 1,643339 1,643339
добра 0,013423 0,026846
компаниям 3,624341 7,248682
иностранные 3,064725 3,064725
министерство 3,218876 3,218876
те 1,919593 1,919593
ленту 0,013423 0,013423
затопленного 0,076161 0,076161
ниши 3,624341 3,624341
фото 0,061875 0,123751
иностранным 3,218876 3,218876
водой 0,061875 0,061875
россии 0,425668 1,702671
применения 0,000000 0,000000
технологиймини 0,000000 0,000000
оценивайте 0,047791 0,047791
обитания 0,000000 0,000000
ценности 0,000000 0,000000
перечень 5,010635 5,010635
материалам 0,047791 0,047791
требования 2,302585 6,907755
конфиденциальности 0,047791 0,047791
вернуться 0,013423 0,026846
мир 0,000000 0,000000
ваши 0,047791 0,047791
российским 0,076161 0,076161
нажмите 0,000000 0,000000
получайте 0,047791 0,047791
российский 1,484275 2,968550
погружайтесь 0,047791 0,047791
бывший 0,000000 0,000000
проблемы 0,076161 0,076161
всегосэкономикабизнесрынкикапиталсоциальная 1,966113 1,966113
накапливайте 0,047791 0,047791
интернет 0,000000 0,000000
россия 0,000000 0,000000
ооо 0,000000 0,000000
обратился 0,076161 0,076161
минпромторгом 5,010635 5,010635
деактивирована 0,013423 0,013423
государства 2,708050 2,708050
путешествия 0,000000 0,000000
свои 0,027029 0,027029
ранее 1,003302 1,003302
готовить 3,064725 6,129450
согласовать 4,317488 8,634976
придется 3,401197 3,401197
также 0,762140 1,524280
требований 2,708050 8,124151
правительственной 5,010635 10,021271
вячеслав 3,624341 3,624341
структуры 0,000000 0,000000
индии 0,076161 0,076161
гид 0,076161 0,076161
поручил 2,931194 2,931194
хочешь 0,013423 0,013423
минсельхозом 5,010635 5,010635
нашли 0,000000 0,000000
пляжных 0,097980 0,097980
уволит 0,076161 0,076161
цене 3,912023 3,912023
дома 0,061875 0,061875
американский 0,061875 0,061875
обычную 0,013423 0,013423
пола 0,097980 0,097980
работу 1,791759 1,791759
внешность 0,097980 0,097980
представитель 2,120264 2,120264
украинском 0,076161 0,076161
света 0,054808 0,054808
минэнерго 5,010635 5,010635
возвращающимся 5,010635 5,010635
интересно 2,813411 2,813411
продавал 5,010635 5,010635
галереи 0,000000 0,000000
западного 3,624341 3,624341
белоусов 0,076161 0,076161
эмоции 0,047791 0,047791
зеленским 0,076161 0,076161
федоренко 5,010635 5,010635
условиями 0,040822 0,081644
двум 0,076161 0,076161
вызвала 0,097980 0,097980
сети 0,090654 0,090654
которому 2,813411 2,813411
военнослужащим 0,076161 0,076161
требуется 3,401197 3,401197
читайте 0,040822 0,040822
правительству 3,912023 3,912023
байконур 0,097980 0,097980
редакциярекламаконтактыпресс 0,000000 0,000000
материалы 0,000000 0,000000
видео 0,000000 0,000000
депутат 0,076161 0,076161
бизнес 2,612740 2,612740
прогресс 0,097980 0,097980
статьи 0,000000 0,000000
форме 0,061875 0,061875
последние 0,090654 0,090654
предрекли 0,076161 0,076161
культура 0,000000 0,000000
агапов 5,010635 5,010635
момент 1,714798 1,714798
кулуарах 5,010635 5,010635
обсудить 0,456758 0,456758
силовые 0,000000 0,000000
архив 0,000000 0,000000
дня 0,061875 0,061875
соответственно 3,064725 3,064725
сша 0,040822 0,040822
чебесков 5,010635 15,031906
дисконтом 3,912023 3,912023
среда 0,000000 0,000000
раскрытии 0,076161 0,076161
скидки 0,047791 0,047791
сотрудников 0,076161 0,076161
внутри 2,445686 4,891372
получить 2,238047 2,238047
эксклюзивы 0,000000 0,000000
низкой 4,317488 4,317488
российском 0,076161 0,076161
выражайте 0,047791 0,047791
начались 0,068993 0,068993
нам 2,525729 2,525729
рекомендательных 0,000000 0,000000
конфликте 0,076161 0,076161
климат 1,919593 1,919593
продолжая 0,047791 0,047791
работает 0,040822 0,081644
увлекательные 0,047791 0,047791
риа 1,272966 2,545931
средаклимат 1,966113 1,966113
рынок 2,177422 6,532266
выгонялись 3,912023 3,912023
будут 1,919593 1,919593
переговоры 0,054808 0,054808
конфиденциальностиправила 0,000000 0,000000
бонусы 0,047791 0,095581
политикой 0,047791 0,047791
маккартни 0,097980 0,097980
отметил 1,791759 3,583519
жильцы 0,076161 0,076161
жизни 0,000000 0,000000
забота 0,000000 0,000000
сбер 0,040822 0,040822
никакие 3,912023 3,912023
является 1,966113 1,966113
пожаловать 0,013423 0,013423
использованияполитика 0,000000 0,000000
минфина 3,624341 3,624341
крупный 0,068993 0,068993
регионам 0,076161 0,076161
крупным 0,076161 0,076161
туристку 0,076161 0,076161
это 0,020203 0,040405
цитирует 4,317488 4,317488
победа 0,000000 0,000000
минфин 3,624341 10,873023
возврату 3,624341 7,248682
замглавы 3,912023 3,912023
текущий 3,624341 3,624341
ключевыми 4,317488 8,634976
остались 0,061875 0,061875
две 0,033902 0,033902
президент 1,347074 1,347074
мотор 0,000000 0,000000
обменивайте 0,047791 0,047791
опечатку 0,000000 0,000000
сми 0,000000 0,000000
заявителями 5,010635 5,010635
проработать 3,912023 3,912023
страны 1,455287 2,910574
создаваться 3,912023 3,912023
рады 0,068993 0,068993
иван 3,064725 3,064725
новости 0,000000 0,000000
войти 0,000000 0,000000
место 0,054808 0,054808
акции 0,047791 0,047791
хорошие 0,013423 0,013423
мс 0,097980 0,097980
медитации 0,076161 0,076161
особых 3,624341 3,624341
допустить 3,912023 3,912023
сложившейся 3,624341 3,624341
экономика 0,000000 0,000000
уход 0,076161 0,076161
ведомства 2,931194 2,931194
финансов 4,317488 4,317488
власти 1,919593 1,919593
столь 3,624341 3,624341
могли 2,371578 4,743156
прибыл 0,083382 0,083382
прорабатываем 5,010635 5,010635
спецпроекты 0,000000 0,000000
начал 2,445686 7,337058
ушедшие 3,912023 3,912023
путин 1,203973 2,407946
владимир 1,373049 2,746098
механизм 2,813411 2,813411
рынки 4,317488 4,317488
реальный 0,013423 0,013423
игры 0,000000 0,000000
февраля 1,272966 1,272966
техника 0,000000 0,000000
ссср 0,000000 0,000000
правды 0,068993 0,068993
бизнеса 2,931194 2,931194
условий 2,813411 2,813411
трампа 0,054808 0,054808
тысячи 0,068993 0,068993
подкомиссию 5,010635 5,010635
списком 5,010635 10,021271
вопрос 1,832581 1,832581
отвел 0,076161 0,076161
возвращения 2,445686 4,891372
предрек 0,076161 0,076161
марта 0,040822 0,040822
городе 0,061875 0,061875
главное 0,000000 0,000000
года 0,899761 0,899761
реакций 0,047791 0,047791
летнего 0,097980 0,097980
велел 5,010635 5,010635
заявили 0,076161 0,076161
реакции 0,047791 0,047791
заняты 3,401197 6,802395
мини 0,000000 0,000000
компаний 2,525729 5,051457
напомнил 2,813411 2,813411
компании 2,014903 4,029806
экологияделовой 1,966113 1,966113
видеть 0,013423 0,013423
изнасиловал 0,076161 0,076161
подкомиссии 5,010635 10,021271
наука 0,000000 0,000000
