реку 5,010635 5,010635
предупредили 3,064725 3,064725
перемирии 0,076161 0,076161
ру 0,000000 0,000000
банк 0,076161 0,076161
находившиеся 5,010635 5,010635
выгодного 3,912023 3,912023
этому 2,238047 4,476093
новые 0,000000 0,000000
загадочные 4,317488 4,317488
стюардесса 5,010635 10,021271
отдыха 3,401197 6,802395
оленя 5,010635 5,010635
удивили 3,912023 3,912023
стал 1,203973 1,203973
поражает 3,401197 3,401197
поездку 3,401197 6,802395
местных 2,708050 8,124151
путешествий 5,010635 5,010635
согласие 0,047791 0,047791
добро 0,013423 0,013423
выражаете 0,047791 0,047791
пляже 3,912023 3,912023
одну 2,612740 2,612740
доступ 3,064725 3,064725
боятся 4,317488 4,317488
рейс 3,912023 3,912023
помощью 0,047791 0,047791
показана 4,317488 4,317488
рейсе 3,624341 3,624341
заметил 2,612740 2,612740
людей 1,455287 1,455287
военнослужащего 5,010635 5,010635
пропал 3,218876 6,437752
наплыву 3,624341 7,248682
пожара 4,317488 4,317488
рейса 4,317488 12,952464
добра 0,013423 0,026846
британском 5,010635 5,010635
полных 5,010635 5,010635
те 1,919593 1,919593
градусах 5,010635 5,010635
фото 0,061875 0,123751
лет 0,967584 2,902752
водой 0,061875 0,061875
звезды 2,371578 2,371578
технологиймини 0,000000 0,000000
бали 5,010635 10,021271
оценивайте 0,047791 0,047791
ловушке 3,912023 3,912023
дольше 3,912023 3,912023
назван 2,931194 2,931194
заканчивается 3,218876 3,218876
сочи 3,624341 7,248682
конфиденциальности 0,047791 0,047791
драку 3,624341 3,624341
готова 3,064725 6,129450
мир 0,000000 0,000000
сотрудника 3,912023 11,736069
изнасиловании 5,010635 5,010635
нажмите 0,000000 0,000000
водитель 5,010635 5,010635
россиянами 5,010635 5,010635
получайте 0,047791 0,047791
белоруссией 4,317488 4,317488
решила 3,401197 3,401197
сыпью 5,010635 5,010635
погружайтесь 0,047791 0,047791
пьяных 5,010635 5,010635
тюрьма 4,317488 4,317488
бывший 0,000000 0,000000
ягодицы 3,912023 3,912023
время 0,762140 3,048560
странное 4,317488 4,317488
проблемы 0,076161 0,076161
накапливайте 0,047791 0,047791
игривых 5,010635 5,010635
ооо 0,000000 0,000000
деактивирована 0,013423 0,013423
сознание 3,624341 3,624341
нло 5,010635 10,021271
родину 5,010635 5,010635
летом 3,401197 3,401197
путешествия 0,000000 0,000000
часов 1,643339 3,286679
обожали 2,931194 2,931194
тюрьму 3,401197 3,401197
ситуацию 2,931194 2,931194
вечеринки 4,317488 4,317488
вечеринку 4,317488 4,317488
резко 2,371578 2,371578
туда 2,813411 2,813411
структуры 0,000000 0,000000
индии 0,076161 0,152323
побили 5,010635 5,010635
понтующихся 5,010635 5,010635
город 2,445686 2,445686
хочешь 0,013423 0,013423
одной 1,514128 1,514128
пляжных 0,097980 0,097980
нашли 0,000000 0,000000
одном 2,525729 5,051457
голливуда 3,218876 3,218876
свингеров 4,317488 4,317488
обычную 0,013423 0,013423
вывезти 4,317488 4,317488
восемь 3,064725 3,064725
попадают 2,931194 2,931194
туризма 4,317488 4,317488
багажник 5,010635 5,010635
внешность 0,097980 0,097980
движет 4,317488 4,317488
корее 5,010635 10,021271
россиянин 3,218876 12,875503
панику 3,624341 3,624341
украинском 0,076161 0,076161
света 0,054808 0,054808
нарвался 5,010635 5,010635
украл 3,912023 3,912023
русских 3,218876 3,218876
галереи 0,000000 0,000000
аэропортах 4,317488 8,634976
блондинки 4,317488 4,317488
белоусов 0,076161 0,076161
ротавирусом 5,010635 5,010635
насиловали 5,010635 5,010635
побывала 4,317488 4,317488
авиабилетов 4,317488 4,317488
условиями 0,040822 0,081644
дебош 5,010635 5,010635
подробности 2,238047 2,238047
офис 3,401197 3,401197
нокаутировал 5,010635 5,010635
поведением 5,010635 5,010635
вырвало 5,010635 5,010635
отказался 2,708050 2,708050
могут 1,455287 1,455287
читайте 0,040822 0,040822
италии 3,218876 3,218876
полицию 3,624341 3,624341
древний 5,010635 5,010635
здоровью 3,912023 3,912023
раскрыли 2,302585 4,605170
байконур 0,097980 0,097980
редакциярекламаконтактыпресс 0,000000 0,000000
заводят 5,010635 5,010635
люди 1,966113 1,966113
че 5,010635 5,010635
видео 0,000000 0,000000
ракетный 5,010635 5,010635
всему 2,612740 2,612740
упавшего 5,010635 5,010635
открыла 3,218876 6,437752
самолета 3,218876 12,875503
россиянки 2,525729 2,525729
раскрыла 2,708050 2,708050
острове 3,912023 3,912023
заживо 5,010635 5,010635
секса 3,401197 3,401197
самолете 3,912023 11,736069
ретриты 5,010635 5,010635
острова 3,624341 3,624341
самолет 3,401197 17,005987
россиянка 2,612740 20,901920
одного 2,177422 2,177422
последние 0,090654 0,090654
вернулись 3,401197 3,401197
предрекли 0,076161 0,076161
клещей 5,010635 5,010635
лето 3,064725 3,064725
туристок 4,317488 4,317488
архив 0,000000 0,000000
части 2,014903 2,014903
туристов 2,931194 5,862388
труде 5,010635 5,010635
сша 0,040822 0,163288
минусы 4,317488 4,317488
избежать 3,218876 3,218876
полетов 3,401197 3,401197
среда 0,000000 0,000000
оштрафовали 4,317488 4,317488
летевших 4,317488 4,317488
ввели 3,401197 6,802395
раскрытии 0,076161 0,076161
отпуска 5,010635 5,010635
минтранс 5,010635 5,010635
скидки 0,047791 0,047791
экскурсии 4,317488 4,317488
латвия 4,317488 4,317488
мужчинами 3,624341 3,624341
эксклюзивы 0,000000 0,000000
пропавшего 5,010635 5,010635
российском 0,076161 0,152323
названо 2,813411 2,813411
выражайте 0,047791 0,047791
описал 3,912023 7,824046
крылом 5,010635 5,010635
атлантикой 5,010635 5,010635
таиланда 5,010635 10,021271
бесконечно 5,010635 5,010635
атаки 2,177422 2,177422
застряли 5,010635 10,021271
таиланде 3,912023 15,648092
конфликте 0,076161 0,076161
продолжая 0,047791 0,047791
проиграл 3,912023 3,912023
полеты 3,624341 3,624341
опасности 2,813411 2,813411
шокируют 5,010635 5,010635
оставив 5,010635 5,010635
бросают 2,931194 2,931194
деньги 2,014903 2,014903
курортные 5,010635 5,010635
провели 2,066196 2,066196
ноября 2,525729 7,577186
конфиденциальностиправила 0,000000 0,000000
латвией 5,010635 5,010635
прозрачной 3,624341 3,624341
бонусы 0,047791 0,095581
страшно 3,401197 3,401197
нормы 3,912023 3,912023
политикой 0,047791 0,047791
аэропорту 3,401197 13,604790
северной 3,912023 7,824046
задел 5,010635 5,010635
скале 5,010635 5,010635
жильцы 0,076161 0,076161
разочарование 3,912023 3,912023
жизни 0,000000 0,000000
прямо 2,525729 2,525729
половина 3,064725 3,064725
пассажиры 5,010635 5,010635
нужно 1,791759 1,791759
никуда 5,010635 5,010635
аэропорта 3,912023 7,824046
смерти 2,445686 4,891372
скрывают 5,010635 5,010635
груди 3,064725 3,064725
раскрыл 2,177422 2,177422
кого 2,708050 2,708050
заселять 5,010635 5,010635
объявил 2,813411 2,813411
туристку 0,076161 0,304645
это 0,020203 0,101014
встречают 4,317488 4,317488
туристки 4,317488 4,317488
рубля 4,317488 4,317488
назвала 2,931194 2,931194
упал 3,912023 3,912023
две 0,033902 0,067803
пассажирском 3,624341 3,624341
египет 5,010635 5,010635
катастрофе 4,317488 4,317488
туристка 4,317488 8,634976
мотор 0,000000 0,000000
усмирен 5,010635 5,010635
обменивайте 0,047791 0,047791
найден 5,010635 5,010635
детей 2,177422 2,177422
опасной 3,401197 3,401197
перевес 5,010635 5,010635
таиланд 5,010635 10,021271
пассажира 5,010635 5,010635
романы 5,010635 5,010635
новости 0,000000 0,000000
ночью 3,218876 3,218876
войти 0,000000 0,000000
заманил 5,010635 5,010635
шикарные 5,010635 5,010635
миру 2,371578 4,743156
хорошие 0,013423 0,013423
улице 3,218876 3,218876
вышла 2,371578 2,371578
съеденного 5,010635 5,010635
отмены 3,912023 3,912023
россиянам 2,525729 10,102915
отличие 3,912023 3,912023
медитации 0,076161 0,152323
мира 1,576648 1,576648
билетов 5,010635 10,021271
чаще 2,708050 2,708050
уход 0,076161 0,076161
обычных 3,624341 3,624341
почему 0,899761 2,699284
прилете 5,010635 5,010635
еды 3,401197 3,401197
связали 3,912023 3,912023
вернулся 2,371578 4,743156
строя 3,401197 3,401197
гонконг 5,010635 5,010635
ими 3,624341 3,624341
погибли 3,912023 3,912023
пассажирский 3,912023 7,824046
увидели 3,218876 3,218876
прибыл 0,083382 0,083382
включено 4,317488 12,952464
ними 2,525729 2,525729
самоцветы 5,010635 5,010635
спецпроекты 0,000000 0,000000
поездкам 5,010635 5,010635
электрошокером 5,010635 5,010635
шприцем 5,010635 5,010635
манит 4,317488 4,317488
жилье 3,912023 3,912023
осложнился 5,010635 5,010635
ошибку 3,912023 3,912023
вонючего 5,010635 5,010635
приземлился 4,317488 4,317488
лодке 5,010635 5,010635
девушек 3,218876 6,437752
финляндии 3,064725 3,064725
идиллическом 5,010635 5,010635
игры 0,000000 0,000000
строят 5,010635 5,010635
описала 4,317488 17,269952
ошибки 3,912023 3,912023
поехал 3,912023 3,912023
февраля 1,272966 10,183725
техника 0,000000 0,000000
ссср 0,000000 0,000000
пять 1,576648 1,576648
употребивший 3,401197 3,401197
великой 3,624341 3,624341
трампа 0,054808 0,054808
багажном 5,010635 5,010635
байкале 5,010635 5,010635
отеле 4,317488 4,317488
самых 1,609438 1,609438
полета 4,317488 4,317488
отвел 0,076161 0,152323
происходит 2,014903 2,014903
переход 3,401197 3,401197
тормозов 5,010635 5,010635
поломки 5,010635 5,010635
марта 0,040822 2,204388
похоже 2,931194 2,931194
главное 0,000000 0,000000
отличает 3,624341 3,624341
эпидемии 5,010635 5,010635
кокаин 3,401197 3,401197
потеряла 3,624341 3,624341
выжил 5,010635 5,010635
отеля 3,912023 3,912023
другим 2,813411 2,813411
срок 2,612740 2,612740
сгорела 5,010635 5,010635
красок 3,912023 3,912023
отель 3,912023 3,912023
реакций 0,047791 0,047791
летнего 0,097980 0,097980
реакции 0,047791 0,047791
массово 2,371578 4,743156
проверку 5,010635 5,010635
пакистана 5,010635 5,010635
мини 0,000000 0,000000
раскрыть 3,624341 3,624341
блюда 3,064725 3,064725
неделю 3,401197 3,401197
драгоценности 3,401197 3,401197
временные 4,317488 8,634976
изнасиловал 0,076161 0,304645
скотчем 5,010635 5,010635
картеля 5,010635 5,010635
курортов 4,317488 4,317488
минус 3,624341 3,624341
полуголый 5,010635 5,010635
крупнейшая 4,317488 4,317488
преступников 3,624341 3,624341
зеленского 0,068993 0,068993
прокуратуры 5,010635 5,010635
лента 0,000000 0,000000
аэропорт 3,218876 12,875503
туры 5,010635 5,010635
исчезновения 3,912023 3,912023
вести 2,708050 8,124151
ударил 5,010635 5,010635
похищения 4,317488 4,317488
инфекцией 5,010635 5,010635
спорт 0,000000 0,000000
туров 3,624341 3,624341
захотели 4,317488 12,952464
пилоты 3,912023 7,824046
помешать 3,624341 7,248682
юбке 4,317488 4,317488
споры 0,097980 0,097980
военной 0,061875 0,061875
четыре 0,040822 0,040822
жми 0,013423 0,013423
парализовали 5,010635 5,010635
колеса 4,317488 4,317488
появились 1,875141 1,875141
ленту 0,013423 0,013423
фестивале 3,912023 3,912023
затопленного 0,076161 0,076161
масштабную 4,317488 4,317488
сложили 5,010635 5,010635
борту 3,401197 6,802395
вертолетом 4,317488 4,317488
женщин 2,302585 2,302585
расщелину 5,010635 5,010635
небе 2,931194 5,862388
россии 0,425668 1,277003
применения 0,000000 0,000000
сходство 4,317488 4,317488
обитания 0,000000 0,000000
ценности 0,000000 0,000000
туриста 5,010635 5,010635
заманивают 5,010635 5,010635
рублей 1,514128 1,514128
материалам 0,047791 0,047791
российские 1,678431 3,356862
мужчин 2,371578 2,371578
впервые 1,919593 3,839186
вернуться 0,013423 0,013423
ваши 0,047791 0,047791
женщины 2,066196 2,066196
местными 3,912023 3,912023
российским 0,076161 0,076161
опровергли 3,401197 3,401197
пребывания 3,624341 3,624341
устроили 3,218876 3,218876
российский 1,484275 2,968550
монахи 5,010635 5,010635
интернет 0,000000 0,000000
россия 0,000000 0,000000
го 2,302585 2,302585
полигон 4,317488 4,317488
россию 1,609438 1,609438
инвалида 2,931194 2,931194
смотреть 2,813411 2,813411
обратился 0,076161 0,076161
сексуальному 5,010635 5,010635
туристы 3,401197 10,203592
рекорд 3,912023 3,912023
круизы 5,010635 5,010635
свои 0,027029 0,027029
пытаются 2,931194 2,931194
пройтись 5,010635 5,010635
свое 2,525729 2,525729
европы 2,445686 4,891372
рассказала 1,919593 1,919593
тел 5,010635 5,010635
января 1,791759 5,375278
платить 3,218876 3,218876
массовую 3,401197 6,802395
столкнулся 3,064725 3,064725
чрезвычайную 5,010635 5,010635
гид 0,076161 0,228484
заинтересовались 4,317488 4,317488
колесить 5,010635 5,010635
киллеры 4,317488 4,317488
европе 2,813411 2,813411
работе 1,791759 1,791759
турфирмы 5,010635 5,010635
уволит 0,076161 0,076161
дикие 3,624341 3,624341
наказания 4,317488 4,317488
дома 0,061875 0,061875
американский 0,061875 0,123751
пола 0,097980 0,097980
таможенникам 5,010635 5,010635
работу 1,791759 1,791759
увеличить 5,010635 5,010635
опоздал 5,010635 5,010635
соотечественниц 5,010635 5,010635
трех 1,919593 1,919593
творилось 3,624341 3,624341
погранпереходе 5,010635 5,010635
ограничения 3,624341 10,873023
вьетнаме 5,010635 5,010635
кают 5,010635 5,010635
безвизового 5,010635 5,010635
двух 1,678431 3,356862
зарплатах 5,010635 5,010635
туристам 5,010635 5,010635
цены 3,624341 7,248682
всероссиямирсобытияпроисшествиямнения 3,401197 3,401197
оставаться 4,317488 4,317488
громить 5,010635 5,010635
российских 1,576648 6,306592
эмоции 0,047791 0,047791
китайской 3,912023 3,912023
зеленским 0,076161 0,076161
какую 3,218876 3,218876
двум 0,076161 0,076161
период 2,120264 2,120264
азии 5,010635 5,010635
неисправности 4,317488 4,317488
вызвала 0,097980 0,097980
отправился 3,912023 7,824046
сети 0,090654 0,090654
военнослужащим 0,076161 0,076161
саморазвитие 3,912023 3,912023
мексике 5,010635 10,021271
оргии 3,401197 3,401197
вызвали 3,912023 3,912023
нидерландах 4,317488 4,317488
уволившаяся 5,010635 5,010635
залетела 5,010635 5,010635
тунисе 5,010635 5,010635
возвращаться 3,218876 3,218876
развернулся 4,317488 4,317488
едут 4,317488 4,317488
высмеяли 4,317488 4,317488
оаэ 5,010635 5,010635
материалы 0,000000 0,000000
провезти 5,010635 5,010635
обмороженным 5,010635 5,010635
кубе 5,010635 5,010635
блогер 3,401197 3,401197
депутат 0,076161 0,076161
турпоездов 5,010635 5,010635
прогресс 0,097980 0,097980
пилотов 4,317488 4,317488
статьи 0,000000 0,000000
позорные 5,010635 5,010635
форме 0,061875 0,061875
трагические 5,010635 5,010635
десятками 4,317488 8,634976
круизном 5,010635 5,010635
культура 0,000000 0,000000
двумя 2,931194 2,931194
оголил 5,010635 5,010635
силовые 0,000000 0,000000
вернулась 2,445686 2,445686
несмотря 2,120264 2,120264
думала 5,010635 5,010635
путешествиях 3,624341 3,624341
изнасилована 5,010635 5,010635
тысяч 1,427116 1,427116
расскажут 5,010635 5,010635
дня 0,061875 0,061875
абхазия 3,624341 7,248682
абхазию 4,317488 4,317488
женской 3,064725 3,064725
задержанным 5,010635 5,010635
вонь 5,010635 5,010635
устроившего 5,010635 5,010635
попутчиков 5,010635 5,010635
морг 4,317488 4,317488
пассажирского 5,010635 5,010635
сотрудников 0,076161 0,076161
пропуск 5,010635 5,010635
неприятно 5,010635 5,010635
бронирования 3,912023 3,912023
загадку 5,010635 5,010635
такси 5,010635 10,021271
потребовали 2,708050 2,708050
пилот 2,813411 2,813411
границу 3,218876 3,218876
начались 0,068993 0,068993
побывал 3,912023 7,824046
адском 5,010635 5,010635
авиакомпания 5,010635 10,021271
жителями 4,317488 4,317488
рекомендательных 0,000000 0,000000
курорт 3,912023 3,912023
салон 4,317488 4,317488
скорченные 5,010635 5,010635
танцы 3,401197 3,401197
сделать 2,371578 2,371578
работает 0,040822 0,040822
скандалы 4,317488 4,317488
увлекательные 0,047791 0,047791
отрубили 5,010635 5,010635
попытался 2,931194 2,931194
ротавируса 5,010635 5,010635
посадке 5,010635 5,010635
алкоголь 3,401197 3,401197
теле 3,401197 3,401197
переговоры 0,054808 0,054808
авиакомпании 3,912023 3,912023
россиян 1,714798 12,003589
тела 3,064725 3,064725
фразой 3,064725 18,388351
вспышку 5,010635 5,010635
маккартни 0,097980 0,097980
отсеке 5,010635 5,010635
стене 3,912023 3,912023
объекты 3,624341 3,624341
международный 3,624341 3,624341
забота 0,000000 0,000000
сбер 0,040822 0,040822
городов 3,401197 3,401197
пожаловать 0,013423 0,013423
использованияполитика 0,000000 0,000000
мексику 4,317488 8,634976
мальчишник 5,010635 5,010635
забыли 4,317488 4,317488
деталь 4,317488 4,317488
турции 3,401197 3,401197
разгромили 5,010635 5,010635
крупный 0,068993 0,068993
призвали 2,708050 2,708050
ставках 4,317488 4,317488
регионам 0,076161 0,076161
распродажу 5,010635 10,021271
крупным 0,076161 0,076161
тайно 4,317488 4,317488
нидерландов 4,317488 4,317488
победа 0,000000 0,000000
разозленный 5,010635 5,010635
самом 2,014903 2,014903
налета 5,010635 5,010635
россияне 1,919593 11,517557
остались 0,061875 0,061875
атлантику 3,624341 3,624341
аплодисменты 5,010635 5,010635
разрешит 3,912023 3,912023
расправились 3,912023 3,912023
приехала 4,317488 4,317488
укрепления 5,010635 5,010635
опечатку 0,000000 0,000000
кошмар 4,317488 4,317488
сми 0,000000 0,000000
жить 2,177422 2,177422
спасение 2,371578 2,371578
рады 0,068993 0,068993
страну 2,612740 2,612740
несколько 1,347074 1,347074
руки 2,813411 2,813411
багаже 5,010635 5,010635
место 0,054808 0,109616
акции 0,047791 0,047791
сломанными 5,010635 5,010635
перевозчик 5,010635 5,010635
приостановила 4,317488 4,317488
мексиканских 5,010635 5,010635
мс 0,097980 0,097980
ради 2,371578 2,371578
летние 3,912023 3,912023
полосу 5,010635 5,010635
отдых 4,317488 4,317488
москвой 3,218876 3,218876
признаков 5,010635 5,010635
заразились 5,010635 5,010635
экономика 0,000000 0,000000
роскошный 4,317488 4,317488
комната 5,010635 5,010635
попал 2,445686 4,891372
наиболее 3,218876 3,218876
смогли 2,525729 2,525729
перенесенного 5,010635 5,010635
разгневал 5,010635 5,010635
поездками 5,010635 5,010635
попалась 4,317488 4,317488
уральские 5,010635 5,010635
низких 5,010635 5,010635
секс 2,371578 2,371578
напал 3,912023 3,912023
продажу 3,912023 3,912023
московском 4,317488 4,317488
владивостоке 5,010635 5,010635
школа 5,010635 5,010635
костями 5,010635 5,010635
российская 2,525729 7,577186
захочется 5,010635 5,010635
загадочном 5,010635 5,010635
дорогих 3,912023 3,912023
армению 5,010635 5,010635
реальный 0,013423 0,013423
перепрыгнуть 5,010635 5,010635
угрожающей 5,010635 5,010635
усложнить 5,010635 5,010635
сняли 3,064725 6,129450
приостановит 5,010635 5,010635
спа 5,010635 5,010635
правды 0,068993 0,068993
тысячи 0,068993 0,068993
годами 3,064725 3,064725
продает 5,010635 5,010635
водителем 5,010635 5,010635
бортпроводников 5,010635 5,010635
сотни 2,066196 2,066196
винят 5,010635 5,010635
пассажир 4,317488 12,952464
рейсы 3,912023 3,912023
хочет 1,966113 3,932226
отправляются 5,010635 5,010635
предрек 0,076161 0,076161
турист 5,010635 30,063812
оказалась 2,302585 2,302585
лайнере 5,010635 5,010635
городе 0,061875 0,061875
значительно 3,401197 3,401197
католики 5,010635 5,010635
границы 3,218876 3,218876
жителей 1,966113 1,966113
египте 3,401197 3,401197
сократить 4,317488 4,317488
стоимость 2,371578 2,371578
заявили 0,076161 0,076161
египта 4,317488 4,317488
отпуск 4,317488 4,317488
париже 4,317488 8,634976
видеть 0,013423 0,013423
билетах 5,010635 5,010635
полуразрушенный 5,010635 5,010635
пассажиров 4,317488 21,587441
видом 3,912023 3,912023
запустила 3,218876 6,437752
наука 0,000000 0,000000
выдворяют 5,010635 5,010635
санаторий 3,912023 3,912023
попало 3,401197 3,401197
своим 2,445686 2,445686
автобусный 5,010635 5,010635
укусил 4,317488 4,317488
итальянца 5,010635 5,010635
туалетов 3,624341 3,624341
