зеленского 0,068993 0,068993
перемирии 0,076161 0,076161
ру 0,000000 0,000000
банк 0,076161 0,076161
обнаружил 3,624341 3,624341
частота 4,317488 4,317488
лента 0,000000 0,000000
посоветуют 5,010635 5,010635
новые 0,000000 0,000000
публичную 4,317488 4,317488
спорт 0,000000 0,000000
споры 0,097980 0,097980
странице 5,010635 5,010635
добавит 5,010635 5,010635
согласие 0,047791 0,047791
добро 0,013423 0,013423
неизвестно 3,401197 3,401197
военной 0,061875 0,061875
выражаете 0,047791 0,047791
четыре 0,040822 0,040822
жми 0,013423 0,013423
помощью 0,047791 0,047791
корпорация 4,317488 8,634976
добра 0,013423 0,026846
месяцев 2,708050 2,708050
ответами 4,317488 8,634976
ленту 0,013423 0,013423
затопленного 0,076161 0,076161
фото 0,061875 0,123751
санкций 2,302585 2,302585
настройки 4,317488 4,317488
объяснения 4,317488 4,317488
водой 0,061875 0,061875
применения 0,000000 0,000000
технологиймини 0,000000 0,000000
оценивайте 0,047791 0,047791
течение 2,120264 2,120264
обитания 0,000000 0,000000
ценности 0,000000 0,000000
ником 5,010635 5,010635
материалам 0,047791 0,047791
номерами 5,010635 5,010635
конфиденциальности 0,047791 0,047791
вернуться 0,013423 0,013423
мир 0,000000 0,000000
ваши 0,047791 0,047791
российским 0,076161 0,076161
нажмите 0,000000 0,000000
соцсети 3,401197 3,401197
получайте 0,047791 0,047791
чипа 5,010635 5,010635
погружайтесь 0,047791 0,047791
версию 3,912023 3,912023
бывший 0,000000 0,000000
проблемы 0,076161 0,076161
справочные 5,010635 5,010635
россиикосмосоружиеисторияздоровьебудущеетехникагаджетыигрысофт 3,064725 3,064725
накапливайте 0,047791 0,047791
интернет 0,000000 0,000000
россия 0,000000 0,000000
функции 3,912023 3,912023
посмотреть 3,401197 3,401197
ооо 0,000000 0,000000
обратился 0,076161 0,076161
скорость 3,218876 3,218876
деактивирована 0,013423 0,013423
путешествия 0,000000 0,000000
отдела 0,579818 0,579818
обычно 3,218876 3,218876
устройства 3,624341 3,624341
вопросы 2,120264 4,240527
свои 0,027029 0,027029
ранее 1,003302 1,003302
иной 3,218876 3,218876
структуры 0,000000 0,000000
индии 0,076161 0,076161
гид 0,076161 0,076161
хочешь 0,013423 0,013423
нашли 0,000000 0,000000
пляжных 0,097980 0,097980
уволит 0,076161 0,076161
дома 0,061875 0,061875
блока 4,317488 4,317488
американский 0,061875 0,061875
обычную 0,013423 0,013423
пола 0,097980 0,097980
внешность 0,097980 0,097980
питания 4,317488 4,317488
сборках 5,010635 5,010635
компьютер 5,010635 5,010635
украинском 0,076161 0,076161
света 0,054808 0,054808
галереи 0,000000 0,000000
софт 5,010635 5,010635
белоусов 0,076161 0,076161
эмоции 0,047791 0,047791
расскажет 3,624341 7,248682
зеленским 0,076161 0,076161
обратило 5,010635 5,010635
бета 5,010635 5,010635
условиями 0,040822 0,081644
двум 0,076161 0,076161
вызвала 0,097980 0,097980
настройках 5,010635 5,010635
система 2,813411 2,813411
сети 0,090654 0,090654
работы 1,455287 1,455287
военнослужащим 0,076161 0,076161
задаваемыми 5,010635 5,010635
читайте 0,040822 0,040822
перестанет 5,010635 5,010635
байконур 0,097980 0,097980
редакциярекламаконтактыпресс 0,000000 0,000000
материалы 0,000000 0,000000
видео 0,000000 0,000000
депутат 0,076161 0,076161
добавили 3,912023 7,824046
фирма 5,010635 5,010635
прогресс 0,097980 0,097980
меньше 2,120264 2,120264
статичными 5,010635 5,010635
статьи 0,000000 0,000000
нескольких 2,708050 2,708050
адаптирует 4,317488 4,317488
предложит 5,010635 5,010635
касающиеся 3,624341 3,624341
форме 0,061875 0,061875
последние 0,090654 0,090654
предрекли 0,076161 0,076161
отмечается 2,371578 2,371578
материале 2,120264 2,120264
культура 0,000000 0,000000
часто 2,525729 2,525729
обсудить 0,456758 0,456758
говорится 3,064725 3,064725
силовые 0,000000 0,000000
архив 0,000000 0,000000
ставицкий 5,010635 5,010635
дня 0,061875 0,061875
основе 3,624341 3,624341
сша 0,040822 0,081644
всенаукав 3,064725 3,064725
важного 3,401197 3,401197
касаются 5,010635 5,010635
среда 0,000000 0,000000
китайская 5,010635 5,010635
компьютеры 4,317488 4,317488
раскрытии 0,076161 0,076161
подобный 4,317488 4,317488
редактор 0,567984 0,567984
качестве 2,302585 2,302585
скидки 0,047791 0,047791
сотрудников 0,076161 0,076161
эксклюзивы 0,000000 0,000000
российском 0,076161 0,076161
выражайте 0,047791 0,047791
гигабайта 5,010635 5,010635
начались 0,068993 0,068993
продавать 3,064725 3,064725
операционной 4,317488 8,634976
рекомендательных 0,000000 0,000000
конфликте 0,076161 0,076161
сделать 2,371578 2,371578
продолжая 0,047791 0,047791
работает 0,040822 0,040822
увлекательные 0,047791 0,047791
далее 2,708050 2,708050
будут 1,919593 1,919593
переговоры 0,054808 0,054808
журналисты 3,401197 6,802395
подобные 2,931194 2,931194
компонента 5,010635 5,010635
конфиденциальностиправила 0,000000 0,000000
бонусы 0,047791 0,095581
политикой 0,047791 0,047791
маккартни 0,097980 0,097980
жильцы 0,076161 0,076161
жизни 0,000000 0,000000
андрей 3,064725 3,064725
забота 0,000000 0,000000
сбер 0,040822 0,040822
пожаловать 0,013423 0,013423
использованияполитика 0,000000 0,000000
разделе 4,317488 8,634976
системы 2,525729 2,525729
тормозить 5,010635 5,010635
крупный 0,068993 0,068993
регионам 0,076161 0,076161
крупным 0,076161 0,076161
туристку 0,076161 0,076161
это 0,020203 0,040405
победа 0,000000 0,000000
остались 0,061875 0,061875
две 0,033902 0,033902
вместо 2,708050 2,708050
случае 1,875141 1,875141
новую 3,624341 3,624341
системой 4,317488 4,317488
мотор 0,000000 0,000000
обменивайте 0,047791 0,047791
опечатку 0,000000 0,000000
сми 0,000000 0,000000
имеет 3,064725 3,064725
оперативной 2,177422 4,354844
рады 0,068993 0,068993
новости 0,000000 0,000000
войти 0,000000 0,000000
влияет 3,624341 3,624341
место 0,054808 0,054808
акции 0,047791 0,047791
хорошие 0,013423 0,013423
накопителя 5,010635 5,010635
мс 0,097980 0,097980
рассказал 1,272966 1,272966
каждого 3,218876 6,437752
медитации 0,076161 0,076161
добавляет 4,317488 4,317488
выяснили 5,010635 5,010635
версиях 5,010635 5,010635
процессор 5,010635 5,010635
энтузиаст 5,010635 5,010635
экономика 0,000000 0,000000
уход 0,076161 0,076161
почему 0,899761 0,899761
тестирует 5,010635 5,010635
раздел 5,010635 20,042541
прибыл 0,083382 0,083382
быстродействии 5,010635 5,010635
спецпроекты 0,000000 0,000000
вопросами 4,317488 4,317488
памяти 3,912023 11,736069
пользователям 3,401197 6,802395
реальный 0,013423 0,013423
игры 0,000000 0,000000
примера 4,317488 4,317488
издания 3,401197 3,401197
ссср 0,000000 0,000000
техника 0,000000 0,000000
ос 4,317488 17,269952
правды 0,068993 0,068993
трампа 0,054808 0,054808
тысячи 0,068993 0,068993
нашел 2,612740 2,612740
быстродействия 5,010635 5,010635
отвел 0,076161 0,076161
предрек 0,076161 0,076161
внимание 2,302585 2,302585
марта 0,040822 0,040822
городе 0,061875 0,061875
главное 0,000000 0,000000
информации 1,919593 1,919593
подходит 3,624341 3,624341
реакций 0,047791 0,047791
летнего 0,097980 0,097980
издание 2,445686 2,445686
заявили 0,076161 0,152323
пользователя 5,010635 5,010635
реакции 0,047791 0,047791
мини 0,000000 0,000000
пользователь 3,624341 3,624341
компьютера 4,317488 8,634976
пользователю 4,317488 4,317488
видеть 0,013423 0,013423
изнасиловал 0,076161 0,076161
апгрейд 5,010635 5,010635
компьютере 3,624341 10,873023
наука 0,000000 0,000000
