перемирии 0,076161 0,076161
ру 0,000000 0,000000
приводить 4,317488 4,317488
банк 0,076161 0,076161
ослабленные 5,010635 5,010635
сгущению 5,010635 5,010635
личных 3,401197 3,401197
меняющимся 5,010635 5,010635
образ 2,525729 2,525729
новые 0,000000 0,000000
вероятностью 5,010635 5,010635
дискомфорта 5,010635 5,010635
северного 3,912023 3,912023
окажут 5,010635 5,010635
свести 4,317488 4,317488
прогулки 4,317488 4,317488
заболевания 4,317488 8,634976
эмоциональное 5,010635 5,010635
воды 3,064725 3,064725
мигрень 5,010635 5,010635
согласие 0,047791 0,047791
добро 0,013423 0,013423
некоторых 2,708050 5,416100
выражаете 0,047791 0,047791
рекомендованы 5,010635 5,010635
менее 2,014903 2,014903
работают 2,612740 2,612740
удар 2,612740 2,612740
помощью 0,047791 0,095581
таким 2,014903 2,014903
людей 1,455287 10,187011
расстройство 4,317488 4,317488
мало 3,064725 3,064725
ураганов 5,010635 5,010635
апатию 5,010635 5,010635
аллергия 4,317488 4,317488
добра 0,013423 0,026846
человек 1,249435 3,748306
приспосабливаться 5,010635 5,010635
заболевание 3,912023 3,912023
те 1,919593 1,919593
помещение 4,317488 4,317488
одна 1,875141 1,875141
экстремальная 5,010635 5,010635
фото 0,061875 0,061875
отказаться 3,624341 3,624341
явление 4,317488 4,317488
перенес 4,317488 4,317488
лет 0,967584 0,967584
контрастный 5,010635 5,010635
водой 0,061875 0,061875
ухудшение 3,912023 3,912023
относятся 4,317488 4,317488
поддаваясь 5,010635 5,010635
технологиймини 0,000000 0,000000
тяжелых 3,624341 3,624341
оценивайте 0,047791 0,047791
подавленному 5,010635 5,010635
какие 1,875141 3,750282
высыпаться 5,010635 5,010635
капусты 3,912023 3,912023
пожалуй 4,317488 4,317488
минимуму 5,010635 5,010635
препятствующие 5,010635 5,010635
солнечного 5,010635 10,021271
уделять 4,317488 8,634976
бури 5,010635 10,021271
конфиденциальности 0,047791 0,047791
мир 0,000000 0,000000
клюква 5,010635 5,010635
связи 2,120264 2,120264
нажмите 0,000000 0,000000
должна 2,931194 2,931194
получайте 0,047791 0,047791
раздражительность 5,010635 5,010635
погружайтесь 0,047791 0,047791
энергией 5,010635 5,010635
устойчивости 5,010635 5,010635
переедать 5,010635 5,010635
бывший 0,000000 0,000000
время 0,762140 0,762140
проблемы 0,076161 0,152323
накапливайте 0,047791 0,047791
ооо 0,000000 0,000000
деактивирована 0,013423 0,013423
мощные 5,010635 5,010635
крови 2,931194 5,862388
путешествия 0,000000 0,000000
часов 1,643339 1,643339
данным 2,014903 2,014903
средства 3,218876 3,218876
сильный 4,317488 4,317488
главный 2,708050 2,708050
атмосферного 5,010635 10,021271
сильных 4,317488 4,317488
иной 3,218876 3,218876
также 0,762140 3,048560
сидят 3,624341 7,248682
структуры 0,000000 0,000000
индии 0,076161 0,076161
кондиционера 5,010635 5,010635
хочешь 0,013423 0,013423
нашли 0,000000 0,000000
пляжных 0,097980 0,097980
одной 1,514128 1,514128
нездоров 5,010635 5,010635
зеленого 4,317488 4,317488
биологических 5,010635 10,021271
обычную 0,013423 0,013423
магнитный 5,010635 5,010635
повышается 4,317488 4,317488
встает 4,317488 4,317488
степени 3,624341 3,624341
внешность 0,097980 0,097980
степень 4,317488 4,317488
ожог 5,010635 5,010635
гражданам 4,317488 4,317488
украинском 0,076161 0,076161
света 0,054808 0,164425
изменение 3,624341 3,624341
лиц 3,218876 3,218876
изменений 3,624341 3,624341
заняться 5,010635 5,010635
мороз 3,624341 7,248682
победить 2,931194 8,793581
галереи 0,000000 0,000000
белоусов 0,076161 0,076161
последствий 3,218876 3,218876
однако 1,249435 2,498870
условиями 0,040822 0,081644
система 2,813411 2,813411
чая 5,010635 5,010635
магнитные 5,010635 10,021271
имеющиеся 4,317488 4,317488
могут 1,455287 2,910574
читайте 0,040822 0,163288
психически 5,010635 5,010635
получил 2,120264 2,120264
байконур 0,097980 0,097980
проветривать 5,010635 5,010635
редакциярекламаконтактыпресс 0,000000 0,000000
плохого 3,912023 3,912023
признают 3,912023 3,912023
люди 1,966113 5,898339
прошло 3,624341 3,624341
совет 3,064725 3,064725
снизить 3,401197 3,401197
видео 0,000000 0,000000
космическую 5,010635 5,010635
контролировать 3,624341 3,624341
врачей 3,218876 6,437752
остро 4,317488 4,317488
физической 3,624341 3,624341
психологу 4,317488 4,317488
последние 0,090654 0,090654
предрекли 0,076161 0,076161
нажить 5,010635 5,010635
обсудить 0,456758 0,456758
дыхательной 5,010635 5,010635
архив 0,000000 0,000000
препараты 3,624341 3,624341
ломоту 5,010635 5,010635
помимо 2,813411 2,813411
радует 5,010635 5,010635
частые 4,317488 4,317488
сша 0,040822 0,040822
кровяное 5,010635 5,010635
активности 3,401197 3,401197
кожи 3,912023 7,824046
скачки 5,010635 10,021271
солнечной 3,912023 3,912023
среды 3,624341 7,248682
природные 4,317488 4,317488
конкретного 3,912023 3,912023
метеозависимых 5,010635 5,010635
сердечный 5,010635 5,010635
среда 0,000000 0,000000
метеозависимости 3,624341 32,619068
раскрытии 0,076161 0,076161
переохлаждение 5,010635 5,010635
земную 5,010635 5,010635
следствие 2,813411 2,813411
скрывается 2,708050 2,708050
печеные 5,010635 5,010635
скидки 0,047791 0,047791
самочувствие 4,317488 4,317488
перепадов 5,010635 5,010635
сердечных 5,010635 5,010635
комфортный 5,010635 5,010635
эксклюзивы 0,000000 0,000000
российском 0,076161 0,076161
выражайте 0,047791 0,047791
случиться 4,317488 8,634976
официального 4,317488 4,317488
конфликте 0,076161 0,076161
климат 1,919593 1,919593
продолжая 0,047791 0,047791
сном 4,317488 4,317488
усугубить 5,010635 5,010635
влиять 3,624341 3,624341
особенно 2,302585 4,605170
назначить 3,624341 3,624341
суставов 5,010635 5,010635
лечением 5,010635 5,010635
будут 1,919593 1,919593
особенностей 5,010635 5,010635
конфиденциальностиправила 0,000000 0,000000
воздуха 3,912023 3,912023
бонусы 0,047791 0,095581
политикой 0,047791 0,047791
дождливой 5,010635 5,010635
конфликты 4,317488 4,317488
наоборот 2,813411 2,813411
котором 2,238047 2,238047
стрессе 5,010635 5,010635
наибольшая 3,912023 3,912023
жильцы 0,076161 0,076161
ломкости 5,010635 5,010635
консультации 5,010635 5,010635
розовая 5,010635 5,010635
жизни 0,000000 0,000000
смены 2,931194 2,931194
нужно 1,791759 5,375278
неприятных 5,010635 5,010635
достаточно 2,813411 2,813411
дыхательная 5,010635 5,010635
системы 2,525729 2,525729
проявления 5,010635 5,010635
ногтей 5,010635 5,010635
обезвоживание 4,317488 4,317488
смену 3,218876 3,218876
солнечная 5,010635 5,010635
связанному 5,010635 5,010635
проявляется 4,317488 4,317488
лишил 4,317488 4,317488
находится 2,371578 4,743156
вызывать 4,317488 4,317488
единственная 3,912023 3,912023
грусть 5,010635 5,010635
туристку 0,076161 0,076161
операцию 3,401197 3,401197
это 0,020203 0,101014
поддерживать 3,218876 3,218876
сопротивляемость 5,010635 5,010635
массаж 5,010635 5,010635
сухости 5,010635 5,010635
самочувствия 4,317488 4,317488
разобраться 4,317488 4,317488
разница 5,010635 10,021271
две 0,033902 0,033902
перепады 5,010635 5,010635
мотор 0,000000 0,000000
обменивайте 0,047791 0,047791
реагирует 5,010635 5,010635
инфаркта 3,912023 3,912023
причин 4,317488 4,317488
сладкой 5,010635 5,010635
регулирует 5,010635 5,010635
научиться 4,317488 4,317488
диабет 4,317488 4,317488
новости 0,000000 0,000000
войти 0,000000 0,000000
хорошие 0,013423 0,013423
космической 3,912023 3,912023
медитации 0,076161 0,152323
северную 4,317488 4,317488
мире 1,919593 1,919593
память 3,401197 3,401197
гормон 5,010635 5,010635
чаще 2,708050 8,124151
уход 0,076161 0,076161
недостатка 4,317488 4,317488
острой 5,010635 5,010635
яблоки 5,010635 5,010635
электроприборы 5,010635 5,010635
земле 3,218876 3,218876
прибыл 0,083382 0,083382
укрепляет 4,317488 4,317488
ними 2,525729 2,525729
говорят 2,371578 7,114734
спецпроекты 0,000000 0,000000
натрий 5,010635 5,010635
привычек 3,912023 3,912023
сокращений 4,317488 4,317488
чувствительность 5,010635 5,010635
йога 5,010635 5,010635
помогает 3,218876 6,437752
памяти 3,912023 3,912023
чашек 5,010635 5,010635
игры 0,000000 0,000000
жары 4,317488 8,634976
настроение 3,624341 7,248682
техника 0,000000 0,000000
ссср 0,000000 0,000000
состояние 3,624341 7,248682
сберегаем 5,010635 15,031906
трампа 0,054808 0,054808
мнению 2,302585 4,605170
вопрос 1,832581 3,665163
микроэлементы 5,010635 5,010635
увлажнителя 5,010635 5,010635
самых 1,609438 1,609438
стрессу 5,010635 10,021271
отвел 0,076161 0,076161
увеличивается 4,317488 4,317488
пяти 3,401197 3,401197
зверобой 5,010635 5,010635
женьшень 5,010635 5,010635
марта 0,040822 0,040822
другие 1,714798 1,714798
изучен 5,010635 5,010635
хуже 3,218876 3,218876
главное 0,000000 0,000000
постоянном 5,010635 5,010635
витамины 5,010635 5,010635
реакций 0,047791 0,047791
летнего 0,097980 0,097980
реакции 0,047791 0,047791
засыпать 5,010635 5,010635
метеозависимость 5,010635 20,042541
мини 0,000000 0,000000
других 1,576648 1,576648
блюда 3,064725 3,064725
состоянию 3,218876 3,218876
адаптогены 5,010635 5,010635
психики 4,317488 4,317488
метеозависимые 5,010635 5,010635
изнасиловал 0,076161 0,076161
врачом 4,317488 4,317488
стоит 1,791759 3,583519
образом 2,066196 2,066196
приводит 3,401197 3,401197
зеленского 0,068993 0,068993
большей 2,813411 2,813411
расстроить 5,010635 5,010635
погоды 4,317488 34,539905
лента 0,000000 0,000000
длится 3,401197 3,401197
внешней 3,912023 3,912023
спорт 0,000000 0,000000
защититься 2,931194 5,862388
повышают 4,317488 4,317488
споры 0,097980 0,097980
военной 0,061875 0,061875
четыре 0,040822 0,040822
перемены 4,317488 4,317488
погода 3,912023 23,472138
жми 0,013423 0,013423
стало 1,181994 1,181994
правила 2,813411 5,626821
плохо 3,401197 6,802395
осени 4,317488 4,317488
температурного 5,010635 5,010635
нервная 5,010635 5,010635
ленту 0,013423 0,013423
иммунитет 5,010635 5,010635
сбой 4,317488 4,317488
затопленного 0,076161 0,076161
гимнастика 5,010635 5,010635
сияния 5,010635 5,010635
погоду 5,010635 10,021271
страдают 3,912023 3,912023
розеола 5,010635 5,010635
давление 2,813411 5,626821
чувствуют 3,912023 3,912023
глобальное 4,317488 4,317488
применения 0,000000 0,000000
мундире 5,010635 5,010635
обитания 0,000000 0,000000
ценности 0,000000 0,000000
причинах 5,010635 5,010635
картофель 3,624341 3,624341
повышенную 4,317488 4,317488
позвоночника 5,010635 5,010635
влажности 5,010635 10,021271
сезонов 5,010635 5,010635
важно 2,302585 4,605170
разжижать 5,010635 5,010635
сердцу 5,010635 5,010635
материалам 0,047791 0,047791
гораздо 3,064725 3,064725
вернуться 0,013423 0,013423
ваши 0,047791 0,047791
женщины 2,066196 2,066196
российским 0,076161 0,076161
процентов 1,875141 3,750282
крапивница 5,010635 5,010635
существует 2,813411 2,813411
сгущать 5,010635 5,010635
китайский 3,912023 3,912023
специалист 4,317488 4,317488
соблюдать 3,912023 7,824046
человека 2,177422 8,709688
морской 4,317488 4,317488
потребление 5,010635 5,010635
пару 3,912023 3,912023
реагируют 5,010635 5,010635
интернет 0,000000 0,000000
россия 0,000000 0,000000
воздействиям 5,010635 5,010635
обратился 0,076161 0,076161
волос 3,912023 3,912023
ливней 5,010635 5,010635
диагноза 4,317488 4,317488
человеку 3,218876 3,218876
метеочувствительному 5,010635 5,010635
свои 0,027029 0,027029
вредных 3,624341 3,624341
рыбы 3,401197 3,401197
вредным 5,010635 5,010635
неустойчивость 5,010635 5,010635
гид 0,076161 0,076161
произошло 2,445686 2,445686
метеочувствительный 5,010635 5,010635
уволит 0,076161 0,076161
дома 0,061875 0,123751
американский 0,061875 0,061875
пола 0,097980 0,097980
заболеваниями 5,010635 5,010635
европу 3,624341 3,624341
приступ 5,010635 5,010635
ограничению 5,010635 5,010635
депрессии 3,912023 3,912023
влияют 3,218876 6,437752
телеграфной 5,010635 5,010635
магний 4,317488 4,317488
помогают 2,813411 2,813411
скорее 2,708050 2,708050
вредными 4,317488 4,317488
выпивать 5,010635 5,010635
эмоции 0,047791 0,095581
косвенным 5,010635 5,010635
зеленским 0,076161 0,076161
числе 1,714798 1,714798
лимонник 5,010635 5,010635
двум 0,076161 0,076161
климата 4,317488 8,634976
разминке 5,010635 5,010635
вызвала 0,097980 0,097980
число 2,014903 2,014903
сети 0,090654 0,090654
работы 1,455287 1,455287
военнослужащим 0,076161 0,076161
неврологу 5,010635 5,010635
энергии 4,317488 4,317488
низкого 4,317488 4,317488
метеочувствительных 5,010635 5,010635
воздействием 5,010635 5,010635
причина 2,445686 2,445686
адаптирована 5,010635 5,010635
выяснить 3,912023 3,912023
виде 2,708050 5,416100
кроме 1,427116 2,854233
жирной 5,010635 5,010635
привычками 5,010635 5,010635
недостаточно 5,010635 5,010635
изменением 4,317488 8,634976
притока 5,010635 5,010635
двигаться 3,401197 3,401197
температур 4,317488 4,317488
случаях 3,401197 6,802395
хроническими 4,317488 4,317488
чувствительны 5,010635 5,010635
фасоли 5,010635 5,010635
ухудшается 5,010635 5,010635
материалы 0,000000 0,000000
путь 2,931194 2,931194
градусов 4,317488 4,317488
погодным 5,010635 5,010635
депутат 0,076161 0,076161
прогресс 0,097980 0,097980
тип 4,317488 4,317488
погодных 5,010635 5,010635
статьи 0,000000 0,000000
старше 3,401197 3,401197
форме 0,061875 0,061875
тошноту 5,010635 5,010635
культура 0,000000 0,000000
силовые 0,000000 0,000000
врачи 3,064725 9,194175
режима 2,525729 2,525729
справляться 3,912023 7,824046
дня 0,061875 0,061875
артериального 4,317488 4,317488
расширяются 5,010635 5,010635
заряжает 5,010635 5,010635
трудящиеся 5,010635 5,010635
побольше 3,624341 3,624341
гипертоникам 5,010635 5,010635
организм 3,624341 7,248682
свеклы 4,317488 4,317488
позе 3,912023 3,912023
зависит 3,064725 6,129450
адаптироваться 3,912023 3,912023
витаминов 4,317488 4,317488
позволяет 2,612740 2,612740
соленой 5,010635 5,010635
сосудов 5,010635 5,010635
сотрудников 0,076161 0,076161
прибавляться 5,010635 5,010635
многие 1,714798 1,714798
зимой 3,912023 3,912023
жаркую 5,010635 5,010635
способны 3,401197 6,802395
начались 0,068993 0,068993
комнатной 5,010635 5,010635
инсульт 5,010635 5,010635
рекомендательных 0,000000 0,000000
надолго 3,401197 6,802395
мелатонин 5,010635 5,010635
работает 0,040822 0,040822
различным 4,317488 4,317488
изменяющимся 5,010635 5,010635
наблюдается 3,912023 7,824046
увлекательные 0,047791 0,047791
организма 3,912023 7,824046
здоровье 2,708050 2,708050
подвержен 5,010635 5,010635
чечевицы 4,317488 4,317488
организме 5,010635 5,010635
повышаться 5,010635 5,010635
испытывать 5,010635 5,010635
легче 3,218876 3,218876
переговоры 0,054808 0,054808
тела 3,064725 3,064725
ежедневно 3,624341 3,624341
времени 1,919593 3,839186
маккартни 0,097980 0,097980
стимулируют 5,010635 5,010635
обратиться 3,624341 3,624341
забота 0,000000 0,000000
сбер 0,040822 0,040822
пожаловать 0,013423 0,013423
использованияполитика 0,000000 0,000000
уличной 4,317488 4,317488
стараться 4,317488 4,317488
левзея 5,010635 5,010635
кофе 3,912023 3,912023
которые 1,181994 2,363988
который 1,272966 6,364828
избавиться 3,624341 3,624341
поэтому 1,966113 1,966113
америку 5,010635 5,010635
окружающей 5,010635 5,010635
удаленно 5,010635 10,021271
крупный 0,068993 0,068993
хронические 5,010635 5,010635
регионам 0,076161 0,076161
например 1,791759 7,167038
пищи 4,317488 4,317488
крупным 0,076161 0,076161
советуют 4,317488 8,634976
организму 3,912023 3,912023
переменам 5,010635 5,010635
победа 0,000000 0,000000
подолгу 5,010635 5,010635
перепадам 5,010635 5,010635
остались 0,061875 0,061875
температурой 5,010635 5,010635
вместо 2,708050 2,708050
ведут 3,912023 3,912023
улучшить 3,912023 3,912023
опечатку 0,000000 0,000000
ритмов 5,010635 5,010635
потливость 5,010635 5,010635
той 2,931194 5,862388
сми 0,000000 0,000000
температура 3,912023 3,912023
вместе 1,514128 4,542383
вегетативная 5,010635 5,010635
температуры 5,010635 15,031906
такое 2,014903 2,014903
осенью 4,317488 4,317488
рады 0,068993 0,068993
факторы 4,317488 4,317488
зависимости 2,813411 2,813411
дефицита 5,010635 5,010635
выражаться 5,010635 5,010635
влияет 3,624341 10,873023
условиям 5,010635 10,021271
место 0,054808 0,054808
примерно 2,813411 2,813411
акции 0,047791 0,047791
страдающим 5,010635 5,010635
мс 0,097980 0,097980
сосудистой 5,010635 5,010635
душ 5,010635 5,010635
суставах 5,010635 5,010635
психическими 5,010635 5,010635
считается 2,612740 2,612740
экономика 0,000000 0,000000
весны 4,317488 4,317488
озноб 5,010635 5,010635
влияния 2,302585 4,605170
травму 5,010635 5,010635
кровь 3,624341 7,248682
измерить 5,010635 5,010635
проще 3,624341 3,624341
головокружение 5,010635 5,010635
сердечно 3,912023 3,912023
сужаются 5,010635 5,010635
ученые 2,813411 2,813411
вызвать 3,624341 3,624341
потепление 5,010635 5,010635
расстройствами 5,010635 5,010635
сезонное 5,010635 5,010635
боли 3,624341 3,624341
подвижный 5,010635 5,010635
уровень 2,813411 5,626821
либо 1,919593 1,919593
влияние 2,371578 4,743156
пасмурной 5,010635 5,010635
реальный 0,013423 0,013423
стрессом 4,317488 4,317488
аффективное 5,010635 5,010635
стенки 5,010635 5,010635
появлению 5,010635 5,010635
сосуды 3,912023 15,648092
году 1,373049 1,373049
эмоциональному 5,010635 5,010635
правды 0,068993 0,068993
условий 2,813411 2,813411
тысячи 0,068993 0,068993
появления 3,218876 3,218876
метеочувствительность 5,010635 5,010635
благотворное 5,010635 5,010635
холод 5,010635 5,010635
давления 3,064725 15,323626
тревогу 3,912023 3,912023
инсульта 4,317488 4,317488
бывает 3,218876 3,218876
шторм 3,912023 3,912023
предрек 0,076161 0,076161
внимание 2,302585 2,302585
принимать 3,912023 3,912023
городе 0,061875 0,061875
ощущать 5,010635 5,010635
следует 2,302585 4,605170
высоких 3,624341 3,624341
работоспособности 5,010635 5,010635
мышцах 5,010635 5,010635
элеутерококк 5,010635 5,010635
заявили 0,076161 0,076161
случается 5,010635 5,010635
тепловой 5,010635 5,010635
метеозависимостью 5,010635 10,021271
негативное 5,010635 5,010635
легкой 5,010635 5,010635
изменениям 5,010635 5,010635
риск 3,401197 3,401197
видеть 0,013423 0,013423
минздрава 4,317488 4,317488
наука 0,000000 0,000000
обострение 5,010635 5,010635
касается 3,218876 3,218876
какое 2,612740 2,612740
вступая 5,010635 5,010635
