зеленского 0,068993 0,068993
перемирии 0,076161 0,076161
ру 0,000000 0,000000
банк 0,076161 0,076161
лента 0,000000 0,000000
новые 0,000000 0,000000
развеселили 5,010635 5,010635
спорт 0,000000 0,000000
суть 3,624341 3,624341
стал 1,203973 1,203973
мама 4,317488 4,317488
рэпер 3,624341 14,497364
матери 5,010635 5,010635
споры 0,097980 0,097980
согласие 0,047791 0,047791
добро 0,013423 0,013423
военной 0,061875 0,061875
выражаете 0,047791 0,047791
четыре 0,040822 0,040822
хит 5,010635 5,010635
казахстанский 5,010635 10,021271
жми 0,013423 0,013423
помощью 0,047791 0,047791
добра 0,013423 0,026846
появились 1,875141 1,875141
ленту 0,013423 0,013423
затопленного 0,076161 0,076161
фото 0,061875 0,061875
черных 3,624341 3,624341
лет 0,967584 1,935168
женщин 2,302585 2,302585
водой 0,061875 0,061875
сделало 3,912023 3,912023
применения 0,000000 0,000000
лино 5,010635 5,010635
технологиймини 0,000000 0,000000
оценивайте 0,047791 0,047791
обитания 0,000000 0,000000
ценности 0,000000 0,000000
появился 2,445686 2,445686
главные 2,371578 2,371578
назвал 1,347074 5,388295
материалам 0,047791 0,047791
конфиденциальности 0,047791 0,047791
вернуться 0,013423 0,013423
мир 0,000000 0,000000
ваши 0,047791 0,047791
женщины 2,066196 2,066196
российским 0,076161 0,076161
очередь 2,177422 2,177422
нажмите 0,000000 0,000000
своей 2,066196 2,066196
получайте 0,047791 0,047791
готовки 5,010635 5,010635
погружайтесь 0,047791 0,047791
бывший 0,000000 0,000000
время 0,762140 0,762140
проблемы 0,076161 0,076161
накапливайте 0,047791 0,047791
интернет 0,000000 0,000000
россия 0,000000 0,000000
ооо 0,000000 0,000000
обратился 0,076161 0,076161
деактивирована 0,013423 0,013423
путешествия 0,000000 0,000000
отдела 0,579818 0,579818
свой 2,177422 2,177422
свои 0,027029 0,027029
тревожным 5,010635 5,010635
главный 2,708050 2,708050
популярный 3,064725 9,194175
также 0,762140 0,762140
структуры 0,000000 0,000000
макана 5,010635 5,010635
индии 0,076161 0,076161
гид 0,076161 0,076161
смеется 5,010635 5,010635
многочисленных 4,317488 4,317488
хочешь 0,013423 0,013423
готовит 5,010635 5,010635
альбом 3,912023 3,912023
нашли 0,000000 0,000000
пляжных 0,097980 0,097980
вкусно 4,317488 4,317488
уволит 0,076161 0,076161
дома 0,061875 0,061875
возненавидела 4,317488 4,317488
американский 0,061875 0,061875
обычную 0,013423 0,013423
пола 0,097980 0,097980
музыку 3,912023 3,912023
работу 1,791759 1,791759
внешность 0,097980 0,097980
неуправляемы 5,010635 5,010635
описывает 4,317488 4,317488
слушаешь 5,010635 5,010635
украинском 0,076161 0,076161
света 0,054808 0,054808
первую 2,238047 2,238047
карина 3,912023 3,912023
поводу 3,401197 3,401197
галереи 0,000000 0,000000
белоусов 0,076161 0,076161
эмоции 0,047791 0,047791
расплывчатый 5,010635 5,010635
флаги 5,010635 10,021271
зеленским 0,076161 0,076161
какую 3,218876 3,218876
условиями 0,040822 0,081644
двум 0,076161 0,076161
вызвала 0,097980 0,097980
число 2,014903 2,014903
шоке 4,317488 4,317488
сети 0,090654 0,271963
военнослужащим 0,076161 0,076161
яникса 5,010635 5,010635
флаг 4,317488 4,317488
читайте 0,040822 0,040822
кроме 1,427116 1,427116
вошло 4,317488 4,317488
байконур 0,097980 0,097980
редакциярекламаконтактыпресс 0,000000 0,000000
материалы 0,000000 0,000000
видео 0,000000 0,000000
ред 5,010635 10,021271
явления 3,624341 3,624341
депутат 0,076161 0,076161
прогресс 0,097980 0,097980
статьи 0,000000 0,000000
видявленияроскошьличности 2,813411 2,813411
рэпера 4,317488 4,317488
форме 0,061875 0,061875
говорит 2,014903 4,029806
последние 0,090654 0,090654
предрекли 0,076161 0,076161
культура 0,000000 0,000000
всестильвнешний 2,813411 2,813411
пользователей 3,218876 3,218876
обсудить 0,456758 0,456758
настоящее 3,624341 3,624341
последним 3,624341 3,624341
силовые 0,000000 0,000000
архив 0,000000 0,000000
флагов 5,010635 5,010635
дня 0,061875 0,061875
музыкант 4,317488 4,317488
высказывались 5,010635 5,010635
сша 0,040822 0,040822
флагом 3,624341 18,121705
певец 3,624341 3,624341
среда 0,000000 0,000000
тему 3,624341 3,624341
раскрытии 0,076161 0,076161
национальности 5,010635 5,010635
редактор 0,567984 0,567984
скидки 0,047791 0,047791
сотрудников 0,076161 0,076161
настоящий 3,401197 3,401197
девушка 3,064725 6,129450
эксклюзивы 0,000000 0,000000
российском 0,076161 0,076161
прослыл 3,401197 10,203592
выражайте 0,047791 0,047791
теме 1,514128 1,514128
пояснил 2,931194 2,931194
комментарии 1,484275 1,484275
девушки 2,445686 9,782744
начались 0,068993 0,068993
рекомендательных 0,000000 0,000000
конфликте 0,076161 0,076161
презираю 5,010635 5,010635
продолжая 0,047791 0,047791
работает 0,040822 0,040822
увлекательные 0,047791 0,047791
переговоры 0,054808 0,054808
конфиденциальностиправила 0,000000 0,000000
бонусы 0,047791 0,095581
отвечает 4,317488 4,317488
политикой 0,047791 0,047791
маккартни 0,097980 0,097980
жильцы 0,076161 0,076161
жизни 0,000000 0,000000
забота 0,000000 0,000000
сбер 0,040822 0,040822
является 1,966113 1,966113
пожаловать 0,013423 0,013423
использованияполитика 0,000000 0,000000
слова 2,177422 2,177422
крупный 0,068993 0,068993
регионам 0,076161 0,076161
подкаста 5,010635 5,010635
крупным 0,076161 0,076161
группа 2,813411 2,813411
туристку 0,076161 0,076161
это 0,020203 0,040405
победа 0,000000 0,000000
остались 0,061875 0,061875
две 0,033902 0,033902
посмешищем 3,624341 10,873023
мотор 0,000000 0,000000
обменивайте 0,047791 0,047791
опечатку 0,000000 0,000000
сми 0,000000 0,000000
назвали 2,238047 2,238047
икры 3,624341 14,497364
конкурент 4,317488 4,317488
красоту 4,317488 4,317488
рады 0,068993 0,068993
сентября 2,708050 5,416100
меломан 5,010635 5,010635
новости 0,000000 0,000000
войти 0,000000 0,000000
место 0,054808 0,054808
акции 0,047791 0,047791
хорошие 0,013423 0,013423
мс 0,097980 0,097980
сентябре 3,912023 3,912023
россиянам 2,525729 2,525729
медитации 0,076161 0,076161
комментариях 3,624341 3,624341
написали 4,317488 4,317488
экономика 0,000000 0,000000
уход 0,076161 0,076161
почему 0,899761 0,899761
ахметжанов 5,010635 5,010635
красные 3,912023 7,824046
несет 3,624341 3,624341
парни 4,317488 4,317488
красным 3,624341 18,121705
прибыл 0,083382 0,083382
незнание 5,010635 5,010635
перечислил 3,912023 3,912023
спецпроекты 0,000000 0,000000
аккаунте 3,401197 3,401197
девушек 3,218876 3,218876
назад 1,678431 3,356862
реальный 0,013423 0,013423
первый 1,832581 1,832581
игры 0,000000 0,000000
кадр 2,302585 2,302585
собеседования 4,317488 4,317488
знаком 3,912023 3,912023
техника 0,000000 0,000000
ссср 0,000000 0,000000
правды 0,068993 0,068993
меломанка 5,010635 5,010635
трампа 0,054808 0,054808
мнению 2,302585 2,302585
тысячи 0,068993 0,068993
понятие 4,317488 4,317488
вопрос 1,832581 1,832581
отвел 0,076161 0,076161
предрек 0,076161 0,076161
марта 0,040822 0,040822
городе 0,061875 0,061875
подытожил 5,010635 5,010635
имя 2,708050 2,708050
ответ 2,177422 2,177422
главное 0,000000 0,000000
года 0,899761 0,899761
культовым 4,317488 4,317488
реакций 0,047791 0,047791
летнего 0,097980 0,097980
заявили 0,076161 0,076161
большие 2,813411 11,253643
реакции 0,047791 0,047791
мини 0,000000 0,000000
выпустила 4,317488 4,317488
блюда 3,064725 3,064725
видеть 0,013423 0,013423
изнасиловал 0,076161 0,076161
выпустили 3,064725 3,064725
наука 0,000000 0,000000
мухаметали 5,010635 5,010635
