зеленского 0,068993 0,068993
росфинмониторинг 5,010635 10,021271
перемирии 0,076161 0,076161
ру 0,000000 0,000000
банк 0,076161 0,076161
лента 0,000000 0,000000
новые 0,000000 0,000000
спорт 0,000000 0,000000
коряков 5,010635 5,010635
споры 0,097980 0,097980
согласие 0,047791 0,047791
добро 0,013423 0,013423
военной 0,061875 0,061875
выражаете 0,047791 0,047791
четыре 0,040822 0,040822
экстремистких 3,624341 10,873023
жми 0,013423 0,013423
помощью 0,047791 0,047791
александр 1,832581 5,497744
добра 0,013423 0,026846
уроженец 5,010635 5,010635
ленту 0,013423 0,013423
затопленного 0,076161 0,076161
фото 0,061875 0,123751
являются 2,931194 2,931194
водой 0,061875 0,061875
санкт 3,218876 3,218876
россии 0,425668 1,277003
применения 0,000000 0,000000
суд 1,966113 1,966113
технологиймини 0,000000 0,000000
коммерсантъ 2,708050 2,708050
оценивайте 0,047791 0,047791
обитания 0,000000 0,000000
ценности 0,000000 0,000000
спецслужбыпреступная 2,525729 2,525729
материалам 0,047791 0,047791
конфиденциальности 0,047791 0,047791
ленинграда 4,317488 8,634976
сайте 3,401197 6,802395
вернуться 0,013423 0,013423
мир 0,000000 0,000000
ваши 0,047791 0,047791
лидия 5,010635 5,010635
сообщается 3,218876 3,218876
террористических 3,624341 14,497364
российским 0,076161 0,076161
невзоров 5,010635 10,021271
нажмите 0,000000 0,000000
судкриминалполиция 2,525729 2,525729
получайте 0,047791 0,047791
погружайтесь 0,047791 0,047791
октябрьский 5,010635 5,010635
бывший 0,000000 0,000000
проблемы 0,076161 0,076161
накапливайте 0,047791 0,047791
интернет 0,000000 0,000000
россия 0,000000 0,000000
ооо 0,000000 0,000000
обратился 0,076161 0,076161
деактивирована 0,013423 0,013423
путешествия 0,000000 0,000000
свои 0,027029 0,027029
петербурга 3,912023 3,912023
ранее 1,003302 1,003302
варвара 3,218876 3,218876
структуры 0,000000 0,000000
индии 0,076161 0,076161
гид 0,076161 0,076161
хочешь 0,013423 0,013423
нашли 0,000000 0,000000
пляжных 0,097980 0,097980
уволит 0,076161 0,076161
дома 0,061875 0,061875
американский 0,061875 0,061875
обычную 0,013423 0,013423
пола 0,097980 0,097980
внешность 0,097980 0,097980
рождения 3,218876 6,437752
украинском 0,076161 0,076161
света 0,054808 0,054808
галереи 0,000000 0,000000
белоусов 0,076161 0,076161
эмоции 0,047791 0,047791
зеленским 0,076161 0,076161
условиями 0,040822 0,081644
двум 0,076161 0,076161
вызвала 0,097980 0,097980
сети 0,090654 0,090654
военнослужащим 0,076161 0,076161
читайте 0,040822 0,040822
полиция 2,931194 2,931194
байконур 0,097980 0,097980
редакциярекламаконтактыпресс 0,000000 0,000000
признаны 4,317488 4,317488
материалы 0,000000 0,000000
видео 0,000000 0,000000
супругов 3,624341 18,121705
депутат 0,076161 0,076161
прогресс 0,097980 0,097980
статьи 0,000000 0,000000
форме 0,061875 0,061875
последние 0,090654 0,090654
предрекли 0,076161 0,076161
культура 0,000000 0,000000
обсудить 0,456758 0,456758
силовые 0,000000 0,000000
архив 0,000000 0,000000
экстремистским 5,010635 10,021271
дня 0,061875 0,061875
алексеевна 5,010635 5,010635
сша 0,040822 0,040822
митина 4,317488 4,317488
среда 0,000000 0,000000
оштрафовали 4,317488 4,317488
запретил 4,317488 4,317488
раскрытии 0,076161 0,076161
редактор 0,567984 0,567984
скидки 0,047791 0,047791
сотрудников 0,076161 0,076161
эксклюзивы 0,000000 0,000000
российском 0,076161 0,076161
выражайте 0,047791 0,047791
теме 1,514128 1,514128
начались 0,068993 0,068993
невзоровы 5,010635 5,010635
рекомендательных 0,000000 0,000000
конфликте 0,076161 0,076161
продолжая 0,047791 0,047791
работает 0,040822 0,040822
увлекательные 0,047791 0,047791
объединением 5,010635 10,021271
переговоры 0,054808 0,054808
конфиденциальностиправила 0,000000 0,000000
всеследствие 2,525729 2,525729
бонусы 0,047791 0,095581
политикой 0,047791 0,047791
маккартни 0,097980 0,097980
жильцы 0,076161 0,076161
жизни 0,000000 0,000000
забота 0,000000 0,000000
сбер 0,040822 0,040822
пожаловать 0,013423 0,013423
использованияполитика 0,000000 0,000000
сказано 5,010635 5,010635
крупный 0,068993 0,068993
регионам 0,076161 0,076161
крупным 0,076161 0,076161
иноагентом 4,317488 4,317488
это 0,020203 0,020203
туристку 0,076161 0,076161
которого 1,875141 1,875141
победа 0,000000 0,000000
жену 3,401197 3,401197
остались 0,061875 0,061875
две 0,033902 0,033902
супруги 4,317488 4,317488
мотор 0,000000 0,000000
обменивайте 0,047791 0,047791
опечатку 0,000000 0,000000
сми 0,000000 0,000000
рады 0,068993 0,068993
невзорова 5,010635 10,021271
новости 0,000000 0,000000
войти 0,000000 0,000000
место 0,054808 0,054808
акции 0,047791 0,047791
хорошие 0,013423 0,013423
мс 0,097980 0,097980
медитации 0,076161 0,076161
экономика 0,000000 0,000000
уход 0,076161 0,076161
ведомства 2,931194 2,931194
невзоровых 3,624341 18,121705
прибыл 0,083382 0,083382
объединений 3,624341 14,497364
глебович 5,010635 5,010635
минюстом 3,624341 3,624341
спецпроекты 0,000000 0,000000
объединение 4,317488 4,317488
уроженка 5,010635 5,010635
членами 3,624341 3,624341
внесли 3,624341 7,248682
реальный 0,013423 0,013423
игры 0,000000 0,000000
список 2,708050 10,832201
техника 0,000000 0,000000
ссср 0,000000 0,000000
правды 0,068993 0,068993
трампа 0,054808 0,054808
тысячи 0,068993 0,068993
запрещена 5,010635 5,010635
деятельность 3,401197 3,401197
внес 5,010635 10,021271
отвел 0,076161 0,076161
предрек 0,076161 0,076161
города 1,714798 3,429597
марта 0,040822 0,081644
городе 0,061875 0,061875
главное 0,000000 0,000000
года 0,899761 1,799523
реакций 0,047791 0,047791
летнего 0,097980 0,097980
заявили 0,076161 0,076161
реакции 0,047791 0,047791
мини 0,000000 0,000000
спецслужбы 2,525729 2,525729
видеть 0,013423 0,013423
изнасиловал 0,076161 0,076161
признал 2,813411 2,813411
признан 3,624341 3,624341
наука 0,000000 0,000000
