зеленского 0,068993 0,068993
получила 3,401197 3,401197
перемирии 0,076161 0,076161
ру 0,000000 0,000000
банк 0,076161 0,076161
интеграции 3,912023 3,912023
лента 0,000000 0,000000
новые 0,000000 0,000000
спорт 0,000000 0,000000
заявил 1,098612 1,098612
споры 0,097980 0,097980
согласие 0,047791 0,047791
добро 0,013423 0,013423
сумах 3,401197 13,604790
военной 0,061875 0,061875
выражаете 0,047791 0,047791
четыре 0,040822 0,040822
удар 2,612740 2,612740
жми 0,013423 0,013423
помощью 0,047791 0,047791
добра 0,013423 0,026846
словам 1,272966 1,272966
ленту 0,013423 0,013423
затопленного 0,076161 0,076161
фото 0,061875 0,185626
илья 3,064725 3,064725
ощутимый 5,010635 5,010635
водой 0,061875 0,061875
россии 0,425668 0,425668
применения 0,000000 0,000000
технологиймини 0,000000 0,000000
оценивайте 0,047791 0,047791
обитания 0,000000 0,000000
ценности 0,000000 0,000000
палаты 3,401197 3,401197
запорожском 5,010635 5,010635
материалам 0,047791 0,047791
российские 1,678431 1,678431
конфиденциальности 0,047791 0,047791
вернуться 0,013423 0,013423
мир 0,000000 0,000000
отсутствует 5,010635 5,010635
ваши 0,047791 0,047791
российским 0,076161 0,076161
нажмите 0,000000 0,000000
получайте 0,047791 0,047791
погружайтесь 0,047791 0,047791
бывший 0,000000 0,000000
проблемы 0,076161 0,076161
накапливайте 0,047791 0,047791
интернет 0,000000 0,000000
россия 0,000000 0,000000
ооо 0,000000 0,000000
обратился 0,076161 0,076161
деактивирована 0,013423 0,013423
путешествия 0,000000 0,000000
отдела 0,579818 0,579818
свои 0,027029 0,027029
произошли 4,317488 4,317488
прогремели 3,624341 7,248682
ранее 1,003302 1,003302
также 0,762140 0,762140
новых 2,014903 2,014903
структуры 0,000000 0,000000
городские 4,317488 4,317488
индии 0,076161 0,076161
гид 0,076161 0,076161
произошло 2,445686 4,891372
хочешь 0,013423 0,013423
украина 1,832581 1,832581
нашли 0,000000 0,000000
пляжных 0,097980 0,097980
уволит 0,076161 0,076161
дома 0,061875 0,061875
американский 0,061875 0,061875
обычную 0,013423 0,013423
пола 0,097980 0,097980
координационного 4,317488 4,317488
внешность 0,097980 0,097980
раздались 5,010635 5,010635
украинском 0,076161 0,076161
света 0,054808 0,054808
украины 1,021651 1,021651
галереи 0,000000 0,000000
направлении 2,813411 2,813411
белоусов 0,076161 0,076161
эмоции 0,047791 0,047791
зеленским 0,076161 0,076161
азия 2,525729 2,525729
числе 1,714798 1,714798
пока 1,678431 1,678431
условиями 0,040822 0,081644
двум 0,076161 0,076161
киеве 2,813411 5,626821
вызвала 0,097980 0,097980
сети 0,090654 0,090654
военнослужащим 0,076161 0,076161
читайте 0,040822 0,040822
топливом 5,010635 5,010635
регионов 3,624341 3,624341
отреагировали 2,238047 2,238047
байконур 0,097980 0,097980
редакциярекламаконтактыпресс 0,000000 0,000000
председатель 2,813411 2,813411
материалы 0,000000 0,000000
видео 0,000000 0,000000
войска 2,931194 2,931194
депутат 0,076161 0,076161
прогресс 0,097980 0,097980
статьи 0,000000 0,000000
форме 0,061875 0,061875
последние 0,090654 0,090654
предрекли 0,076161 0,076161
повреждения 4,317488 4,317488
культура 0,000000 0,000000
обсудить 0,456758 0,456758
силовые 0,000000 0,000000
архив 0,000000 0,000000
дня 0,061875 0,061875
сша 0,040822 0,040822
среда 0,000000 0,000000
раскрытии 0,076161 0,076161
редактор 0,567984 0,567984
суверенитета 4,317488 4,317488
скидки 0,047791 0,047791
сотрудников 0,076161 0,076161
эксклюзивы 0,000000 0,000000
российском 0,076161 0,076161
выражайте 0,047791 0,047791
сил 1,791759 1,791759
сообщаются 5,010635 5,010635
топлива 3,912023 3,912023
начались 0,068993 0,068993
вооруженных 2,014903 2,014903
сюжетвзрывы 3,912023 3,912023
рекомендательных 0,000000 0,000000
конфликте 0,076161 0,076161
днепропетровской 4,317488 4,317488
продолжая 0,047791 0,047791
работает 0,040822 0,040822
увлекательные 0,047791 0,047791
утром 2,612740 2,612740
зрения 3,401197 3,401197
обстоятельства 5,010635 5,010635
переговоры 0,054808 0,054808
конфиденциальностиправила 0,000000 0,000000
бонусы 0,047791 0,095581
случившееся 5,010635 5,010635
политикой 0,047791 0,047791
маккартни 0,097980 0,097980
жильцы 0,076161 0,076161
жизни 0,000000 0,000000
совета 2,445686 2,445686
забота 0,000000 0,000000
сбер 0,040822 0,040822
пожаловать 0,013423 0,013423
использованияполитика 0,000000 0,000000
украинских 1,919593 1,919593
крупный 0,068993 0,068993
регионам 0,076161 0,076161
сообщает 2,120264 2,120264
крупным 0,076161 0,076161
туристку 0,076161 0,076161
это 0,020203 0,040405
войск 2,931194 2,931194
победа 0,000000 0,000000
взрывов 4,317488 12,952464
остались 0,061875 0,061875
таксюр 5,010635 5,010635
две 0,033902 0,033902
мотор 0,000000 0,000000
обменивайте 0,047791 0,047791
опечатку 0,000000 0,000000
сми 0,000000 0,000000
взрывы 2,931194 8,793581
рады 0,068993 0,068993
инфраструктура 3,912023 3,912023
несколько 1,347074 2,694147
комиссии 3,912023 3,912023
новости 0,000000 0,000000
войти 0,000000 0,000000
обеспечения 3,912023 3,912023
место 0,054808 0,109616
акции 0,047791 0,047791
хорошие 0,013423 0,013423
мс 0,097980 0,097980
рогов 4,317488 4,317488
медитации 0,076161 0,076161
всеприбалтикаукраинабелоруссиямолдавиязакавказьесредняя 2,525729 2,525729
архивное 4,317488 4,317488
общественной 4,317488 4,317488
экономика 0,000000 0,000000
сопредседатель 4,317488 4,317488
общественное 4,317488 4,317488
уход 0,076161 0,076161
власти 1,919593 1,919593
склады 5,010635 5,010635
вопросам 3,912023 3,912023
прибыл 0,083382 0,083382
области 1,399717 1,399717
спецпроекты 0,000000 0,000000
количество 1,966113 1,966113
владимир 1,373049 1,373049
реальный 0,013423 0,013423
игры 0,000000 0,000000
техника 0,000000 0,000000
ссср 0,000000 0,000000
всу 1,373049 1,373049
правды 0,068993 0,068993
трампа 0,054808 0,054808
тысячи 0,068993 0,068993
отвел 0,076161 0,076161
предрек 0,076161 0,076161
марта 0,040822 0,081644
городе 0,061875 0,061875
именно 1,875141 1,875141
главное 0,000000 0,000000
реакций 0,047791 0,047791
летнего 0,097980 0,097980
информация 2,931194 2,931194
издание 2,445686 2,445686
заявили 0,076161 0,076161
реакции 0,047791 0,047791
мини 0,000000 0,000000
поразили 4,317488 4,317488
видеть 0,013423 0,013423
изнасиловал 0,076161 0,076161
точки 3,218876 3,218876
наука 0,000000 0,000000
