зеленского 0,068993 0,068993
ленте 2,931194 2,931194
перемирии 0,076161 0,076161
обязательства 5,010635 5,010635
ру 0,000000 0,000000
банк 0,076161 0,076161
варианты 3,401197 3,401197
лента 0,000000 0,000000
спутников 3,912023 7,824046
новые 0,000000 0,000000
спорт 0,000000 0,000000
физический 5,010635 5,010635
указал 2,525729 2,525729
линии 2,708050 2,708050
споры 0,097980 0,097980
согласие 0,047791 0,047791
добро 0,013423 0,013423
военной 0,061875 0,061875
выражаете 0,047791 0,047791
четыре 0,040822 0,040822
удар 2,612740 2,612740
жми 0,013423 0,013423
помощью 0,047791 0,047791
подчеркнул 2,525729 2,525729
перемирия 2,445686 2,445686
добра 0,013423 0,026846
принял 2,931194 2,931194
частности 2,525729 2,525729
договоренностей 2,813411 14,067054
ленту 0,013423 0,013423
затопленного 0,076161 0,076161
юрий 2,813411 2,813411
фото 0,061875 0,123751
принудительной 3,912023 3,912023
выступают 3,624341 3,624341
политика 1,576648 1,576648
фиксировать 4,317488 4,317488
такие 2,120264 2,120264
обладают 5,010635 5,010635
водой 0,061875 0,061875
россии 0,425668 1,277003
применения 0,000000 0,000000
технологиймини 0,000000 0,000000
возможным 3,912023 3,912023
оценивайте 0,047791 0,047791
обитания 0,000000 0,000000
ценности 0,000000 0,000000
исполнения 4,317488 4,317488
материалам 0,047791 0,047791
конфиденциальности 0,047791 0,047791
вернуться 0,013423 0,013423
мир 0,000000 0,000000
ваши 0,047791 0,047791
российским 0,076161 0,076161
нажмите 0,000000 0,000000
получайте 0,047791 0,047791
станице 4,317488 4,317488
российский 1,484275 1,484275
процесса 3,624341 3,624341
тех 2,120264 2,120264
необходимо 2,120264 2,120264
погружайтесь 0,047791 0,047791
прекращения 2,371578 2,371578
речь 2,525729 2,525729
бывший 0,000000 0,000000
проблемы 0,076161 0,076161
накапливайте 0,047791 0,047791
интернет 0,000000 0,000000
россия 0,000000 0,000000
техническом 5,010635 5,010635
ооо 0,000000 0,000000
обратился 0,076161 0,076161
деактивирована 0,013423 0,013423
путешествия 0,000000 0,000000
отдела 0,579818 0,579818
вопросы 2,120264 2,120264
свои 0,027029 0,027029
данный 3,064725 3,064725
ранее 1,003302 1,003302
также 0,762140 0,762140
варвара 3,218876 3,218876
структуры 0,000000 0,000000
параллельмоя 2,177422 2,177422
индии 0,076161 0,076161
гид 0,076161 0,076161
хочешь 0,013423 0,013423
нашли 0,000000 0,000000
пляжных 0,097980 0,097980
уволит 0,076161 0,076161
необходимость 3,064725 3,064725
дома 0,061875 0,061875
американский 0,061875 0,061875
обычную 0,013423 0,013423
пола 0,097980 0,097980
украине 1,139434 3,418303
прекращении 2,238047 4,476093
внешность 0,097980 0,097980
украинском 0,076161 0,076161
света 0,054808 0,054808
нанесен 4,317488 4,317488
украины 1,021651 1,021651
дневного 3,218876 3,218876
галереи 0,000000 0,000000
контроле 3,218876 9,656627
мирных 2,525729 10,102915
белоусов 0,076161 0,076161
эмоции 0,047791 0,047791
зеленским 0,076161 0,076161
контексте 3,218876 3,218876
условиями 0,040822 0,081644
двум 0,076161 0,076161
вызвала 0,097980 0,097980
сети 0,090654 0,090654
военнослужащим 0,076161 0,076161
минобороны 1,966113 1,966113
атаковали 3,624341 3,624341
контроль 2,445686 4,891372
меры 3,064725 9,194175
контроля 2,371578 9,486312
читайте 0,040822 0,040822
стороны 1,643339 1,643339
байконур 0,097980 0,097980
редакциярекламаконтактыпресс 0,000000 0,000000
всей 2,238047 2,238047
количеством 3,912023 3,912023
материалы 0,000000 0,000000
видео 0,000000 0,000000
мобилизации 3,401197 3,401197
физическом 5,010635 5,010635
депутат 0,076161 0,228484
прогресс 0,097980 0,097980
статьи 0,000000 0,000000
касающиеся 3,624341 3,624341
форме 0,061875 0,061875
последние 0,090654 0,090654
предрекли 0,076161 0,076161
культура 0,000000 0,000000
момент 1,714798 1,714798
обсудить 0,456758 0,456758
сообщили 2,177422 2,177422
некоторые 2,445686 2,445686
силовые 0,000000 0,000000
архив 0,000000 0,000000
берут 4,317488 4,317488
кавказской 4,317488 4,317488
вооруженными 5,010635 5,010635
дня 0,061875 0,061875
сша 0,040822 0,122466
отношении 1,791759 1,791759
среда 0,000000 0,000000
временном 3,624341 3,624341
раскрытии 0,076161 0,076161
объекту 5,010635 5,010635
прекращением 3,401197 3,401197
редактор 0,567984 0,567984
скидки 0,047791 0,047791
сотрудников 0,076161 0,076161
эксклюзивы 0,000000 0,000000
российском 0,076161 0,076161
разрабатываются 5,010635 5,010635
выражайте 0,047791 0,047791
начались 0,068993 0,068993
рекомендательных 0,000000 0,000000
конфликте 0,076161 0,076161
теоретически 5,010635 5,010635
продолжая 0,047791 0,047791
работает 0,040822 0,040822
увлекательные 0,047791 0,047791
технический 5,010635 5,010635
переговоры 0,054808 0,054808
энергетики 2,445686 2,445686
разные 3,401197 3,401197
конфиденциальностиправила 0,000000 0,000000
бонусы 0,047791 0,095581
политикой 0,047791 0,047791
соблюдением 3,064725 12,258901
маккартни 0,097980 0,097980
отметил 1,791759 1,791759
жильцы 0,076161 0,076161
жизни 0,000000 0,000000
совершает 5,010635 5,010635
посредниками 5,010635 5,010635
забота 0,000000 0,000000
сбер 0,040822 0,040822
пожаловать 0,013423 0,013423
использованияполитика 0,000000 0,000000
которые 1,181994 1,181994
возможно 2,813411 2,813411
шаги 3,218876 3,218876
инфраструктуры 2,445686 4,891372
крупный 0,068993 0,068993
обозначил 3,624341 3,624341
регионам 0,076161 0,076161
крупным 0,076161 0,076161
туристку 0,076161 0,076161
это 0,020203 0,040405
энергетической 2,445686 2,445686
объектам 2,525729 5,051457
предположил 3,912023 3,912023
победа 0,000000 0,000000
ответственность 3,218876 3,218876
идеи 2,813411 2,813411
остались 0,061875 0,061875
две 0,033902 0,033902
остановки 3,401197 3,401197
страна 1,714798 1,714798
президент 1,347074 1,347074
мотор 0,000000 0,000000
обменивайте 0,047791 0,047791
опечатку 0,000000 0,000000
взять 3,401197 3,401197
сми 0,000000 0,000000
госдумы 2,813411 2,813411
оперативной 2,177422 2,177422
рады 0,068993 0,068993
ударов 2,302585 6,907755
инфраструктуре 2,445686 2,445686
новости 0,000000 0,000000
войти 0,000000 0,000000
место 0,054808 0,054808
функцию 4,317488 4,317488
акции 0,047791 0,047791
хорошие 0,013423 0,013423
мс 0,097980 0,097980
решение 2,302585 2,302585
рассказал 1,272966 1,272966
спутниковый 4,317488 4,317488
медитации 0,076161 0,076161
нарушения 3,912023 3,912023
экономика 0,000000 0,000000
силами 3,624341 3,624341
уход 0,076161 0,076161
безусловно 2,708050 2,708050
объект 3,401197 3,401197
могли 2,371578 2,371578
прибыл 0,083382 0,083382
спецпроекты 0,000000 0,000000
путин 1,203973 2,407946
владимир 1,373049 1,373049
высказались 3,064725 6,129450
кошечкина 3,624341 3,624341
реальный 0,013423 0,013423
игры 0,000000 0,000000
переговорного 5,010635 5,010635
швыткин 5,010635 15,031906
техника 0,000000 0,000000
ссср 0,000000 0,000000
допустил 3,401197 6,802395
всу 1,373049 5,492197
правды 0,068993 0,068993
условий 2,813411 2,813411
трампа 0,054808 0,054808
тысячи 0,068993 0,068993
идти 2,813411 2,813411
отвел 0,076161 0,076161
предрек 0,076161 0,076161
принимать 3,912023 3,912023
марта 0,040822 0,040822
городе 0,061875 0,061875
огня 1,678431 1,678431
главное 0,000000 0,000000
информации 1,919593 1,919593
стадии 3,912023 3,912023
большим 2,931194 2,931194
реакций 0,047791 0,047791
летнего 0,097980 0,097980
заявили 0,076161 0,076161
фронта 3,401197 3,401197
реакции 0,047791 0,047791
находятся 2,708050 2,708050
мини 0,000000 0,000000
перевооружения 3,912023 3,912023
видеть 0,013423 0,013423
изнасиловал 0,076161 0,076161
самым 1,966113 1,966113
наука 0,000000 0,000000
обсуждения 3,401197 3,401197
