сочтут 5,010635 5,010635
историей 4,317488 4,317488
обнаружит 5,010635 5,010635
ру 0,000000 0,000000
блиндаже 5,010635 5,010635
нашлось 4,317488 4,317488
газете 3,624341 3,624341
рассказ 4,317488 4,317488
день 1,544899 1,544899
офицерское 5,010635 5,010635
этому 2,238047 2,238047
ходулях 5,010635 10,021271
стал 1,203973 2,407946
целом 3,064725 3,064725
авиационную 4,317488 8,634976
некоторых 2,708050 2,708050
искусственная 4,317488 4,317488
опрятностью 5,010635 5,010635
командира 3,218876 3,218876
загорелся 5,010635 5,010635
народный 4,317488 4,317488
народным 4,317488 4,317488
людей 1,455287 4,365862
какими 3,218876 3,218876
пол 3,401197 3,401197
долги 5,010635 5,010635
таких 2,177422 2,177422
пикирующий 5,010635 5,010635
пусть 3,912023 3,912023
отмечаться 5,010635 5,010635
лично 3,064725 3,064725
очевидно 3,912023 3,912023
подробный 4,317488 4,317488
одна 1,875141 3,750282
новгородских 5,010635 5,010635
немного 2,813411 8,440232
лес 3,912023 3,912023
скромно 5,010635 5,010635
сгибались 5,010635 5,010635
вспоминал 3,401197 3,401197
ноги 3,401197 6,802395
узнал 3,218876 6,437752
сложнее 5,010635 5,010635
звезды 2,371578 2,371578
оказалось 2,177422 2,177422
каменченко 5,010635 5,010635
технологиймини 0,000000 0,000000
самолетик 5,010635 5,010635
подобрали 4,317488 4,317488
асы 5,010635 10,021271
командному 5,010635 5,010635
назвал 1,347074 1,347074
делал 4,317488 4,317488
процессе 4,317488 4,317488
китаец 5,010635 5,010635
войной 3,624341 3,624341
училище 3,624341 7,248682
коридоре 5,010635 10,021271
нажмите 0,000000 0,000000
длинное 5,010635 5,010635
шаг 3,064725 6,129450
своей 2,066196 4,132393
дело 2,120264 2,120264
своем 1,919593 1,919593
весьма 3,064725 3,064725
врага 3,401197 6,802395
числов 5,010635 5,010635
опытный 3,624341 3,624341
карман 5,010635 5,010635
изменил 4,317488 4,317488
книжка 5,010635 5,010635
мессерами 5,010635 5,010635
жители 2,302585 2,302585
каждом 3,912023 3,912023
поверить 4,317488 8,634976
командование 3,912023 3,912023
состоялся 2,931194 2,931194
крови 2,931194 5,862388
фабрично 4,317488 4,317488
путешествия 0,000000 0,000000
каждое 4,317488 4,317488
сильным 3,624341 3,624341
подозревало 5,010635 5,010635
территории 1,919593 1,919593
началу 4,317488 4,317488
волжском 5,010635 5,010635
шасси 5,010635 5,010635
слежавшейся 5,010635 5,010635
распорядившемуся 5,010635 5,010635
прыгал 5,010635 5,010635
шансов 3,401197 3,401197
проекта 3,064725 3,064725
ногами 3,912023 15,648092
амортизировали 5,010635 5,010635
раненого 5,010635 5,010635
нашли 0,000000 0,000000
одной 1,514128 3,028255
рвал 5,010635 10,021271
придя 5,010635 5,010635
прилетевший 5,010635 5,010635
брежневу 4,317488 4,317488
прием 3,218876 3,218876
вернется 3,912023 3,912023
повествования 5,010635 5,010635
лучшей 2,813411 2,813411
снова 2,813411 5,626821
рассказывает 2,612740 2,612740
сначала 2,445686 2,445686
отбиться 5,010635 5,010635
раздроблены 5,010635 5,010635
начать 2,445686 2,445686
сахалине 5,010635 5,010635
юнкерс 5,010635 5,010635
часа 2,371578 2,371578
книжку 5,010635 5,010635
боевым 4,317488 4,317488
суставами 5,010635 5,010635
курской 1,832581 1,832581
однажды 3,624341 10,873023
ног 3,401197 17,005987
небом 5,010635 5,010635
куйбышева 5,010635 5,010635
нищета 4,317488 4,317488
стерильные 5,010635 5,010635
летия 3,912023 3,912023
ближайшее 3,401197 3,401197
однако 1,249435 6,247176
представляет 4,317488 4,317488
маневренностью 5,010635 5,010635
шока 5,010635 5,010635
согласен 5,010635 5,010635
посвященного 5,010635 5,010635
победу 3,401197 3,401197
следующем 4,317488 4,317488
перевернул 5,010635 5,010635
июня 2,612740 2,612740
цк 3,912023 7,824046
случайно 3,912023 3,912023
победы 3,401197 3,401197
танцевал 5,010635 5,010635
отказ 3,401197 3,401197
уверенно 4,317488 4,317488
усилиями 3,912023 3,912023
медики 3,912023 3,912023
крепкий 3,624341 3,624341
получил 2,120264 8,481054
стороны 1,643339 3,286679
специальность 5,010635 5,010635
здоровья 2,813411 2,813411
трехмоторный 5,010635 5,010635
ближайший 4,317488 4,317488
врачебная 5,010635 5,010635
известной 3,401197 3,401197
дехтяренко 5,010635 5,010635
полностью 2,525729 2,525729
прошли 3,401197 3,401197
увечий 5,010635 5,010635
узнает 3,401197 3,401197
разорвал 5,010635 5,010635
ночлег 5,010635 5,010635
терпел 5,010635 5,010635
ступни 5,010635 5,010635
июне 3,624341 3,624341
самостоятельный 3,912023 3,912023
контролировать 3,624341 3,624341
самолета 3,218876 9,656627
звуками 5,010635 5,010635
халхин 5,010635 5,010635
упрямого 5,010635 5,010635
часть 1,919593 5,758779
лесоповал 5,010635 5,010635
ишак 5,010635 5,010635
самолет 3,401197 37,413171
газеты 3,624341 3,624341
единого 4,317488 4,317488
едва 2,177422 2,177422
ателье 5,010635 5,010635
тоненькой 5,010635 5,010635
немец 3,912023 3,912023
финиша 5,010635 5,010635
последним 3,624341 3,624341
реагировал 5,010635 5,010635
архив 0,000000 0,000000
части 2,014903 2,014903
погрузит 5,010635 5,010635
июля 2,813411 11,253643
беспомощного 5,010635 5,010635
добраться 3,218876 3,218876
своевременно 3,912023 3,912023
стороне 3,912023 3,912023
описание 3,624341 3,624341
русского 3,912023 3,912023
говорил 2,708050 2,708050
машин 3,064725 6,129450
комитета 2,813411 2,813411
шел 3,624341 3,624341
лесу 3,912023 3,912023
отказать 5,010635 5,010635
авиационный 5,010635 10,021271
полетов 3,401197 3,401197
терял 5,010635 10,021271
написал 2,525729 5,051457
лаптежниками 5,010635 5,010635
ножницами 5,010635 5,010635
взрослых 3,218876 3,218876
хотел 2,931194 2,931194
июле 4,317488 4,317488
алеша 5,010635 10,021271
расчистили 5,010635 5,010635
оставил 4,317488 4,317488
очерку 5,010635 5,010635
амуре 5,010635 10,021271
леса 3,218876 6,437752
авиацию 4,317488 25,904929
трудно 3,401197 3,401197
берлоги 5,010635 5,010635
российской 2,014903 4,029806
патрулирование 5,010635 5,010635
фотографией 5,010635 5,010635
мессершмитт 5,010635 5,010635
тюрем 5,010635 5,010635
ноябре 2,813411 2,813411
удачно 3,218876 3,218876
местная 3,912023 3,912023
надежде 5,010635 5,010635
армии 2,612740 2,612740
реальной 5,010635 5,010635
костылями 5,010635 5,010635
тяжелыми 3,912023 3,912023
претензий 5,010635 5,010635
выживший 5,010635 5,010635
будут 1,919593 1,919593
текст 5,010635 5,010635
ноября 2,525729 2,525729
лучших 2,931194 2,931194
страшно 3,401197 3,401197
воздухе 3,912023 7,824046
летчик 3,401197 37,413171
авиации 3,064725 6,129450
полетом 4,317488 4,317488
боях 2,813411 2,813411
наоборот 2,813411 5,626821
помешало 5,010635 5,010635
стопа 5,010635 5,010635
перейти 3,064725 3,064725
жизни 0,000000 0,000000
прокофьев 5,010635 5,010635
называли 2,931194 5,862388
нужно 1,791759 3,583519
обхода 5,010635 5,010635
бить 2,931194 8,793581
одним 1,966113 7,864451
истребительную 5,010635 10,021271
патриотично 5,010635 5,010635
ркка 5,010635 10,021271
глухих 5,010635 5,010635
наших 2,708050 2,708050
пограничной 4,317488 4,317488
группа 2,813411 2,813411
стоны 5,010635 5,010635
сыновей 3,912023 3,912023
ответственность 3,218876 3,218876
этими 3,912023 3,912023
записавшихся 5,010635 5,010635
шанса 4,317488 4,317488
вырезанные 5,010635 5,010635
комиссия 3,624341 3,624341
характеристикам 5,010635 5,010635
подростка 3,912023 3,912023
большего 4,317488 4,317488
мотор 0,000000 0,000000
звания 4,317488 4,317488
званию 4,317488 4,317488
переломы 5,010635 5,010635
ткани 4,317488 4,317488
реабилитацию 5,010635 5,010635
первоначального 5,010635 5,010635
начнется 3,401197 3,401197
звание 2,931194 5,862388
жизнь 1,544899 7,724497
группы 2,238047 2,238047
театре 4,317488 4,317488
научиться 4,317488 12,952464
пистолета 4,317488 4,317488
зрительные 5,010635 5,010635
пулеметными 5,010635 5,010635
хорошие 0,013423 0,013423
недостатки 3,624341 3,624341
отстегнул 5,010635 5,010635
выходе 5,010635 5,010635
дальше 2,612740 2,612740
маршалу 4,317488 4,317488
целый 3,064725 3,064725
пилотирования 5,010635 5,010635
малярии 5,010635 5,010635
связно 5,010635 5,010635
правилам 5,010635 5,010635
шла 2,813411 2,813411
чистотой 5,010635 5,010635
дороге 3,624341 3,624341
приходили 3,401197 3,401197
красных 3,912023 3,912023
точно 3,064725 3,064725
предупреждали 5,010635 5,010635
коляска 5,010635 5,010635
сбить 5,010635 10,021271
почему 0,899761 0,899761
тренировки 3,912023 3,912023
беспримерного 5,010635 5,010635
сбиты 4,317488 4,317488
еды 3,401197 3,401197
хороший 3,912023 3,912023
авиашколу 5,010635 5,010635
приморской 5,010635 5,010635
летал 5,010635 5,010635
отрезал 5,010635 5,010635
могли 2,371578 2,371578
истребителе 5,010635 10,021271
прибыл 0,083382 0,083382
растут 3,912023 3,912023
области 1,399717 2,799435
почувствовать 5,010635 5,010635
педалям 5,010635 5,010635
поражавшего 5,010635 5,010635
представляя 5,010635 5,010635
испытывал 5,010635 5,010635
мальчишек 5,010635 5,010635
годов 2,612740 7,838220
пересматривал 5,010635 5,010635
согласовывал 5,010635 5,010635
истребителя 4,317488 8,634976
общим 4,317488 4,317488
истребитель 4,317488 17,269952
малярия 5,010635 5,010635
ежа 5,010635 5,010635
седьмой 4,317488 4,317488
малярию 5,010635 5,010635
ссср 0,000000 0,000000
ознакомился 3,912023 3,912023
мересьев 5,010635 5,010635
состоянии 2,813411 2,813411
типов 5,010635 5,010635
смирился 3,912023 3,912023
нашей 2,525729 7,577186
идти 2,813411 2,813411
нашел 2,612740 2,612740
навестить 5,010635 5,010635
як 5,010635 10,021271
слабый 5,010635 5,010635
сбивал 3,624341 7,248682
петрович 5,010635 5,010635
никто 2,302585 2,302585
оказались 2,525729 2,525729
операционную 5,010635 5,010635
летчику 5,010635 10,021271
специального 3,912023 3,912023
запискам 5,010635 5,010635
камповым 5,010635 5,010635
главной 3,064725 3,064725
московского 3,912023 3,912023
именно 1,875141 1,875141
главное 0,000000 0,000000
стонал 5,010635 10,021271
нового 2,371578 2,371578
фронтовым 4,317488 4,317488
выписывал 5,010635 5,010635
теребинский 5,010635 10,021271
ударную 5,010635 5,010635
мини 0,000000 0,000000
других 1,576648 4,729944
энтузиастами 5,010635 5,010635
фрицев 3,624341 7,248682
состоянию 3,218876 3,218876
противника 3,064725 6,129450
голову 4,317488 4,317488
англию 5,010635 5,010635
выписали 4,317488 4,317488
галлюцинации 3,912023 3,912023
отморожены 5,010635 5,010635
касательной 5,010635 5,010635
стонет 5,010635 5,010635
другими 2,931194 2,931194
воплощение 4,317488 4,317488
летать 4,317488 21,587441
вылет 4,317488 4,317488
линия 4,317488 4,317488
глухом 5,010635 5,010635
делали 5,010635 5,010635
спорт 0,000000 0,000000
кадочников 5,010635 5,010635
пилоты 3,912023 3,912023
высшего 4,317488 4,317488
линии 2,708050 2,708050
военное 3,624341 3,624341
сталинградской 4,317488 4,317488
наркозом 5,010635 5,010635
сказать 2,813411 2,813411
режимщиком 5,010635 5,010635
стало 1,181994 2,363988
голода 3,401197 3,401197
туберкулеза 5,010635 5,010635
боевого 4,317488 8,634976
основном 3,912023 3,912023
деревни 4,317488 8,634976
батайской 5,010635 5,010635
смысле 4,317488 4,317488
комсомольского 5,010635 5,010635
составе 3,624341 3,624341
мужают 5,010635 5,010635
сложилась 3,912023 3,912023
полет 4,317488 4,317488
заново 3,401197 3,401197
забылись 5,010635 5,010635
стали 1,514128 4,542383
немецкие 5,010635 5,010635
эскадрильи 5,010635 15,031906
составу 4,317488 4,317488
дальнейшую 5,010635 5,010635
опера 5,010635 5,010635
ели 3,912023 3,912023
работал 2,708050 5,416100
очерком 5,010635 5,010635
обитания 0,000000 0,000000
испании 3,912023 3,912023
немецким 5,010635 5,010635
высокой 3,401197 3,401197
цели 2,371578 2,371578
опере 5,010635 5,010635
немецких 4,317488 8,634976
оперу 5,010635 5,010635
столкнулась 3,218876 3,218876
авиаотряде 5,010635 5,010635
передал 3,624341 3,624341
впервые 1,919593 1,919593
фронтовой 5,010635 5,010635
композитор 5,010635 5,010635
разрешая 5,010635 5,010635
кислой 5,010635 5,010635
стоп 5,010635 5,010635
сражаться 4,317488 12,952464
еле 4,317488 4,317488
цель 3,218876 3,218876
человеке 4,317488 21,587441
тех 2,120264 4,240527
человека 2,177422 4,354844
давно 2,445686 2,445686
приезжала 5,010635 5,010635
факел 4,317488 4,317488
версия 3,912023 3,912023
тонул 5,010635 5,010635
бадер 5,010635 5,010635
табуреток 5,010635 5,010635
боялся 2,931194 2,931194
интернет 0,000000 0,000000
поля 4,317488 4,317488
рано 3,401197 3,401197
аккуратно 3,401197 3,401197
позвали 5,010635 5,010635
девушкой 3,624341 3,624341
мучительное 5,010635 5,010635
городком 5,010635 5,010635
работали 3,064725 3,064725
партийную 5,010635 5,010635
версии 3,218876 3,218876
присоединившегося 5,010635 5,010635
застал 3,401197 3,401197
носит 5,010635 5,010635
сражение 3,912023 3,912023
полк 5,010635 10,021271
считали 3,912023 3,912023
маресьев 5,010635 160,340329
работе 1,791759 1,791759
удостоены 5,010635 5,010635
убедить 3,624341 3,624341
поступил 3,624341 3,624341
распорядится 5,010635 5,010635
полз 5,010635 5,010635
маресьеву 5,010635 40,085082
избирался 5,010635 5,010635
работу 1,791759 1,791759
контуженый 5,010635 5,010635
положить 3,912023 3,912023
принесли 4,317488 4,317488
страшный 5,010635 10,021271
маресьеве 5,010635 5,010635
зря 4,317488 4,317488
фабзайцами 5,010635 5,010635
принесла 4,317488 4,317488
приближал 5,010635 5,010635
угробил 5,010635 5,010635
западного 3,624341 3,624341
направление 5,010635 5,010635
направлении 2,813411 2,813411
комсомольска 5,010635 5,010635
спрашивали 4,317488 8,634976
позволило 5,010635 5,010635
маресьева 5,010635 100,212706
добрались 4,317488 4,317488
сбитых 5,010635 5,010635
упорством 5,010635 10,021271
настороженно 5,010635 5,010635
полвека 2,931194 5,862388
неустойчив 5,010635 5,010635
сбитый 5,010635 10,021271
прощал 5,010635 5,010635
упорно 4,317488 4,317488
работы 1,455287 1,455287
миллионов 1,791759 1,791759
генеральному 4,317488 4,317488
больно 5,010635 10,021271
прошения 5,010635 5,010635
культурность 5,010635 5,010635
фортуна 4,317488 4,317488
кроме 1,427116 1,427116
экране 3,912023 3,912023
брата 2,525729 2,525729
вошло 4,317488 4,317488
войны 1,791759 12,542316
пережил 3,912023 3,912023
думали 4,317488 4,317488
каждая 3,624341 3,624341
успокоились 5,010635 5,010635
материалы 0,000000 0,000000
войну 3,218876 6,437752
крону 4,317488 4,317488
остальных 3,912023 3,912023
преследовать 4,317488 4,317488
впереди 3,624341 3,624341
дневнике 3,912023 3,912023
летное 4,317488 4,317488
мировую 3,064725 3,064725
пилотов 4,317488 8,634976
немцы 3,912023 7,824046
рождает 5,010635 5,010635
статьи 0,000000 0,000000
переступить 5,010635 5,010635
война 2,371578 7,114734
медсестра 4,317488 8,634976
приехавшего 5,010635 5,010635
несите 5,010635 5,010635
военно 3,401197 3,401197
бил 5,010635 5,010635
виражах 5,010635 5,010635
сбит 5,010635 5,010635
стула 3,912023 3,912023
культура 0,000000 0,000000
управлял 5,010635 5,010635
сталинскую 5,010635 5,010635
табуретки 5,010635 5,010635
преодолеть 3,912023 3,912023
сбил 4,317488 4,317488
чутко 5,010635 5,010635
стуле 5,010635 5,010635
сообщили 2,177422 2,177422
кобуре 5,010635 5,010635
страдал 5,010635 5,010635
статья 3,912023 3,912023
сбив 5,010635 5,010635
ранения 3,401197 6,802395
отправили 2,708050 8,124151
инструктором 5,010635 5,010635
одолеть 5,010635 5,010635
добивался 4,317488 4,317488
порвалась 5,010635 5,010635
удалось 1,714798 5,144395
мной 2,931194 5,862388
мировой 2,445686 2,445686
строить 5,010635 5,010635
многим 3,218876 3,218876
заменен 5,010635 5,010635
великолепной 5,010635 5,010635
семерки 5,010635 5,010635
волге 5,010635 5,010635
касалось 5,010635 5,010635
многие 1,714798 3,429597
снят 3,912023 3,912023
выполнял 4,317488 4,317488
приехали 4,317488 4,317488
пилот 2,813411 8,440232
ответственным 3,912023 3,912023
деревянными 5,010635 5,010635
разу 3,912023 3,912023
застежка 5,010635 5,010635
освоились 5,010635 5,010635
ишака 5,010635 10,021271
сделать 2,371578 2,371578
взял 3,064725 6,129450
кинжалом 5,010635 5,010635
нюрнбергском 5,010635 5,010635
спортом 3,912023 3,912023
основана 5,010635 5,010635
легче 3,218876 3,218876
красной 3,401197 3,401197
спиртного 5,010635 5,010635
можем 4,317488 4,317488
бесперспективным 4,317488 4,317488
фразы 5,010635 5,010635
довоенный 5,010635 5,010635
героем 3,064725 9,194175
раза 2,525729 5,051457
воля 3,912023 3,912023
встретили 3,912023 3,912023
времени 1,919593 1,919593
год 1,714798 1,714798
пилотировать 5,010635 5,010635
шатуна 5,010635 5,010635
петровича 5,010635 5,010635
андрей 3,064725 3,064725
мать 2,813411 5,626821
анекдотами 5,010635 5,010635
использованияполитика 0,000000 0,000000
выхлопотали 5,010635 5,010635
маресьевиз 5,010635 5,010635
вопросов 3,064725 3,064725
несколькими 5,010635 5,010635
мая 2,931194 8,793581
ильенковым 5,010635 5,010635
расположили 5,010635 5,010635
девчонок 4,317488 4,317488
публикацией 5,010635 5,010635
воли 2,302585 4,605170
крупный 0,068993 0,068993
прочел 5,010635 5,010635
пистолет 5,010635 5,010635
антона 5,010635 5,010635
семь 2,813411 5,626821
юности 4,317488 4,317488
приз 5,010635 5,010635
критический 5,010635 5,010635
непоколебимой 5,010635 5,010635
самой 2,525729 2,525729
советского 2,371578 16,601046
несовпадений 5,010635 5,010635
сформировались 4,317488 4,317488
пилотирует 5,010635 5,010635
петр 3,624341 3,624341
полубессознательном 5,010635 5,010635
кресло 5,010635 5,010635
сразу 2,066196 2,066196
той 2,931194 2,931194
оттуда 3,401197 3,401197
создать 2,612740 2,612740
слабое 5,010635 5,010635
тылу 3,064725 3,064725
кадочниковым 5,010635 5,010635
вместе 1,514128 3,028255
битве 4,317488 4,317488
рассказывать 5,010635 5,010635
облегчить 5,010635 5,010635
руки 2,813411 2,813411
военным 2,708050 2,708050
праздника 4,317488 4,317488
отправить 3,218876 3,218876
десяти 3,624341 3,624341
продолжить 5,010635 5,010635
рассказал 1,272966 2,545931
проходить 3,912023 7,824046
накануне 2,238047 2,238047
село 3,401197 3,401197
костюма 5,010635 5,010635
живого 4,317488 12,952464
изобразил 5,010635 5,010635
тростью 5,010635 5,010635
физическую 5,010635 5,010635
военный 2,525729 2,525729
устный 5,010635 5,010635
истории 1,966113 5,898339
авиаполка 5,010635 5,010635
протезы 5,010635 15,031906
селе 4,317488 4,317488
экономика 0,000000 0,000000
совершенно 2,813411 2,813411
крысой 5,010635 5,010635
фамилии 3,912023 7,824046
высшую 5,010635 5,010635
александру 5,010635 5,010635
ложась 5,010635 5,010635
союза 2,302585 9,210340
рамках 2,371578 2,371578
проще 3,624341 3,624341
десять 3,064725 9,194175
оспаривал 5,010635 5,010635
премию 3,912023 3,912023
трагедией 5,010635 5,010635
вылетам 5,010635 5,010635
летчиков 4,317488 8,634976
вечерам 3,912023 3,912023
историю 2,525729 2,525729
школу 3,624341 14,497364
алексея 3,624341 36,243409
алексею 4,317488 8,634976
раненому 5,010635 5,010635
совершил 3,912023 3,912023
вскоре 2,302585 2,302585
летчиком 4,317488 8,634976
звезда 2,612740 2,612740
школы 3,218876 9,656627
дуглас 5,010635 5,010635
полевого 4,317488 8,634976
фамилию 5,010635 5,010635
хриплым 5,010635 5,010635
начинал 5,010635 5,010635
либо 1,919593 1,919593
военных 1,966113 1,966113
бои 2,813411 2,813411
командир 3,218876 9,656627
бой 3,401197 6,802395
реальный 0,013423 0,013423
допускали 5,010635 5,010635
сохранил 3,912023 3,912023
тысячи 0,068993 0,068993
реальных 5,010635 5,010635
выздоравливавших 5,010635 5,010635
голод 4,317488 8,634976
бою 3,218876 9,656627
ведомого 5,010635 5,010635
боя 3,401197 10,203592
первое 2,612740 2,612740
казалось 2,708050 2,708050
люфтваффе 5,010635 5,010635
алексей 1,919593 21,115521
кпсс 3,912023 7,824046
болел 4,317488 4,317488
холода 3,912023 3,912023
бипланом 5,010635 5,010635
определявшая 5,010635 5,010635
фильм 2,813411 2,813411
фронте 3,218876 3,218876
местах 3,912023 3,912023
болезненного 5,010635 5,010635
любовная 5,010635 5,010635
днях 5,010635 5,010635
ревматизмом 5,010635 5,010635
фронта 3,401197 10,203592
самолетами 5,010635 5,010635
шестого 4,317488 4,317488
учащихся 4,317488 4,317488
отдавались 5,010635 5,010635
своих 2,177422 6,532266
видеть 0,013423 0,013423
секретарем 3,912023 3,912023
отважном 5,010635 5,010635
принимал 4,317488 4,317488
рыбалку 5,010635 5,010635
санатории 5,010635 5,010635
санаторий 3,912023 3,912023
принято 3,064725 3,064725
своим 2,445686 9,782744
второй 2,066196 2,066196
окончил 4,317488 4,317488
многих 3,401197 3,401197
серийным 5,010635 5,010635
должок 3,624341 7,248682
специальный 3,401197 3,401197
читинскую 5,010635 5,010635
протезом 5,010635 5,010635
павловича 5,010635 5,010635
образ 2,525729 2,525729
старенький 5,010635 10,021271
новые 0,000000 0,000000
детство 4,317488 4,317488
служить 5,010635 5,010635
гагарина 3,401197 3,401197
грохнулись 5,010635 5,010635
получили 2,813411 2,813411
леониду 4,317488 4,317488
добро 0,013423 0,013423
послевоенная 5,010635 5,010635
менее 2,014903 2,014903
важный 4,317488 4,317488
умение 3,064725 3,064725
пришлось 2,371578 2,371578
должно 3,624341 3,624341
батайск 5,010635 5,010635
вернул 4,317488 4,317488
решили 3,064725 6,129450
первой 2,612740 2,612740
гвардейский 4,317488 4,317488
удара 5,010635 5,010635
предстояло 5,010635 15,031906
знакомство 4,317488 4,317488
напишет 4,317488 4,317488
александр 1,832581 1,832581
остался 2,931194 5,862388
невероятным 5,010635 5,010635
первом 3,064725 3,064725
лишившийся 5,010635 5,010635
добра 0,013423 0,026846
должны 2,066196 2,066196
сражается 5,010635 5,010635
секретарю 4,317488 4,317488
словам 1,272966 2,545931
месяцев 2,708050 2,708050
добился 3,912023 3,912023
застрелить 5,010635 5,010635
контузия 5,010635 5,010635
гангрена 5,010635 10,021271
ходьбе 5,010635 5,010635
фигуры 4,317488 4,317488
силы 2,177422 2,177422
й 2,612740 7,838220
сталина 3,912023 3,912023
обычном 5,010635 5,010635
уберегла 5,010635 5,010635
тяжелейшие 5,010635 5,010635
дошили 5,010635 5,010635
силу 3,401197 3,401197
оставят 5,010635 5,010635
ошибок 4,317488 4,317488
течение 2,120264 2,120264
стройку 5,010635 5,010635
х 2,177422 6,532266
любви 3,218876 3,218876
своенравный 5,010635 5,010635
земля 3,218876 3,218876
прочно 5,010635 5,010635
ю 5,010635 15,031906
корреспондентом 4,317488 8,634976
больному 5,010635 5,010635
понравилась 5,010635 5,010635
доставит 5,010635 5,010635
награждении 4,317488 4,317488
саратовской 4,317488 4,317488
укол 5,010635 5,010635
мир 0,000000 0,000000
доставил 3,624341 3,624341
каких 2,612740 2,612740
шестью 4,317488 4,317488
ползти 5,010635 5,010635
назначен 4,317488 4,317488
пилотажа 5,010635 5,010635
осмотров 5,010635 5,010635
множественные 5,010635 5,010635
решила 3,401197 3,401197
радиопостановки 5,010635 5,010635
авиатора 5,010635 5,010635
тюрьма 4,317488 4,317488
бывший 0,000000 0,000000
время 0,762140 5,334980
выстрелил 4,317488 4,317488
единственный 4,317488 4,317488
забыть 3,624341 3,624341
сознании 3,912023 3,912023
ооо 0,000000 0,000000
ранен 3,912023 3,912023
деактивирована 0,013423 0,013423
сознание 3,624341 14,497364
подробно 4,317488 4,317488
боев 3,912023 3,912023
рыковское 5,010635 5,010635
уступал 5,010635 5,010635
начальник 2,931194 2,931194
шатун 5,010635 5,010635
тяжелораненому 5,010635 5,010635
протезов 5,010635 5,010635
фронт 3,624341 3,624341
рыковском 5,010635 5,010635
структуры 0,000000 0,000000
сергей 2,708050 2,708050
господство 5,010635 5,010635
раздробленными 5,010635 5,010635
фабзавуч 5,010635 5,010635
город 2,445686 2,445686
хочешь 0,013423 0,013423
символом 3,401197 3,401197
зачислен 5,010635 5,010635
изменена 5,010635 5,010635
симуляторами 5,010635 5,010635
погибнуть 4,317488 4,317488
обычную 0,013423 0,013423
отец 2,177422 4,354844
тайгу 5,010635 5,010635
шанс 3,912023 7,824046
мотористом 5,010635 5,010635
сложен 5,010635 5,010635
переносном 5,010635 5,010635
гражданского 4,317488 4,317488
первую 2,238047 2,238047
двигался 5,010635 5,010635
своего 2,238047 4,476093
тайге 3,912023 3,912023
разбуженный 5,010635 5,010635
галереи 0,000000 0,000000
счету 3,624341 7,248682
задача 3,912023 3,912023
хотя 2,445686 2,445686
последствий 3,218876 3,218876
комсомольск 5,010635 5,010635
счет 2,931194 5,862388
опоры 5,010635 5,010635
такова 5,010635 5,010635
обладал 5,010635 5,010635
тяжелые 3,401197 3,401197
голодный 5,010635 5,010635
пошло 5,010635 5,010635
отправлял 5,010635 5,010635
храбрый 5,010635 5,010635
болью 4,317488 4,317488
паренька 5,010635 5,010635
мысли 3,624341 3,624341
сына 3,218876 6,437752
землей 3,912023 3,912023
профпригодности 5,010635 5,010635
раненые 4,317488 4,317488
павлом 5,010635 5,010635
доучился 5,010635 5,010635
дуге 5,010635 5,010635
падать 4,317488 4,317488
редакциярекламаконтактыпресс 0,000000 0,000000
революция 4,317488 4,317488
всей 2,238047 2,238047
видел 3,912023 3,912023
военкора 5,010635 5,010635
всем 1,966113 3,932226
видео 0,000000 0,000000
переходил 5,010635 5,010635
обеих 3,624341 18,121705
понадобилось 5,010635 5,010635
комсомольцев 5,010635 5,010635
сильно 2,445686 2,445686
ходил 3,624341 3,624341
курсантов 4,317488 4,317488
помощи 2,302585 2,302585
машины 2,612740 2,612740
семеро 4,317488 4,317488
прожил 4,317488 4,317488
хирург 3,912023 3,912023
нескольких 2,708050 2,708050
мужества 5,010635 5,010635
лишь 2,238047 4,476093
мог 2,302585 6,907755
дополз 5,010635 5,010635
решил 2,708050 2,708050
момент 1,714798 3,429597
носилках 5,010635 5,010635
смог 2,612740 7,838220
районе 2,708050 2,708050
коньках 5,010635 5,010635
спине 5,010635 5,010635
посетил 3,912023 3,912023
среда 0,000000 0,000000
делать 1,966113 1,966113
услышали 5,010635 5,010635
среде 3,912023 3,912023
испытание 4,317488 4,317488
существовавшего 5,010635 5,010635
сидя 5,010635 10,021271
полевой 5,010635 25,053176
эксклюзивы 0,000000 0,000000
зачислили 5,010635 5,010635
преимущество 3,912023 3,912023
русской 3,624341 3,624341
катался 5,010635 5,010635
потребовалось 3,912023 3,912023
невредимыми 5,010635 5,010635
больными 5,010635 5,010635
началась 2,813411 2,813411
смерть 2,612740 5,225480
позже 1,919593 1,919593
закончилась 3,624341 3,624341
опыт 3,218876 3,218876
ловко 5,010635 5,010635
особенно 2,302585 2,302585
крысу 5,010635 5,010635
эта 2,120264 2,120264
катером 5,010635 5,010635
дал 2,238047 2,238047
должен 2,371578 4,743156
заледеневшего 5,010635 5,010635
искусственные 5,010635 5,010635
утром 2,612740 2,612740
подобные 2,931194 2,931194
которое 2,371578 4,743156
конфиденциальностиправила 0,000000 0,000000
которой 2,120264 4,240527
спасали 4,317488 4,317488
нивелировать 5,010635 5,010635
жизней 4,317488 4,317488
котором 2,238047 2,238047
операции 1,714798 1,714798
воздушном 4,317488 8,634976
слуховые 5,010635 5,010635
придумана 5,010635 5,010635
писателем 5,010635 5,010635
повести 5,010635 25,053176
немецкими 5,010635 5,010635
стать 1,875141 3,750282
любимца 5,010635 5,010635
хвалеными 5,010635 5,010635
отчаянии 5,010635 5,010635
перекладины 5,010635 5,010635
воздушное 5,010635 5,010635
деревьев 3,912023 3,912023
невозможное 5,010635 5,010635
тяжелую 4,317488 4,317488
предсмертные 4,317488 4,317488
имел 3,401197 3,401197
упрямцу 5,010635 5,010635
результате 2,238047 2,238047
раньше 2,371578 2,371578
считавшийся 5,010635 5,010635
красная 3,401197 3,401197
полку 5,010635 5,010635
автомобилем 5,010635 5,010635
подразделение 4,317488 4,317488
операция 2,708050 5,416100
камешек 5,010635 5,010635
которого 1,875141 3,750282
массовый 5,010635 5,010635
это 0,020203 0,202027
легендарный 3,401197 3,401197
этим 2,302585 2,302585
станет 2,708050 2,708050
фабзаяц 5,010635 5,010635
прямом 3,912023 3,912023
преимущества 3,624341 3,624341
фольклор 5,010635 5,010635
две 0,033902 0,033902
упал 3,912023 7,824046
вполне 2,813411 5,626821
тяга 3,912023 3,912023
сахалинских 5,010635 5,010635
чехов 5,010635 5,010635
карповича 5,010635 5,010635
пилотам 5,010635 5,010635
инфаркта 3,912023 3,912023
бориса 3,401197 6,802395
сумел 5,010635 5,010635
повесть 5,010635 20,042541
статьей 4,317488 4,317488
медиков 5,010635 5,010635
вернулось 5,010635 10,021271
новости 0,000000 0,000000
рычанием 5,010635 5,010635
войти 0,000000 0,000000
гранатой 5,010635 5,010635
построили 4,317488 4,317488
заражение 3,912023 7,824046
лесозаводе 5,010635 10,021271
сопьюсь 5,010635 5,010635
рассказывал 4,317488 4,317488
вышла 2,371578 2,371578
отключены 1,576648 1,576648
деревней 5,010635 5,010635
звук 4,317488 4,317488
голеностопе 5,010635 5,010635
первых 2,612740 5,225480
жзл 3,401197 3,401197
судьба 3,218876 3,218876
отвезти 5,010635 5,010635
невыполнимая 5,010635 5,010635
кремлевской 5,010635 5,010635
восток 4,317488 8,634976
буква 5,010635 5,010635
годовщине 5,010635 5,010635
ножницы 5,010635 5,010635
василием 5,010635 5,010635
периодически 3,218876 3,218876
зажжения 5,010635 5,010635
вернулся 2,371578 9,486312
увидел 3,064725 3,064725
жив 4,317488 8,634976
полка 3,912023 3,912023
старших 4,317488 4,317488
загоняйте 5,010635 5,010635
удался 5,010635 5,010635
бомбардировщик 5,010635 5,010635
живыми 4,317488 4,317488
обучения 4,317488 4,317488
молодых 3,401197 3,401197
валдаем 5,010635 5,010635
осложненную 5,010635 5,010635
книгой 5,010635 5,010635
воюют 3,912023 3,912023
ждать 2,813411 2,813411
догадываться 5,010635 5,010635
затем 1,875141 9,375705
спецпроекты 0,000000 0,000000
обычным 3,624341 3,624341
вонью 5,010635 5,010635
очередями 5,010635 5,010635
контрнаступление 5,010635 5,010635
сталин 4,317488 8,634976
лесозаводу 5,010635 5,010635
вооружением 5,010635 5,010635
судьбу 3,912023 3,912023
находящегося 5,010635 5,010635
программу 3,912023 3,912023
первый 1,832581 7,330326
игры 0,000000 0,000000
ученичества 5,010635 5,010635
февраля 1,272966 1,272966
техника 0,000000 0,000000
полете 4,317488 4,317488
обязательный 5,010635 5,010635
практически 2,525729 2,525729
февраль 5,010635 5,010635
токаря 5,010635 10,021271
выполнена 5,010635 5,010635
технике 3,912023 3,912023
бараки 5,010635 5,010635
воспоминаний 4,317488 4,317488
самых 1,609438 1,609438
бегал 4,317488 4,317488
поскольку 2,238047 2,238047
возвращения 2,445686 2,445686
дополнительной 4,317488 4,317488
пришел 2,813411 2,813411
вылете 5,010635 5,010635
повседневной 4,317488 4,317488
записал 3,912023 3,912023
сахалинском 5,010635 5,010635
кончена 5,010635 5,010635
имя 2,708050 2,708050
берутся 5,010635 5,010635
биплан 5,010635 5,010635
обстоятельствами 4,317488 4,317488
верхушки 5,010635 5,010635
личность 3,912023 3,912023
заготовку 5,010635 5,010635
лесах 5,010635 5,010635
следовало 3,912023 11,736069
суток 3,401197 6,802395
встретился 3,912023 3,912023
терпения 5,010635 5,010635
самый 2,525729 2,525729
требовало 5,010635 5,010635
ревматизм 5,010635 5,010635
камышин 5,010635 10,021271
возникало 5,010635 5,010635
успешно 2,813411 5,626821
самые 1,832581 1,832581
боевой 5,010635 15,031906
лента 0,000000 0,000000
валериана 5,010635 5,010635
боевом 5,010635 10,021271
черный 5,010635 5,010635
угол 5,010635 5,010635
зимний 5,010635 5,010635
защитил 5,010635 5,010635
установив 5,010635 5,010635
посмотрел 3,624341 3,624341
страдание 5,010635 5,010635
показалась 5,010635 5,010635
свидетельство 4,317488 4,317488
феноменальной 5,010635 5,010635
жми 0,013423 0,013423
роли 3,401197 3,401197
безногие 5,010635 5,010635
тренировок 4,317488 4,317488
летчики 3,624341 3,624341
присвоено 5,010635 5,010635
снегу 5,010635 10,021271
летчике 5,010635 25,053176
приехал 2,612740 2,612740
сдвигать 5,010635 5,010635
страдания 5,010635 5,010635
рассылал 5,010635 5,010635
страницы 3,624341 3,624341
вообще 2,813411 2,813411
ленту 0,013423 0,013423
сами 3,064725 6,129450
либретто 5,010635 5,010635
тяжелораненый 5,010635 5,010635
заставит 4,317488 4,317488
небу 5,010635 5,010635
сделав 5,010635 5,010635
малейшее 5,010635 5,010635
ленты 1,678431 1,678431
летчика 5,010635 35,074447
наши 2,177422 2,177422
передо 3,401197 6,802395
сказал 2,525729 5,051457
дать 3,624341 7,248682
наметил 5,010635 5,010635
некоторое 3,218876 3,218876
нужен 4,317488 4,317488
небе 2,931194 2,931194
применения 0,000000 0,000000
английский 5,010635 5,010635
госпитале 5,010635 10,021271
смысл 3,912023 3,912023
палату 5,010635 5,010635
ценности 0,000000 0,000000
поняли 3,218876 3,218876
вел 3,912023 3,912023
спасло 3,218876 3,218876
увечья 4,317488 4,317488
юрия 3,624341 3,624341
инвалид 5,010635 5,010635
обезболивающий 5,010635 5,010635
ольгой 5,010635 5,010635
прозвали 3,624341 3,624341
известно 1,297063 1,297063
откачивали 5,010635 5,010635
скорости 3,624341 3,624341
мальчишки 5,010635 5,010635
запретят 5,010635 5,010635
губернии 5,010635 5,010635
вернуться 0,013423 0,093961
культи 5,010635 5,010635
сугроб 5,010635 5,010635
барьер 5,010635 5,010635
процентов 1,875141 1,875141
горе 4,317488 4,317488
погибшим 4,317488 8,634976
приоритета 5,010635 5,010635
товарища 4,317488 8,634976
откуда 3,064725 3,064725
безногому 5,010635 5,010635
порог 4,317488 4,317488
просто 1,678431 8,392154
профессор 4,317488 8,634976
перспектив 4,317488 4,317488
заводского 5,010635 5,010635
ждут 4,317488 4,317488
лежа 5,010635 5,010635
которую 2,708050 2,708050
разрешения 4,317488 4,317488
неровность 5,010635 5,010635
фашистами 4,317488 8,634976
россия 0,000000 0,000000
церемонии 4,317488 4,317488
го 2,302585 2,302585
маневренности 5,010635 10,021271
странно 4,317488 4,317488
конца 2,708050 2,708050
инвалида 2,931194 2,931194
выдержал 5,010635 5,010635
свой 2,177422 4,354844
особиста 5,010635 5,010635
истребительный 5,010635 10,021271
свое 2,525729 2,525729
годности 5,010635 5,010635
прооперировал 5,010635 5,010635
упражнением 5,010635 5,010635
хромая 5,010635 5,010635
госпиталь 5,010635 15,031906
произошло 2,445686 2,445686
пара 3,912023 3,912023
журнал 4,317488 4,317488
приноровиться 5,010635 5,010635
правильно 2,813411 2,813411
серой 4,317488 4,317488
комбинезон 3,912023 11,736069
целился 5,010635 5,010635
щадила 5,010635 5,010635
рождения 3,218876 3,218876
новикову 5,010635 5,010635
отшучивался 5,010635 5,010635
педалей 5,010635 5,010635
началось 3,218876 6,437752
подробней 5,010635 5,010635
интересно 2,813411 2,813411
яманова 5,010635 5,010635
тяжело 2,931194 5,862388
утро 4,317488 8,634976
перемещение 5,010635 5,010635
упорного 5,010635 5,010635
поволжье 5,010635 10,021271
неубиравшихся 5,010635 5,010635
учебных 4,317488 4,317488
журнала 3,624341 3,624341
поставив 4,317488 4,317488
тощий 5,010635 5,010635
полевым 5,010635 10,021271
депутатом 5,010635 5,010635
дежурного 4,317488 4,317488
скромный 5,010635 5,010635
истребителям 5,010635 5,010635
борисом 4,317488 4,317488
преувеличивать 5,010635 5,010635
умел 3,912023 3,912023
переложил 5,010635 5,010635
умер 2,708050 5,416100
строго 3,912023 3,912023
грубыми 5,010635 5,010635
диссертацию 5,010635 5,010635
аэродрома 5,010635 5,010635
двигаться 3,401197 3,401197
устала 5,010635 5,010635
окружающих 3,912023 3,912023
трагическими 5,010635 5,010635
освоить 5,010635 5,010635
стояла 5,010635 5,010635
пацаны 5,010635 5,010635
устраивались 4,317488 4,317488
чудом 3,912023 7,824046
курил 5,010635 5,010635
журнале 5,010635 5,010635
отдавать 5,010635 5,010635
безногий 3,624341 14,497364
замечательных 4,317488 4,317488
выведя 5,010635 5,010635
пво 3,401197 3,401197
безногим 5,010635 5,010635
пересказал 5,010635 5,010635
упражнений 5,010635 5,010635
настоящем 5,010635 25,053176
пути 2,445686 2,445686
употреблял 4,317488 4,317488
зачет 5,010635 5,010635
документы 3,624341 3,624341
зимней 5,010635 5,010635
силовые 0,000000 0,000000
везение 5,010635 5,010635
несмотря 2,120264 2,120264
упертых 5,010635 5,010635
советским 4,317488 4,317488
костюм 3,912023 3,912023
койку 5,010635 5,010635
советский 2,708050 5,416100
пройдет 2,931194 2,931194
гола 5,010635 5,010635
желтый 5,010635 5,010635
асами 5,010635 5,010635
опубликован 5,010635 5,010635
художественный 5,010635 10,021271
полученного 5,010635 5,010635
шагом 5,010635 10,021271
ходить 2,931194 5,862388
ручки 5,010635 5,010635
закончился 3,912023 3,912023
советских 3,064725 6,129450
морг 4,317488 4,317488
службы 2,525729 2,525729
юношу 4,317488 4,317488
вымысел 5,010635 10,021271
шкуры 5,010635 5,010635
стены 5,010635 5,010635
комментарии 1,484275 1,484275
дней 1,791759 5,375278
погибал 5,010635 5,010635
сил 1,791759 1,791759
подвиги 5,010635 5,010635
заснеженный 5,010635 5,010635
товарищ 5,010635 5,010635
самолетов 4,317488 8,634976
засунул 5,010635 5,010635
зверь 3,624341 3,624341
кабины 5,010635 5,010635
комплекса 4,317488 4,317488
английском 5,010635 5,010635
управлению 4,317488 4,317488
плав 5,010635 5,010635
рекомендательных 0,000000 0,000000
белым 5,010635 5,010635
танцы 3,401197 3,401197
заболел 5,010635 5,010635
съесть 3,912023 3,912023
управления 2,931194 5,862388
устарел 5,010635 5,010635
юго 5,010635 5,010635
здоровье 2,708050 5,416100
тело 3,218876 3,218876
событиях 4,317488 4,317488
подвига 5,010635 5,010635
резолюцию 5,010635 5,010635
комиссовать 5,010635 5,010635
теле 3,401197 3,401197
троих 3,401197 3,401197
здоровый 5,010635 5,010635
иосиф 3,624341 3,624341
писателя 3,912023 3,912023
движение 3,064725 6,129450
актерский 3,912023 3,912023
глазах 2,931194 2,931194
поздно 3,218876 3,218876
произведение 5,010635 5,010635
искусстве 3,912023 3,912023
максимум 4,317488 4,317488
забота 0,000000 0,000000
октябрь 4,317488 4,317488
пожаловать 0,013423 0,013423
лейтенант 4,317488 12,952464
младший 3,912023 7,824046
героя 3,064725 18,388351
классов 4,317488 4,317488
который 1,272966 5,091863
поколений 3,218876 3,218876
управлении 5,010635 5,010635
очерк 5,010635 5,010635
спас 3,624341 7,248682
класса 3,624341 3,624341
призвали 2,708050 2,708050
никаких 2,813411 2,813411
ла 3,912023 11,736069
следующий 3,064725 3,064725
которых 1,678431 1,678431
лейтенанта 4,317488 4,317488
следующие 5,010635 10,021271
победа 0,000000 0,000000
ахинею 5,010635 5,010635
типах 5,010635 5,010635
побеждать 5,010635 5,010635
случае 1,875141 1,875141
воинское 5,010635 5,010635
примерку 5,010635 5,010635
опечатку 0,000000 0,000000
сми 0,000000 0,000000
выдержит 5,010635 5,010635
ударился 3,912023 3,912023
дальний 4,317488 4,317488
пополз 5,010635 5,010635
прошит 5,010635 5,010635
жить 2,177422 2,177422
увлек 5,010635 5,010635
переведенную 5,010635 5,010635
поднятого 5,010635 5,010635
несколько 1,347074 2,694147
строгим 5,010635 5,010635
располагалась 5,010635 5,010635
герои 3,624341 3,624341
собой 2,014903 6,044709
примерно 2,813411 2,813411
апреле 4,317488 4,317488
участвовал 3,624341 3,624341
родился 3,624341 3,624341
начале 2,177422 6,532266
педали 5,010635 5,010635
местном 4,317488 4,317488
освоивший 5,010635 5,010635
начала 1,832581 1,832581
корреспондент 2,525729 5,051457
водным 5,010635 5,010635
ведомым 5,010635 5,010635
медведя 5,010635 10,021271
выбросило 4,317488 4,317488
слушать 3,912023 3,912023
использовать 2,612740 2,612740
новгородской 5,010635 5,010635
каждый 2,066196 8,264785
медведь 4,317488 8,634976
берегла 5,010635 5,010635
воздушных 5,010635 10,021271
отряда 3,401197 3,401197
пышно 5,010635 5,010635
писать 5,010635 5,010635
боль 3,912023 3,912023
умирающим 5,010635 5,010635
апреля 2,612740 5,225480
захолустном 5,010635 5,010635
живые 4,317488 4,317488
ветеранов 3,912023 3,912023
боли 3,624341 3,624341
отдельной 3,624341 3,624341
нем 2,371578 2,371578
завоевали 5,010635 5,010635
годы 2,302585 2,302585
фашистов 3,624341 10,873023
любопытно 3,912023 3,912023
набираются 5,010635 5,010635
единственное 5,010635 10,021271
умереть 5,010635 5,010635
подняла 5,010635 5,010635
воевал 4,317488 4,317488
году 1,373049 16,476590
записался 5,010635 5,010635
правды 0,068993 0,068993
получал 3,912023 3,912023
узбек 5,010635 5,010635
названием 3,624341 3,624341
вечного 5,010635 5,010635
используя 3,401197 3,401197
воздушные 5,010635 5,010635
остается 2,708050 2,708050
гражданская 5,010635 10,021271
любовью 5,010635 5,010635
годах 2,931194 2,931194
города 1,714798 1,714798
товарищей 4,317488 4,317488
инвалидность 5,010635 5,010635
аэродром 5,010635 10,021271
огня 1,678431 1,678431
францией 4,317488 4,317488
рухнул 5,010635 10,021271
протезах 5,010635 20,042541
года 0,899761 12,596660
аэроклуб 5,010635 10,021271
годам 3,912023 3,912023
правда 2,014903 4,029806
отвечал 3,912023 3,912023
сюжет 3,624341 3,624341
уклониться 5,010635 5,010635
занимать 3,912023 3,912023
выпуск 5,010635 5,010635
разнарядке 5,010635 5,010635
деревенские 5,010635 10,021271
помогла 3,912023 3,912023
легкое 5,010635 5,010635
перебитыми 5,010635 5,010635
доволен 3,624341 7,248682
моих 4,317488 4,317488
выяснилось 2,371578 2,371578
наука 0,000000 0,000000
касается 3,218876 3,218876
книге 4,317488 8,634976
неоткуда 5,010635 5,010635
городке 5,010635 5,010635
внимания 3,401197 3,401197
