тушении 5,010635 5,010635
перемирии 0,076161 0,076161
ру 0,000000 0,000000
формуле 3,401197 3,401197
банк 0,076161 0,076161
кгб 3,401197 6,802395
новые 0,000000 0,000000
лихих 5,010635 5,010635
энергообъекту 3,912023 3,912023
сожителем 5,010635 5,010635
стал 1,203973 1,203973
программах 4,317488 4,317488
трехметровые 5,010635 5,010635
склонение 5,010635 5,010635
бабушка 3,912023 3,912023
ответили 2,708050 5,416100
перевалки 4,317488 4,317488
заявил 1,098612 3,295837
согласие 0,047791 0,047791
добро 0,013423 0,013423
ельцина 3,912023 3,912023
выражаете 0,047791 0,047791
удар 2,612740 5,225480
работают 2,612740 2,612740
помощью 0,047791 0,047791
долго 2,612740 2,612740
продирающуюся 5,010635 5,010635
заявление 2,445686 2,445686
людей 1,455287 1,455287
таким 2,014903 2,014903
польши 3,912023 3,912023
пожара 4,317488 8,634976
помощь 2,177422 8,709688
первом 3,064725 3,064725
добра 0,013423 0,026846
срочная 5,010635 5,010635
человек 1,249435 2,498870
ударе 3,624341 7,248682
несправедлив 5,010635 5,010635
одна 1,875141 3,750282
лет 0,967584 5,805504
энергообъектам 4,317488 8,634976
культурный 5,010635 5,010635
разговор 1,791759 1,791759
водой 0,061875 0,061875
жеста 2,525729 2,525729
ошибок 4,317488 4,317488
суд 1,966113 1,966113
технологиймини 0,000000 0,000000
родине 3,624341 3,624341
экс 2,066196 2,066196
оценивайте 0,047791 0,047791
х 2,177422 2,177422
течение 2,120264 2,120264
область 2,238047 4,476093
реформатор 5,010635 5,010635
тяжелым 3,401197 3,401197
главные 2,371578 2,371578
удары 2,931194 5,862388
назвал 1,347074 1,347074
горбачев 5,010635 5,010635
конфиденциальности 0,047791 0,047791
белгородскую 2,612740 2,612740
мир 0,000000 0,000000
населенных 2,813411 2,813411
нажмите 0,000000 0,000000
получайте 0,047791 0,047791
освободила 4,317488 8,634976
женщинам 3,401197 3,401197
отбилась 5,010635 5,010635
провокации 3,218876 3,218876
погружайтесь 0,047791 0,047791
бывший 0,000000 0,000000
время 0,762140 1,524280
проблемы 0,076161 0,152323
конкурентов 3,624341 3,624341
жители 2,302585 6,907755
накапливайте 0,047791 0,047791
телефонного 2,066196 4,132393
штурмовики 3,218876 3,218876
ооо 0,000000 0,000000
деактивирована 0,013423 0,013423
путешествия 0,000000 0,000000
летели 3,624341 3,624341
новым 2,708050 2,708050
съели 2,813411 2,813411
структуры 0,000000 0,000000
параллельмоя 2,177422 2,177422
индии 0,076161 0,076161
бойцы 2,525729 2,525729
город 2,445686 7,337058
хочешь 0,013423 0,013423
девочку 3,401197 6,802395
нашли 0,000000 0,000000
жестокое 5,010635 5,010635
убивают 4,317488 4,317488
построят 5,010635 5,010635
наводнение 5,010635 5,010635
обычную 0,013423 0,013423
прием 3,218876 3,218876
восемь 3,064725 3,064725
украинцами 3,912023 3,912023
украине 1,139434 5,697171
последствия 2,371578 2,371578
реанимации 3,401197 3,401197
украину 2,302585 2,302585
сначала 2,445686 2,445686
попросил 2,931194 2,931194
разногласий 5,010635 5,010635
украинском 0,076161 0,076161
света 0,054808 0,054808
первую 2,238047 2,238047
своего 2,238047 2,238047
украины 1,021651 5,108256
украинской 3,064725 3,064725
совершили 3,912023 3,912023
курской 1,832581 12,828070
галереи 0,000000 0,000000
аэропортах 4,317488 4,317488
кубани 3,064725 6,129450
мирных 2,525729 2,525729
белоусов 0,076161 0,152323
кремль 3,218876 3,218876
подмосковье 3,064725 3,064725
лайнер 4,317488 4,317488
студентов 4,317488 4,317488
ксюшу 5,010635 5,010635
законопроект 3,912023 7,824046
условиями 0,040822 0,081644
киеве 2,813411 2,813411
отчиталось 3,064725 3,064725
подробности 2,238047 4,476093
тяжелые 3,401197 3,401197
девочке 5,010635 5,010635
контрразведывательных 3,624341 3,624341
мирные 4,317488 4,317488
минобороны 1,966113 11,796677
читайте 0,040822 0,040822
кремле 2,708050 2,708050
киева 2,612740 2,612740
генерал 3,624341 3,624341
сына 3,218876 3,218876
раскрыли 2,302585 2,302585
обмена 2,813411 2,813411
фишеру 5,010635 5,010635
раскрыло 5,010635 5,010635
выступил 3,401197 3,401197
слышали 3,912023 3,912023
редакциярекламаконтактыпресс 0,000000 0,000000
сторону 2,708050 2,708050
этапе 4,317488 4,317488
летнюю 3,401197 3,401197
узнает 3,401197 3,401197
видео 0,000000 0,000000
внутривенное 3,912023 11,736069
малышке 3,912023 11,736069
жвачка 5,010635 5,010635
россиянки 2,525729 2,525729
путина 1,514128 13,627150
приняла 4,317488 4,317488
россиянка 2,612740 5,225480
нему 3,218876 3,218876
дорогое 5,010635 5,010635
белгородской 2,931194 2,931194
последние 0,090654 0,090654
предрекли 0,076161 0,152323
момент 1,714798 1,714798
дерзких 4,317488 4,317488
самолету 5,010635 5,010635
помочь 2,708050 2,708050
архив 0,000000 0,000000
полиграфе 5,010635 5,010635
борис 3,401197 3,401197
аэродромам 5,010635 5,010635
сша 0,040822 0,204110
выросла 5,010635 5,010635
неприемлемости 3,218876 3,218876
оздоровительный 5,010635 5,010635
невероятная 4,317488 4,317488
карта 3,401197 3,401197
среда 0,000000 0,000000
глазами 3,064725 3,064725
самая 2,238047 2,238047
раскрытии 0,076161 0,076161
русфонд 5,010635 5,010635
скидки 0,047791 0,047791
запущенные 5,010635 5,010635
эксклюзивы 0,000000 0,000000
российском 0,076161 0,304645
москве 1,791759 7,167038
выражайте 0,047791 0,047791
леса 3,218876 3,218876
атака 3,064725 3,064725
возле 3,912023 3,912023
выжившего 5,010635 5,010635
дыры 5,010635 5,010635
атаке 5,010635 5,010635
жизненно 4,317488 4,317488
нефтебазу 4,317488 12,952464
атаки 2,177422 6,532266
конфликте 0,076161 0,076161
продолжая 0,047791 0,047791
атаку 2,931194 8,793581
краснодарском 5,010635 5,010635
конфликта 1,919593 1,919593
проиграл 3,912023 3,912023
маниакально 5,010635 5,010635
нефтебазе 3,064725 6,129450
энергетике 4,317488 4,317488
цикла 2,813411 8,440232
результаты 2,371578 2,371578
утром 2,612740 2,612740
возвращение 3,401197 3,401197
анонсированного 3,624341 3,624341
провели 2,066196 2,066196
энергетики 2,445686 2,445686
конфиденциальностиправила 0,000000 0,000000
бонусы 0,047791 0,095581
страшно 3,401197 3,401197
обмене 5,010635 5,010635
москвы 1,832581 3,665163
политикой 0,047791 0,047791
боях 2,813411 2,813411
команду 2,708050 2,708050
подарил 3,624341 3,624341
отметил 1,791759 1,791759
трубы 3,218876 3,218876
жильцы 0,076161 0,076161
армия 2,708050 2,708050
операций 3,218876 6,437752
жизни 0,000000 0,000000
операции 1,714798 1,714798
солистка 3,218876 3,218876
недельку 5,010635 5,010635
бить 2,931194 2,931194
смерти 2,445686 2,445686
остановку 3,624341 3,624341
нефти 4,317488 4,317488
результате 2,238047 2,238047
трубе 5,010635 5,010635
взрыва 3,624341 3,624341
операция 2,708050 2,708050
обойти 3,218876 3,218876
туристку 0,076161 0,076161
это 0,020203 0,121216
осуждение 5,010635 5,010635
войск 2,931194 5,862388
нужна 2,813411 11,253643
большинство 2,708050 2,708050
объектам 2,525729 2,525729
заявок 5,010635 5,010635
противопехотные 3,912023 3,912023
подвели 3,624341 3,624341
медведева 3,401197 3,401197
историческую 4,317488 4,317488
фотомодель 5,010635 5,010635
две 0,033902 0,033902
супруги 4,317488 4,317488
мотор 0,000000 0,000000
обменивайте 0,047791 0,047791
назвали 2,238047 4,476093
действовали 3,064725 3,064725
советско 3,624341 3,624341
косыгин 4,317488 4,317488
выполнении 2,931194 2,931194
разницу 4,317488 4,317488
жизнь 1,544899 1,544899
отказа 3,064725 3,064725
шахматам 4,317488 4,317488
статусом 4,317488 4,317488
мужа 3,064725 3,064725
миллионы 2,445686 2,445686
опубликована 3,401197 3,401197
новости 0,000000 0,000000
разговора 1,609438 8,047190
войти 0,000000 0,000000
крыму 5,010635 5,010635
ударила 5,010635 5,010635
хорошие 0,013423 0,013423
срочную 4,317488 4,317488
дальше 2,612740 2,612740
чтении 5,010635 5,010635
спасет 3,624341 10,873023
каждого 3,218876 3,218876
барже 3,624341 3,624341
медитации 0,076161 0,076161
судьба 3,218876 3,218876
санях 5,010635 5,010635
трагедии 4,317488 4,317488
мира 1,576648 1,576648
грядущих 3,912023 3,912023
изменило 5,010635 10,021271
дипломатия 2,931194 2,931194
грозящие 5,010635 5,010635
уход 0,076161 0,076161
обиде 3,401197 3,401197
почему 0,899761 3,599046
ударили 2,931194 2,931194
выхода 2,525729 2,525729
новой 2,612740 2,612740
связали 3,912023 3,912023
наделении 5,010635 5,010635
одобрила 5,010635 5,010635
идут 2,525729 2,525729
жестоко 4,317488 4,317488
озвучены 4,317488 4,317488
пассажирский 3,912023 3,912023
могли 2,371578 2,371578
освобожденной 3,624341 3,624341
ними 2,525729 2,525729
области 1,399717 12,597456
разместить 3,218876 3,218876
спецпроекты 0,000000 0,000000
власть 2,813411 2,813411
очевидцев 4,317488 4,317488
заявлением 4,317488 4,317488
корейский 5,010635 5,010635
баскова 3,401197 3,401197
абортам 5,010635 5,010635
путин 1,203973 4,815891
детский 5,010635 10,021271
спасский 4,317488 4,317488
назад 1,678431 6,713723
финляндии 3,064725 3,064725
путиным 1,966113 3,932226
игры 0,000000 0,000000
выборов 3,624341 3,624341
возможные 3,912023 3,912023
февраля 1,272966 1,272966
техника 0,000000 0,000000
ссср 0,000000 0,000000
тотальным 5,010635 5,010635
славы 4,317488 4,317488
пять 1,576648 1,576648
трампа 0,054808 0,438466
германии 2,177422 2,177422
развалу 5,010635 5,010635
подавил 5,010635 5,010635
коллегии 3,624341 3,624341
подвал 3,624341 3,624341
кадры 2,371578 4,743156
оказались 2,525729 2,525729
отвел 0,076161 0,076161
бойся 3,912023 7,824046
технику 3,624341 3,624341
мины 3,401197 3,401197
наблюдение 5,010635 5,010635
марта 0,040822 0,693974
против 1,791759 1,791759
главное 0,000000 0,000000
охотился 5,010635 5,010635
жертвами 3,912023 3,912023
финской 3,624341 3,624341
реакций 0,047791 0,047791
срочно 3,401197 3,401197
большие 2,813411 2,813411
подтвердили 3,064725 3,064725
пережившие 4,317488 4,317488
реакции 0,047791 0,047791
глупости 5,010635 5,010635
зайти 3,218876 3,218876
мини 0,000000 0,000000
макрона 3,624341 3,624341
раскрыта 3,401197 3,401197
изнасиловал 0,076161 0,076161
пережила 3,401197 3,401197
реакцию 3,912023 3,912023
орска 5,010635 5,010635
убьют 5,010635 5,010635
одному 3,912023 3,912023
газели 5,010635 5,010635
зеленского 0,068993 0,137986
автомобиль 3,218876 3,218876
продолжение 3,218876 3,218876
омон 5,010635 5,010635
мчс 4,317488 4,317488
отряд 5,010635 5,010635
лента 0,000000 0,000000
урегулированию 2,708050 2,708050
жалобу 3,624341 3,624341
сквозь 2,931194 2,931194
штурм 3,912023 3,912023
спорт 0,000000 0,000000
эмиграции 5,010635 5,010635
переговорах 2,612740 2,612740
приказа 2,813411 5,626821
военной 0,061875 0,123751
остановить 2,708050 2,708050
четыре 0,040822 0,081644
жми 0,013423 0,013423
стало 1,181994 2,363988
никого 3,624341 3,624341
голода 3,401197 3,401197
друг 2,238047 2,238047
жертвам 5,010635 5,010635
романов 4,317488 4,317488
договоренностей 2,813411 5,626821
появились 1,875141 3,750282
ленту 0,013423 0,013423
беспилотники 2,813411 5,626821
стала 1,576648 1,576648
затопленного 0,076161 0,076161
крае 4,317488 4,317488
снес 5,010635 5,010635
потерпи 5,010635 5,010635
били 4,317488 4,317488
женщин 2,302585 2,302585
дронов 2,177422 2,177422
курская 3,624341 3,624341
позвоночнике 5,010635 5,010635
небе 2,931194 2,931194
россии 0,425668 9,790360
применения 0,000000 0,000000
привел 3,218876 3,218876
интерната 3,912023 3,912023
обитания 0,000000 0,000000
наша 3,912023 3,912023
ценности 0,000000 0,000000
ожиданиях 3,912023 3,912023
спасло 3,218876 3,218876
инициатив 3,912023 3,912023
солдата 3,401197 3,401197
насилие 3,401197 3,401197
опасно 2,813411 2,813411
материалам 0,047791 0,047791
российские 1,678431 1,678431
известно 1,297063 2,594126
дубинками 5,010635 5,010635
скорости 3,624341 3,624341
впервые 1,919593 1,919593
важность 3,912023 3,912023
полной 3,401197 3,401197
вернуться 0,013423 0,013423
ваши 0,047791 0,047791
привела 2,525729 2,525729
дамбе 5,010635 5,010635
совфеде 3,912023 7,824046
спасли 3,401197 3,401197
российским 0,076161 0,076161
детям 5,010635 5,010635
беженцев 3,912023 7,824046
запада 2,708050 2,708050
кирилл 2,931194 2,931194
патриарх 5,010635 5,010635
пожалуйста 4,317488 4,317488
российский 1,484275 1,484275
сво 2,445686 2,445686
раскритиковали 3,624341 3,624341
ваша 3,912023 15,648092
президента 1,455287 1,455287
еле 4,317488 4,317488
необходимо 2,120264 2,120264
протест 4,317488 4,317488
насилия 3,912023 7,824046
доброй 2,525729 2,525729
интернет 0,000000 0,000000
россия 0,000000 0,000000
атак 2,931194 2,931194
россию 1,609438 4,828314
пункту 5,010635 5,010635
смотреть 2,813411 2,813411
обратился 0,076161 0,152323
шесть 2,525729 2,525729
беги 5,010635 5,010635
прорыва 3,912023 3,912023
свои 0,027029 0,081086
работали 3,064725 3,064725
активной 4,317488 4,317488
требование 5,010635 5,010635
рассказала 1,919593 5,758779
генпрокуратуры 3,401197 3,401197
вопросу 3,064725 3,064725
россиянина 3,064725 6,129450
магазина 4,317488 4,317488
массовую 3,401197 3,401197
требований 2,708050 2,708050
гид 0,076161 0,076161
пункта 3,624341 3,624341
автобусов 5,010635 5,010635
работе 1,791759 1,791759
поступил 3,624341 3,624341
уволит 0,076161 0,076161
дома 0,061875 0,123751
американский 0,061875 0,061875
великий 4,317488 4,317488
выглядит 2,445686 4,891372
прекращении 2,238047 2,238047
подбили 5,010635 5,010635
массированная 3,401197 3,401197
джидде 3,624341 3,624341
дронами 3,912023 3,912023
навредит 5,010635 5,010635
сообщило 3,401197 6,802395
руководителем 5,010635 5,010635
ограничения 3,624341 3,624341
сбила 3,064725 6,129450
двух 1,678431 1,678431
десятого 3,624341 3,624341
помогают 2,813411 2,813411
российских 1,576648 4,729944
тыкали 5,010635 5,010635
контроле 3,218876 3,218876
эмоции 0,047791 0,047791
проник 4,317488 4,317488
ямах 5,010635 5,010635
магнит 5,010635 5,010635
зеленским 0,076161 0,076161
запретить 2,931194 2,931194
горбачеву 5,010635 5,010635
собственным 4,317488 4,317488
итоги 2,612740 7,838220
питание 2,931194 8,793581
двум 0,076161 0,076161
становятся 3,401197 3,401197
призыве 5,010635 5,010635
шпиону 5,010635 5,010635
столкновении 5,010635 5,010635
решетку 5,010635 5,010635
миллионов 1,791759 1,791759
ветерана 5,010635 5,010635
военнослужащим 0,076161 0,152323
составляющих 4,317488 4,317488
срыва 4,317488 4,317488
мэра 2,612740 2,612740
отреагировали 2,238047 8,952186
введены 4,317488 4,317488
брата 2,525729 2,525729
жительница 3,624341 3,624341
умер 2,708050 2,708050
войны 1,791759 1,791759
завершающем 5,010635 5,010635
объяснил 2,120264 2,120264
избиение 5,010635 5,010635
материалы 0,000000 0,000000
российского 1,484275 1,484275
войска 2,931194 2,931194
мобилизацию 3,912023 3,912023
мировую 3,064725 3,064725
депутат 0,076161 0,152323
перевозку 5,010635 5,010635
статьи 0,000000 0,000000
ранением 3,624341 3,624341
простить 5,010635 5,010635
пациента 3,912023 3,912023
россией 2,120264 2,120264
горят 5,010635 5,010635
позиций 3,064725 3,064725
форме 0,061875 0,123751
отражения 4,317488 4,317488
поводы 5,010635 5,010635
десятками 4,317488 4,317488
культура 0,000000 0,000000
больницы 4,317488 4,317488
поток 3,401197 3,401197
сбил 4,317488 4,317488
гастроли 5,010635 5,010635
друга 2,525729 2,525729
вооружаться 3,912023 3,912023
родившие 5,010635 5,010635
сообщили 2,177422 2,177422
силовые 0,000000 0,000000
хлопке 3,912023 3,912023
вернулась 2,445686 2,445686
пройдет 2,931194 2,931194
отменил 3,624341 3,624341
ранения 3,401197 3,401197
дня 0,061875 0,123751
тяжелобольным 5,010635 5,010635
медведев 3,912023 3,912023
отношении 1,791759 1,791759
удалось 1,714798 1,714798
прекратить 3,064725 3,064725
августа 3,064725 6,129450
советских 3,064725 3,064725
прятались 5,010635 5,010635
сотрудников 0,076161 0,152323
полуторагодовалую 3,912023 7,824046
границе 2,813411 2,813411
получить 2,238047 2,238047
миража 3,401197 3,401197
спустили 3,624341 3,624341
генсеков 5,010635 5,010635
дней 1,791759 1,791759
колонии 3,064725 3,064725
начались 0,068993 0,068993
рекомендательных 0,000000 0,000000
боингу 5,010635 5,010635
призыв 3,912023 3,912023
работает 0,040822 0,040822
хожу 5,010635 5,010635
увлекательные 0,047791 0,047791
приказ 3,401197 3,401197
ряде 5,010635 5,010635
переговоры 0,054808 0,054808
службу 3,218876 3,218876
россиян 1,714798 3,429597
тихом 3,401197 3,401197
тела 3,064725 3,064725
домашнее 5,010635 5,010635
соблюдением 3,064725 3,064725
международный 3,624341 3,624341
выглядят 2,813411 2,813411
искали 3,624341 3,624341
забота 0,000000 0,000000
сбер 0,040822 0,040822
пожаловать 0,013423 0,013423
использованияполитика 0,000000 0,000000
концепций 5,010635 5,010635
органами 3,218876 3,218876
планы 2,813411 2,813411
спас 3,624341 3,624341
беспилотникам 5,010635 5,010635
девчонок 4,317488 4,317488
бункере 4,317488 4,317488
попыткой 5,010635 5,010635
воли 2,302585 2,302585
тяжелого 3,912023 3,912023
крупный 0,068993 0,068993
военкор 3,912023 3,912023
слежка 5,010635 5,010635
регионам 0,076161 0,076161
шпионов 5,010635 5,010635
крупным 0,076161 0,076161
россиянок 2,302585 2,302585
победа 0,000000 0,000000
живут 3,624341 3,624341
саботажем 5,010635 5,010635
судже 2,931194 2,931194
отменили 3,624341 3,624341
страх 3,624341 3,624341
остались 0,061875 0,061875
суджи 3,064725 6,129450
сегодня 1,643339 1,643339
страна 1,714798 3,429597
опечатку 0,000000 0,000000
суджу 3,912023 7,824046
сразу 2,066196 2,066196
воинской 5,010635 5,010635
сми 0,000000 0,000000
госдумы 2,813411 2,813411
бесплатная 5,010635 5,010635
такое 2,014903 2,014903
жить 2,177422 4,354844
рады 0,068993 0,068993
жигули 5,010635 5,010635
спасении 3,624341 3,624341
эвакуировали 3,218876 3,218876
страну 2,612740 2,612740
ударов 2,302585 2,302585
дрона 5,010635 10,021271
военным 2,708050 2,708050
место 0,054808 0,054808
акции 0,047791 0,047791
соглашения 3,218876 3,218876
выживая 5,010635 5,010635
громком 3,912023 3,912023
окружением 4,317488 4,317488
начале 2,177422 2,177422
паводком 5,010635 5,010635
попытки 2,302585 2,302585
генеральным 4,317488 4,317488
пленными 2,813411 5,626821
обещанного 3,064725 3,064725
бойцов 2,525729 2,525729
начала 1,832581 1,832581
участие 2,612740 2,612740
газовой 5,010635 5,010635
псих 5,010635 5,010635
пьяного 4,317488 4,317488
экономика 0,000000 0,000000
совершена 3,401197 3,401197
села 3,218876 3,218876
океане 3,401197 3,401197
успеха 2,525729 2,525729
попал 2,445686 4,891372
госдуме 3,218876 3,218876
госдума 3,912023 7,824046
суджей 3,064725 12,258901
слушал 5,010635 5,010635
вывезли 3,218876 3,218876
история 2,238047 2,238047
сняла 4,317488 4,317488
украинского 2,445686 4,891372
пальцем 5,010635 5,010635
московской 3,401197 3,401197
площадь 4,317488 4,317488
дракона 2,931194 2,931194
десанта 3,218876 3,218876
мужчину 3,624341 3,624341
переговоров 1,714798 1,714798
военных 1,966113 1,966113
высказались 3,064725 6,129450
бои 2,813411 2,813411
реальный 0,013423 0,013423
сняли 3,064725 6,129450
разгрома 3,912023 3,912023
чемпион 4,317488 4,317488
давке 5,010635 5,010635
всу 1,373049 26,087934
форум 5,010635 5,010635
правды 0,068993 0,068993
лагерь 5,010635 5,010635
тысячи 0,068993 0,068993
украиной 2,708050 5,416100
открыт 5,010635 5,010635
сотни 2,066196 4,132393
иностранцами 4,317488 4,317488
оккупации 2,612740 7,838220
хочет 1,966113 1,966113
предрек 0,076161 0,076161
города 1,714798 1,714798
городе 0,061875 0,247502
зубы 2,813411 2,813411
холода 3,912023 3,912023
года 0,899761 0,899761
следует 2,302585 2,302585
попали 3,218876 3,218876
заявили 0,076161 0,076161
пострадали 4,317488 12,952464
видеть 0,013423 0,013423
секретарем 3,912023 3,912023
неуправляемой 3,624341 3,624341
очень 1,347074 1,347074
наука 0,000000 0,000000
бпла 2,931194 2,931194
погибнет 5,010635 5,010635
погиб 3,218876 3,218876
установления 4,317488 4,317488
