зеленского 0,068993 0,344964
перемирии 0,076161 0,380807
ру 0,000000 0,000000
банк 0,076161 0,076161
лента 0,000000 0,000000
личных 3,401197 3,401197
покупкой 5,010635 5,010635
новые 0,000000 0,000000
убеждение 4,317488 4,317488
перемирие 2,931194 2,931194
спорт 0,000000 0,000000
соучастником 5,010635 5,010635
заявил 1,098612 2,197225
споры 0,097980 0,097980
согласие 0,047791 0,047791
добро 0,013423 0,013423
военной 0,061875 0,061875
выражаете 0,047791 0,047791
четыре 0,040822 0,040822
жми 0,013423 0,013423
поста 3,401197 3,401197
помощью 0,047791 0,047791
транзита 5,010635 5,010635
перемирия 2,445686 2,445686
александр 1,832581 1,832581
добра 0,013423 0,026846
моральная 5,010635 5,010635
словам 1,272966 2,545931
ленту 0,013423 0,013423
затопленного 0,076161 0,076161
фото 0,061875 0,123751
являются 2,931194 2,931194
сама 2,813411 2,813411
водой 0,061875 0,061875
применения 0,000000 0,000000
суд 1,966113 1,966113
технологиймини 0,000000 0,000000
оценивайте 0,047791 0,047791
обитания 0,000000 0,000000
ценности 0,000000 0,000000
материалам 0,047791 0,047791
конфиденциальности 0,047791 0,047791
вернуться 0,013423 0,013423
мир 0,000000 0,000000
ваши 0,047791 0,047791
российским 0,076161 0,076161
нажмите 0,000000 0,000000
необходимый 4,317488 4,317488
получайте 0,047791 0,047791
своем 1,919593 1,919593
президента 1,455287 1,455287
погружайтесь 0,047791 0,047791
бывший 0,000000 0,000000
проблемы 0,076161 0,076161
накапливайте 0,047791 0,047791
интернет 0,000000 0,000000
россия 0,000000 0,000000
концлагерем 5,010635 5,010635
ооо 0,000000 0,000000
обратился 0,076161 0,076161
находящийся 5,010635 5,010635
деактивирована 0,013423 0,013423
подозрению 5,010635 5,010635
путешествия 0,000000 0,000000
отдела 0,579818 0,579818
свой 2,177422 2,177422
свои 0,027029 0,027029
республика 3,912023 3,912023
ранее 1,003302 1,003302
структуры 0,000000 0,000000
индии 0,076161 0,076161
гид 0,076161 0,076161
заключается 4,317488 4,317488
шансов 3,401197 3,401197
проведение 3,912023 3,912023
хочешь 0,013423 0,013423
украина 1,832581 1,832581
нашли 0,000000 0,000000
пляжных 0,097980 0,097980
украинцев 5,010635 5,010635
уволит 0,076161 0,076161
дома 0,061875 0,061875
американский 0,061875 0,061875
обычную 0,013423 0,013423
пола 0,097980 0,097980
украине 1,139434 2,278869
внешность 0,097980 0,097980
дубинский 5,010635 20,042541
киевом 3,624341 3,624341
зеленский 1,714798 3,429597
удержаться 4,317488 4,317488
карант 5,010635 5,010635
украинском 0,076161 0,076161
света 0,054808 0,054808
украины 1,021651 2,043302
крупнейшим 5,010635 5,010635
наступит 4,317488 4,317488
скорее 2,708050 2,708050
галереи 0,000000 0,000000
белоусов 0,076161 0,076161
эмоции 0,047791 0,047791
зеленским 0,076161 0,076161
азия 2,525729 2,525729
проведения 3,624341 3,624341
условиями 0,040822 0,081644
двум 0,076161 0,076161
период 2,120264 2,120264
вызвала 0,097980 0,097980
сети 0,090654 0,090654
военнослужащим 0,076161 0,076161
читайте 0,040822 0,040822
сизо 3,912023 3,912023
стороны 1,643339 1,643339
байконур 0,097980 0,097980
редакциярекламаконтактыпресс 0,000000 0,000000
материалы 0,000000 0,000000
видео 0,000000 0,000000
депутат 0,076161 0,380807
прогресс 0,097980 0,097980
меньше 2,120264 2,120264
статьи 0,000000 0,000000
геноцида 4,317488 4,317488
бссср 4,317488 4,317488
мое 3,218876 3,218876
форме 0,061875 0,061875
последние 0,090654 0,090654
предрекли 0,076161 0,076161
судебной 4,317488 4,317488
культура 0,000000 0,000000
обсудить 0,456758 0,456758
силовые 0,000000 0,000000
архив 0,000000 0,000000
дня 0,061875 0,061875
сша 0,040822 0,081644
среда 0,000000 0,000000
мировой 2,445686 2,445686
написал 2,525729 2,525729
раскрытии 0,076161 0,076161
редактор 0,567984 0,567984
скидки 0,047791 0,047791
сотрудников 0,076161 0,076161
эксклюзивы 0,000000 0,000000
российском 0,076161 0,076161
выражайте 0,047791 0,047791
начались 0,068993 0,068993
президентских 4,317488 4,317488
рекомендательных 0,000000 0,000000
конфликте 0,076161 0,076161
продолжая 0,047791 0,047791
работает 0,040822 0,040822
увлекательные 0,047791 0,047791
переговоры 0,054808 0,054808
верховной 3,624341 3,624341
конфиденциальностиправила 0,000000 0,000000
бонусы 0,047791 0,095581
времени 1,919593 1,919593
канале 3,064725 3,064725
политикой 0,047791 0,047791
маккартни 0,097980 0,097980
жильцы 0,076161 0,076161
жизни 0,000000 0,000000
забота 0,000000 0,000000
сбер 0,040822 0,040822
является 1,966113 3,932226
пожаловать 0,013423 0,013423
использованияполитика 0,000000 0,000000
верховный 3,912023 3,912023
системы 2,525729 2,525729
одним 1,966113 1,966113
крупный 0,068993 0,068993
регионам 0,076161 0,076161
госизмене 3,624341 3,624341
крупным 0,076161 0,076161
это 0,020203 0,020203
туристку 0,076161 0,076161
победа 0,000000 0,000000
покинет 5,010635 5,010635
остались 0,061875 0,061875
две 0,033902 0,033902
выборами 5,010635 5,010635
президент 1,347074 1,347074
мотор 0,000000 0,000000
обменивайте 0,047791 0,047791
опечатку 0,000000 0,000000
сми 0,000000 0,000000
глубокое 5,010635 5,010635
рады 0,068993 0,344964
новости 0,000000 0,000000
войти 0,000000 0,000000
обеспечения 3,912023 3,912023
место 0,054808 0,054808
акции 0,047791 0,047791
хорошие 0,013423 0,013423
мс 0,097980 0,097980
медитации 0,076161 0,076161
переходный 5,010635 5,010635
москвой 3,218876 3,218876
всеприбалтикаукраинабелоруссиямолдавиязакавказьесредняя 2,525729 2,525729
истории 1,966113 1,966113
экономика 0,000000 0,000000
уход 0,076161 0,228484
власти 1,919593 3,839186
валентин 4,317488 4,317488
прибыл 0,083382 0,083382
спецпроекты 0,000000 0,000000
гарантий 3,624341 3,624341
владимир 1,373049 1,373049
реальный 0,013423 0,013423
игры 0,000000 0,000000
безопасности 2,177422 2,177422
пост 3,064725 3,064725
выборов 3,624341 7,248682
деградация 5,010635 5,010635
занимается 3,218876 3,218876
техника 0,000000 0,000000
ссср 0,000000 0,000000
уйдет 5,010635 5,010635
правды 0,068993 0,068993
условий 2,813411 2,813411
трампа 0,054808 0,054808
тысячи 0,068993 0,068993
отвел 0,076161 0,076161
происходит 2,014903 2,014903
предрек 0,076161 0,228484
зеленском 5,010635 5,010635
марта 0,040822 0,040822
городе 0,061875 0,061875
главное 0,000000 0,000000
уровнях 3,912023 3,912023
реакций 0,047791 0,047791
летнего 0,097980 0,097980
заявили 0,076161 0,076161
реакции 0,047791 0,047791
мини 0,000000 0,000000
видеть 0,013423 0,013423
изнасиловал 0,076161 0,076161
наука 0,000000 0,000000
