зеленского 0,068993 0,068993
перемирии 0,076161 0,076161
ру 0,000000 0,000000
банк 0,076161 0,076161
лента 0,000000 0,000000
новые 0,000000 0,000000
отдыха 3,401197 3,401197
спорт 0,000000 0,000000
публикует 4,317488 4,317488
юзеры 5,010635 5,010635
споры 0,097980 0,391922
согласие 0,047791 0,047791
добро 0,013423 0,013423
военной 0,061875 0,061875
выражаете 0,047791 0,047791
четыре 0,040822 0,040822
пляже 3,912023 3,912023
жми 0,013423 0,013423
помощью 0,047791 0,047791
бывшего 2,445686 2,445686
высмеивают 5,010635 5,010635
добра 0,013423 0,026846
ленту 0,013423 0,013423
обожаю 5,010635 5,010635
купальник 5,010635 5,010635
затопленного 0,076161 0,076161
фото 0,061875 0,371252
черных 3,624341 3,624341
лет 0,967584 0,967584
знаменитости 3,912023 3,912023
женщин 2,302585 2,302585
водой 0,061875 0,061875
фигуру 3,912023 3,912023
применения 0,000000 0,000000
технологиймини 0,000000 0,000000
оценивайте 0,047791 0,047791
обитания 0,000000 0,000000
ценности 0,000000 0,000000
материалам 0,047791 0,047791
конфиденциальности 0,047791 0,047791
мужчин 2,371578 2,371578
продюсера 5,010635 5,010635
вернуться 0,013423 0,013423
мир 0,000000 0,000000
ваши 0,047791 0,047791
российским 0,076161 0,076161
очередь 2,177422 2,177422
нажмите 0,000000 0,000000
получайте 0,047791 0,047791
погружайтесь 0,047791 0,047791
бывший 0,000000 0,000000
время 0,762140 0,762140
проблемы 0,076161 0,076161
накапливайте 0,047791 0,047791
интернет 0,000000 0,000000
россия 0,000000 0,000000
ооо 0,000000 0,000000
обратился 0,076161 0,076161
волос 3,912023 11,736069
деактивирована 0,013423 0,013423
путешествия 0,000000 0,000000
отдела 0,579818 0,579818
свои 0,027029 0,027029
читатели 5,010635 5,010635
структуры 0,000000 0,000000
индии 0,076161 0,076161
гид 0,076161 0,076161
кадрах 3,064725 3,064725
хочешь 0,013423 0,013423
нашли 0,000000 0,000000
пляжных 0,097980 0,293941
уволит 0,076161 0,076161
принтом 5,010635 5,010635
артиста 3,912023 3,912023
дома 0,061875 0,061875
американский 0,061875 0,061875
обычную 0,013423 0,013423
пола 0,097980 0,391922
выглядит 2,445686 4,891372
предстал 3,912023 3,912023
полосатых 5,010635 5,010635
внешность 0,097980 0,391922
избранница 5,010635 5,010635
украинском 0,076161 0,076161
света 0,054808 0,054808
карина 3,912023 3,912023
галереи 0,000000 0,000000
белоусов 0,076161 0,076161
эмоции 0,047791 0,047791
зеленским 0,076161 0,076161
цветочным 5,010635 5,010635
старки 5,010635 5,010635
условиями 0,040822 0,081644
двум 0,076161 0,076161
вызвала 0,097980 0,391922
сети 0,090654 0,453272
военнослужащим 0,076161 0,076161
сен 5,010635 5,010635
известного 3,624341 3,624341
читайте 0,040822 0,040822
вид 2,813411 2,813411
байконур 0,097980 0,097980
редакциярекламаконтактыпресс 0,000000 0,000000
оттенок 5,010635 5,010635
женой 3,064725 3,064725
материалы 0,000000 0,000000
видео 0,000000 0,000000
шевелл 5,010635 5,010635
депутат 0,076161 0,076161
прогресс 0,097980 0,097980
нэнси 5,010635 5,010635
статьи 0,000000 0,000000
острове 3,912023 3,912023
видявленияроскошьличности 2,813411 2,813411
форме 0,061875 0,061875
одного 2,177422 2,177422
последние 0,090654 0,090654
предрекли 0,076161 0,076161
культура 0,000000 0,000000
всестильвнешний 2,813411 2,813411
обсудить 0,456758 0,456758
силовые 0,000000 0,000000
архив 0,000000 0,000000
предпринимательницей 5,010635 5,010635
дня 0,061875 0,061875
спины 5,010635 5,010635
сша 0,040822 0,040822
карибском 5,010635 5,010635
среда 0,000000 0,000000
широко 3,401197 3,401197
восхитились 3,624341 3,624341
раскрытии 0,076161 0,076161
редактор 0,567984 0,567984
среди 1,714798 1,714798
море 2,931194 2,931194
скидки 0,047791 0,047791
сотрудников 0,076161 0,076161
эксклюзивы 0,000000 0,000000
российском 0,076161 0,076161
выражайте 0,047791 0,047791
начались 0,068993 0,068993
великолепно 5,010635 5,010635
летней 2,708050 2,708050
рекомендательных 0,000000 0,000000
конфликте 0,076161 0,076161
продолжая 0,047791 0,047791
внешностью 4,317488 4,317488
работает 0,040822 0,040822
увлекательные 0,047791 0,047791
закрытый 3,912023 3,912023
распространено 5,010635 5,010635
переговоры 0,054808 0,054808
конфиденциальностиправила 0,000000 0,000000
бонусы 0,047791 0,095581
писателя 3,912023 3,912023
политикой 0,047791 0,047791
восковую 5,010635 5,010635
маккартни 0,097980 0,391922
жильцы 0,076161 0,076161
выглядят 2,813411 2,813411
жизни 0,000000 0,000000
забота 0,000000 0,000000
сбер 0,040822 0,040822
пожаловать 0,013423 0,013423
использованияполитика 0,000000 0,000000
британского 3,912023 7,824046
крупный 0,068993 0,068993
регионам 0,076161 0,076161
крупным 0,076161 0,076161
лонгсливе 5,010635 5,010635
туристку 0,076161 0,076161
это 0,020203 0,060608
победа 0,000000 0,000000
волосы 3,218876 3,218876
основателей 5,010635 5,010635
остались 0,061875 0,061875
две 0,033902 0,033902
расположенном 4,317488 4,317488
запечатлели 5,010635 5,010635
мотор 0,000000 0,000000
обменивайте 0,047791 0,047791
опечатку 0,000000 0,000000
сми 0,000000 0,000000
вместе 1,514128 1,514128
группы 2,238047 4,476093
рады 0,068993 0,068993
новости 0,000000 0,000000
войти 0,000000 0,000000
старики 4,317488 4,317488
место 0,054808 0,054808
акции 0,047791 0,047791
хорошие 0,013423 0,013423
мс 0,097980 0,097980
медитации 0,076161 0,076161
комментариях 3,624341 3,624341
шортах 5,010635 5,010635
экономика 0,000000 0,000000
уход 0,076161 0,076161
обычных 3,624341 3,624341
почему 0,899761 1,799523
черном 3,064725 3,064725
старр 5,010635 5,010635
тающую 5,010635 5,010635
прибыл 0,083382 0,083382
похож 5,010635 5,010635
внешний 3,064725 3,064725
спецпроекты 0,000000 0,000000
феврале 2,525729 2,525729
колена 5,010635 5,010635
ринго 5,010635 5,010635
барабанщика 5,010635 5,010635
полученных 4,317488 4,317488
старика 5,010635 5,010635
высказались 3,064725 3,064725
реальный 0,013423 0,013423
игры 0,000000 0,000000
издания 3,401197 3,401197
техника 0,000000 0,000000
ссср 0,000000 0,000000
правды 0,068993 0,068993
трампа 0,054808 0,054808
тысячи 0,068993 0,068993
бартелеми 5,010635 5,010635
бекхэма 5,010635 5,010635
отвел 0,076161 0,076161
предрек 0,076161 0,076161
марта 0,040822 0,040822
городе 0,061875 0,061875
смешно 3,912023 3,912023
надела 5,010635 5,010635
главное 0,000000 0,000000
красят 5,010635 5,010635
года 0,899761 0,899761
реакций 0,047791 0,047791
летнего 0,097980 0,391922
заявили 0,076161 0,152323
реакции 0,047791 0,047791
дэвида 5,010635 5,010635
мини 0,000000 0,000000
музыканта 5,010635 10,021271
окрашивание 5,010635 5,010635
своих 2,177422 2,177422
видеть 0,013423 0,013423
изнасиловал 0,076161 0,076161
материал 3,912023 3,912023
ричарда 5,010635 5,010635
наука 0,000000 0,000000
