перемирии 0,076161 0,076161
ру 0,000000 0,000000
банк 0,076161 0,076161
рф 1,514128 1,514128
артиллерии 3,218876 3,218876
новые 0,000000 0,000000
районы 3,912023 3,912023
активная 4,317488 4,317488
согласие 0,047791 0,047791
добро 0,013423 0,013423
вероятно 2,813411 2,813411
выражаете 0,047791 0,047791
военблогер 5,010635 5,010635
пойти 4,317488 4,317488
помощью 0,047791 0,047791
долго 2,612740 2,612740
александр 1,832581 1,832581
сообщил 1,791759 1,791759
возможной 4,317488 4,317488
добра 0,013423 0,026846
панические 5,010635 5,010635
фото 0,061875 0,185626
пункт 3,218876 3,218876
бронированных 4,317488 4,317488
силы 2,177422 8,709688
политика 1,576648 1,576648
отпор 5,010635 5,010635
танков 3,218876 6,437752
водой 0,061875 0,061875
т 4,317488 4,317488
технологиймини 0,000000 0,000000
оценивайте 0,047791 0,047791
оказался 2,708050 2,708050
командования 4,317488 4,317488
область 2,238047 4,476093
инженерные 3,912023 3,912023
наступление 4,317488 4,317488
населенный 3,912023 3,912023
удары 2,931194 5,862388
населенным 4,317488 4,317488
ветер 3,912023 3,912023
конфиденциальности 0,047791 0,047791
белгородскую 2,612740 2,612740
мир 0,000000 0,000000
гладков 5,010635 5,010635
сообщается 3,218876 3,218876
пунктов 2,813411 5,626821
населенных 2,813411 5,626821
нажмите 0,000000 0,000000
получайте 0,047791 0,047791
провокации 3,218876 3,218876
стягивании 5,010635 5,010635
уточнил 3,401197 3,401197
погружайтесь 0,047791 0,047791
подоляка 5,010635 10,021271
бывший 0,000000 0,000000
время 0,762140 2,286420
отмечает 2,612740 7,838220
проблемы 0,076161 0,076161
накапливайте 0,047791 0,047791
телефонного 2,066196 2,066196
ооо 0,000000 0,000000
деактивирована 0,013423 0,013423
путешествия 0,000000 0,000000
ресурсы 3,624341 3,624341
отдела 0,579818 0,579818
данным 2,014903 2,014903
данный 3,064725 3,064725
взрывном 5,010635 5,010635
структуры 0,000000 0,000000
параллельмоя 2,177422 2,177422
индии 0,076161 0,076161
бойцы 2,525729 2,525729
хочешь 0,013423 0,013423
нашли 0,000000 0,000000
пляжных 0,097980 0,097980
обычную 0,013423 0,013423
предварительно 5,010635 5,010635
пошла 2,813411 5,626821
уничтожено 4,317488 4,317488
внешность 0,097980 0,097980
врагу 4,317488 4,317488
пограничного 4,317488 4,317488
территорию 2,612740 5,225480
северный 3,401197 3,401197
украину 2,302585 2,302585
построить 5,010635 5,010635
разведкой 5,010635 5,010635
украинском 0,076161 0,076161
света 0,054808 0,054808
первую 2,238047 2,238047
прикрытием 4,317488 8,634976
украины 1,021651 2,043302
курской 1,832581 5,497744
подорвался 5,010635 5,010635
значат 3,912023 3,912023
основные 3,401197 3,401197
галереи 0,000000 0,000000
белоусов 0,076161 0,076161
боевых 3,064725 3,064725
военкоры 3,912023 3,912023
задача 3,912023 3,912023
хотя 2,445686 2,445686
условиями 0,040822 0,081644
краснояружскую 5,010635 5,010635
готовы 2,708050 2,708050
танка 5,010635 5,010635
допущен 5,010635 5,010635
читайте 0,040822 0,040822
элитного 5,010635 5,010635
удастся 5,010635 5,010635
байконур 0,097980 0,097980
раненые 4,317488 4,317488
редакциярекламаконтактыпресс 0,000000 0,000000
видео 0,000000 0,000000
исключил 3,624341 3,624341
машины 2,612740 2,612740
солдат 3,064725 3,064725
часть 1,919593 1,919593
путина 1,514128 3,028255
обороны 2,525729 2,525729
белгородской 2,931194 14,655969
последние 0,090654 0,090654
предрекли 0,076161 0,076161
момент 1,714798 1,714798
подолякавоенный 5,010635 5,010635
владимира 2,445686 2,445686
архив 0,000000 0,000000
раскладе 5,010635 5,010635
оборону 5,010635 10,021271
сша 0,040822 0,122466
машин 3,064725 3,064725
районе 2,708050 10,832201
среда 0,000000 0,000000
канала 3,401197 3,401197
раскрытии 0,076161 0,076161
сюжетатаки 3,912023 3,912023
среди 1,714798 1,714798
структурах 4,317488 4,317488
скидки 0,047791 0,047791
эксклюзивы 0,000000 0,000000
российском 0,076161 0,076161
выражайте 0,047791 0,047791
леса 3,218876 3,218876
проходы 5,010635 5,010635
жизненно 4,317488 4,317488
атаки 2,177422 2,177422
конфликте 0,076161 0,076161
подтянул 5,010635 5,010635
названа 2,931194 2,931194
бронемашины 4,317488 4,317488
продолжая 0,047791 0,047791
атаку 2,931194 5,862388
мобилизованные 5,010635 5,010635
враг 5,010635 5,010635
армии 2,612740 2,612740
инженерную 4,317488 4,317488
утром 2,612740 2,612740
будут 1,919593 1,919593
усиливаются 5,010635 5,010635
конфиденциальностиправила 0,000000 0,000000
бонусы 0,047791 0,095581
роты 3,401197 3,401197
краснояружский 5,010635 5,010635
политикой 0,047791 0,047791
оттянуть 5,010635 5,010635
жильцы 0,076161 0,076161
жизни 0,000000 0,000000
действиями 5,010635 5,010635
одним 1,966113 1,966113
марьино 5,010635 5,010635
разграждения 3,912023 3,912023
дональда 2,177422 2,177422
сообщает 2,120264 2,120264
гончарова 3,912023 3,912023
туристку 0,076161 0,076161
это 0,020203 0,060608
ограждениях 5,010635 5,010635
украинские 2,525729 2,525729
отведенных 4,317488 4,317488
две 0,033902 0,101705
мотор 0,000000 0,000000
обменивайте 0,047791 0,047791
оперативной 2,177422 2,177422
группы 2,238047 2,238047
убежден 3,218876 3,218876
бросили 4,317488 4,317488
новости 0,000000 0,000000
разговора 1,609438 3,218876
войти 0,000000 0,000000
региона 3,912023 3,912023
демидовка 3,401197 3,401197
противнику 3,624341 3,624341
хорошие 0,013423 0,013423
отключены 1,576648 1,576648
резервы 5,010635 5,010635
дороги 3,912023 3,912023
медитации 0,076161 0,076161
вклиниваются 5,010635 5,010635
майора 4,317488 4,317488
судьба 3,218876 3,218876
действия 2,302585 2,302585
коц 5,010635 5,010635
канал 2,813411 11,253643
уход 0,076161 0,076161
прилесье 3,624341 3,624341
идут 2,525729 5,051457
прибыл 0,083382 0,083382
освобожденной 3,624341 3,624341
боестолкновение 5,010635 5,010635
области 1,399717 13,997174
спецпроекты 0,000000 0,000000
аравии 2,813411 2,813411
раздергать 5,010635 5,010635
игры 0,000000 0,000000
техника 0,000000 0,000000
ссср 0,000000 0,000000
пять 1,576648 1,576648
трампа 0,054808 0,164425
нашей 2,525729 2,525729
отвел 0,076161 0,076161
происходит 2,014903 2,014903
технику 3,624341 3,624341
марта 0,040822 0,204110
губернатор 3,624341 3,624341
целью 3,624341 7,248682
главное 0,000000 0,000000
реакций 0,047791 0,047791
летнего 0,097980 0,097980
настроения 3,912023 3,912023
реакции 0,047791 0,047791
мини 0,000000 0,000000
других 1,576648 1,576648
суток 3,401197 3,401197
раскрыта 3,401197 3,401197
противника 3,064725 6,129450
август 4,317488 4,317488
изнасиловал 0,076161 0,076161
пережила 3,401197 3,401197
гуево 4,317488 8,634976
зеленского 0,068993 0,068993
лента 0,000000 0,000000
спорт 0,000000 0,000000
район 3,624341 3,624341
растянуть 5,010635 5,010635
переговорах 2,612740 2,612740
линии 2,708050 2,708050
уточняет 5,010635 5,010635
споры 0,097980 0,097980
приказа 2,813411 2,813411
пытались 2,708050 5,416100
военной 0,061875 0,061875
четыре 0,040822 0,081644
протяжении 3,912023 3,912023
жми 0,013423 0,013423
сумской 2,813411 5,626821
глава 1,643339 1,643339
состава 3,624341 3,624341
ленту 0,013423 0,013423
затопленного 0,076161 0,076161
юрий 2,813411 5,626821
наши 2,177422 4,354844
курская 3,624341 3,624341
россии 0,425668 1,277003
применения 0,000000 0,000000
интерната 3,912023 3,912023
обитания 0,000000 0,000000
ценности 0,000000 0,000000
прорваться 2,813411 2,813411
цели 2,371578 2,371578
опасно 2,813411 2,813411
важно 2,302585 2,302585
вс 2,371578 2,371578
материалам 0,047791 0,047791
российские 1,678431 3,356862
известно 1,297063 2,594126
вернуться 0,013423 0,013423
ваши 0,047791 0,047791
женщины 2,066196 2,066196
российским 0,076161 0,076161
беженцев 3,912023 3,912023
сообщают 3,218876 3,218876
пегов 5,010635 5,010635
архангел 4,317488 4,317488
цель 3,218876 3,218876
личного 3,401197 3,401197
словом 3,912023 3,912023
интернет 0,000000 0,000000
россия 0,000000 0,000000
го 2,302585 4,605170
обратился 0,076161 0,076161
рассказали 1,919593 1,919593
считает 2,445686 2,445686
саудовской 2,813411 2,813411
прорыва 3,912023 11,736069
пытаются 2,931194 2,931194
свои 0,027029 0,054057
запланированного 4,317488 4,317488
убедили 3,624341 3,624341
вячеслав 3,624341 3,624341
устройстве 5,010635 5,010635
гид 0,076161 0,076161
группами 4,317488 4,317488
уволит 0,076161 0,076161
эшелонированную 5,010635 5,010635
дома 0,061875 0,061875
американский 0,061875 0,061875
пола 0,097980 0,097980
прекращение 2,813411 2,813411
авиацией 4,317488 4,317488
работа 2,708050 2,708050
осуществить 4,317488 4,317488
российских 1,576648 1,576648
малыми 5,010635 5,010635
дадут 5,010635 5,010635
эмоции 0,047791 0,047791
зеленским 0,076161 0,076161
двум 0,076161 0,076161
пунктам 5,010635 5,010635
вызвала 0,097980 0,097980
поповка 5,010635 5,010635
сети 0,090654 0,090654
военнослужащим 0,076161 0,076161
проделать 5,010635 5,010635
семен 4,317488 4,317488
басовку 5,010635 5,010635
материалы 0,000000 0,000000
продолжаются 5,010635 5,010635
служебный 5,010635 5,010635
блогер 3,401197 6,802395
гоголевка 4,317488 4,317488
депутат 0,076161 0,076161
мировую 3,064725 3,064725
прогресс 0,097980 0,097980
статьи 0,000000 0,000000
наносит 4,317488 4,317488
графовка 5,010635 10,021271
украинцы 2,931194 2,931194
согласиться 3,064725 3,064725
больницу 3,401197 3,401197
позиции 2,302585 2,302585
происходят 3,401197 3,401197
форме 0,061875 0,061875
отражению 5,010635 5,010635
отмечается 2,371578 2,371578
культура 0,000000 0,000000
львова 5,010635 5,010635
силовые 0,000000 0,000000
дня 0,061875 0,061875
силовых 3,401197 3,401197
любом 3,912023 7,824046
вторник 3,218876 3,218876
активизировали 5,010635 5,010635
решительными 5,010635 5,010635
спецназа 3,912023 3,912023
редактор 0,567984 0,567984
пострадавшие 5,010635 5,010635
сотрудников 0,076161 0,076161
границе 2,813411 8,440232
стягивать 5,010635 5,010635
вооруженные 2,708050 2,708050
освобожденным 5,010635 5,010635
теме 1,514128 1,514128
комментарии 1,484275 1,484275
сил 1,791759 3,583519
атакой 4,317488 4,317488
серьезных 5,010635 5,010635
начались 0,068993 0,068993
автобус 5,010635 5,010635
алина 3,624341 3,624341
рекомендательных 0,000000 0,000000
резервов 4,317488 4,317488
работает 0,040822 0,040822
сорвать 2,931194 2,931194
увлекательные 0,047791 0,047791
прорыв 3,624341 3,624341
противник 3,624341 10,873023
переговоры 0,054808 0,054808
приграничные 5,010635 5,010635
маккартни 0,097980 0,097980
выглядят 2,813411 2,813411
забота 0,000000 0,000000
сбер 0,040822 0,040822
пожаловать 0,013423 0,013423
использованияполитика 0,000000 0,000000
которые 1,181994 2,363988
планы 2,813411 2,813411
думаю 2,708050 2,708050
крупный 0,068993 0,068993
идет 2,177422 2,177422
военкор 3,912023 3,912023
никаких 2,813411 2,813411
регионам 0,076161 0,076161
крупным 0,076161 0,076161
баротравмами 5,010635 5,010635
победа 0,000000 0,000000
крупные 3,218876 3,218876
имеющейся 5,010635 5,010635
судже 2,931194 2,931194
остались 0,061875 0,061875
ведут 3,912023 3,912023
случае 1,875141 1,875141
страна 1,714798 1,714798
опечатку 0,000000 0,000000
сми 0,000000 0,000000
пехота 3,624341 7,248682
президентов 2,708050 2,708050
ударом 3,912023 3,912023
жить 2,177422 2,177422
рады 0,068993 0,068993
несколько 1,347074 1,347074
место 0,054808 0,054808
акции 0,047791 0,047791
мс 0,097980 0,097980
рассказал 1,272966 1,272966
начали 1,427116 1,427116
накануне 2,238047 4,476093
военные 2,371578 4,743156
попытки 2,302585 2,302585
сбежать 4,317488 4,317488
военный 2,525729 2,525729
корреспондент 2,525729 2,525729
совершаться 5,010635 5,010635
артиллерией 4,317488 4,317488
экономика 0,000000 0,000000
попытка 3,218876 9,656627
села 3,218876 3,218876
совершена 3,401197 3,401197
покидают 4,317488 4,317488
отряда 3,401197 3,401197
главная 3,218876 3,218876
пишет 2,371578 4,743156
прорывов 5,010635 5,010635
задействована 5,010635 5,010635
десанта 3,218876 3,218876
бои 2,813411 14,067054
бой 3,401197 3,401197
реальный 0,013423 0,013423
мужчина 2,371578 2,371578
всу 1,373049 21,968786
правды 0,068993 0,068993
тысячи 0,068993 0,068993
используя 3,401197 3,401197
оккупации 2,612740 2,612740
участке 3,912023 7,824046
нанесли 3,401197 3,401197
предрек 0,076161 0,076161
городе 0,061875 0,061875
огня 1,678431 1,678431
информации 1,919593 3,839186
растягивание 5,010635 5,010635
применил 5,010635 5,010635
границы 3,218876 6,437752
проникнуть 2,708050 2,708050
участках 5,010635 5,010635
заявили 0,076161 0,076161
украинскую 4,317488 4,317488
видеть 0,013423 0,013423
наука 0,000000 0,000000
доставлены 5,010635 5,010635
