перемирии 0,076161 0,076161
ру 0,000000 0,000000
банк 0,076161 0,076161
сомнение 5,010635 5,010635
этому 2,238047 2,238047
новые 0,000000 0,000000
академия 5,010635 5,010635
превращается 5,010635 5,010635
формулы 4,317488 4,317488
заболевания 4,317488 4,317488
согласие 0,047791 0,047791
добро 0,013423 0,013423
выражаете 0,047791 0,047791
наибольший 5,010635 5,010635
токсичную 5,010635 5,010635
менее 2,014903 4,029806
пришлось 2,371578 2,371578
помощью 0,047791 0,047791
таким 2,014903 2,014903
запасы 4,317488 4,317488
добра 0,013423 0,026846
вызывающее 3,064725 3,064725
дерматологии 5,010635 5,010635
фото 0,061875 0,247502
безвредно 5,010635 5,010635
поставили 3,912023 3,912023
водой 0,061875 0,061875
средство 4,317488 4,317488
технологиймини 0,000000 0,000000
косметики 5,010635 5,010635
неходжкинской 5,010635 5,010635
оценивайте 0,047791 0,047791
оно 2,445686 7,337058
опасного 3,912023 3,912023
конфиденциальности 0,047791 0,047791
процессе 4,317488 4,317488
мир 0,000000 0,000000
изымают 5,010635 5,010635
основным 3,912023 3,912023
нажмите 0,000000 0,000000
косметику 5,010635 15,031906
получайте 0,047791 0,047791
погружайтесь 0,047791 0,047791
бывший 0,000000 0,000000
отмечает 2,612740 2,612740
проблемы 0,076161 0,076161
накапливайте 0,047791 0,047791
каждом 3,912023 3,912023
ооо 0,000000 0,000000
деактивирована 0,013423 0,013423
крови 2,931194 2,931194
путешествия 0,000000 0,000000
аналитиков 5,010635 5,010635
отдела 0,579818 0,579818
средства 3,218876 6,437752
структуры 0,000000 0,000000
индии 0,076161 0,076161
хочешь 0,013423 0,013423
оставлять 3,624341 3,624341
пляжных 0,097980 0,097980
одной 1,514128 1,514128
нашли 0,000000 0,000000
обычную 0,013423 0,013423
вернется 3,912023 3,912023
популярном 2,931194 5,862388
внешность 0,097980 0,097980
выводы 4,317488 8,634976
вызывающий 4,317488 8,634976
вред 4,317488 4,317488
украинском 0,076161 0,076161
света 0,054808 0,054808
прежнему 3,064725 3,064725
взялся 3,912023 3,912023
галереи 0,000000 0,000000
наименованиях 5,010635 5,010635
белоусов 0,076161 0,076161
брендом 3,912023 3,912023
однако 1,249435 2,498870
брендов 3,624341 7,248682
условиями 0,040822 0,081644
имеющиеся 4,317488 4,317488
читайте 0,040822 0,040822
бензол 5,010635 55,116988
уничтожает 4,317488 4,317488
байконур 0,097980 0,097980
пероксид 5,010635 10,021271
редакциярекламаконтактыпресс 0,000000 0,000000
полностью 2,525729 5,051457
видео 0,000000 0,000000
бензине 5,010635 5,010635
десятков 3,912023 3,912023
последние 0,090654 0,090654
креме 3,064725 15,323626
предрекли 0,076161 0,076161
решил 2,708050 2,708050
обезопасить 4,317488 4,317488
кожу 4,317488 8,634976
крема 5,010635 10,021271
архив 0,000000 0,000000
торговли 3,912023 3,912023
изменения 3,624341 3,624341
сша 0,040822 0,040822
причиной 2,813411 2,813411
среды 3,624341 3,624341
производятся 5,010635 5,010635
розничной 4,317488 8,634976
среда 0,000000 0,000000
раскрытии 0,076161 0,076161
скидки 0,047791 0,047791
эксклюзивы 0,000000 0,000000
косметические 5,010635 5,010635
российском 0,076161 0,076161
выражайте 0,047791 0,047791
сонуход 3,401197 3,401197
трудно 3,401197 3,401197
вследствие 5,010635 5,010635
продавцов 5,010635 5,010635
содержится 4,317488 8,634976
конфликте 0,076161 0,076161
смерть 2,612740 2,612740
продолжая 0,047791 0,047791
большом 3,401197 3,401197
изъятия 5,010635 5,010635
екатерина 2,708050 2,708050
международное 5,010635 5,010635
которое 2,371578 2,371578
конфиденциальностиправила 0,000000 0,000000
бонусы 0,047791 0,095581
солнца 4,317488 4,317488
которой 2,120264 6,360791
нормы 3,912023 3,912023
политикой 0,047791 0,047791
лица 2,612740 2,612740
жильцы 0,076161 0,076161
обнаружены 5,010635 5,010635
отметили 3,064725 3,064725
жизни 0,000000 0,000000
йельского 5,010635 5,010635
доказали 5,010635 5,010635
средств 2,931194 5,862388
связано 3,218876 3,218876
прежнем 5,010635 5,010635
вызывать 4,317488 8,634976
группа 2,813411 2,813411
аптечном 3,064725 6,129450
туристку 0,076161 0,076161
которого 1,875141 1,875141
это 0,020203 0,060608
образовывался 5,010635 5,010635
большинство 2,708050 2,708050
лучей 5,010635 5,010635
волосы 3,218876 3,218876
две 0,033902 0,033902
мотор 0,000000 0,000000
обменивайте 0,047791 0,047791
группы 2,238047 2,238047
продаются 5,010635 5,010635
новости 0,000000 0,000000
войти 0,000000 0,000000
ведется 4,317488 4,317488
поступает 4,317488 4,317488
хорошие 0,013423 0,013423
улице 3,218876 3,218876
отключены 1,576648 1,576648
медитации 0,076161 0,076161
канцероген 5,010635 10,021271
крем 5,010635 5,010635
воздействие 3,624341 7,248682
уход 0,076161 0,152323
определенных 5,010635 5,010635
уходовых 5,010635 5,010635
предотвратить 4,317488 4,317488
прибыл 0,083382 0,083382
дыме 5,010635 5,010635
полки 5,010635 5,010635
окне 5,010635 5,010635
вещества 5,010635 10,021271
спецпроекты 0,000000 0,000000
рынка 2,612740 5,225480
компонентом 5,010635 5,010635
изучению 5,010635 5,010635
защиты 3,218876 3,218876
игры 0,000000 0,000000
вещество 3,064725 12,258901
техника 0,000000 0,000000
ссср 0,000000 0,000000
доступен 3,624341 3,624341
борется 5,010635 5,010635
трампа 0,054808 0,054808
собойокружающее 3,401197 3,401197
жару 4,317488 4,317488
частной 3,912023 3,912023
косметическое 5,010635 5,010635
компания 2,371578 4,743156
отвел 0,076161 0,076161
магазинов 5,010635 5,010635
здоровьеотношения 3,401197 3,401197
главной 3,064725 3,064725
пяти 3,401197 3,401197
марта 0,040822 0,040822
другие 1,714798 1,714798
лимфомой 5,010635 5,010635
главное 0,000000 0,000000
французский 3,912023 3,912023
прошлого 2,813411 2,813411
летнего 0,097980 0,097980
реакций 0,047791 0,095581
срочно 3,401197 3,401197
издание 2,445686 2,445686
реакции 0,047791 0,047791
мини 0,000000 0,000000
других 1,576648 1,576648
компании 2,014903 2,014903
приносит 4,317488 4,317488
вновь 3,218876 3,218876
изнасиловал 0,076161 0,076161
разрушительно 5,010635 5,010635
лаборатории 4,317488 4,317488
реакцию 3,912023 3,912023
лимфолейкозом 5,010635 10,021271
образом 2,066196 2,066196
больших 3,624341 3,624341
пространствоментальное 3,401197 3,401197
зеленского 0,068993 0,068993
отозвала 5,010635 5,010635
лента 0,000000 0,000000
внешней 3,912023 3,912023
партию 3,912023 3,912023
брендах 5,010635 5,010635
разработка 4,317488 4,317488
спорт 0,000000 0,000000
бензола 5,010635 10,021271
защититься 2,931194 2,931194
находили 4,317488 4,317488
лейкемию 5,010635 10,021271
споры 0,097980 0,097980
военной 0,061875 0,061875
четыре 0,040822 0,040822
намерено 5,010635 10,021271
жми 0,013423 0,013423
известных 3,401197 3,401197
бактерии 5,010635 5,010635
миеломой 5,010635 5,010635
поступила 3,912023 3,912023
косметическая 5,010635 5,010635
ленту 0,013423 0,013423
затопленного 0,076161 0,076161
партии 5,010635 5,010635
составе 3,624341 3,624341
стали 1,514128 1,514128
применения 0,000000 0,000000
всепитание 3,401197 3,401197
обитания 0,000000 0,000000
ценности 0,000000 0,000000
производитель 5,010635 5,010635
первая 2,371578 2,371578
материалам 0,047791 0,047791
известно 1,297063 1,297063
вернуться 0,013423 0,013423
ваши 0,047791 0,047791
срочном 4,317488 4,317488
российским 0,076161 0,076161
рак 2,931194 8,793581
откуда 3,064725 3,064725
производители 3,912023 3,912023
исследователей 5,010635 5,010635
интернет 0,000000 0,000000
россия 0,000000 0,000000
обратился 0,076161 0,076161
свои 0,027029 0,027029
хлл 5,010635 5,010635
гид 0,076161 0,076161
третьем 4,317488 4,317488
уволит 0,076161 0,076161
дома 0,061875 0,061875
американский 0,061875 0,061875
пола 0,097980 0,097980
добавляют 5,010635 5,010635
сообщило 3,401197 3,401197
солнечных 5,010635 5,010635
эмоции 0,047791 0,047791
зеленским 0,076161 0,076161
двум 0,076161 0,076161
вызвала 0,097980 0,097980
сети 0,090654 0,090654
военнослужащим 0,076161 0,076161
кроме 1,427116 2,854233
виде 2,708050 2,708050
такую 2,931194 2,931194
бензоил 5,010635 10,021271
токсичного 5,010635 5,010635
материалы 0,000000 0,000000
ядовитое 5,010635 5,010635
шампуней 5,010635 5,010635
превышение 5,010635 5,010635
депутат 0,076161 0,076161
владеющая 5,010635 5,010635
прогресс 0,097980 0,097980
рака 3,624341 3,624341
статьи 0,000000 0,000000
следы 3,912023 3,912023
европейская 4,317488 4,317488
нагревании 5,010635 5,010635
форме 0,061875 0,061875
сообщила 3,912023 3,912023
изымать 5,010635 5,010635
культура 0,000000 0,000000
сообщили 2,177422 2,177422
силовые 0,000000 0,000000
множественной 5,010635 5,010635
дня 0,061875 0,061875
прыщами 5,010635 5,010635
организм 3,624341 3,624341
покупки 3,624341 3,624341
серьезные 3,401197 3,401197
редактор 0,567984 0,567984
нагревали 5,010635 5,010635
сотрудников 0,076161 0,076161
провоцировали 5,010635 5,010635
многие 1,714798 1,714798
комментарии 1,484275 1,484275
начались 0,068993 0,068993
классифицирует 5,010635 5,010635
количествах 5,010635 5,010635
айленда 5,010635 5,010635
рекомендательных 0,000000 0,000000
работает 0,040822 0,040822
увлекательные 0,047791 0,047791
прыщей 3,064725 6,129450
порядке 2,813411 2,813411
десятках 4,317488 4,317488
переговоры 0,054808 0,054808
машине 3,401197 3,401197
маккартни 0,097980 0,097980
сухих 5,010635 5,010635
забота 0,000000 0,000000
сбер 0,040822 0,040822
является 1,966113 1,966113
пожаловать 0,013423 0,013423
использованияполитика 0,000000 0,000000
поводом 3,912023 3,912023
которые 1,181994 1,181994
который 1,272966 1,272966
поэтому 1,966113 1,966113
токсичный 5,010635 5,010635
крупный 0,068993 0,068993
призвали 2,708050 2,708050
регионам 0,076161 0,076161
агентство 3,064725 3,064725
например 1,791759 1,791759
крупным 0,076161 0,076161
победа 0,000000 0,000000
вдыхать 5,010635 5,010635
допустимой 5,010635 5,010635
хроническим 5,010635 5,010635
остались 0,061875 0,061875
венерологии 5,010635 5,010635
претензией 5,010635 5,010635
опечатку 0,000000 0,000000
сми 0,000000 0,000000
продукции 4,317488 8,634976
острым 4,317488 4,317488
такое 2,014903 2,014903
рады 0,068993 0,068993
собой 2,014903 2,014903
место 0,054808 0,054808
акции 0,047791 0,047791
мс 0,097980 0,097980
прямых 3,912023 3,912023
условиях 2,813411 2,813411
нанесения 5,010635 5,010635
благодаря 2,238047 2,238047
ученых 4,317488 8,634976
экономика 0,000000 0,000000
изъять 5,010635 5,010635
образуется 5,010635 5,010635
улитина 4,317488 4,317488
организации 2,708050 2,708050
университета 3,912023 7,824046
безвредное 5,010635 5,010635
табачном 5,010635 5,010635
реальный 0,013423 0,013423
количестве 3,912023 3,912023
году 1,373049 4,119147
правды 0,068993 0,068993
лонг 5,010635 5,010635
тысячи 0,068993 0,068993
протестировали 5,010635 5,010635
воспалением 5,010635 5,010635
избегать 3,401197 3,401197
продажи 3,401197 3,401197
предрек 0,076161 0,076161
городе 0,061875 0,061875
года 0,899761 0,899761
способно 5,010635 5,010635
заявили 0,076161 0,076161
опасный 3,218876 3,218876
видеть 0,013423 0,013423
очень 1,347074 1,347074
наука 0,000000 0,000000
