леонид 3,401197 6,802395
банк 0,076161 0,076161
бензин 3,624341 3,624341
день 1,544899 1,544899
каманина 5,010635 20,042541
северина 5,010635 10,021271
смирнова 5,010635 5,010635
заявил 1,098612 1,098612
совещании 3,912023 11,736069
апо 5,010635 10,021271
унты 5,010635 5,010635
людей 1,455287 1,455287
практической 5,010635 5,010635
тормозная 5,010635 5,010635
принадлежит 3,624341 3,624341
чувствовал 3,912023 3,912023
надежнее 5,010635 5,010635
трудный 5,010635 10,021271
пункт 3,218876 3,218876
вспоминал 3,401197 17,005987
разговор 1,791759 1,791759
леша 3,912023 3,912023
технологиймини 0,000000 0,000000
снаружи 5,010635 5,010635
автоматика 5,010635 5,010635
лихорадочно 5,010635 5,010635
подниматься 5,010635 5,010635
самому 3,401197 3,401197
нажмите 0,000000 0,000000
безвоздушное 5,010635 5,010635
двухчасовые 5,010635 5,010635
километрах 3,912023 3,912023
сантиметра 5,010635 5,010635
деле 2,238047 2,238047
проблемы 0,076161 0,152323
крови 2,931194 2,931194
путешествия 0,000000 0,000000
каждой 5,010635 5,010635
проблема 3,064725 3,064725
произведен 5,010635 5,010635
имени 2,708050 5,416100
сформулировал 5,010635 5,010635
сидят 3,624341 3,624341
автоматики 5,010635 5,010635
туда 2,813411 2,813411
чрезвычайного 5,010635 5,010635
индии 0,076161 0,076161
ногами 3,912023 3,912023
внуково 5,010635 5,010635
керима 5,010635 5,010635
пообщаться 3,624341 3,624341
дмитрий 2,371578 4,743156
пригрозил 5,010635 5,010635
прием 3,218876 3,218876
легко 2,813411 2,813411
сильные 2,708050 2,708050
степени 3,624341 3,624341
мельчайшие 5,010635 5,010635
украинском 0,076161 0,076161
конструктор 5,010635 20,042541
мороз 3,624341 3,624341
детище 5,010635 5,010635
белоусов 0,076161 0,076161
остановился 5,010635 5,010635
побывала 4,317488 4,317488
закрыть 3,912023 3,912023
побывали 5,010635 5,010635
оборонным 5,010635 5,010635
июня 2,612740 5,225480
система 2,813411 8,440232
могут 1,455287 1,455287
следующее 5,010635 5,010635
уверенно 4,317488 4,317488
читайте 0,040822 0,040822
хорошая 3,912023 3,912023
падение 4,317488 4,317488
здоровья 2,813411 2,813411
выступил 3,401197 3,401197
байконур 0,097980 0,489902
гонке 5,010635 5,010635
дают 2,813411 2,813411
председатель 2,813411 2,813411
председателю 5,010635 5,010635
председателя 3,401197 6,802395
мелочах 5,010635 5,010635
вперед 2,931194 5,862388
выход 3,064725 21,453076
едва 2,177422 4,354844
последние 0,090654 0,090654
космодром 4,317488 4,317488
увеличился 5,010635 5,010635
архив 0,000000 0,000000
солнечном 5,010635 5,010635
июля 2,813411 2,813411
участием 3,401197 3,401197
сша 0,040822 0,081644
разразился 5,010635 5,010635
комитета 2,813411 2,813411
средние 4,317488 4,317488
одновременно 3,218876 3,218876
написал 2,525729 2,525729
келдышем 5,010635 10,021271
необходимого 5,010635 5,010635
береговой 5,010635 20,042541
подготовлен 5,010635 20,042541
самочувствие 4,317488 4,317488
ракета 5,010635 5,010635
зоной 5,010635 5,010635
приземлились 5,010635 5,010635
штатно 5,010635 5,010635
врач 2,445686 2,445686
ноябре 2,813411 2,813411
конференции 3,624341 14,497364
секунд 4,317488 12,952464
назначить 3,624341 3,624341
опасность 3,401197 3,401197
конференция 3,912023 3,912023
претензии 3,912023 7,824046
бонусы 0,047791 0,095581
продовольствие 5,010635 5,010635
тому 2,612740 5,225480
хорошее 3,218876 3,218876
жильцы 0,076161 0,076161
систему 2,708050 2,708050
подготовка 3,912023 7,824046
удержать 2,708050 2,708050
опасен 4,317488 4,317488
возникла 5,010635 5,010635
системы 2,525729 5,051457
оставалось 3,401197 6,802395
станция 3,624341 3,624341
слова 2,177422 2,177422
траектория 3,912023 3,912023
разницы 4,317488 4,317488
подготовку 4,317488 4,317488
находится 2,371578 2,371578
возникло 3,624341 3,624341
туристку 0,076161 0,076161
подготовки 3,064725 18,388351
восход 5,010635 45,095718
обнаружено 4,317488 4,317488
сформировалась 4,317488 4,317488
площадкой 3,912023 3,912023
выдал 4,317488 4,317488
золотые 4,317488 4,317488
званию 4,317488 4,317488
имеет 3,064725 3,064725
беляев 5,010635 85,180800
нахожусь 4,317488 4,317488
экспедиция 5,010635 5,010635
азота 5,010635 5,010635
станции 3,624341 7,248682
станций 5,010635 5,010635
хорошие 0,013423 0,013423
недостатки 3,624341 3,624341
целый 3,064725 3,064725
майора 4,317488 4,317488
морем 5,010635 5,010635
константином 5,010635 5,010635
трагедии 4,317488 4,317488
нагрузок 4,317488 4,317488
толпой 3,912023 3,912023
обучаем 5,010635 5,010635
размерах 3,912023 3,912023
побывавший 5,010635 5,010635
пульта 5,010635 5,010635
эксперимента 5,010635 10,021271
окажется 3,624341 3,624341
делаешь 5,010635 5,010635
километров 3,401197 10,203592
состоянии 2,813411 2,813411
против 1,791759 1,791759
беляеву 5,010635 20,042541
спасительное 5,010635 5,010635
ориентации 5,010635 10,021271
назвался 5,010635 5,010635
наверное 2,931194 2,931194
срочно 3,401197 3,401197
перми 5,010635 15,031906
мини 0,000000 0,000000
других 1,576648 1,576648
состоянию 3,218876 3,218876
состояния 3,624341 3,624341
беляева 5,010635 60,127624
убедил 3,912023 3,912023
изнасиловал 0,076161 0,076161
включилась 3,912023 3,912023
приступили 4,317488 4,317488
пермь 5,010635 10,021271
стоит 1,791759 1,791759
тбк 5,010635 10,021271
обреза 5,010635 5,010635
голове 5,010635 5,010635
камера 4,317488 4,317488
ручного 5,010635 5,010635
подопытным 5,010635 5,010635
правдиво 5,010635 5,010635
спорт 0,000000 0,000000
иванович 5,010635 5,010635
завода 3,912023 3,912023
споры 0,097980 0,097980
засекречена 5,010635 5,010635
сказать 2,813411 2,813411
камеры 3,218876 6,437752
главе 3,218876 3,218876
погода 3,912023 3,912023
трудности 3,912023 3,912023
споре 5,010635 5,010635
камеру 3,401197 13,604790
неважное 5,010635 5,010635
ответами 4,317488 4,317488
полет 4,317488 69,079810
опасение 5,010635 5,010635
вошел 4,317488 8,634976
тду 5,010635 10,021271
обитания 0,000000 0,000000
женщина 2,813411 2,813411
проходил 5,010635 5,010635
полной 3,401197 3,401197
женщины 2,066196 2,066196
суточный 4,317488 4,317488
пребывания 3,624341 3,624341
сесть 5,010635 5,010635
обморожения 5,010635 5,010635
тех 2,120264 4,240527
выходом 5,010635 15,031906
вижу 3,624341 3,624341
обратился 0,076161 0,076161
россиянину 3,912023 3,912023
пытаются 2,931194 2,931194
уничтожила 5,010635 5,010635
космонавтики 5,010635 10,021271
собравшимся 5,010635 5,010635
спокойствие 5,010635 5,010635
крупнейшей 5,010635 5,010635
надписи 4,317488 4,317488
командованием 3,912023 3,912023
дома 0,061875 0,061875
плавно 3,624341 3,624341
гагаринского 5,010635 5,010635
пола 0,097980 0,097980
попович 5,010635 5,010635
мелкие 5,010635 5,010635
завтра 3,401197 3,401197
первого 2,612740 7,838220
эмоции 0,047791 0,047791
иначе 3,401197 3,401197
добрались 4,317488 4,317488
ненадежность 5,010635 5,010635
пока 1,678431 1,678431
гагарин 3,912023 7,824046
цпк 5,010635 10,021271
неожиданности 5,010635 5,010635
вестей 5,010635 5,010635
заседании 5,010635 5,010635
генеральному 4,317488 4,317488
кроме 1,427116 5,708465
развернулся 4,317488 4,317488
видели 3,912023 3,912023
спокойно 5,010635 5,010635
числился 5,010635 5,010635
веревочной 5,010635 5,010635
оба 3,912023 7,824046
справитесь 5,010635 5,010635
ярко 3,624341 3,624341
вспоминает 3,912023 3,912023
царило 5,010635 5,010635
депутат 0,076161 0,076161
длительный 4,317488 4,317488
летное 4,317488 4,317488
дневнике 3,912023 23,472138
статьи 0,000000 0,000000
выполнили 5,010635 5,010635
замыкает 5,010635 5,010635
культура 0,000000 0,000000
происшествия 3,064725 3,064725
земных 5,010635 5,010635
обо 3,912023 7,824046
честь 3,064725 6,129450
добивался 4,317488 4,317488
мной 2,931194 2,931194
позднее 3,401197 3,401197
широко 3,401197 3,401197
запретил 4,317488 4,317488
групповой 5,010635 5,010635
редактор 0,567984 0,567984
полтора 3,401197 3,401197
пообещали 3,912023 3,912023
принес 3,401197 3,401197
выполняй 5,010635 5,010635
тестировании 5,010635 5,010635
переворачивался 5,010635 5,010635
болели 5,010635 5,010635
аргумента 5,010635 5,010635
работает 0,040822 0,081644
новая 2,612740 2,612740
решено 4,317488 8,634976
взял 3,064725 6,129450
заместителя 3,912023 3,912023
вручил 4,317488 4,317488
производственное 5,010635 5,010635
морским 4,317488 4,317488
заместитель 3,401197 10,203592
девятого 5,010635 5,010635
экипажей 4,317488 8,634976
размышляя 5,010635 5,010635
учитывая 5,010635 5,010635
крупный 0,068993 0,068993
ожидая 4,317488 4,317488
регионам 0,076161 0,076161
крупным 0,076161 0,076161
леонов 3,624341 123,227592
советского 2,371578 11,857890
остались 0,061875 0,061875
сегодня 1,643339 3,286679
телевидению 3,912023 3,912023
вместо 2,708050 2,708050
просить 5,010635 5,010635
детали 2,813411 5,626821
поздравили 5,010635 5,010635
составлял 4,317488 4,317488
вместе 1,514128 1,514128
международных 3,218876 3,218876
рады 0,068993 0,068993
астронавтов 4,317488 4,317488
лестнице 4,317488 8,634976
весом 4,317488 4,317488
решение 2,302585 6,907755
шлюза 5,010635 15,031906
шлюзе 5,010635 5,010635
почувствовал 5,010635 5,010635
безопорном 5,010635 5,010635
получилось 3,912023 3,912023
летний 2,612740 2,612740
келдыш 5,010635 15,031906
поверхностью 5,010635 5,010635
межзвездном 5,010635 5,010635
замечаний 3,912023 3,912023
экономика 0,000000 0,000000
сергея 3,624341 3,624341
выходов 5,010635 5,010635
начинаю 5,010635 5,010635
уверенности 3,401197 3,401197
лихое 5,010635 5,010635
замкнутый 5,010635 5,010635
звезда 2,612740 2,612740
хрунов 5,010635 20,042541
кандидаты 5,010635 5,010635
решения 2,302585 2,302585
вполз 5,010635 5,010635
вершининым 5,010635 10,021271
возрасту 4,317488 4,317488
голоса 5,010635 5,010635
начинай 5,010635 5,010635
реальный 0,013423 0,013423
никакого 4,317488 4,317488
экипажем 5,010635 10,021271
аналогичный 5,010635 5,010635
бою 3,218876 3,218876
предрек 0,076161 0,076161
кпсс 3,912023 7,824046
герман 4,317488 4,317488
шлюз 5,010635 5,010635
встреча 3,218876 3,218876
дошли 5,010635 5,010635
следует 2,302585 2,302585
втором 3,912023 3,912023
попали 3,218876 3,218876
внизу 5,010635 5,010635
окб 5,010635 10,021271
угловой 5,010635 5,010635
витке 5,010635 35,074447
видеть 0,013423 0,013423
смирнов 5,010635 5,010635
событием 3,912023 3,912023
яркий 3,912023 3,912023
второй 2,066196 6,198589
хотели 3,064725 3,064725
перемирии 0,076161 0,076161
георгия 5,010635 10,021271
успел 3,064725 3,064725
ответили 2,708050 2,708050
провожали 5,010635 5,010635
добро 0,013423 0,013423
выражаете 0,047791 0,047791
менее 2,014903 4,029806
помощью 0,047791 0,095581
отдыхал 3,912023 3,912023
решили 3,064725 3,064725
первой 2,612740 2,612740
сгорали 5,010635 5,010635
первом 3,064725 3,064725
добра 0,013423 0,026846
зенитов 5,010635 5,010635
месяцев 2,708050 2,708050
г 3,064725 3,064725
георгий 5,010635 5,010635
й 2,612740 5,225480
м 2,066196 14,463374
прекратилось 5,010635 5,010635
левой 5,010635 15,031906
оценивайте 0,047791 0,047791
какие 1,875141 1,875141
э 5,010635 5,010635
вариант 5,010635 5,010635
переживания 5,010635 5,010635
искать 3,064725 3,064725
снизив 5,010635 5,010635
срыв 4,317488 4,317488
совершен 5,010635 5,010635
главкомом 5,010635 5,010635
организатор 5,010635 15,031906
погружайтесь 0,047791 0,047791
приземления 5,010635 25,053176
егоров 5,010635 5,010635
четверку 4,317488 4,317488
ооо 0,000000 0,000000
слежения 5,010635 5,010635
вручную 4,317488 8,634976
структуры 0,000000 0,000000
сергей 2,708050 10,832201
пляжных 0,097980 0,097980
выключения 5,010635 5,010635
час 3,218876 3,218876
обычную 0,013423 0,013423
могу 2,525729 7,577186
попросил 2,931194 2,931194
внимательным 5,010635 5,010635
учили 5,010635 5,010635
скафандром 5,010635 5,010635
настойчиво 3,912023 3,912023
циолковского 5,010635 5,010635
автоматическом 5,010635 5,010635
героями 5,010635 5,010635
кириллов 4,317488 8,634976
баллонах 5,010635 10,021271
андриян 5,010635 5,010635
редакциярекламаконтактыпресс 0,000000 0,000000
мужество 5,010635 5,010635
видел 3,912023 3,912023
всем 1,966113 1,966113
видео 0,000000 0,000000
плавании 5,010635 5,010635
вызвав 5,010635 5,010635
помощи 2,302585 4,605170
меньше 2,120264 4,240527
врачей 3,218876 3,218876
эфир 5,010635 5,010635
эпохе 5,010635 5,010635
сумке 5,010635 5,010635
смог 2,612740 2,612740
продолжилась 5,010635 5,010635
борис 3,401197 3,401197
государственную 4,317488 4,317488
ошибается 5,010635 5,010635
помахал 5,010635 5,010635
районе 2,708050 2,708050
желательно 5,010635 5,010635
сьюзан 5,010635 5,010635
всенаукав 3,064725 3,064725
технологию 3,912023 3,912023
посетил 3,912023 3,912023
делать 1,966113 3,932226
пришла 3,401197 3,401197
лидировал 5,010635 5,010635
задержан 3,624341 3,624341
эксклюзивы 0,000000 0,000000
выражайте 0,047791 0,047791
удачи 5,010635 5,010635
худших 5,010635 5,010635
главком 3,401197 3,401197
данному 4,317488 4,317488
закурил 3,912023 3,912023
достигло 5,010635 5,010635
задыхаться 5,010635 5,010635
главнокомандующего 5,010635 5,010635
скандал 4,317488 4,317488
продолжая 0,047791 0,047791
текстом 5,010635 5,010635
войдет 5,010635 5,010635
недоволен 5,010635 5,010635
восторге 5,010635 10,021271
дублера 5,010635 10,021271
политикой 0,047791 0,047791
аэропорту 3,401197 3,401197
рабочей 5,010635 5,010635
купаясь 5,010635 5,010635
утвердил 5,010635 5,010635
отметил 1,791759 1,791759
установлены 5,010635 5,010635
нормально 4,317488 4,317488
космонавтом 4,317488 8,634976
отличные 3,912023 3,912023
десятки 2,931194 2,931194
народу 5,010635 10,021271
закрытия 3,912023 3,912023
научно 4,317488 4,317488
предполетной 5,010635 5,010635
перевел 5,010635 5,010635
барокамере 5,010635 20,042541
космонавтов 5,010635 70,148894
половине 4,317488 4,317488
новости 0,000000 0,000000
войти 0,000000 0,000000
старт 5,010635 10,021271
космическом 5,010635 5,010635
вышла 2,371578 2,371578
неподготовленности 5,010635 5,010635
космической 3,912023 11,736069
докладываю 5,010635 5,010635
первых 2,612740 5,225480
выступало 5,010635 5,010635
космическое 5,010635 25,053176
считать 2,445686 2,445686
предстоящего 3,624341 7,248682
смекалка 5,010635 5,010635
увидел 3,064725 3,064725
вина 4,317488 4,317488
докладывай 5,010635 5,010635
коротко 5,010635 5,010635
недаром 5,010635 5,010635
космонавтами 5,010635 10,021271
спецпроекты 0,000000 0,000000
уверен 2,612740 2,612740
феврале 2,525729 5,051457
тревог 5,010635 5,010635
первым 2,238047 8,952186
незапланированном 5,010635 5,010635
первому 5,010635 5,010635
программу 3,912023 3,912023
неудачно 3,912023 7,824046
первый 1,832581 9,162907
февраля 1,272966 10,183725
техника 0,000000 0,000000
пять 1,576648 3,153296
трампа 0,054808 0,054808
минут 2,445686 14,674116
техники 2,813411 2,813411
взорвался 5,010635 5,010635
отправились 3,624341 3,624341
полугода 5,010635 5,010635
технике 3,912023 3,912023
наблюдающих 5,010635 5,010635
отвел 0,076161 0,076161
грозило 5,010635 5,010635
установка 5,010635 5,010635
пришел 2,813411 2,813411
высшей 3,912023 3,912023
пяти 3,401197 6,802395
королевым 5,010635 5,010635
мнение 2,813411 2,813411
куртки 5,010635 5,010635
дрожащими 5,010635 5,010635
рапортуют 5,010635 5,010635
миллиметров 4,317488 4,317488
встретился 3,912023 3,912023
технологии 3,401197 3,401197
установке 5,010635 5,010635
пора 3,912023 3,912023
самый 2,525729 2,525729
самым 1,966113 1,966113
проявил 5,010635 5,010635
хозяйственной 5,010635 5,010635
минус 3,624341 3,624341
просматривались 5,010635 5,010635
кинокамера 5,010635 10,021271
заявляют 5,010635 5,010635
самые 1,832581 1,832581
зеленского 0,068993 0,068993
победой 4,317488 4,317488
технологического 4,317488 4,317488
экипаж 3,912023 15,648092
аэропорт 3,218876 6,437752
ан 5,010635 5,010635
неплохим 5,010635 5,010635
зарубежной 3,401197 3,401197
веги 5,010635 5,010635
роль 1,966113 1,966113
ввс 4,317488 17,269952
успешном 3,912023 3,912023
посмотрел 3,624341 3,624341
месяц 2,525729 2,525729
сработала 5,010635 5,010635
контрольное 5,010635 5,010635
проверяться 5,010635 5,010635
жми 0,013423 0,013423
никого 3,624341 3,624341
разбивать 5,010635 5,010635
тренировок 4,317488 12,952464
летчики 3,624341 3,624341
космосе 3,912023 31,296184
закрутку 5,010635 5,010635
затопленного 0,076161 0,076161
тайконавтов 5,010635 5,010635
борту 3,401197 3,401197
космоса 5,010635 10,021271
перешли 3,401197 3,401197
шлюзового 5,010635 5,010635
сказал 2,525729 10,102915
развести 5,010635 5,010635
космические 5,010635 10,021271
писал 3,624341 7,248682
привело 3,218876 3,218876
снег 3,912023 3,912023
извинения 3,912023 3,912023
вел 3,912023 3,912023
пермского 5,010635 5,010635
конструктора 5,010635 5,010635
вес 3,912023 7,824046
запасной 5,010635 5,010635
материалам 0,047791 0,047791
скорости 3,624341 7,248682
дворце 4,317488 4,317488
снижение 3,218876 3,218876
ваши 0,047791 0,047791
космонавта 5,010635 20,042541
итогам 2,813411 2,813411
недостаточной 5,010635 5,010635
просто 1,678431 3,356862
го 2,302585 4,605170
подполковник 5,010635 5,010635
командиром 4,317488 4,317488
тренируются 5,010635 5,010635
личное 5,010635 5,010635
космонавты 5,010635 35,074447
космических 5,010635 15,031906
вопросы 2,120264 4,240527
экспериментов 4,317488 4,317488
личном 4,317488 4,317488
отделяло 5,010635 5,010635
ведомости 3,912023 3,912023
космический 5,010635 10,021271
отбирались 5,010635 5,010635
регистрации 5,010635 5,010635
оружия 2,813411 2,813411
папиросу 5,010635 5,010635
нужных 4,317488 4,317488
необходимость 3,064725 3,064725
обоих 4,317488 4,317488
американский 0,061875 0,061875
утра 3,624341 3,624341
трех 1,919593 1,919593
промышленности 3,912023 3,912023
холодков 5,010635 5,010635
осуществить 4,317488 4,317488
двух 1,678431 3,356862
рабочим 4,317488 4,317488
тяжело 2,931194 2,931194
каманин 5,010635 120,255247
руководителей 4,317488 4,317488
поводу 3,401197 3,401197
отпадут 5,010635 5,010635
скорее 2,708050 2,708050
подстраховался 5,010635 5,010635
зеленским 0,076161 0,076161
двум 0,076161 0,076161
поставив 4,317488 4,317488
безвыходное 5,010635 5,010635
сдаст 5,010635 5,010635
контроля 2,371578 2,371578
надежной 5,010635 5,010635
тренировались 5,010635 5,010635
поднять 4,317488 4,317488
разгерметизацию 5,010635 5,010635
медали 3,912023 3,912023
наук 3,401197 3,401197
прогресс 0,097980 0,097980
плотных 5,010635 5,010635
геройство 5,010635 5,010635
насос 5,010635 5,010635
форме 0,061875 0,061875
американка 5,010635 5,010635
режиме 3,401197 3,401197
силовые 0,000000 0,000000
несмотря 2,120264 2,120264
советский 2,708050 5,416100
тысяч 1,427116 1,427116
советские 3,218876 3,218876
огромную 5,010635 5,010635
старшему 5,010635 5,010635
сбросили 4,317488 4,317488
пуск 3,912023 3,912023
оборот 5,010635 5,010635
самолетом 4,317488 4,317488
тяжелее 5,010635 5,010635
специалистов 3,218876 3,218876
обломков 3,912023 3,912023
советских 3,064725 3,064725
дальнем 4,317488 4,317488
космонавтам 5,010635 10,021271
сотрудников 0,076161 0,076161
здоровы 5,010635 5,010635
объекта 4,317488 4,317488
непоступления 5,010635 5,010635
косыгину 5,010635 5,010635
борт 3,912023 3,912023
начались 0,068993 0,068993
данная 5,010635 5,010635
управления 2,931194 5,862388
блестящую 5,010635 5,010635
импровизированной 5,010635 10,021271
выдержку 5,010635 5,010635
констатировал 5,010635 10,021271
назначать 5,010635 5,010635
считал 5,010635 5,010635
ка 5,010635 5,010635
миллиардной 5,010635 5,010635
слева 3,912023 7,824046
нашему 4,317488 4,317488
повлияло 3,912023 7,824046
верил 5,010635 5,010635
шить 5,010635 5,010635
поздно 3,218876 3,218876
предложила 3,401197 3,401197
серии 3,624341 3,624341
забота 0,000000 0,000000
пожаловать 0,013423 0,013423
лейтенант 4,317488 4,317488
управление 3,218876 3,218876
некурящий 5,010635 5,010635
исчерпан 5,010635 5,010635
двое 3,624341 7,248682
закрыл 5,010635 10,021271
следующий 3,064725 3,064725
понял 3,064725 3,064725
вне 3,912023 3,912023
сперва 4,317488 4,317488
месяца 2,813411 2,813411
телефону 2,931194 5,862388
защищал 5,010635 5,010635
космическая 3,912023 3,912023
рассказать 3,624341 3,624341
президент 1,347074 1,347074
опечатку 0,000000 0,000000
содействии 4,317488 4,317488
понять 2,525729 10,102915
жить 2,177422 2,177422
рукой 5,010635 20,042541
спасение 2,371578 2,371578
создании 3,064725 3,064725
ми 5,010635 10,021271
собой 2,014903 2,014903
место 0,054808 0,109616
разбирал 5,010635 5,010635
миссия 3,624341 3,624341
тяжелая 4,317488 4,317488
мс 0,097980 0,097980
миссию 4,317488 4,317488
развитию 3,912023 3,912023
трудностях 5,010635 5,010635
доложить 5,010635 5,010635
сбросить 5,010635 5,010635
почувствует 4,317488 4,317488
общественности 5,010635 5,010635
попытка 3,218876 3,218876
скафандр 4,317488 8,634976
сложившейся 3,624341 3,624341
безусловно 2,708050 2,708050
отряда 3,401197 3,401197
тренировкам 5,010635 5,010635
неправды 5,010635 5,010635
понравилось 3,218876 3,218876
испытаниях 5,010635 5,010635
гибели 4,317488 8,634976
перенесла 5,010635 5,010635
заключение 5,010635 5,010635
владимир 1,373049 2,746098
холодкова 5,010635 5,010635
советской 3,624341 3,624341
упало 5,010635 5,010635
месте 2,371578 7,114734
запасным 5,010635 5,010635
байконура 4,317488 4,317488
названием 3,624341 3,624341
предельно 5,010635 5,010635
байконуре 4,317488 4,317488
товарищей 4,317488 4,317488
кандидатуры 5,010635 5,010635
городе 0,061875 0,061875
уровню 5,010635 5,010635
посадить 4,317488 4,317488
вся 2,612740 5,225480
открыл 5,010635 5,010635
очень 1,347074 6,735368
убедился 5,010635 5,010635
предприятие 4,317488 4,317488
полигоне 5,010635 5,010635
занятие 5,010635 5,010635
книге 4,317488 4,317488
пожелал 5,010635 5,010635
ру 0,000000 0,000000
обнаружил 3,624341 3,624341
сияющим 5,010635 5,010635
головой 3,912023 7,824046
этому 2,238047 2,238047
своеобразие 5,010635 5,010635
полетел 5,010635 5,010635
стал 1,203973 4,815891
согласие 0,047791 0,047791
работ 4,317488 4,317488
парил 5,010635 5,010635
включения 3,624341 3,624341
правой 5,010635 15,031906
производства 3,064725 3,064725
командира 3,218876 6,437752
задание 5,010635 5,010635
корпорация 4,317488 4,317488
ухватиться 3,912023 3,912023
одно 2,813411 2,813411
таких 2,177422 2,177422
вращался 5,010635 5,010635
человек 1,249435 7,496611
цепляясь 5,010635 5,010635
те 1,919593 1,919593
одна 1,875141 1,875141
фото 0,061875 0,742505
лет 0,967584 5,805504
узнал 3,218876 3,218876
такие 2,120264 2,120264
задания 5,010635 10,021271
водой 0,061875 0,061875
ту 4,317488 4,317488
оказался 2,708050 2,708050
японией 4,317488 4,317488
радиосвязь 5,010635 5,010635
красному 5,010635 5,010635
лидерство 5,010635 5,010635
пор 2,238047 6,714140
конфиденциальности 0,047791 0,047791
хелмс 5,010635 5,010635
эксперимент 4,317488 4,317488
весь 1,966113 1,966113
генерала 4,317488 8,634976
своей 2,066196 4,132393
сложность 5,010635 5,010635
получайте 0,047791 0,047791
своем 1,919593 5,758779
керимова 5,010635 5,010635
майор 4,317488 4,317488
создавать 3,401197 3,401197
состоялся 2,931194 8,793581
часов 1,643339 3,286679
главным 3,401197 3,401197
серьезно 3,624341 7,248682
готовить 3,064725 12,258901
главный 2,708050 10,832201
второго 4,317488 8,634976
также 0,762140 1,524280
планируемого 5,010635 5,010635
травм 5,010635 5,010635
нашли 0,000000 0,000000
одной 1,514128 3,028255
одном 2,525729 5,051457
брежневу 4,317488 8,634976
допускать 5,010635 5,010635
корабль 3,912023 58,680345
кораблю 5,010635 10,021271
корабля 4,317488 86,349762
брежнева 5,010635 5,010635
света 0,054808 0,054808
королева 3,912023 7,824046
отработки 5,010635 5,010635
пытался 2,708050 2,708050
однако 1,249435 6,247176
условиями 0,040822 0,081644
королеву 5,010635 5,010635
необдуманное 5,010635 5,010635
мышцы 5,010635 5,010635
завод 3,912023 3,912023
цк 3,912023 7,824046
корабле 4,317488 8,634976
кроликом 5,010635 5,010635
люков 5,010635 5,010635
крепкий 3,624341 3,624341
восходе 5,010635 10,021271
соловьеву 5,010635 5,010635
прошло 3,624341 3,624341
восхода 5,010635 60,127624
полностью 2,525729 5,051457
прошли 3,401197 3,401197
открыла 3,218876 3,218876
посвященном 5,010635 5,010635
чп 4,317488 12,952464
посвященной 3,912023 3,912023
восходу 5,010635 5,010635
самолете 3,912023 3,912023
опасная 5,010635 5,010635
предрекли 0,076161 0,076161
экипажи 4,317488 4,317488
ликование 5,010635 5,010635
способности 3,624341 3,624341
автомашинами 5,010635 5,010635
прощальных 5,010635 5,010635
инциденте 5,010635 5,010635
экипажа 3,912023 23,472138
моклецов 5,010635 30,063812
специально 3,401197 3,401197
полетов 3,401197 3,401197
раскрытие 5,010635 5,010635
раскрытии 0,076161 0,076161
хотел 2,931194 2,931194
ракетно 5,010635 10,021271
термобарокамере 5,010635 5,010635
кольцо 3,912023 3,912023
спуска 5,010635 5,010635
российском 0,076161 0,076161
спуске 5,010635 5,010635
трудно 3,401197 6,802395
замене 5,010635 5,010635
руками 4,317488 4,317488
настаивал 4,317488 4,317488
столько 2,525729 2,525729
планировалось 5,010635 5,010635
официально 2,931194 5,862388
неисправностей 5,010635 5,010635
отметкой 5,010635 5,010635
космодрома 5,010635 5,010635
команда 2,813411 2,813411
желаю 5,010635 5,010635
команде 3,912023 3,912023
будут 1,919593 1,919593
команды 3,218876 3,218876
воздуха 3,912023 3,912023
кавказа 5,010635 5,010635
воздухе 3,912023 3,912023
летчик 3,401197 3,401197
авиации 3,064725 9,194175
команду 2,708050 8,124151
здоровыми 4,317488 4,317488
жизни 0,000000 0,000000
нужны 3,912023 3,912023
нужно 1,791759 5,375278
группа 2,813411 2,813411
летел 5,010635 5,010635
отсчета 5,010635 5,010635
проводили 3,912023 3,912023
фал 5,010635 15,031906
рост 2,302585 4,605170
историческую 4,317488 4,317488
отправлен 5,010635 5,010635
килограмма 3,912023 11,736069
комиссию 5,010635 5,010635
комиссия 3,624341 3,624341
привлекать 5,010635 5,010635
мотор 0,000000 0,000000
обменивайте 0,047791 0,047791
физическая 4,317488 4,317488
шлюзов 5,010635 5,010635
жизнь 1,544899 1,544899
шлюзом 5,010635 5,010635
общему 5,010635 10,021271
беседы 2,813411 2,813411
маршалу 4,317488 4,317488
готовили 4,317488 4,317488
выполняют 3,401197 3,401197
шабаров 5,010635 5,010635
обмундирование 5,010635 5,010635
испытать 5,010635 5,010635
почему 0,899761 3,599046
рекордов 5,010635 5,010635
тренировки 3,912023 3,912023
старта 5,010635 10,021271
выхода 2,525729 10,102915
строя 3,401197 10,203592
этапов 3,624341 3,624341
фокусе 5,010635 5,010635
прибыл 0,083382 0,083382
учесть 5,010635 5,010635
разумно 4,317488 4,317488
вверх 4,317488 4,317488
объятий 5,010635 5,010635
военпредов 5,010635 5,010635
отрицательная 5,010635 5,010635
мстислава 5,010635 5,010635
назад 1,678431 6,713723
объяснял 5,010635 5,010635
двигатель 5,010635 5,010635
невысоким 5,010635 5,010635
сложная 3,401197 3,401197
ссср 0,000000 0,000000
высоту 5,010635 5,010635
великой 3,624341 3,624341
сборку 5,010635 5,010635
нашей 2,525729 2,525729
выхожу 5,010635 5,010635
сборки 4,317488 4,317488
заканчивают 5,010635 5,010635
отвечающие 4,317488 4,317488
основания 5,010635 5,010635
фронтовика 5,010635 5,010635
сохранять 5,010635 5,010635
главной 3,064725 3,064725
заикин 5,010635 15,031906
именно 1,875141 1,875141
главное 0,000000 0,000000
риска 3,218876 3,218876
катастрофой 5,010635 5,010635
летнего 0,097980 0,293941
конструктивных 5,010635 5,010635
наблюдали 4,317488 4,317488
традиции 3,401197 3,401197
правую 4,317488 4,317488
выходу 5,010635 5,010635
точки 3,218876 3,218876
сообщить 5,010635 5,010635
операцией 3,912023 3,912023
согласился 2,612740 2,612740
выпили 5,010635 5,010635
радостно 5,010635 5,010635
волосок 5,010635 5,010635
глухой 5,010635 10,021271
опасную 5,010635 5,010635
космонавт 4,317488 4,317488
зале 3,624341 3,624341
включил 5,010635 5,010635
вылет 4,317488 4,317488
феоктистов 5,010635 5,010635
шагнул 4,317488 4,317488
пятиметровый 5,010635 5,010635
атмосфера 5,010635 5,010635
военной 0,061875 0,061875
четыре 0,040822 0,040822
горячо 5,010635 5,010635
глубокий 5,010635 5,010635
стало 1,181994 1,181994
сбой 4,317488 4,317488
стала 1,576648 1,576648
составе 3,624341 3,624341
куполу 5,010635 5,010635
смысла 5,010635 5,010635
ныне 4,317488 8,634976
ракетницы 5,010635 5,010635
стали 1,514128 1,514128
атмосферы 5,010635 5,010635
составу 4,317488 4,317488
привел 3,218876 6,437752
леонову 5,010635 15,031906
оборвется 5,010635 10,021271
первая 2,371578 4,743156
передал 3,624341 3,624341
впервые 1,919593 1,919593
авиаотряда 5,010635 5,010635
леонова 4,317488 38,857393
штурмовик 5,010635 5,010635
российским 0,076161 0,076161
попытаться 3,912023 3,912023
доказать 4,317488 4,317488
президента 1,455287 1,455287
радиосистем 5,010635 5,010635
необходимо 2,120264 2,120264
шести 2,445686 2,445686
человека 2,177422 4,354844
своему 3,624341 3,624341
гибнет 5,010635 5,010635
интернет 0,000000 0,000000
волнение 5,010635 5,010635
пилота 4,317488 4,317488
титов 5,010635 5,010635
гид 0,076161 0,076161
энергия 4,317488 4,317488
сориентировав 5,010635 5,010635
знал 3,401197 3,401197
госкомиссия 5,010635 5,010635
работа 2,708050 2,708050
руденко 5,010635 15,031906
келдыша 5,010635 5,010635
пилотируемый 5,010635 10,021271
итоге 2,708050 2,708050
сантиметров 3,912023 7,824046
королев 5,010635 55,116988
вынужден 4,317488 4,317488
напряженно 5,010635 5,010635
сети 0,090654 0,090654
госкомиссии 5,010635 10,021271
работы 1,455287 1,455287
военнослужащим 0,076161 0,076161
знать 3,401197 3,401197
требуется 3,401197 3,401197
сообщение 3,401197 3,401197
пилотируемых 5,010635 10,021271
выяснить 3,912023 3,912023
возвращаться 3,218876 3,218876
такую 2,931194 2,931194
малообщительный 5,010635 5,010635
подрыва 5,010635 5,010635
ростом 3,624341 3,624341
возник 4,317488 4,317488
московскому 3,218876 3,218876
мстислав 5,010635 5,010635
войны 1,791759 3,583519
случаях 3,401197 3,401197
материалы 0,000000 0,000000
правительственный 5,010635 5,010635
сняты 4,317488 4,317488
невесомости 5,010635 5,010635
положение 3,218876 3,218876
вышел 2,708050 24,372452
будущий 4,317488 4,317488
старше 3,401197 3,401197
инцидент 3,912023 3,912023
пространстве 3,624341 10,873023
поначалу 3,912023 7,824046
аппаратуре 5,010635 5,010635
двумя 2,931194 2,931194
аппаратура 5,010635 5,010635
пространство 3,912023 23,472138
находился 3,218876 6,437752
востоков 5,010635 5,010635
вылезай 5,010635 5,010635
скафандрах 5,010635 5,010635
положения 5,010635 5,010635
удалось 1,714798 3,429597
предполетный 5,010635 5,010635
руководством 2,931194 5,862388
серьезный 3,624341 3,624341
минер 5,010635 5,010635
внутри 2,445686 4,891372
доверить 5,010635 5,010635
грани 3,064725 6,129450
пилот 2,813411 5,626821
относился 3,912023 3,912023
передать 3,401197 3,401197
отсека 5,010635 5,010635
посадку 5,010635 5,010635
сделать 2,371578 4,743156
увлекательные 0,047791 0,047791
риа 1,272966 11,456691
посадки 5,010635 5,010635
переговоры 0,054808 0,054808
люк 4,317488 12,952464
времени 1,919593 3,839186
год 1,714798 1,714798
разматывая 5,010635 5,010635
маккартни 0,097980 0,097980
участнику 5,010635 5,010635
дублер 5,010635 10,021271
куратор 5,010635 10,021271
совета 2,445686 7,337058
сбер 0,040822 0,040822
стрессоустойчивость 5,010635 5,010635
использованияполитика 0,000000 0,000000
одиссеи 5,010635 5,010635
мая 2,931194 2,931194
оказывался 5,010635 5,010635
сумеет 5,010635 5,010635
знаем 3,624341 3,624341
ослаблено 5,010635 5,010635
валентина 3,912023 3,912023
отмечал 3,624341 3,624341
самом 2,014903 4,029806
рукопожатий 5,010635 5,010635
разгерметизировать 5,010635 5,010635
справа 5,010635 5,010635
руку 3,218876 3,218876
распорядиться 5,010635 5,010635
аварийная 5,010635 5,010635
виновником 4,317488 4,317488
грань 5,010635 5,010635
свободном 5,010635 10,021271
топор 5,010635 5,010635
таком 2,813411 2,813411
руки 2,813411 2,813411
отвлекаться 5,010635 5,010635
черноморское 5,010635 5,010635
руке 4,317488 4,317488
акции 0,047791 0,047791
положила 5,010635 5,010635
рассказал 1,272966 2,545931
евгения 3,401197 3,401197
беспилотный 5,010635 5,010635
генеральный 3,401197 3,401197
выступили 3,912023 3,912023
благодаря 2,238047 2,238047
истории 1,966113 3,932226
фоне 2,813411 2,813411
состав 3,218876 3,218876
центра 2,708050 2,708050
союза 2,302585 13,815511
которая 1,875141 1,875141
валентин 4,317488 8,634976
алексея 3,624341 7,248682
алексею 4,317488 8,634976
история 2,238047 2,238047
потребовав 5,010635 5,010635
летчиком 4,317488 4,317488
евгений 3,218876 12,875503
недостатков 5,010635 5,010635
беспокоил 5,010635 5,010635
либо 1,919593 1,919593
вчерашнем 5,010635 5,010635
проведем 5,010635 5,010635
командир 3,218876 6,437752
мгу 5,010635 5,010635
небольшим 5,010635 15,031906
историческим 5,010635 5,010635
тысячи 0,068993 0,137986
героев 2,931194 2,931194
медленно 5,010635 5,010635
первое 2,612740 2,612740
алексей 1,919593 23,035114
доводами 5,010635 5,010635
атмосфер 5,010635 10,021271
рекорды 3,218876 3,218876
оборотов 5,010635 5,010635
заявили 0,076161 0,076161
скрывать 3,912023 3,912023
костей 4,317488 4,317488
прошу 5,010635 5,010635
виновна 5,010635 5,010635
костер 5,010635 5,010635
маршалом 4,317488 4,317488
всесторонняя 5,010635 5,010635
вертолет 5,010635 5,010635
обречены 5,010635 5,010635
принципу 5,010635 5,010635
принято 3,064725 6,129450
подходил 3,912023 3,912023
люку 5,010635 5,010635
наушниках 5,010635 5,010635
подачи 5,010635 5,010635
испытателями 5,010635 5,010635
дальнейшее 5,010635 5,010635
новые 0,000000 0,000000
выйти 2,813411 2,813411
люка 5,010635 10,021271
гагарина 3,401197 10,203592
леониду 4,317488 4,317488
работают 2,612740 5,225480
тренироваться 5,010635 5,010635
основоположник 5,010635 5,010635
полный 3,624341 3,624341
открытый 3,624341 28,994727
терешшкова 5,010635 5,010635
договаривались 5,010635 5,010635
остался 2,931194 5,862388
александр 1,832581 10,995489
секретарь 3,218876 3,218876
должны 2,066196 6,198589
секретарю 4,317488 4,317488
пожелания 5,010635 5,010635
последующего 5,010635 5,010635
кому 2,708050 2,708050
живой 3,624341 3,624341
осуществлен 4,317488 8,634976
открытым 5,010635 5,010635
реабилитирован 5,010635 5,010635
герметичность 5,010635 5,010635
нарушил 3,912023 3,912023
земля 3,218876 3,218876
землю 3,064725 18,388351
сочи 3,624341 3,624341
мир 0,000000 0,000000
доставил 3,624341 3,624341
орбите 5,010635 5,010635
качать 5,010635 5,010635
скомандовал 5,010635 5,010635
основным 3,912023 3,912023
большую 2,612740 2,612740
павла 4,317488 8,634976
орбиту 4,317488 8,634976
павлу 5,010635 5,010635
метров 3,064725 3,064725
бывший 0,000000 0,000000
время 0,762140 2,286420
закипанием 5,010635 5,010635
востоке 3,401197 6,802395
россиикосмосоружиеисторияздоровьебудущеетехникагаджетыигрысофт 3,064725 3,064725
накапливайте 0,047791 0,047791
деактивирована 0,013423 0,013423
биография 3,401197 3,401197
конкретно 3,912023 3,912023
отменить 3,064725 3,064725
отдела 0,579818 0,579818
аварии 5,010635 5,010635
отечественной 3,912023 3,912023
придется 3,401197 6,802395
орбиты 5,010635 5,010635
начальник 2,931194 2,931194
вблизи 5,010635 5,010635
окончательную 5,010635 5,010635
потоке 5,010635 5,010635
провел 2,708050 2,708050
пятьсот 5,010635 5,010635
хочешь 0,013423 0,013423
тайги 5,010635 5,010635
вывезти 4,317488 4,317488
пошла 2,813411 2,813411
внешность 0,097980 0,097980
совершила 5,010635 5,010635
наддув 5,010635 5,010635
выводу 3,624341 7,248682
тяжелейшее 5,010635 5,010635
тайге 3,912023 11,736069
инструктаж 5,010635 5,010635
предполагала 5,010635 5,010635
инструкции 3,912023 3,912023
галереи 0,000000 0,000000
счет 2,931194 2,931194
подняться 5,010635 10,021271
заданном 5,010635 5,010635
подъем 5,010635 5,010635
генерал 3,624341 18,121705
художник 5,010635 5,010635
подождав 5,010635 5,010635
командный 3,912023 3,912023
люди 1,966113 1,966113
литров 4,317488 8,634976
снизить 3,401197 3,401197
комаров 5,010635 15,031906
предложил 3,218876 3,218876
поиску 4,317488 4,317488
такого 2,612740 2,612740
лишь 2,238047 2,238047
инструкцию 5,010635 5,010635
мог 2,302585 2,302585
минером 5,010635 5,010635
кстати 3,401197 3,401197
вашем 5,010635 5,010635
момент 1,714798 1,714798
обсудить 0,456758 0,456758
стартовой 5,010635 5,010635
константин 2,813411 2,813411
академии 5,010635 5,010635
уважением 3,912023 3,912023
поиска 3,401197 3,401197
выше 3,064725 3,064725
среда 0,000000 0,000000
испытаний 5,010635 5,010635
испытание 4,317488 4,317488
среди 1,714798 1,714798
скидки 0,047791 0,047791
анатолию 4,317488 4,317488
устранил 5,010635 5,010635
смирновым 5,010635 5,010635
задачей 3,912023 3,912023
вяловатый 5,010635 5,010635
вспомнился 5,010635 5,010635
шлюзовую 5,010635 20,042541
конфликте 0,076161 0,076161
анатолий 3,401197 3,401197
позвонит 5,010635 5,010635
сопротивлялись 3,912023 3,912023
излишнего 5,010635 5,010635
большом 3,401197 3,401197
разгерметизацией 5,010635 5,010635
большой 2,371578 4,743156
полеты 3,624341 7,248682
павел 2,708050 16,248301
должен 2,371578 4,743156
дал 2,238047 2,238047
утром 2,612740 7,838220
тасс 2,371578 4,743156
хочу 2,813411 2,813411
которое 2,371578 4,743156
конфиденциальностиправила 0,000000 0,000000
хрунова 5,010635 10,021271
полны 5,010635 5,010635
мешать 4,317488 4,317488
котором 2,238047 4,476093
воздушном 4,317488 4,317488
работать 2,120264 2,120264
телекамер 5,010635 5,010635
имел 3,401197 3,401197
доложил 5,010635 25,053176
операция 2,708050 2,708050
которого 1,875141 5,625423
это 0,020203 0,363649
большинство 2,708050 2,708050
этим 2,302585 2,302585
разговоре 2,708050 5,416100
две 0,033902 0,067803
вполне 2,813411 5,626821
новую 3,624341 3,624341
обнаружилась 5,010635 5,010635
косыгин 4,317488 4,317488
берега 4,317488 4,317488
виноват 3,912023 3,912023
выполнении 2,931194 5,862388
кораблей 5,010635 10,021271
пошел 2,931194 2,931194
двигательная 5,010635 5,010635
кораблем 4,317488 4,317488
гигантской 5,010635 5,010635
управлять 5,010635 5,010635
берегового 5,010635 20,042541
медитации 0,076161 0,076161
николаев 5,010635 5,010635
открытом 3,912023 11,736069
уход 0,076161 0,076161
актовом 5,010635 5,010635
государственного 3,624341 3,624341
направо 4,317488 4,317488
земли 3,218876 16,094379
земле 3,218876 12,875503
начав 5,010635 5,010635
кремлевском 5,010635 5,010635
затем 1,875141 5,625423
хмуро 5,010635 5,010635
сматывать 5,010635 5,010635
начал 2,445686 4,891372
шлюзовой 5,010635 10,021271
пробирал 5,010635 5,010635
приземлился 4,317488 4,317488
игры 0,000000 0,000000
ошибке 3,912023 3,912023
курирующий 4,317488 4,317488
слышу 5,010635 5,010635
полете 4,317488 17,269952
наддува 5,010635 5,010635
включиться 5,010635 5,010635
практически 2,525729 2,525729
поговорил 5,010635 10,021271
вопрос 1,832581 1,832581
затруднив 5,010635 5,010635
полета 4,317488 38,857393
поскольку 2,238047 6,714140
полету 4,317488 30,222417
песня 4,317488 4,317488
путем 4,317488 4,317488
слоях 5,010635 5,010635
возвращения 2,445686 2,445686
чревато 4,317488 4,317488
марта 0,040822 0,938906
записал 3,912023 15,648092
марте 2,708050 8,124151
вращение 5,010635 5,010635
центрифуге 5,010635 10,021271
блестящего 5,010635 5,010635
ставить 5,010635 5,010635
большим 2,931194 2,931194
впечатление 3,624341 7,248682
полковника 4,317488 4,317488
вентиляцию 5,010635 5,010635
личность 3,912023 3,912023
реакций 0,047791 0,047791
реакции 0,047791 0,047791
событий 2,708050 5,416100
суток 3,401197 6,802395
испытания 3,624341 3,624341
показали 2,931194 2,931194
наблюдения 5,010635 5,010635
строгого 5,010635 5,010635
показало 3,624341 3,624341
хруновым 5,010635 5,010635
вечером 3,064725 3,064725
падали 5,010635 5,010635
вращения 5,010635 5,010635
успешно 2,813411 5,626821
лента 0,000000 0,000000
поддержал 2,525729 5,051457
спасатели 3,912023 3,912023
район 3,624341 3,624341
министров 5,010635 15,031906
суворовскому 5,010635 5,010635
ряд 2,813411 2,813411
автобусе 5,010635 5,010635
буквально 3,218876 3,218876
терешкова 4,317488 4,317488
принял 2,931194 5,862388
поступила 3,912023 3,912023
вертолетов 4,317488 4,317488
зимние 5,010635 5,010635
ленту 0,013423 0,013423
юрий 2,813411 5,626821
вертолетом 4,317488 12,952464
понимали 3,912023 3,912023
давление 2,813411 11,253643
пресс 2,708050 13,540251
космос 2,931194 52,761488
россии 0,425668 0,425668
испытателей 5,010635 5,010635
применения 0,000000 0,000000
ценности 0,000000 0,000000
сделал 2,120264 6,360791
севернее 5,010635 5,010635
заставив 5,010635 5,010635
бензонасос 5,010635 5,010635
наземные 5,010635 5,010635
юрия 3,624341 7,248682
брежнев 5,010635 10,021271
объяснимо 5,010635 5,010635
известно 1,297063 1,297063
вернуться 0,013423 0,026846
сажать 4,317488 12,952464
погибшим 4,317488 4,317488
товарища 4,317488 4,317488
откуда 3,064725 3,064725
которую 2,708050 2,708050
поручни 5,010635 5,010635
ракетного 5,010635 5,010635
дыхание 5,010635 5,010635
пару 3,912023 3,912023
россия 0,000000 0,000000
эвакуировать 5,010635 5,010635
парашютов 5,010635 5,010635
рекорд 3,912023 3,912023
испытатель 5,010635 5,010635
свои 0,027029 0,081086
свое 2,525729 2,525729
января 1,791759 12,542316
произошло 2,445686 4,891372
третьем 4,317488 4,317488
уволит 0,076161 0,076161
удовлетворительна 5,010635 5,010635
небывалого 5,010635 5,010635
противном 4,317488 4,317488
держали 5,010635 10,021271
забыл 3,912023 3,912023
категорически 4,317488 8,634976
волновались 5,010635 5,010635
болтаюсь 5,010635 5,010635
двери 3,912023 3,912023
результатами 4,317488 4,317488
смотри 5,010635 5,010635
черединцев 5,010635 10,021271
выведения 5,010635 5,010635
товарищи 4,317488 4,317488
устранили 4,317488 4,317488
товарищу 5,010635 10,021271
ход 3,624341 3,624341
неисправности 4,317488 4,317488
вызвала 0,097980 0,097980
упражнения 5,010635 5,010635
положено 4,317488 4,317488
метрах 5,010635 5,010635
неисправность 5,010635 5,010635
секунду 3,218876 3,218876
секунды 3,912023 11,736069
ходе 1,791759 5,375278
держался 5,010635 5,010635
полковник 3,401197 6,802395
проверили 3,912023 3,912023
мелькнуло 5,010635 5,010635
надежность 5,010635 10,021271
дня 0,061875 0,061875
велась 4,317488 4,317488
варшавчик 5,010635 5,010635
отраслям 5,010635 5,010635
провожавших 5,010635 5,010635
закончился 3,912023 3,912023
кислорода 4,317488 30,222417
службы 2,525729 2,525729
выходящим 5,010635 5,010635
скафандры 5,010635 5,010635
теме 1,514128 4,542383
объяснить 3,912023 7,824046
нам 2,525729 12,628643
одетых 5,010635 5,010635
сих 2,302585 4,605170
эпизод 3,624341 3,624341
дали 2,525729 2,525729
рекомендательных 0,000000 0,000000
около 1,678431 1,678431
здоровье 2,708050 2,708050
распахнет 5,010635 5,010635
попытался 2,931194 2,931194
предупредить 4,317488 4,317488
оборонной 4,317488 4,317488
ища 5,010635 5,010635
космического 5,010635 35,074447
ручное 5,010635 5,010635
ручной 5,010635 5,010635
маршал 4,317488 4,317488
максимум 4,317488 4,317488
заметно 3,912023 3,912023
пересадив 5,010635 5,010635
которые 1,181994 3,545982
героя 3,064725 3,064725
волновался 3,912023 3,912023
безопасность 3,624341 3,624341
шлюзовая 5,010635 5,010635
николай 3,624341 7,248682
который 1,272966 11,456691
спуск 5,010635 5,010635
идет 2,177422 2,177422
отстреляна 5,010635 5,010635
тюлина 5,010635 5,010635
никаких 2,813411 2,813411
проведены 5,010635 5,010635
которых 1,678431 1,678431
проведено 5,010635 5,010635
победа 0,000000 0,000000
привести 2,708050 2,708050
отходил 5,010635 5,010635
беляевым 5,010635 5,010635
собеседники 5,010635 5,010635
приказал 4,317488 12,952464
случае 1,875141 5,625423
триумфа 5,010635 5,010635
сми 0,000000 0,000000
автоматического 5,010635 5,010635
красоту 4,317488 4,317488
скафандре 5,010635 15,031906
несколько 1,347074 8,082442
скафандра 3,912023 3,912023
герой 2,612740 2,612740
пусков 5,010635 5,010635
начало 3,624341 3,624341
ученье 5,010635 5,010635
вскипел 5,010635 5,010635
готовившие 5,010635 5,010635
начали 1,427116 1,427116
выбросили 5,010635 5,010635
условиях 2,813411 8,440232
количеству 3,624341 3,624341
прошел 2,371578 2,371578
втащить 5,010635 5,010635
подъема 5,010635 5,010635
бокалов 5,010635 5,010635
расти 3,624341 3,624341
проводимых 5,010635 5,010635
береговым 5,010635 5,010635
спастись 4,317488 4,317488
вывезли 3,218876 3,218876
согреться 5,010635 5,010635
вызвать 3,624341 3,624341
апреля 2,612740 7,838220
соединяющий 5,010635 5,010635
годы 2,302585 2,302585
воевал 4,317488 4,317488
году 1,373049 8,238295
запаса 3,912023 3,912023
надели 5,010635 5,010635
правды 0,068993 0,068993
состоялась 4,317488 4,317488
невозможно 2,708050 10,832201
давления 3,064725 6,129450
ответственная 5,010635 5,010635
многоместного 5,010635 5,010635
побережье 5,010635 5,010635
значительно 3,401197 3,401197
устранить 5,010635 5,010635
года 0,899761 14,396183
двигательной 5,010635 5,010635
отвечал 3,912023 3,912023
помогли 2,931194 2,931194
кандидатом 5,010635 5,010635
доволен 3,624341 3,624341
наука 0,000000 0,000000
единственной 4,317488 4,317488
проверить 4,317488 4,317488
погиб 3,218876 3,218876
