зеленского 0,068993 0,068993
подчеркивали 4,317488 4,317488
перемирии 0,076161 0,152323
ру 0,000000 0,000000
банк 0,076161 0,076161
лента 0,000000 0,000000
главы 2,302585 2,302585
новые 0,000000 0,000000
договору 3,624341 3,624341
перемирие 2,931194 8,793581
разрушительные 4,317488 4,317488
газета 3,401197 13,604790
поддержал 2,525729 2,525729
спорт 0,000000 0,000000
стал 1,203973 1,203973
переговорах 2,612740 7,838220
энергообъекты 4,317488 4,317488
заявил 1,098612 1,098612
споры 0,097980 0,097980
согласие 0,047791 0,047791
добро 0,013423 0,013423
некоторых 2,708050 5,416100
военной 0,061875 0,061875
выражаете 0,047791 0,047791
четыре 0,040822 0,040822
жми 0,013423 0,013423
согласия 3,912023 3,912023
ожидалось 4,317488 4,317488
помощью 0,047791 0,047791
соответствует 3,912023 3,912023
перемирия 2,445686 4,891372
добра 0,013423 0,026846
договоренностей 2,813411 5,626821
ленту 0,013423 0,013423
перемирию 3,401197 3,401197
стала 1,576648 1,576648
затопленного 0,076161 0,076161
фото 0,061875 0,247502
отмечено 4,317488 4,317488
уточняется 3,218876 6,437752
британское 3,912023 3,912023
ленты 1,678431 1,678431
разговор 1,791759 8,958797
водой 0,061875 0,061875
поступило 4,317488 4,317488
россии 0,425668 1,277003
применения 0,000000 0,000000
технологиймини 0,000000 0,000000
оценивайте 0,047791 0,047791
обитания 0,000000 0,000000
долгожданным 4,317488 8,634976
ценности 0,000000 0,000000
многом 3,912023 3,912023
назвал 1,347074 1,347074
царит 4,317488 4,317488
страха 3,064725 12,258901
материалам 0,047791 0,047791
российские 1,678431 1,678431
требования 2,302585 4,605170
конфиденциальности 0,047791 0,047791
вернуться 0,013423 0,013423
мир 0,000000 0,000000
ваши 0,047791 0,047791
каких 2,612740 2,612740
весь 1,966113 3,932226
заголовок 4,317488 4,317488
атаковал 4,317488 4,317488
российским 0,076161 0,076161
нажмите 0,000000 0,000000
получайте 0,047791 0,047791
президента 1,455287 2,910574
дневное 3,401197 6,802395
погружайтесь 0,047791 0,047791
речь 2,525729 2,525729
прекращения 2,371578 2,371578
половиной 3,218876 3,218876
бывший 0,000000 0,000000
время 0,762140 1,524280
проблемы 0,076161 0,076161
накапливайте 0,047791 0,047791
телефонного 2,066196 2,066196
россия 0,000000 0,000000
интернет 0,000000 0,000000
боялся 2,931194 5,862388
телеканал 3,624341 3,624341
вопросе 3,401197 3,401197
ооо 0,000000 0,000000
обратился 0,076161 0,076161
деактивирована 0,013423 0,013423
состоялся 2,931194 2,931194
путешествия 0,000000 0,000000
часов 1,643339 1,643339
отдела 0,579818 0,579818
свои 0,027029 0,027029
отчете 4,317488 4,317488
доме 2,014903 2,014903
президенты 2,931194 2,931194
также 0,762140 1,524280
структуры 0,000000 0,000000
говорила 3,912023 3,912023
индии 0,076161 0,076161
гид 0,076161 0,076161
украина 1,832581 5,497744
европе 2,813411 2,813411
последнее 2,931194 2,931194
хочешь 0,013423 0,013423
нашли 0,000000 0,000000
пляжных 0,097980 0,097980
уволит 0,076161 0,076161
убедить 3,624341 3,624341
дома 0,061875 0,061875
американский 0,061875 0,061875
телефонный 2,525729 7,577186
обычную 0,013423 0,013423
пола 0,097980 0,097980
последствия 2,371578 2,371578
прекращении 2,238047 4,476093
телефонные 3,064725 6,129450
внешность 0,097980 0,097980
сюжетпереговоры 4,317488 4,317488
кругах 3,624341 3,624341
отношения 2,525729 2,525729
зеленский 1,714798 3,429597
присутствовала 4,317488 4,317488
украинском 0,076161 0,076161
света 0,054808 0,054808
двух 1,678431 1,678431
украины 1,021651 4,086605
дневного 3,218876 3,218876
европа 2,525729 10,102915
галереи 0,000000 0,000000
обратили 3,912023 3,912023
белоусов 0,076161 0,076161
эмоции 0,047791 0,047791
зеленским 0,076161 0,076161
однако 1,249435 2,498870
условиями 0,040822 0,081644
двум 0,076161 0,076161
вызвала 0,097980 0,097980
путину 3,401197 3,401197
ждал 3,064725 6,129450
сети 0,090654 0,090654
военнослужащим 0,076161 0,076161
могут 1,455287 1,455287
читайте 0,040822 0,040822
опубликовала 3,218876 3,218876
отреагировали 2,238047 2,238047
мария 2,525729 2,525729
кларк 3,912023 7,824046
гласил 4,317488 4,317488
стороны 1,643339 1,643339
байконур 0,097980 0,097980
редакциярекламаконтактыпресс 0,000000 0,000000
звонка 3,218876 6,437752
материалы 0,000000 0,000000
видео 0,000000 0,000000
трампом 2,525729 5,051457
депутат 0,076161 0,076161
жесткие 3,401197 6,802395
предложенного 3,912023 3,912023
прогресс 0,097980 0,097980
статье 2,813411 2,813411
статьи 0,000000 0,000000
ходе 1,791759 1,791759
итогов 3,624341 3,624341
путина 1,514128 15,141277
согласиться 3,064725 3,064725
россией 2,120264 6,360791
форме 0,061875 0,061875
говорит 2,014903 2,014903
майкл 3,624341 7,248682
последние 0,090654 0,090654
предрекли 0,076161 0,076161
отмечается 2,371578 2,371578
материале 2,120264 10,601318
культура 0,000000 0,000000
материала 2,931194 2,931194
обсудить 0,456758 0,456758
тревожное 3,912023 3,912023
говорится 3,064725 3,064725
силовые 0,000000 0,000000
владимира 2,445686 2,445686
архив 0,000000 0,000000
дня 0,061875 0,061875
сша 0,040822 0,244932
отношении 1,791759 1,791759
вторник 3,218876 3,218876
удалось 1,714798 3,429597
среда 0,000000 0,000000
ударам 3,912023 3,912023
прекратить 3,064725 6,129450
раскрытии 0,076161 0,076161
прекращением 3,401197 3,401197
редактор 0,567984 0,567984
скидки 0,047791 0,047791
хоккейные 3,401197 3,401197
сотрудников 0,076161 0,076161
утверждает 2,931194 5,862388
складывалась 4,317488 4,317488
эксклюзивы 0,000000 0,000000
российском 0,076161 0,076161
выражайте 0,047791 0,047791
москва 2,302585 4,605170
меню 2,931194 11,724775
российской 2,014903 2,014903
начались 0,068993 0,068993
удачно 3,218876 3,218876
рекомендательных 0,000000 0,000000
администрация 3,912023 3,912023
подчеркнуло 4,317488 4,317488
около 1,678431 1,678431
конфликте 0,076161 0,076161
продолжая 0,047791 0,047791
работает 0,040822 0,040822
выгодным 3,912023 3,912023
увлекательные 0,047791 0,047791
эта 2,120264 2,120264
достигли 3,624341 3,624341
результаты 2,371578 2,371578
нормализовать 3,912023 3,912023
переговоры 0,054808 0,219233
провели 2,066196 4,132393
конфиденциальностиправила 0,000000 0,000000
бонусы 0,047791 0,095581
движение 3,064725 3,064725
политикой 0,047791 0,047791
маккартни 0,097980 0,097980
матчи 3,401197 3,401197
котором 2,238047 4,476093
жильцы 0,076161 0,076161
отметили 3,064725 3,064725
жизни 0,000000 0,000000
забота 0,000000 0,000000
сбер 0,040822 0,040822
пожаловать 0,013423 0,013423
использованияполитика 0,000000 0,000000
ведущие 2,931194 2,931194
трамп 1,484275 5,937099
слова 2,177422 2,177422
который 1,272966 1,272966
идею 2,931194 2,931194
дрожит 3,064725 12,258901
инфраструктуры 2,445686 4,891372
крупный 0,068993 0,068993
идет 2,177422 2,177422
дональда 2,177422 2,177422
никаких 2,813411 2,813411
регионам 0,076161 0,076161
крупным 0,076161 0,076161
провести 2,931194 2,931194
огонь 3,401197 6,802395
туристку 0,076161 0,076161
это 0,020203 0,080811
отметила 3,401197 3,401197
энергетической 2,445686 7,337058
объектам 2,525729 5,051457
победа 0,000000 0,000000
сочло 4,317488 8,634976
дипломатических 4,317488 4,317488
последствиях 3,624341 3,624341
остались 0,061875 0,061875
говорилось 3,624341 3,624341
немецкая 4,317488 4,317488
две 0,033902 0,033902
поверьте 4,317488 4,317488
президент 1,347074 1,347074
одними 3,912023 3,912023
мотор 0,000000 0,000000
обменивайте 0,047791 0,047791
опечатку 0,000000 0,000000
сделка 3,624341 3,624341
сми 0,000000 0,000000
команд 3,624341 3,624341
страны 1,455287 1,455287
большакова 3,912023 3,912023
рады 0,068993 0,068993
полному 4,317488 4,317488
инфраструктуре 2,445686 2,445686
новости 0,000000 0,000000
разговора 1,609438 1,609438
войти 0,000000 0,000000
место 0,054808 0,054808
акции 0,047791 0,047791
миру 2,371578 2,371578
хорошие 0,013423 0,013423
участвовал 3,624341 3,624341
мс 0,097980 0,097980
решение 2,302585 2,302585
поговорка 4,317488 4,317488
начали 1,427116 1,427116
медитации 0,076161 0,076161
военный 2,525729 5,051457
начала 1,832581 1,832581
энергетическим 4,317488 4,317488
абсолютного 3,912023 3,912023
замечаний 3,912023 3,912023
глав 4,317488 4,317488
экономика 0,000000 0,000000
старая 4,317488 4,317488
американская 3,218876 3,218876
столом 4,317488 4,317488
уход 0,076161 0,076161
предстоящего 3,624341 3,624341
интересными 4,317488 4,317488
государств 3,218876 6,437752
соглашение 3,912023 3,912023
радиофактчекинг 3,218876 3,218876
белом 2,371578 2,371578
относительно 3,064725 3,064725
киев 2,708050 2,708050
прибыл 0,083382 0,083382
значит 3,218876 3,218876
спецпроекты 0,000000 0,000000
контактом 4,317488 4,317488
решения 2,302585 2,302585
столицах 3,912023 3,912023
первым 2,238047 2,238047
владимир 1,373049 2,746098
путин 1,203973 3,611918
принести 3,401197 3,401197
общения 3,401197 3,401197
переговоров 1,714798 5,144395
путиным 1,966113 3,932226
реальный 0,013423 0,013423
первый 1,832581 1,832581
игры 0,000000 0,000000
настроение 3,624341 3,624341
техника 0,000000 0,000000
ссср 0,000000 0,000000
достичь 3,064725 3,064725
правды 0,068993 0,068993
трампа 0,054808 0,602891
мнению 2,302585 2,302585
договоренность 3,064725 3,064725
тысячи 0,068993 0,068993
украиной 2,708050 10,832201
продлился 3,912023 3,912023
отвел 0,076161 0,076161
предрек 0,076161 0,076161
внимание 2,302585 2,302585
марта 0,040822 0,081644
городе 0,061875 0,061875
готовятся 3,624341 3,624341
именно 1,875141 3,750282
огня 1,678431 6,713723
главное 0,000000 0,000000
пресса 3,624341 3,624341
выдвинула 4,317488 8,634976
реакций 0,047791 0,047791
летнего 0,097980 0,097980
издание 2,445686 7,337058
заявили 0,076161 0,076161
дневному 4,317488 4,317488
реакции 0,047791 0,047791
дотягивает 4,317488 4,317488
мини 0,000000 0,000000
европейских 3,064725 3,064725
видеть 0,013423 0,013423
вся 2,612740 7,838220
изнасиловал 0,076161 0,076161
особое 3,912023 3,912023
трампу 2,612740 5,225480
мировые 3,401197 3,401197
договорились 2,612740 2,612740
кларка 3,912023 3,912023
наука 0,000000 0,000000
подчеркнуто 4,317488 4,317488
согласился 2,612740 2,612740
беседа 3,401197 3,401197
аналитик 3,912023 7,824046
успешно 2,813411 2,813411
