перемирии 0,076161 0,076161
партнером 4,317488 4,317488
ру 0,000000 0,000000
банк 0,076161 0,076161
улыбки 4,317488 4,317488
нашлось 4,317488 4,317488
новый 1,966113 1,966113
день 1,544899 1,544899
образ 2,525729 2,525729
новые 0,000000 0,000000
бутч 5,010635 5,010635
неудержимыми 5,010635 5,010635
стал 1,203973 2,407946
голливудских 3,912023 3,912023
ситуации 2,014903 2,014903
играл 3,624341 3,624341
согласие 0,047791 0,047791
добро 0,013423 0,013423
выражаете 0,047791 0,047791
помощью 0,047791 0,047791
режиссера 3,912023 3,912023
грех 5,010635 5,010635
суперзвездой 5,010635 5,010635
народным 4,317488 4,317488
стэйтем 5,010635 5,010635
приходилось 3,401197 3,401197
первой 2,612740 2,612740
десятилетия 5,010635 5,010635
спасать 4,317488 4,317488
пол 3,401197 3,401197
принадлежит 3,624341 3,624341
та 2,813411 5,626821
жертва 4,317488 4,317488
добра 0,013423 0,026846
человек 1,249435 1,249435
увереннее 4,317488 4,317488
алкоголичку 5,010635 5,010635
те 1,919593 1,919593
одна 1,875141 1,875141
встретятся 3,912023 3,912023
фото 0,061875 0,309377
джон 5,010635 5,010635
самим 5,010635 5,010635
лет 0,967584 6,773088
м 2,066196 6,198589
водой 0,061875 0,061875
ухудшение 3,912023 3,912023
завалены 5,010635 5,010635
празднует 5,010635 5,010635
кровью 5,010635 5,010635
оказалось 2,177422 2,177422
технологиймини 0,000000 0,000000
оценивайте 0,047791 0,047791
сезон 3,624341 3,624341
лунного 3,912023 3,912023
пожалуй 4,317488 4,317488
землю 3,064725 3,064725
конфиденциальности 0,047791 0,047791
постерах 5,010635 10,021271
числом 3,912023 3,912023
мир 0,000000 0,000000
поневоле 4,317488 4,317488
весь 1,966113 1,966113
орешек 5,010635 10,021271
нажмите 0,000000 0,000000
соцсети 3,401197 3,401197
получайте 0,047791 0,047791
дело 2,120264 2,120264
ухмылка 5,010635 10,021271
органической 5,010635 5,010635
бояться 5,010635 5,010635
общепризнанная 5,010635 5,010635
преимущественно 5,010635 5,010635
погружайтесь 0,047791 0,047791
бывший 0,000000 0,000000
время 0,762140 0,762140
проблемы 0,076161 0,076161
честное 5,010635 5,010635
конкурентов 3,624341 3,624341
накапливайте 0,047791 0,047791
говоря 2,708050 2,708050
ооо 0,000000 0,000000
свету 5,010635 5,010635
деактивирована 0,013423 0,013423
биография 3,401197 3,401197
путешествия 0,000000 0,000000
киновстречи 5,010635 5,010635
крепости 4,317488 4,317488
переносили 5,010635 5,010635
ричард 4,317488 4,317488
констатировать 3,912023 3,912023
сильвестром 5,010635 5,010635
главных 2,445686 2,445686
также 0,762140 0,762140
структуры 0,000000 0,000000
найты 5,010635 5,010635
продюсеры 5,010635 5,010635
индии 0,076161 0,076161
потеснив 5,010635 5,010635
хочешь 0,013423 0,013423
нашли 0,000000 0,000000
пляжных 0,097980 0,097980
разному 5,010635 5,010635
зрителей 3,401197 6,802395
комедию 5,010635 5,010635
обычную 0,013423 0,013423
отец 2,177422 2,177422
встает 4,317488 4,317488
внешность 0,097980 0,097980
рассказывает 2,612740 2,612740
захватывающий 3,401197 3,401197
вечным 5,010635 5,010635
последнего 4,317488 8,634976
забалуев 5,010635 5,010635
украинском 0,076161 0,076161
света 0,054808 0,109616
увидеть 2,813411 2,813411
мускулатура 5,010635 5,010635
исполнителя 3,912023 3,912023
галереи 0,000000 0,000000
статусе 5,010635 5,010635
пригласили 3,912023 3,912023
белоусов 0,076161 0,076161
редкий 5,010635 5,010635
сыграл 4,317488 4,317488
боевиков 3,064725 6,129450
принципиально 4,317488 4,317488
разборках 3,401197 3,401197
условиями 0,040822 0,081644
паразитов 4,317488 4,317488
школьного 4,317488 4,317488
статусу 5,010635 5,010635
фрэнк 5,010635 5,010635
смертный 5,010635 5,010635
победы 3,401197 3,401197
читайте 0,040822 0,040822
крепкий 3,624341 7,248682
здоровью 3,912023 3,912023
получил 2,120264 4,240527
боевики 3,912023 3,912023
здоровья 2,813411 8,440232
кастинг 3,912023 3,912023
байконур 0,097980 0,097980
редакциярекламаконтактыпресс 0,000000 0,000000
обязательно 3,624341 3,624341
боевика 5,010635 5,010635
голливудской 5,010635 5,010635
исполнилось 5,010635 5,010635
видео 0,000000 0,000000
всему 2,612740 2,612740
жан 5,010635 5,010635
лобно 5,010635 5,010635
положиться 5,010635 5,010635
посмеются 5,010635 5,010635
хирург 3,912023 3,912023
закусочную 5,010635 5,010635
нескольких 2,708050 2,708050
лишь 2,238047 4,476093
актер 2,813411 5,626821
наблюдателя 5,010635 5,010635
буквальном 5,010635 5,010635
говорит 2,014903 2,014903
вовсе 3,401197 3,401197
орешка 5,010635 5,010635
последние 0,090654 0,271963
предрекли 0,076161 0,076161
общего 3,624341 3,624341
кажется 3,218876 3,218876
луны 3,912023 3,912023
долларов 2,708050 2,708050
конгресса 4,317488 4,317488
способности 3,624341 7,248682
обсудить 0,456758 0,456758
майку 5,010635 5,010635
архив 0,000000 0,000000
смог 2,612740 2,612740
даллас 5,010635 5,010635
стеснительный 5,010635 5,010635
съемок 5,010635 5,010635
любимый 2,813411 2,813411
середине 3,218876 3,218876
рубеже 5,010635 5,010635
сша 0,040822 0,081644
другая 3,401197 3,401197
человечнее 5,010635 5,010635
причиной 2,813411 2,813411
ничто 4,317488 4,317488
способность 4,317488 4,317488
среда 0,000000 0,000000
самая 2,238047 2,238047
раскрытии 0,076161 0,076161
человеком 3,401197 3,401197
затюканные 5,010635 5,010635
качестве 2,302585 2,302585
среди 1,714798 1,714798
скидки 0,047791 0,047791
дураков 5,010635 5,010635
удача 5,010635 5,010635
эксклюзивы 0,000000 0,000000
российском 0,076161 0,076161
придумали 3,218876 3,218876
выражайте 0,047791 0,047791
похожий 5,010635 5,010635
настаивал 4,317488 4,317488
удивительно 4,317488 4,317488
удачно 3,218876 3,218876
конфликте 0,076161 0,076161
смерть 2,612740 2,612740
джейсон 5,010635 5,010635
продолжая 0,047791 0,047791
лицу 4,317488 4,317488
лучшие 3,912023 3,912023
специальную 4,317488 4,317488
особенно 2,302585 2,302585
дуэтов 5,010635 5,010635
текста 5,010635 5,010635
зато 2,931194 2,931194
кепкой 5,010635 5,010635
конфиденциальностиправила 0,000000 0,000000
лучших 2,931194 5,862388
бонусы 0,047791 0,095581
которой 2,120264 6,360791
политикой 0,047791 0,047791
лица 2,612740 2,612740
совершенной 5,010635 5,010635
жильцы 0,076161 0,076161
заикание 5,010635 5,010635
брюса 5,010635 15,031906
века 2,813411 5,626821
похмельем 5,010635 5,010635
уберечься 5,010635 5,010635
жизни 0,000000 0,000000
воюющим 5,010635 5,010635
фильмов 3,064725 6,129450
стать 1,875141 1,875141
одним 1,966113 1,966113
софиты 5,010635 5,010635
собственной 4,317488 4,317488
веков 5,010635 5,010635
моменту 4,317488 4,317488
туристку 0,076161 0,076161
это 0,020203 0,101014
которого 1,875141 5,625423
современном 3,912023 3,912023
таксист 5,010635 5,010635
две 0,033902 0,033902
главную 3,218876 6,437752
вполне 2,813411 2,813411
картины 4,317488 4,317488
мотор 0,000000 0,000000
обменивайте 0,047791 0,047791
имеет 3,064725 3,064725
брюсу 3,218876 16,094379
детей 2,177422 2,177422
средних 4,317488 4,317488
печенья 5,010635 5,010635
народа 3,912023 3,912023
внуков 5,010635 5,010635
уничтожить 3,064725 3,064725
новости 0,000000 0,000000
войти 0,000000 0,000000
сериал 3,218876 3,218876
миру 2,371578 2,371578
хорошие 0,013423 0,013423
медитации 0,076161 0,076161
пританцовывает 5,010635 5,010635
любовь 2,813411 2,813411
синатра 5,010635 5,010635
огромное 5,010635 5,010635
мира 1,576648 1,576648
причем 2,708050 2,708050
исполняется 5,010635 5,010635
местом 3,218876 3,218876
уход 0,076161 0,076161
почему 0,899761 0,899761
репутацию 5,010635 5,010635
гарри 3,912023 3,912023
дурном 5,010635 5,010635
карьере 4,317488 4,317488
фигурой 5,010635 5,010635
прибыл 0,083382 0,083382
кадра 5,010635 5,010635
персонаже 5,010635 5,010635
спецпроекты 0,000000 0,000000
жизненной 5,010635 5,010635
сцены 5,010635 5,010635
ван 4,317488 4,317488
объясняли 4,317488 4,317488
психиатр 5,010635 5,010635
кадре 4,317488 4,317488
карьеры 5,010635 5,010635
вердикте 5,010635 5,010635
назад 1,678431 1,678431
зрителю 4,317488 4,317488
общим 4,317488 4,317488
киносеанса 5,010635 5,010635
сцене 3,912023 3,912023
легендарному 5,010635 5,010635
юного 5,010635 5,010635
первый 1,832581 1,832581
игры 0,000000 0,000000
горечью 5,010635 5,010635
кадр 2,302585 4,605170
карьеру 3,912023 3,912023
пиковая 5,010635 5,010635
техника 0,000000 0,000000
ссср 0,000000 0,000000
состояние 3,624341 3,624341
наверняка 3,624341 3,624341
фильме 3,912023 3,912023
фильма 4,317488 8,634976
главного 2,612740 2,612740
синатрой 5,010635 5,010635
трампа 0,054808 0,109616
жалеет 3,218876 3,218876
всекиносериалымузыкакнигиискусствотеатрфотография 3,401197 3,401197
высоты 5,010635 5,010635
завершил 4,317488 4,317488
объяснение 5,010635 5,010635
отвел 0,076161 0,076161
удивляют 3,401197 3,401197
пришел 2,813411 2,813411
киножанром 5,010635 5,010635
уиллисовская 5,010635 5,010635
главной 3,064725 3,064725
марта 0,040822 0,163288
именно 1,875141 3,750282
постоянное 5,010635 5,010635
брюс 5,010635 20,042541
некому 5,010635 5,010635
главное 0,000000 0,000000
обстоятельствами 4,317488 4,317488
другим 2,813411 2,813411
реакций 0,047791 0,047791
летнего 0,097980 0,097980
криминального 4,317488 4,317488
партнершей 5,010635 5,010635
фильмы 3,624341 3,624341
реакции 0,047791 0,047791
уиллисом 5,010635 5,010635
прогрессирует 4,317488 4,317488
мини 0,000000 0,000000
джо 3,624341 3,624341
люмета 5,010635 5,010635
состоянию 3,218876 3,218876
встретился 3,912023 3,912023
сказочный 5,010635 5,010635
публики 4,317488 4,317488
изнасиловал 0,076161 0,076161
прочими 5,010635 5,010635
самый 2,525729 5,051457
стоит 1,791759 1,791759
самым 1,966113 1,966113
символ 2,931194 2,931194
мактирнан 5,010635 5,010635
арнольд 5,010635 5,010635
китч 5,010635 5,010635
зеленского 0,068993 0,068993
скоростью 5,010635 5,010635
девяностых 5,010635 5,010635
солдатам 4,317488 4,317488
лента 0,000000 0,000000
роднит 5,010635 5,010635
уиллиса 5,010635 25,053176
пятого 5,010635 5,010635
запоминать 5,010635 5,010635
просторной 5,010635 5,010635
смотрелись 5,010635 5,010635
роль 1,966113 3,932226
шагнул 4,317488 4,317488
ираке 5,010635 5,010635
антисупергерой 5,010635 5,010635
спорт 0,000000 0,000000
будущего 3,401197 3,401197
прочили 5,010635 5,010635
разрушить 4,317488 4,317488
ряд 2,813411 5,626821
купил 4,317488 4,317488
народного 3,624341 7,248682
бурильщик 5,010635 5,010635
выдавали 5,010635 5,010635
буквально 3,218876 3,218876
перерыв 5,010635 5,010635
споры 0,097980 0,097980
мимика 5,010635 5,010635
заходит 5,010635 5,010635
военной 0,061875 0,061875
четыре 0,040822 0,040822
сказать 2,813411 2,813411
жми 0,013423 0,013423
стало 1,181994 1,181994
роли 3,401197 6,802395
друг 2,238047 2,238047
сталлоне 5,010635 5,010635
легенды 3,912023 3,912023
чаком 5,010635 5,010635
вообще 2,813411 2,813411
заменой 3,912023 3,912023
ленту 0,013423 0,013423
стала 1,576648 3,153296
затопленного 0,076161 0,076161
смысле 4,317488 8,634976
жанрах 5,010635 5,010635
ленты 1,678431 1,678431
разговаривает 5,010635 5,010635
космос 2,931194 2,931194
концов 3,624341 7,248682
коротких 4,317488 4,317488
применения 0,000000 0,000000
межгалактический 5,010635 5,010635
обитания 0,000000 0,000000
ридли 3,401197 3,401197
элемент 5,010635 5,010635
стэмпер 5,010635 5,010635
сделал 2,120264 2,120264
ценности 0,000000 0,000000
стремление 3,218876 3,218876
лунный 5,010635 5,010635
появился 2,445686 2,445686
первая 2,371578 2,371578
привели 3,218876 3,218876
материалам 0,047791 0,047791
детективное 5,010635 5,010635
режиссер 5,010635 5,010635
полной 3,401197 3,401197
впервые 1,919593 1,919593
вернуться 0,013423 0,013423
ваши 0,047791 0,047791
открытие 3,624341 3,624341
российским 0,076161 0,076161
микки 4,317488 4,317488
актеру 4,317488 4,317488
неслучайным 5,010635 5,010635
номинацию 5,010635 5,010635
истекать 5,010635 5,010635
насквозь 5,010635 5,010635
просто 1,678431 1,678431
конце 2,525729 5,051457
нарковоры 3,401197 3,401197
чувства 5,010635 5,010635
спустя 1,832581 1,832581
интернет 0,000000 0,000000
россия 0,000000 0,000000
гир 4,317488 4,317488
видимо 3,912023 3,912023
обратился 0,076161 0,076161
смотреть 2,813411 2,813411
конца 2,708050 5,416100
нью 3,624341 3,624341
свои 0,027029 0,027029
шепард 5,010635 10,021271
рутине 5,010635 5,010635
свое 2,525729 2,525729
гид 0,076161 0,076161
персонажей 4,317488 4,317488
уиллису 3,218876 16,094379
постмодернистский 5,010635 5,010635
первенствах 5,010635 5,010635
работе 1,791759 1,791759
уволит 0,076161 0,076161
американских 2,371578 4,743156
большая 3,401197 3,401197
дома 0,061875 0,061875
американский 0,061875 0,061875
пола 0,097980 0,097980
американским 3,064725 3,064725
дарование 5,010635 5,010635
плохих 4,317488 8,634976
сибил 5,010635 10,021271
рождения 3,218876 3,218876
кинокритик 5,010635 5,010635
биографических 5,010635 5,010635
резкое 5,010635 5,010635
знаменитых 3,624341 3,624341
причины 2,612740 2,612740
мистический 5,010635 5,010635
любимцем 5,010635 5,010635
работа 2,708050 5,416100
библиотеку 4,317488 4,317488
живая 5,010635 5,010635
королевства 5,010635 5,010635
кино 3,064725 12,258901
даммом 5,010635 5,010635
рождественских 5,010635 5,010635
эмоции 0,047791 0,047791
зеленским 0,076161 0,076161
числе 1,714798 1,714798
двум 0,076161 0,076161
недостижимым 5,010635 5,010635
вызвала 0,097980 0,097980
самого 2,525729 5,051457
столкновение 5,010635 5,010635
сети 0,090654 0,090654
сидни 5,010635 5,010635
военнослужащим 0,076161 0,076161
актера 3,624341 3,624341
похмельный 4,317488 4,317488
бэкграунда 5,010635 5,010635
кроме 1,427116 1,427116
экране 3,912023 3,912023
подход 3,912023 3,912023
данном 4,317488 4,317488
строго 3,912023 7,824046
крепкого 5,010635 5,010635
диапазон 5,010635 5,010635
секунду 3,218876 3,218876
боевик 5,010635 5,010635
материалы 0,000000 0,000000
депутат 0,076161 0,076161
любому 4,317488 4,317488
височная 5,010635 5,010635
прогресс 0,097980 0,097980
статьи 0,000000 0,000000
форме 0,061875 0,123751
культура 0,000000 0,000000
отправил 3,912023 3,912023
прокат 5,010635 5,010635
друга 2,525729 2,525729
силовые 0,000000 0,000000
тысяч 1,427116 1,427116
дня 0,061875 0,061875
соответственно 3,064725 3,064725
ранимость 5,010635 5,010635
августе 3,064725 3,064725
посвящены 5,010635 5,010635
армагеддона 5,010635 5,010635
побольше 3,624341 3,624341
любой 2,813411 5,626821
пятый 3,912023 3,912023
подвиг 4,317488 4,317488
честь 3,064725 3,064725
макклейна 5,010635 5,010635
карате 5,010635 5,010635
хэлленбек 5,010635 5,010635
ньюмен 5,010635 10,021271
любит 3,064725 3,064725
сотрудников 0,076161 0,076161
настоящий 3,401197 3,401197
закат 4,317488 4,317488
состоявшаяся 5,010635 5,010635
теме 1,514128 1,514128
снял 3,064725 3,064725
начались 0,068993 0,068993
ряды 4,317488 4,317488
уиллис 5,010635 50,106353
пластический 5,010635 5,010635
боксер 4,317488 4,317488
астероида 5,010635 5,010635
рекомендательных 0,000000 0,000000
связанные 3,912023 3,912023
заурядного 5,010635 5,010635
примерил 5,010635 5,010635
разных 2,445686 2,445686
работает 0,040822 0,040822
бедового 5,010635 5,010635
увлекательные 0,047791 0,047791
деменция 5,010635 5,010635
перепостами 5,010635 5,010635
закрытый 3,912023 3,912023
мамонов 5,010635 5,010635
десятках 4,317488 4,317488
юноша 5,010635 5,010635
драмкружка 5,010635 5,010635
переговоры 0,054808 0,054808
замес 5,010635 5,010635
прошивающий 5,010635 5,010635
актерский 3,912023 3,912023
фантомным 5,010635 5,010635
маккартни 0,097980 0,097980
внесенная 5,010635 5,010635
клодом 5,010635 5,010635
забота 0,000000 0,000000
сбер 0,040822 0,040822
пожаловать 0,013423 0,013423
использованияполитика 0,000000 0,000000
массовки 5,010635 5,010635
героя 3,064725 9,194175
высмеивающий 4,317488 4,317488
создал 5,010635 5,010635
который 1,272966 2,545931
феномен 4,317488 4,317488
поколений 3,218876 3,218876
таксиста 3,912023 3,912023
театров 5,010635 5,010635
крупный 0,068993 0,068993
которым 2,708050 5,416100
регионам 0,076161 0,076161
агентство 3,064725 3,064725
например 1,791759 3,583519
лунному 5,010635 5,010635
крупным 0,076161 0,076161
пулеметной 5,010635 5,010635
поспешил 5,010635 5,010635
которых 1,678431 1,678431
победа 0,000000 0,000000
макклейном 5,010635 5,010635
остались 0,061875 0,061875
сегодня 1,643339 1,643339
телевидению 3,912023 3,912023
угодил 5,010635 5,010635
случае 1,875141 1,875141
петр 3,624341 3,624341
случай 2,931194 2,931194
опечатку 0,000000 0,000000
сми 0,000000 0,000000
съемках 5,010635 10,021271
классика 5,010635 5,010635
шварценеггер 5,010635 10,021271
сериалов 3,912023 3,912023
вместе 1,514128 1,514128
спасение 2,371578 2,371578
рады 0,068993 0,068993
понятной 5,010635 5,010635
наркоторговцев 3,401197 3,401197
актеров 3,912023 7,824046
фактурой 5,010635 5,010635
мертвый 5,010635 5,010635
герой 2,612740 2,612740
место 0,054808 0,054808
свет 3,401197 3,401197
акции 0,047791 0,047791
почувствовав 5,010635 5,010635
растерянный 5,010635 5,010635
мс 0,097980 0,097980
смогло 5,010635 5,010635
дух 3,624341 3,624341
брюсом 5,010635 5,010635
широкий 3,912023 3,912023
благодаря 2,238047 4,476093
истории 1,966113 3,932226
вписался 5,010635 5,010635
расширению 3,912023 3,912023
экономика 0,000000 0,000000
заработать 3,218876 3,218876
прошел 2,371578 2,371578
центре 2,525729 2,525729
маленьких 3,912023 3,912023
успеха 2,525729 2,525729
смогли 2,525729 2,525729
золотой 3,401197 3,401197
десять 3,064725 3,064725
порядочности 5,010635 5,010635
задним 4,317488 4,317488
природу 4,317488 8,634976
секс 2,371578 2,371578
детектива 4,317488 4,317488
история 2,238047 2,238047
угодивший 5,010635 5,010635
трагикомический 5,010635 5,010635
толкнуло 5,010635 5,010635
фрэнком 5,010635 5,010635
скотт 3,401197 3,401197
появление 3,624341 3,624341
звезда 2,612740 2,612740
хватает 3,624341 3,624341
количество 1,966113 1,966113
финансовые 4,317488 4,317488
либо 1,919593 1,919593
блокбастер 3,912023 3,912023
отличной 5,010635 5,010635
джона 4,317488 4,317488
годы 2,302585 4,605170
реальный 0,013423 0,013423
мужчины 2,525729 2,525729
амплуа 3,912023 3,912023
правды 0,068993 0,068993
тысячи 0,068993 0,068993
детективы 5,010635 5,010635
дочка 5,010635 5,010635
иную 5,010635 5,010635
героев 2,931194 2,931194
бойскаута 5,010635 5,010635
остается 2,708050 8,124151
хочет 1,966113 1,966113
первое 2,612740 2,612740
предрек 0,076161 0,076161
сведений 5,010635 5,010635
корбин 5,010635 5,010635
городе 0,061875 0,061875
смешно 3,912023 3,912023
суде 4,317488 4,317488
года 0,899761 1,799523
фильм 2,813411 8,440232
отказались 2,931194 2,931194
помогли 2,931194 2,931194
верили 4,317488 4,317488
ходят 3,624341 3,624341
заявили 0,076161 0,076161
элемента 5,010635 5,010635
йоркских 5,010635 5,010635
шестого 4,317488 4,317488
норрисом 5,010635 5,010635
сериале 3,624341 3,624341
идеалом 5,010635 5,010635
малине 5,010635 5,010635
ярослав 5,010635 5,010635
видеть 0,013423 0,013423
непреходящего 5,010635 5,010635
очень 1,347074 2,694147
скорый 5,010635 5,010635
отцовской 5,010635 5,010635
выпустили 3,064725 3,064725
двенадцать 5,010635 5,010635
наука 0,000000 0,000000
наличие 3,912023 3,912023
частного 4,317488 4,317488
неслучайно 5,010635 5,010635
чтива 5,010635 5,010635
