зеленского 0,068993 0,068993
перемирии 0,076161 0,076161
ру 0,000000 0,000000
десантно 3,912023 3,912023
банк 0,076161 0,076161
рф 1,514128 1,514128
лента 0,000000 0,000000
новые 0,000000 0,000000
роль 1,966113 1,966113
спорт 0,000000 0,000000
подвозу 5,010635 5,010635
заявил 1,098612 4,394449
споры 0,097980 0,097980
согласие 0,047791 0,047791
добро 0,013423 0,013423
военной 0,061875 0,061875
бригады 3,218876 3,218876
выражаете 0,047791 0,047791
четыре 0,040822 0,040822
жми 0,013423 0,013423
командира 3,218876 3,218876
помощью 0,047791 0,047791
батальона 3,912023 3,912023
сумской 2,813411 2,813411
добра 0,013423 0,026846
словам 1,272966 2,545931
ленту 0,013423 0,013423
затопленного 0,076161 0,076161
фото 0,061875 0,123751
й 2,612740 2,612740
водой 0,061875 0,061875
дронов 2,177422 6,532266
россии 0,425668 0,851336
применения 0,000000 0,000000
технологиймини 0,000000 0,000000
оценивайте 0,047791 0,047791
обитания 0,000000 0,000000
ценности 0,000000 0,000000
назвал 1,347074 4,041221
вс 2,371578 2,371578
материалам 0,047791 0,047791
конфиденциальности 0,047791 0,047791
вернуться 0,013423 0,013423
мир 0,000000 0,000000
ваши 0,047791 0,047791
российским 0,076161 0,076161
нажмите 0,000000 0,000000
большую 2,612740 7,838220
получайте 0,047791 0,047791
проблему 3,401197 10,203592
погружайтесь 0,047791 0,047791
бывший 0,000000 0,000000
проблемы 0,076161 0,076161
накапливайте 0,047791 0,047791
интернет 0,000000 0,000000
россия 0,000000 0,000000
ооо 0,000000 0,000000
обратился 0,076161 0,076161
деактивирована 0,013423 0,013423
путешествия 0,000000 0,000000
отдела 0,579818 0,579818
сильным 3,624341 3,624341
свои 0,027029 0,027029
ранее 1,003302 1,003302
также 0,762140 0,762140
структуры 0,000000 0,000000
индии 0,076161 0,076161
гид 0,076161 0,076161
хочешь 0,013423 0,013423
украина 1,832581 1,832581
нашли 0,000000 0,000000
пляжных 0,097980 0,097980
уволит 0,076161 0,076161
дома 0,061875 0,061875
американский 0,061875 0,061875
обычную 0,013423 0,013423
пола 0,097980 0,097980
сильные 2,708050 2,708050
внешность 0,097980 0,097980
украинском 0,076161 0,076161
света 0,054808 0,054808
украины 1,021651 1,021651
курской 1,832581 7,330326
курском 3,064725 3,064725
галереи 0,000000 0,000000
направлении 2,813411 2,813411
белоусов 0,076161 0,076161
неспособны 4,317488 4,317488
эмоции 0,047791 0,047791
зеленским 0,076161 0,076161
азия 2,525729 2,525729
условиями 0,040822 0,081644
двум 0,076161 0,076161
вызвала 0,097980 0,097980
сети 0,090654 0,090654
военнослужащим 0,076161 0,076161
оптоволокне 5,010635 10,021271
читайте 0,040822 0,040822
байконур 0,097980 0,097980
поражении 4,317488 4,317488
редакциярекламаконтактыпресс 0,000000 0,000000
материалы 0,000000 0,000000
видео 0,000000 0,000000
самую 3,401197 6,802395
препятствуют 5,010635 5,010635
депутат 0,076161 0,076161
прогресс 0,097980 0,097980
статьи 0,000000 0,000000
форме 0,061875 0,061875
последние 0,090654 0,090654
предрекли 0,076161 0,076161
культура 0,000000 0,000000
часто 2,525729 2,525729
обсудить 0,456758 0,456758
силовые 0,000000 0,000000
архив 0,000000 0,000000
дня 0,061875 0,061875
рубежи 5,010635 5,010635
сша 0,040822 0,040822
среда 0,000000 0,000000
продвижение 3,064725 3,064725
раскрытии 0,076161 0,076161
редактор 0,567984 0,567984
скидки 0,047791 0,047791
сотрудников 0,076161 0,076161
сосредоточить 5,010635 5,010635
эксклюзивы 0,000000 0,000000
российском 0,076161 0,076161
группам 5,010635 5,010635
выражайте 0,047791 0,047791
сил 1,791759 3,583519
начались 0,068993 0,068993
штурмовой 3,624341 3,624341
вооруженных 2,014903 4,029806
рекомендательных 0,000000 0,000000
конфликте 0,076161 0,076161
продолжая 0,047791 0,047791
работает 0,040822 0,040822
увлекательные 0,047791 0,047791
павел 2,708050 5,416100
большое 2,813411 2,813411
зоны 3,401197 3,401197
заместитель 3,401197 3,401197
переговоры 0,054808 0,054808
конфиденциальностиправила 0,000000 0,000000
бонусы 0,047791 0,095581
политикой 0,047791 0,047791
маккартни 0,097980 0,097980
отметил 1,791759 1,791759
жильцы 0,076161 0,076161
армия 2,708050 5,416100
жизни 0,000000 0,000000
забота 0,000000 0,000000
сбер 0,040822 0,040822
удержать 2,708050 2,708050
пожаловать 0,013423 0,013423
использованияполитика 0,000000 0,000000
язловецкий 3,912023 11,736069
крупный 0,068993 0,068993
регионам 0,076161 0,076161
крупным 0,076161 0,076161
это 0,020203 0,020203
туристку 0,076161 0,076161
дроны 3,401197 3,401197
победа 0,000000 0,000000
использует 5,010635 5,010635
остались 0,061875 0,061875
две 0,033902 0,033902
мотор 0,000000 0,000000
обменивайте 0,047791 0,047791
опечатку 0,000000 0,000000
сми 0,000000 0,000000
группы 2,238047 2,238047
рады 0,068993 0,068993
новости 0,000000 0,000000
войти 0,000000 0,000000
место 0,054808 0,054808
акции 0,047791 0,047791
хорошие 0,013423 0,013423
мс 0,097980 0,097980
медитации 0,076161 0,076161
боеприпасов 3,624341 3,624341
всеприбалтикаукраинабелоруссиямолдавиязакавказьесредняя 2,525729 2,525729
смогла 3,401197 3,401197
экономика 0,000000 0,000000
уход 0,076161 0,076161
могли 2,371578 2,371578
выезду 5,010635 5,010635
прибыл 0,083382 0,083382
обычные 4,317488 4,317488
области 1,399717 6,998587
противостоять 4,317488 4,317488
спецпроекты 0,000000 0,000000
количество 1,966113 1,966113
российская 2,525729 2,525729
буферной 4,317488 4,317488
отдельной 3,624341 3,624341
офицер 2,813411 11,253643
реальный 0,013423 0,013423
игры 0,000000 0,000000
сдержать 2,931194 2,931194
техника 0,000000 0,000000
ссср 0,000000 0,000000
всу 1,373049 8,238295
правды 0,068993 0,068993
трампа 0,054808 0,054808
логистике 3,912023 3,912023
тысячи 0,068993 0,068993
бою 3,218876 3,218876
отвел 0,076161 0,076161
предрек 0,076161 0,076161
марта 0,040822 0,040822
городе 0,061875 0,061875
главное 0,000000 0,000000
сыграла 4,317488 4,317488
реакций 0,047791 0,047791
летнего 0,097980 0,097980
неспособность 3,401197 3,401197
заявили 0,076161 0,076161
применяет 5,010635 5,010635
запольская 3,624341 3,624341
реакции 0,047791 0,047791
мини 0,000000 0,000000
алевтина 3,624341 3,624341
видеть 0,013423 0,013423
изнасиловал 0,076161 0,076161
очень 1,347074 1,347074
ключевую 5,010635 5,010635
наука 0,000000 0,000000
группировки 2,931194 11,724775
