зеленского 0,068993 0,068993
перемирии 0,076161 0,076161
ру 0,000000 0,000000
банк 0,076161 0,076161
добавил 2,445686 2,445686
лента 0,000000 0,000000
урегулированию 2,708050 2,708050
новые 0,000000 0,000000
советник 3,218876 12,875503
спорт 0,000000 0,000000
споры 0,097980 0,097980
согласие 0,047791 0,047791
добро 0,013423 0,013423
военной 0,061875 0,061875
выражаете 0,047791 0,047791
четыре 0,040822 0,040822
жми 0,013423 0,013423
помощью 0,047791 0,047791
ожидаются 5,010635 5,010635
сообщил 1,791759 5,375278
добра 0,013423 0,026846
словам 1,272966 1,272966
ленту 0,013423 0,013423
вашингтона 2,813411 2,813411
затопленного 0,076161 0,076161
фото 0,061875 0,123751
политика 1,576648 1,576648
созвониться 5,010635 5,010635
разговор 1,791759 7,167038
водой 0,061875 0,061875
россии 0,425668 0,425668
применения 0,000000 0,000000
технологиймини 0,000000 0,000000
оценивайте 0,047791 0,047791
обитания 0,000000 0,000000
ценности 0,000000 0,000000
челночная 5,010635 5,010635
материалам 0,047791 0,047791
конфиденциальности 0,047791 0,047791
вернуться 0,013423 0,013423
мир 0,000000 0,000000
ваши 0,047791 0,047791
российским 0,076161 0,380807
нажмите 0,000000 0,000000
получайте 0,047791 0,047791
президента 1,455287 2,910574
погружайтесь 0,047791 0,047791
прекращения 2,371578 2,371578
бывший 0,000000 0,000000
время 0,762140 1,524280
проблемы 0,076161 0,076161
майк 3,218876 3,218876
накапливайте 0,047791 0,047791
интернет 0,000000 0,000000
россия 0,000000 0,000000
активизировать 3,624341 3,624341
национальной 2,813411 2,813411
ооо 0,000000 0,000000
обратился 0,076161 0,076161
деактивирована 0,013423 0,013423
путешествия 0,000000 0,000000
отдела 0,579818 0,579818
коллегой 2,525729 12,628643
свои 0,027029 0,027029
ранее 1,003302 1,003302
также 0,762140 0,762140
структуры 0,000000 0,000000
провел 2,708050 10,832201
индии 0,076161 0,076161
гид 0,076161 0,076161
востоку 3,064725 3,064725
хочешь 0,013423 0,013423
нашли 0,000000 0,000000
пляжных 0,097980 0,097980
уволит 0,076161 0,076161
дома 0,061875 0,123751
американский 0,061875 0,061875
телефонный 2,525729 2,525729
обычную 0,013423 0,013423
пола 0,097980 0,097980
украине 1,139434 1,139434
диалога 3,912023 3,912023
внешность 0,097980 0,097980
руководству 3,912023 3,912023
представитель 2,120264 2,120264
украинском 0,076161 0,076161
света 0,054808 0,054808
должностными 5,010635 5,010635
галереи 0,000000 0,000000
белоусов 0,076161 0,076161
эмоции 0,047791 0,047791
зеленским 0,076161 0,076161
ближайшее 3,401197 6,802395
однако 1,249435 1,249435
условиями 0,040822 0,081644
двум 0,076161 0,076161
вызвала 0,097980 0,097980
сети 0,090654 0,090654
военнослужащим 0,076161 0,076161
читайте 0,040822 0,040822
байконур 0,097980 0,097980
войны 1,791759 1,791759
редакциярекламаконтактыпресс 0,000000 0,000000
материалы 0,000000 0,000000
уиткофф 3,218876 3,218876
видео 0,000000 0,000000
обеих 3,624341 3,624341
вперед 2,931194 2,931194
депутат 0,076161 0,076161
ближнему 3,064725 3,064725
прогресс 0,097980 0,097980
цру 3,912023 3,912023
статьи 0,000000 0,000000
россией 2,120264 2,120264
контакты 2,302585 2,302585
форме 0,061875 0,061875
последние 0,090654 0,090654
предрекли 0,076161 0,076161
культура 0,000000 0,000000
сторон 3,624341 3,624341
обсудить 0,456758 0,456758
силовые 0,000000 0,000000
архив 0,000000 0,000000
дарья 3,624341 3,624341
дня 0,061875 0,061875
сша 0,040822 0,122466
всеполитикаобществопроисшествияконфликтыпреступность 2,014903 2,014903
среда 0,000000 0,000000
трудна 5,010635 5,010635
лицами 4,317488 4,317488
раскрытии 0,076161 0,076161
редактор 0,567984 0,567984
скидки 0,047791 0,047791
сотрудников 0,076161 0,076161
эксклюзивы 0,000000 0,000000
российском 0,076161 0,076161
выражайте 0,047791 0,047791
начались 0,068993 0,068993
рекомендательных 0,000000 0,000000
спецпосланник 2,931194 2,931194
конфликте 0,076161 0,076161
стив 3,218876 3,218876
продолжая 0,047791 0,047791
работает 0,040822 0,040822
конфликта 1,919593 1,919593
увлекательные 0,047791 0,047791
ведомств 4,317488 4,317488
результаты 2,371578 2,371578
устьянцева 3,912023 3,912023
дал 2,238047 2,238047
переговоры 0,054808 0,054808
конфиденциальностиправила 0,000000 0,000000
бонусы 0,047791 0,095581
москвы 1,832581 1,832581
политикой 0,047791 0,047791
маккартни 0,097980 0,097980
жильцы 0,076161 0,076161
жизни 0,000000 0,000000
забота 0,000000 0,000000
сбер 0,040822 0,040822
пожаловать 0,013423 0,013423
использованияполитика 0,000000 0,000000
трамп 1,484275 1,484275
крупный 0,068993 0,068993
дональда 2,177422 2,177422
регионам 0,076161 0,076161
крупным 0,076161 0,076161
это 0,020203 0,020203
туристку 0,076161 0,076161
победа 0,000000 0,000000
телефону 2,931194 2,931194
остались 0,061875 0,061875
две 0,033902 0,033902
мотор 0,000000 0,000000
обменивайте 0,047791 0,047791
опечатку 0,000000 0,000000
сми 0,000000 0,000000
шагов 3,912023 3,912023
белого 2,302585 2,302585
рады 0,068993 0,068993
передает 3,218876 3,218876
окончания 3,624341 3,624341
новости 0,000000 0,000000
войти 0,000000 0,000000
место 0,054808 0,054808
акции 0,047791 0,047791
хорошие 0,013423 0,013423
мс 0,097980 0,097980
рассказал 1,272966 1,272966
уолтц 3,624341 10,873023
медитации 0,076161 0,076161
сложна 5,010635 5,010635
беседу 3,912023 3,912023
экономика 0,000000 0,000000
дипломатия 2,931194 2,931194
уход 0,076161 0,076161
госдепартамента 4,317488 4,317488
прибыл 0,083382 0,083382
спецпроекты 0,000000 0,000000
реальный 0,013423 0,013423
игры 0,000000 0,000000
безопасности 2,177422 2,177422
техника 0,000000 0,000000
ссср 0,000000 0,000000
правды 0,068993 0,068993
трампа 0,054808 0,274041
тысячи 0,068993 0,068993
поручение 3,624341 3,624341
добиваясь 5,010635 5,010635
отвел 0,076161 0,076161
предрек 0,076161 0,076161
марта 0,040822 0,040822
городе 0,061875 0,061875
огня 1,678431 1,678431
главное 0,000000 0,000000
уровнях 3,912023 3,912023
реакций 0,047791 0,047791
летнего 0,097980 0,097980
заявили 0,076161 0,076161
реакции 0,047791 0,047791
мини 0,000000 0,000000
других 1,576648 1,576648
двигаемся 5,010635 5,010635
планирует 3,624341 3,624341
видеть 0,013423 0,013423
изнасиловал 0,076161 0,076161
наука 0,000000 0,000000
позитивные 5,010635 5,010635
обсуждения 3,401197 3,401197
пентагона 3,912023 3,912023
