готов 3,401197 6,802395
перемирии 0,076161 0,076161
метро 2,931194 2,931194
яркую 5,010635 5,010635
ежедневном 4,317488 4,317488
достает 5,010635 5,010635
ру 0,000000 0,000000
банк 0,076161 0,076161
защищен 5,010635 5,010635
насыщенную 5,010635 5,010635
совокупности 3,624341 3,624341
пикселей 5,010635 5,010635
аварийный 5,010635 5,010635
новый 1,966113 3,932226
день 1,544899 1,544899
единая 5,010635 5,010635
успел 3,064725 3,064725
этому 2,238047 2,238047
адаптируется 5,010635 5,010635
плавный 5,010635 5,010635
новые 0,000000 0,000000
отдыха 3,401197 3,401197
быстрой 3,912023 3,912023
разложенном 5,010635 10,021271
герц 5,010635 5,010635
плавным 5,010635 5,010635
стал 1,203973 2,407946
снимать 3,912023 11,736069
сферанедвижимостьгородская 1,966113 1,966113
выпускается 5,010635 5,010635
антенна 5,010635 5,010635
согласие 0,047791 0,047791
добро 0,013423 0,013423
отличается 4,317488 4,317488
выражаете 0,047791 0,047791
контрастные 5,010635 5,010635
открытые 3,912023 3,912023
помощью 0,047791 0,047791
складывания 5,010635 5,010635
людей 1,455287 1,455287
автоматически 5,010635 5,010635
планшетом 5,010635 5,010635
следят 5,010635 5,010635
удивлять 5,010635 5,010635
интенсивной 5,010635 5,010635
окружающего 5,010635 5,010635
просмотре 5,010635 5,010635
роскоши 5,010635 5,010635
тройного 5,010635 5,010635
добра 0,013423 0,026846
безопасная 4,317488 4,317488
одна 1,875141 1,875141
просмотра 5,010635 5,010635
фото 0,061875 0,556879
оптимизации 5,010635 5,010635
связь 2,813411 2,813411
настройки 4,317488 4,317488
продвинутая 5,010635 5,010635
вплоть 3,624341 3,624341
водой 0,061875 0,061875
мегапикселей 5,010635 10,021271
технологиймини 0,000000 0,000000
оценивайте 0,047791 0,047791
течение 2,120264 2,120264
длительном 5,010635 5,010635
долговечность 5,010635 5,010635
тонкие 3,624341 3,624341
конфиденциальности 0,047791 0,047791
мир 0,000000 0,000000
природе 4,317488 4,317488
каких 2,612740 2,612740
регулируемой 5,010635 10,021271
скоростном 5,010635 5,010635
нажмите 0,000000 0,000000
сигнала 5,010635 15,031906
стеклом 5,010635 5,010635
тонким 4,317488 4,317488
шаг 3,064725 3,064725
получайте 0,047791 0,047791
получается 3,624341 3,624341
гаджете 5,010635 5,010635
погружайтесь 0,047791 0,047791
профи 5,010635 5,010635
разрешением 5,010635 10,021271
бывший 0,000000 0,000000
время 0,762140 3,810700
проблемы 0,076161 0,076161
звездочный 5,010635 5,010635
всегосэкономикабизнесрынкикапиталсоциальная 1,966113 1,966113
сегодняшний 3,912023 3,912023
единственный 4,317488 4,317488
накапливайте 0,047791 0,047791
веса 4,317488 4,317488
камерой 4,317488 4,317488
ооо 0,000000 0,000000
справляется 5,010635 5,010635
гаджета 4,317488 12,952464
деактивирована 0,013423 0,013423
недавно 3,218876 3,218876
путешествия 0,000000 0,000000
часов 1,643339 4,930018
быстрое 4,317488 4,317488
миллиампер 5,010635 5,010635
тремя 3,912023 3,912023
карманном 5,010635 5,010635
режим 2,931194 2,931194
максимально 3,218876 3,218876
стабилизацией 5,010635 5,010635
перезагружать 5,010635 5,010635
вручную 4,317488 4,317488
также 0,762140 1,524280
продуманной 5,010635 5,010635
структуры 0,000000 0,000000
индии 0,076161 0,076161
хочешь 0,013423 0,013423
нашли 0,000000 0,000000
пляжных 0,097980 0,097980
комфорт 5,010635 5,010635
обычную 0,013423 0,013423
легко 2,813411 2,813411
удобно 3,624341 7,248682
закрывания 5,010635 5,010635
внешность 0,097980 0,097980
разложить 5,010635 5,010635
прикасаясь 5,010635 5,010635
волокна 5,010635 5,010635
кармана 5,010635 5,010635
кармане 5,010635 5,010635
самыми 3,624341 3,624341
украинском 0,076161 0,076161
света 0,054808 0,164425
своего 2,238047 4,476093
василий 3,912023 3,912023
обратную 3,624341 3,624341
переживать 5,010635 10,021271
задачи 2,931194 2,931194
трансформируется 5,010635 5,010635
парковке 4,317488 4,317488
инновационной 5,010635 10,021271
галереи 0,000000 0,000000
передовым 5,010635 5,010635
частотой 5,010635 5,010635
белоусов 0,076161 0,076161
настоящую 4,317488 4,317488
файлов 5,010635 5,010635
кодов 5,010635 10,021271
передовые 5,010635 10,021271
стабилизации 5,010635 5,010635
креативных 4,317488 4,317488
счет 2,931194 2,931194
принципиально 4,317488 4,317488
условиями 0,040822 0,081644
предотвращает 5,010635 5,010635
селфи 5,010635 10,021271
появляются 3,912023 3,912023
офис 3,401197 3,401197
резкости 5,010635 5,010635
коммерческий 3,912023 3,912023
система 2,813411 2,813411
профессионалов 4,317488 8,634976
игр 4,317488 4,317488
материалов 4,317488 4,317488
читайте 0,040822 0,040822
быструю 5,010635 5,010635
получил 2,120264 2,120264
цветопередачу 5,010635 5,010635
байконур 0,097980 0,097980
базе 3,401197 6,802395
приятным 5,010635 5,010635
редакциярекламаконтактыпресс 0,000000 0,000000
алгоритмов 5,010635 5,010635
складным 5,010635 5,010635
простых 3,912023 3,912023
полностью 2,525729 5,051457
видео 0,000000 0,000000
трясет 5,010635 5,010635
складных 5,010635 5,010635
сильно 2,445686 2,445686
графические 5,010635 5,010635
помощи 2,302585 2,302585
меньше 2,120264 2,120264
такого 2,612740 2,612740
физической 3,624341 7,248682
самолете 3,912023 3,912023
всеми 3,624341 7,248682
миллиметра 5,010635 25,053176
странах 3,401197 3,401197
загрузки 5,010635 5,010635
приносить 5,010635 5,010635
сочетает 5,010635 5,010635
высокоскоростном 5,010635 5,010635
одного 2,177422 4,354844
последние 0,090654 0,090654
высококачественных 5,010635 5,010635
предрекли 0,076161 0,076161
дорогой 4,317488 4,317488
способен 3,624341 7,248682
беспрерывно 5,010635 5,010635
обсудить 0,456758 0,456758
архив 0,000000 0,000000
части 2,014903 4,029806
датчика 5,010635 5,010635
алгоритмом 5,010635 5,010635
ресурсоемкими 5,010635 5,010635
специально 3,401197 3,401197
сша 0,040822 0,040822
аппарат 5,010635 5,010635
рассчитан 5,010635 5,010635
дюймовом 5,010635 5,010635
фотографии 5,010635 5,010635
технологию 3,912023 3,912023
качества 3,218876 9,656627
комфортным 5,010635 5,010635
среда 0,000000 0,000000
делать 1,966113 3,932226
одновременно 3,218876 3,218876
технология 5,010635 10,021271
раскрытии 0,076161 0,076161
проводную 5,010635 5,010635
качестве 2,302585 2,302585
скидки 0,047791 0,047791
батарея 5,010635 10,021271
функциональность 4,317488 4,317488
линси 5,010635 5,010635
эксклюзивы 0,000000 0,000000
российском 0,076161 0,228484
выражайте 0,047791 0,047791
ультратонкая 5,010635 5,010635
объективы 5,010635 5,010635
качество 3,401197 3,401197
ультраширокоугольного 5,010635 5,010635
перегрев 5,010635 5,010635
ультрапрочной 5,010635 5,010635
раскладывается 5,010635 5,010635
беспроводную 5,010635 10,021271
высокую 3,912023 3,912023
мпа 5,010635 5,010635
операционной 4,317488 4,317488
конфликте 0,076161 0,076161
климат 1,919593 1,919593
результат 3,064725 3,064725
продолжая 0,047791 0,047791
фотоаппарате 5,010635 5,010635
большом 3,401197 3,401197
средаклимат 1,966113 1,966113
большой 2,371578 2,371578
павел 2,708050 16,248301
великолепными 5,010635 5,010635
ступенчатой 5,010635 5,010635
удивить 5,010635 5,010635
складной 4,317488 12,952464
сложенном 5,010635 5,010635
которое 2,371578 2,371578
конфиденциальностиправила 0,000000 0,000000
бонусы 0,047791 0,095581
которой 2,120264 2,120264
политикой 0,047791 0,047791
аэропорту 3,401197 3,401197
вердикт 5,010635 5,010635
инновации 5,010635 5,010635
инноваций 4,317488 4,317488
отметим 5,010635 5,010635
жильцы 0,076161 0,076161
переключение 5,010635 5,010635
портативный 4,317488 8,634976
жизни 0,000000 0,000000
фильмов 3,064725 3,064725
аккумулятора 5,010635 5,010635
достаточно 2,813411 8,440232
аэропорта 3,912023 3,912023
системы 2,525729 2,525729
напряжения 5,010635 5,010635
любые 3,218876 3,218876
работать 2,120264 2,120264
подземной 5,010635 5,010635
зарядку 5,010635 20,042541
редакции 4,317488 12,952464
зарядки 5,010635 5,010635
кого 2,708050 2,708050
возможны 4,317488 4,317488
изысканный 5,010635 5,010635
туристку 0,076161 0,076161
это 0,020203 0,282838
зарядка 5,010635 5,010635
любых 3,912023 3,912023
раскрываться 5,010635 5,010635
две 0,033902 0,033902
гаджетами 5,010635 5,010635
мотор 0,000000 0,000000
настроить 4,317488 4,317488
обменивайте 0,047791 0,047791
стабильность 3,912023 3,912023
имеет 3,064725 3,064725
ткачук 5,010635 30,063812
имеющий 5,010635 5,010635
физическая 4,317488 4,317488
интеллектуально 5,010635 5,010635
чехол 5,010635 5,010635
обзоре 5,010635 5,010635
камер 5,010635 5,010635
двойной 5,010635 5,010635
батареи 3,912023 3,912023
установлена 5,010635 5,010635
стабильная 5,010635 5,010635
новости 0,000000 0,000000
разговора 1,609438 1,609438
ночью 3,218876 3,218876
войти 0,000000 0,000000
функцию 4,317488 4,317488
покрытию 5,010635 5,010635
хорошие 0,013423 0,013423
отслеживать 3,624341 3,624341
медитации 0,076161 0,076161
любовь 2,813411 2,813411
мире 1,919593 9,597964
владельца 4,317488 4,317488
тройным 5,010635 5,010635
глубины 5,010635 5,010635
точно 3,064725 6,129450
местом 3,218876 3,218876
многозадачности 5,010635 5,010635
уход 0,076161 0,076161
основного 3,624341 3,624341
почему 0,899761 1,799523
использования 3,912023 11,736069
периодически 3,218876 3,218876
трендами 5,010635 5,010635
поездках 5,010635 5,010635
влогов 5,010635 5,010635
впечатляет 5,010635 10,021271
открывания 5,010635 5,010635
убедились 4,317488 8,634976
поезде 5,010635 10,021271
прибыл 0,083382 0,083382
перископического 5,010635 5,010635
привыкли 3,912023 3,912023
рынке 2,708050 5,416100
отработан 5,010635 5,010635
разместить 3,218876 3,218876
спецпроекты 0,000000 0,000000
детализированным 5,010635 5,010635
лежит 5,010635 5,010635
задают 4,317488 8,634976
скриншоты 5,010635 5,010635
детализированные 5,010635 10,021271
отображения 5,010635 15,031906
талантливых 5,010635 5,010635
эргономичностью 5,010635 5,010635
первый 1,832581 7,330326
игры 0,000000 0,000000
арамидного 5,010635 5,010635
февраля 1,272966 3,818897
техника 0,000000 0,000000
ссср 0,000000 0,000000
доступен 3,624341 7,248682
задающий 5,010635 5,010635
слабого 5,010635 5,010635
корпус 5,010635 5,010635
трампа 0,054808 0,054808
минут 2,445686 2,445686
кратным 5,010635 5,010635
нашей 2,525729 2,525729
значение 3,912023 3,912023
позволяющие 5,010635 5,010635
дизайн 4,317488 12,952464
слабым 5,010635 5,010635
желании 5,010635 5,010635
кадры 2,371578 4,743156
поскольку 2,238047 6,714140
переключать 5,010635 5,010635
отвел 0,076161 0,076161
устройств 5,010635 5,010635
дюйма 5,010635 15,031906
происходит 2,014903 2,014903
дополнительной 4,317488 4,317488
реалистичность 4,317488 4,317488
статус 3,912023 7,824046
увеличивается 4,317488 4,317488
выполнено 5,010635 5,010635
марта 0,040822 0,040822
именно 1,875141 1,875141
профессиональный 4,317488 4,317488
главное 0,000000 0,000000
внешнего 4,317488 4,317488
отличает 3,624341 3,624341
большим 2,931194 2,931194
полноценном 5,010635 5,010635
швейцарский 5,010635 5,010635
ватта 5,010635 5,010635
контента 5,010635 5,010635
шарниры 5,010635 5,010635
реакций 0,047791 0,047791
летнего 0,097980 0,097980
реакции 0,047791 0,047791
мини 0,000000 0,000000
других 1,576648 1,576648
раскрыть 3,624341 3,624341
технологий 3,064725 6,129450
технологии 3,401197 6,802395
охлаждения 4,317488 4,317488
поддержкой 4,317488 4,317488
использование 4,317488 4,317488
экологияделовой 1,966113 1,966113
пользователи 3,401197 3,401197
изнасиловал 0,076161 0,076161
получаются 5,010635 5,010635
форматах 5,010635 5,010635
использовании 4,317488 4,317488
самым 1,966113 1,966113
технологический 3,912023 3,912023
соцсетей 3,912023 3,912023
промежутках 5,010635 5,010635
приближает 5,010635 5,010635
зеленского 0,068993 0,068993
камера 4,317488 8,634976
лента 0,000000 0,000000
аккумулятор 5,010635 5,010635
воплощение 4,317488 4,317488
существующих 5,010635 10,021271
внешнем 5,010635 5,010635
приятно 3,218876 3,218876
стабильно 4,317488 4,317488
нагрузке 5,010635 5,010635
ультрачеткой 5,010635 5,010635
ощупь 5,010635 5,010635
поворотным 5,010635 5,010635
спорт 0,000000 0,000000
телеобъектива 5,010635 5,010635
схемы 3,218876 3,218876
размытием 5,010635 5,010635
споры 0,097980 0,097980
военной 0,061875 0,061875
четыре 0,040822 0,081644
дорисовывающих 5,010635 5,010635
сказать 2,813411 2,813411
камеры 3,218876 16,094379
циклов 5,010635 5,010635
жми 0,013423 0,013423
встроена 5,010635 5,010635
оптической 5,010635 10,021271
помещениях 5,010635 5,010635
подставкой 5,010635 5,010635
основной 3,624341 3,624341
снижения 3,401197 3,401197
ленту 0,013423 0,013423
интеллекта 3,401197 6,802395
затопленного 0,076161 0,076161
приложения 3,624341 7,248682
ленты 1,678431 1,678431
погружение 5,010635 5,010635
стали 1,514128 3,028255
настоящему 4,317488 4,317488
конструкция 5,010635 5,010635
царапинам 5,010635 5,010635
хронометр 5,010635 5,010635
россии 0,425668 1,277003
применения 0,000000 0,000000
редакторы 5,010635 5,010635
оптику 5,010635 5,010635
обитания 0,000000 0,000000
ожидания 3,624341 7,248682
ценности 0,000000 0,000000
высокое 3,912023 3,912023
трикладушка 5,010635 5,010635
появился 2,445686 4,891372
первая 2,371578 2,371578
высокой 3,401197 3,401197
рублей 1,514128 1,514128
вт 5,010635 5,010635
приема 3,401197 3,401197
материалам 0,047791 0,047791
корпусе 5,010635 5,010635
повреждениям 5,010635 5,010635
вернуться 0,013423 0,013423
ваши 0,047791 0,047791
российским 0,076161 0,076161
разнообразных 5,010635 5,010635
существует 2,813411 2,813411
обеспечивает 3,401197 13,604790
показывает 4,317488 4,317488
тех 2,120264 6,360791
производительность 4,317488 12,952464
просто 1,678431 6,713723
планшета 5,010635 5,010635
версия 3,912023 3,912023
планшете 5,010635 5,010635
отличную 3,624341 3,624341
интернет 0,000000 0,000000
россия 0,000000 0,000000
искусственного 3,401197 6,802395
обратился 0,076161 0,076161
скорость 3,218876 6,437752
шесть 2,525729 5,051457
интерактивные 5,010635 5,010635
трикладушки 5,010635 5,010635
устройства 3,624341 7,248682
свои 0,027029 0,027029
непревзойденную 5,010635 5,010635
вращающейся 5,010635 5,010635
активном 5,010635 5,010635
платить 3,218876 3,218876
состояниями 5,010635 5,010635
гид 0,076161 0,076161
производительности 5,010635 5,010635
устройство 4,317488 8,634976
эстетическое 5,010635 5,010635
цена 4,317488 4,317488
уволит 0,076161 0,076161
стабильное 5,010635 10,021271
дома 0,061875 0,061875
плавно 3,624341 3,624341
обоих 4,317488 4,317488
сочетая 5,010635 5,010635
американский 0,061875 0,061875
пола 0,097980 0,097980
диафрагмы 5,010635 10,021271
устройством 5,010635 5,010635
эксклюзивность 5,010635 5,010635
трех 1,919593 1,919593
диафрагмой 5,010635 5,010635
емкая 5,010635 5,010635
адаптированной 5,010635 5,010635
объективности 5,010635 5,010635
передачи 4,317488 4,317488
сертификат 5,010635 5,010635
аналогов 3,401197 13,604790
подвальных 5,010635 5,010635
экокожи 5,010635 5,010635
фишка 5,010635 5,010635
блок 5,010635 5,010635
премиальном 5,010635 5,010635
складывающийся 5,010635 5,010635
картинку 5,010635 10,021271
телефон 3,624341 7,248682
эмоции 0,047791 0,047791
зеленским 0,076161 0,076161
диафрагма 5,010635 5,010635
впечатляют 5,010635 5,010635
необходимости 3,401197 3,401197
ультрапрочным 5,010635 5,010635
двум 0,076161 0,076161
вызвала 0,097980 0,097980
сочетанию 5,010635 5,010635
сети 0,090654 0,271963
работы 1,455287 5,821149
военнослужащим 0,076161 0,076161
рабочего 3,218876 3,218876
низкого 4,317488 4,317488
уникальная 5,010635 5,010635
художников 3,912023 3,912023
поддерживает 3,912023 7,824046
достижениями 4,317488 4,317488
вид 2,813411 2,813411
кроме 1,427116 4,281349
виде 2,708050 5,416100
экране 3,912023 3,912023
устойчиво 5,010635 5,010635
сложить 5,010635 5,010635
инновационная 5,010635 5,010635
экрана 5,010635 15,031906
складного 5,010635 5,010635
окружающих 3,912023 3,912023
ценит 5,010635 10,021271
материалы 0,000000 0,000000
впереди 3,624341 3,624341
депутат 0,076161 0,076161
бизнес 2,612740 2,612740
прогресс 0,097980 0,097980
статьи 0,000000 0,000000
адаптирует 4,317488 4,317488
удовольствие 5,010635 5,010635
оптическим 5,010635 5,010635
сценариях 5,010635 10,021271
форме 0,061875 0,123751
составляет 3,401197 10,203592
воспроизведение 5,010635 5,010635
включая 3,064725 6,129450
культура 0,000000 0,000000
реализации 3,624341 3,624341
проверили 3,912023 3,912023
режиме 3,401197 20,407184
пользователей 3,218876 3,218876
настоящее 3,624341 7,248682
силовые 0,000000 0,000000
хорошую 3,912023 3,912023
киселев 5,010635 5,010635
совершенства 5,010635 5,010635
толщиной 5,010635 5,010635
дня 0,061875 0,123751
экрану 5,010635 5,010635
расчета 5,010635 5,010635
темы 3,624341 3,624341
определяет 5,010635 5,010635
естественным 5,010635 5,010635
смартфона 3,912023 19,560115
составляющими 5,010635 5,010635
ватт 5,010635 5,010635
приложениями 5,010635 5,010635
днем 2,813411 2,813411
позволяет 2,612740 5,225480
сотрудников 0,076161 0,076161
распределению 4,317488 4,317488
настоящий 3,401197 3,401197
анода 5,010635 5,010635
высококлассный 5,010635 5,010635
эффекта 5,010635 10,021271
получить 2,238047 2,238047
дюймовым 5,010635 5,010635
низком 5,010635 5,010635
приятен 5,010635 5,010635
заряде 5,010635 10,021271
максимальном 5,010635 5,010635
начались 0,068993 0,137986
мечтать 3,912023 3,912023
рекомендательных 0,000000 0,000000
большого 3,624341 3,624341
синего 5,010635 5,010635
разных 2,445686 2,445686
работает 0,040822 0,122466
увлекательные 0,047791 0,047791
обратная 3,064725 3,064725
изображение 4,317488 4,317488
своими 3,218876 6,437752
выдает 5,010635 5,010635
премиальный 5,010635 10,021271
преувеличений 5,010635 10,021271
переговоры 0,054808 0,054808
красном 5,010635 5,010635
экран 5,010635 30,063812
раза 2,525729 2,525729
различных 3,624341 7,248682
экраном 5,010635 15,031906
тройной 5,010635 15,031906
маккартни 0,097980 0,097980
механизма 5,010635 5,010635
освещения 5,010635 5,010635
изображения 5,010635 5,010635
забота 0,000000 0,000000
сбер 0,040822 0,040822
пожаловать 0,013423 0,013423
использованияполитика 0,000000 0,000000
мгновенно 5,010635 15,031906
закрываться 5,010635 5,010635
завоевать 5,010635 5,010635
которые 1,181994 3,545982
залах 5,010635 5,010635
профессиональном 5,010635 5,010635
великолепного 5,010635 5,010635
который 1,272966 6,364828
поэтому 1,966113 1,966113
класса 3,624341 3,624341
крупный 0,068993 0,068993
регионам 0,076161 0,076161
например 1,791759 7,167038
крупным 0,076161 0,076161
инновационного 5,010635 5,010635
идей 3,912023 3,912023
снимки 3,624341 7,248682
победа 0,000000 0,000000
эстетику 5,010635 5,010635
универсальным 5,010635 5,010635
самом 2,014903 2,014903
лифте 5,010635 5,010635
остались 0,061875 0,061875
телеобъектив 5,010635 5,010635
опечатку 0,000000 0,000000
сразу 2,066196 2,066196
сми 0,000000 0,000000
радость 3,912023 3,912023
флагман 5,010635 5,010635
полноценный 4,317488 8,634976
съемки 4,317488 4,317488
ультратонкой 5,010635 5,010635
рады 0,068993 0,068993
зависимости 2,813411 2,813411
надежный 5,010635 5,010635
место 0,054808 0,054808
руке 4,317488 4,317488
акции 0,047791 0,047791
удобен 3,912023 3,912023
мс 0,097980 0,097980
натуральным 5,010635 5,010635
фронтальная 5,010635 5,010635
условиях 2,813411 8,440232
звонков 5,010635 5,010635
ради 2,371578 2,371578
мегапиксельного 5,010635 5,010635
формата 3,912023 3,912023
благодаря 2,238047 11,190233
фона 4,317488 4,317488
превращаясь 5,010635 5,010635
корреспондент 2,525729 2,525729
тонком 5,010635 5,010635
видеоряд 5,010635 5,010635
экономика 0,000000 0,000000
смартфонов 3,912023 11,736069
складная 5,010635 5,010635
раскладной 5,010635 5,010635
глаз 3,912023 3,912023
роскошный 4,317488 4,317488
разрешении 5,010635 5,010635
выбор 3,064725 3,064725
использовать 2,612740 10,450960
безусловно 2,708050 5,416100
сложно 2,525729 2,525729
черном 3,064725 3,064725
которая 1,875141 5,625423
смартфон 4,317488 56,127345
проблем 2,445686 2,445686
делает 3,401197 13,604790
соединения 4,317488 4,317488
главная 3,218876 3,218876
получают 2,931194 2,931194
дисплее 5,010635 5,010635
емкость 5,010635 5,010635
внешний 3,064725 3,064725
непосредственно 5,010635 5,010635
беспроводная 5,010635 5,010635
подчеркивает 3,912023 7,824046
поддерживая 5,010635 5,010635
уровень 2,813411 2,813411
нем 2,371578 2,371578
складывающихся 5,010635 5,010635
мощность 5,010635 5,010635
либо 1,919593 1,919593
механизм 2,813411 2,813411
панель 5,010635 5,010635
реальный 0,013423 0,013423
кремниевого 5,010635 5,010635
цветах 5,010635 5,010635
ос 4,317488 4,317488
правды 0,068993 0,068993
тыльные 5,010635 5,010635
емкости 5,010635 5,010635
соединение 5,010635 5,010635
вариантах 5,010635 5,010635
тысячи 0,068993 0,137986
планшет 5,010635 10,021271
невозможно 2,708050 2,708050
боке 5,010635 5,010635
дает 5,010635 15,031906
продажи 3,401197 3,401197
предрек 0,076161 0,076161
революционной 5,010635 5,010635
городе 0,061875 0,061875
возможность 2,066196 6,198589
взгляд 3,624341 3,624341
нерабочего 5,010635 5,010635
уникальный 3,218876 6,437752
заявили 0,076161 0,076161
гаджет 3,401197 20,407184
зумом 5,010635 5,010635
дизайне 4,317488 4,317488
оценили 2,525729 2,525729
повышения 4,317488 4,317488
успешных 3,912023 3,912023
разработан 5,010635 5,010635
видеть 0,013423 0,013423
установлен 5,010635 5,010635
очень 1,347074 10,776589
толщина 5,010635 10,021271
высокий 2,931194 2,931194
наука 0,000000 0,000000
обладающий 5,010635 5,010635
аксессуар 5,010635 5,010635
сканирование 5,010635 5,010635
стандарты 4,317488 8,634976
захватывать 4,317488 4,317488
многих 3,401197 3,401197
