обходиться 5,010635 5,010635
перемирии 0,076161 0,076161
реализацией 5,010635 5,010635
ежедневном 4,317488 4,317488
ру 0,000000 0,000000
банк 0,076161 0,076161
долгим 4,317488 4,317488
мясные 5,010635 5,010635
формула 5,010635 5,010635
простая 4,317488 4,317488
день 1,544899 3,089799
защищает 4,317488 4,317488
словах 4,317488 4,317488
новые 0,000000 0,000000
убеждение 4,317488 4,317488
веками 3,064725 3,064725
рыбные 5,010635 5,010635
язве 5,010635 10,021271
заболеваний 4,317488 8,634976
певзнером 5,010635 5,010635
ингредиентов 5,010635 10,021271
жидкая 5,010635 5,010635
непременно 5,010635 5,010635
аллергии 4,317488 4,317488
бульона 5,010635 5,010635
предупредила 3,624341 3,624341
отличная 5,010635 5,010635
язву 5,010635 5,010635
согласие 0,047791 0,047791
добро 0,013423 0,013423
выражаете 0,047791 0,047791
заметили 3,401197 3,401197
диетологов 5,010635 5,010635
менее 2,014903 2,014903
усиливают 5,010635 5,010635
помощью 0,047791 0,047791
язвы 5,010635 5,010635
разнообразно 5,010635 5,010635
таким 2,014903 2,014903
полный 3,624341 3,624341
основанном 5,010635 5,010635
одно 2,813411 2,813411
помощь 2,177422 2,177422
одни 3,624341 3,624341
предположение 5,010635 5,010635
добра 0,013423 0,026846
человек 1,249435 1,249435
частности 2,525729 2,525729
словам 1,272966 3,818897
заболевание 3,912023 3,912023
споров 4,317488 4,317488
отказаться 3,624341 3,624341
фото 0,061875 0,309377
фигуры 4,317488 4,317488
обычной 5,010635 5,010635
внезапно 3,624341 3,624341
содержатся 5,010635 5,010635
бульоны 5,010635 5,010635
такие 2,120264 2,120264
водой 0,061875 0,061875
приносят 5,010635 10,021271
кишечного 4,317488 4,317488
оказалось 2,177422 2,177422
технологиймини 0,000000 0,000000
рассольник 5,010635 5,010635
оценивайте 0,047791 0,047791
определить 3,912023 3,912023
х 2,177422 2,177422
овощные 5,010635 10,021271
какие 1,875141 1,875141
капусты 3,912023 3,912023
начинает 4,317488 4,317488
главные 2,371578 2,371578
суп 4,317488 56,127345
неочевидной 5,010635 5,010635
оно 2,445686 2,445686
социальных 3,912023 3,912023
конфиденциальности 0,047791 0,047791
числом 3,912023 3,912023
бутусов 4,317488 4,317488
мир 0,000000 0,000000
каких 2,612740 2,612740
полезны 5,010635 10,021271
миф 3,912023 7,824046
нажмите 0,000000 0,000000
провоцируют 5,010635 5,010635
должна 2,931194 2,931194
получайте 0,047791 0,047791
дело 2,120264 2,120264
капуста 5,010635 5,010635
деле 2,238047 2,238047
погружайтесь 0,047791 0,047791
слишком 2,371578 2,371578
употребление 4,317488 8,634976
бывший 0,000000 0,000000
здоровая 5,010635 5,010635
время 0,762140 0,762140
проблемы 0,076161 0,076161
накапливайте 0,047791 0,047791
ооо 0,000000 0,000000
обед 4,317488 4,317488
деактивирована 0,013423 0,013423
возросла 5,010635 5,010635
путешествия 0,000000 0,000000
отдела 0,579818 0,579818
обожали 2,931194 2,931194
твердое 5,010635 5,010635
калорий 5,010635 5,010635
высчитать 5,010635 5,010635
юшка 5,010635 5,010635
главный 2,708050 2,708050
терапевт 5,010635 20,042541
талии 5,010635 5,010635
резко 2,371578 2,371578
также 0,762140 0,762140
ненавидеть 5,010635 5,010635
обещали 4,317488 4,317488
структуры 0,000000 0,000000
индии 0,076161 0,076161
каневская 3,912023 19,560115
возненавидели 2,931194 2,931194
хочешь 0,013423 0,013423
насыщение 5,010635 5,010635
нашли 0,000000 0,000000
пляжных 0,097980 0,097980
вкусно 4,317488 4,317488
гастриту 5,010635 10,021271
дмитрий 2,371578 2,371578
имеющихся 5,010635 5,010635
обычную 0,013423 0,013423
реже 5,010635 5,010635
прием 3,218876 3,218876
внешность 0,097980 0,097980
гастрита 5,010635 15,031906
вред 4,317488 4,317488
украинском 0,076161 0,076161
света 0,054808 0,054808
жиров 5,010635 10,021271
институте 4,317488 4,317488
мануилу 5,010635 5,010635
галереи 0,000000 0,000000
продуктов 2,445686 4,891372
отсутствие 3,401197 10,203592
правильнее 5,010635 5,010635
белоусов 0,076161 0,076161
хеликобактер 5,010635 5,010635
настоящую 4,317488 4,317488
блюд 3,912023 3,912023
однако 1,249435 3,748306
калорийность 5,010635 5,010635
условиями 0,040822 0,081644
продукты 2,931194 5,862388
могут 1,455287 4,365862
отказ 3,401197 3,401197
нутрициологов 5,010635 5,010635
читайте 0,040822 0,040822
здоровью 3,912023 3,912023
постепенно 3,624341 3,624341
здоровья 2,813411 5,626821
байконур 0,097980 0,097980
уточнила 4,317488 8,634976
жидкого 5,010635 5,010635
редакциярекламаконтактыпресс 0,000000 0,000000
плохого 3,912023 3,912023
люди 1,966113 1,966113
количеством 3,912023 3,912023
постной 5,010635 5,010635
видео 0,000000 0,000000
меньше 2,120264 4,240527
множества 5,010635 5,010635
окислительного 5,010635 5,010635
суперпродуктом 5,010635 5,010635
подчеркнула 5,010635 10,021271
предупреждает 4,317488 4,317488
последние 0,090654 0,090654
предрекли 0,076161 0,076161
соленых 5,010635 5,010635
сетях 4,317488 4,317488
инфекции 5,010635 5,010635
архив 0,000000 0,000000
противоречия 4,317488 4,317488
устаревшими 5,010635 5,010635
мясных 3,912023 3,912023
помимо 2,813411 5,626821
вирусов 5,010635 5,010635
подсчет 5,010635 5,010635
сша 0,040822 0,040822
любимых 4,317488 4,317488
избежать 3,218876 3,218876
процесс 2,931194 2,931194
смеси 5,010635 5,010635
мифы 3,064725 6,129450
свойств 5,010635 5,010635
среда 0,000000 0,000000
списка 4,317488 4,317488
клетчатки 4,317488 4,317488
задолго 4,317488 4,317488
самая 2,238047 2,238047
раскрытии 0,076161 0,076161
убеждена 3,912023 3,912023
куриные 4,317488 4,317488
скидки 0,047791 0,047791
подагру 5,010635 5,010635
усилит 5,010635 5,010635
щи 5,010635 5,010635
эксклюзивы 0,000000 0,000000
номер 3,624341 3,624341
российском 0,076161 0,076161
становится 3,218876 3,218876
сформировав 5,010635 5,010635
выражайте 0,047791 0,047791
насыщенных 5,010635 5,010635
сонуход 3,401197 3,401197
трудно 3,401197 3,401197
сместили 5,010635 5,010635
врач 2,445686 4,891372
предположили 5,010635 5,010635
конфликте 0,076161 0,076161
супов 5,010635 35,074447
продолжая 0,047791 0,047791
сосудистых 5,010635 5,010635
особенно 2,302585 2,302585
бульон 5,010635 15,031906
упоминали 5,010635 5,010635
супом 5,010635 5,010635
екатерина 2,708050 2,708050
большой 2,371578 2,371578
претензия 4,317488 4,317488
бактерией 5,010635 5,010635
подают 5,010635 5,010635
тракта 4,317488 4,317488
опасности 2,813411 2,813411
астапкович 4,317488 4,317488
большое 2,813411 2,813411
поставить 4,317488 4,317488
будут 1,919593 1,919593
жидкие 5,010635 5,010635
тасс 2,371578 4,743156
конфиденциальностиправила 0,000000 0,000000
бонусы 0,047791 0,095581
стресса 3,912023 7,824046
жидким 5,010635 5,010635
политикой 0,047791 0,047791
вызывал 5,010635 5,010635
наоборот 2,813411 5,626821
здоровыми 4,317488 4,317488
хорошее 3,218876 3,218876
жильцы 0,076161 0,076161
века 2,813411 2,813411
жизни 0,000000 0,000000
большинства 3,912023 3,912023
гастроэнтеролога 5,010635 5,010635
едят 5,010635 5,010635
гастрит 5,010635 5,010635
неправильном 5,010635 5,010635
средств 2,931194 2,931194
связано 3,218876 3,218876
имел 3,401197 3,401197
питаться 4,317488 8,634976
медицинских 3,912023 3,912023
действовала 5,010635 5,010635
туристку 0,076161 0,076161
это 0,020203 0,181824
поддерживать 3,218876 3,218876
любых 3,912023 3,912023
большинство 2,708050 2,708050
слово 3,624341 3,624341
витаминами 5,010635 5,010635
преимущества 3,624341 3,624341
еда 4,317488 8,634976
еде 4,317488 4,317488
две 0,033902 0,033902
вполне 2,813411 2,813411
варке 5,010635 5,010635
мотор 0,000000 0,000000
обменивайте 0,047791 0,047791
имеет 3,064725 3,064725
вреде 4,317488 4,317488
придуманных 5,010635 5,010635
клетчаткой 5,010635 5,010635
каневскаяврач 5,010635 10,021271
убежден 3,218876 6,437752
вреда 4,317488 12,952464
новости 0,000000 0,000000
войти 0,000000 0,000000
заражение 3,912023 3,912023
хорошие 0,013423 0,013423
бедных 5,010635 5,010635
твердого 5,010635 5,010635
отключены 1,576648 1,576648
медитации 0,076161 0,076161
похлебки 5,010635 5,010635
анемии 5,010635 5,010635
назначают 5,010635 5,010635
рационе 5,010635 15,031906
терапевта 5,010635 5,010635
рекомендовали 4,317488 4,317488
точно 3,064725 6,129450
терапевту 4,317488 4,317488
защита 3,912023 3,912023
воздействие 3,624341 3,624341
уход 0,076161 0,076161
почему 0,899761 0,899761
защите 4,317488 4,317488
хорошим 4,317488 4,317488
невероятно 5,010635 5,010635
столы 3,912023 3,912023
гастрономическая 5,010635 5,010635
чувство 3,912023 3,912023
профилактики 4,317488 4,317488
добавить 3,912023 3,912023
призывать 5,010635 5,010635
предотвратить 4,317488 4,317488
объект 3,401197 3,401197
копченых 5,010635 5,010635
пилори 5,010635 5,010635
прибыл 0,083382 0,083382
посоветовали 3,401197 3,401197
ждать 2,813411 2,813411
затем 1,875141 1,875141
спецпроекты 0,000000 0,000000
примеру 3,218876 3,218876
бесполезными 5,010635 10,021271
болезни 3,064725 6,129450
певзнер 5,010635 5,010635
важной 5,010635 5,010635
будь 3,912023 3,912023
средством 5,010635 5,010635
общие 4,317488 4,317488
животе 5,010635 5,010635
первые 2,371578 2,371578
игры 0,000000 0,000000
аутоиммунный 5,010635 5,010635
масса 3,218876 3,218876
техника 0,000000 0,000000
ссср 0,000000 0,000000
регулярное 4,317488 4,317488
лук 5,010635 5,010635
трампа 0,054808 0,054808
собойокружающее 3,401197 3,401197
диет 5,010635 5,010635
нашем 3,218876 3,218876
самых 1,609438 1,609438
отвел 0,076161 0,076161
петра 5,010635 5,010635
обществе 5,010635 5,010635
здоровьеотношения 3,401197 3,401197
марта 0,040822 0,040822
именно 1,875141 1,875141
пюре 5,010635 5,010635
другие 1,714798 1,714798
ответ 2,177422 2,177422
главное 0,000000 0,000000
выясняла 5,010635 5,010635
мнение 2,813411 2,813411
прошлого 2,813411 2,813411
другим 2,813411 2,813411
букет 3,401197 3,401197
реакций 0,047791 0,047791
летнего 0,097980 0,097980
реакции 0,047791 0,047791
точку 3,912023 3,912023
мини 0,000000 0,000000
других 1,576648 1,576648
общепитах 5,010635 5,010635
значимость 4,317488 4,317488
изучающие 5,010635 5,010635
блюда 3,064725 12,258901
костный 5,010635 5,010635
изнасиловал 0,076161 0,076161
серьезное 5,010635 5,010635
самый 2,525729 5,051457
содержащихся 5,010635 5,010635
реакцию 3,912023 3,912023
стоит 1,791759 1,791759
образом 2,066196 2,066196
здоровому 5,010635 5,010635
порядковый 5,010635 5,010635
приводит 3,401197 3,401197
пространствоментальное 3,401197 3,401197
обвиняют 2,813411 2,813411
зеленского 0,068993 0,068993
болезней 3,912023 7,824046
варят 5,010635 5,010635
утверждают 3,912023 3,912023
варианты 3,401197 3,401197
рогулин 5,010635 5,010635
лента 0,000000 0,000000
приготовить 3,912023 7,824046
самочувствием 5,010635 5,010635
завтрак 4,317488 4,317488
объяснила 3,064725 3,064725
целебные 5,010635 5,010635
спорт 0,000000 0,000000
содержат 3,912023 3,912023
лишний 5,010635 5,010635
гарниром 5,010635 5,010635
повышают 4,317488 4,317488
споры 0,097980 0,097980
военной 0,061875 0,061875
объем 3,624341 3,624341
четыре 0,040822 0,040822
жми 0,013423 0,013423
правила 2,813411 2,813411
стало 1,181994 1,181994
голода 3,401197 3,401197
уверена 4,317488 4,317488
целого 4,317488 4,317488
сердца 3,218876 6,437752
здоровьем 3,624341 7,248682
пользы 5,010635 20,042541
путать 5,010635 5,010635
само 3,624341 3,624341
вообще 2,813411 5,626821
правило 3,401197 6,802395
назначался 5,010635 5,010635
ленту 0,013423 0,013423
кабановдиетолог 5,010635 5,010635
затопленного 0,076161 0,076161
составе 3,624341 7,248682
бесполезны 3,064725 3,064725
стали 1,514128 6,056511
желудочно 4,317488 4,317488
зож 4,317488 4,317488
россии 0,425668 0,851336
применения 0,000000 0,000000
фитнес 3,624341 3,624341
всепитание 3,401197 3,401197
советскому 3,624341 3,624341
обитания 0,000000 0,000000
ценности 0,000000 0,000000
вредить 5,010635 5,010635
ассоциироваться 5,010635 5,010635
вес 3,912023 3,912023
плюсы 5,010635 5,010635
брокколи 5,010635 10,021271
материалам 0,047791 0,047791
спорах 5,010635 5,010635
необходима 5,010635 5,010635
вернуться 0,013423 0,013423
имеют 2,931194 2,931194
ваши 0,047791 0,047791
российским 0,076161 0,076161
минимальным 3,624341 3,624341
пациентам 4,317488 4,317488
гастроэнтеролог 3,912023 7,824046
лечит 5,010635 5,010635
даст 4,317488 4,317488
профессора 3,401197 3,401197
человека 2,177422 4,354844
просто 1,678431 3,356862
давно 2,445686 2,445686
которую 2,708050 2,708050
интернет 0,000000 0,000000
россия 0,000000 0,000000
настоящая 3,624341 3,624341
обратился 0,076161 0,076161
диетолог 4,317488 4,317488
диагноза 4,317488 4,317488
супы 3,064725 33,711977
считает 2,445686 2,445686
доктора 3,912023 3,912023
свои 0,027029 0,027029
столах 5,010635 5,010635
рацион 4,317488 4,317488
предупредил 3,401197 3,401197
назвать 3,912023 3,912023
желчи 5,010635 5,010635
гид 0,076161 0,076161
произошло 2,445686 2,445686
знаменитые 4,317488 4,317488
разрабатывали 5,010635 5,010635
уволит 0,076161 0,076161
дома 0,061875 0,061875
правильно 2,813411 5,626821
американский 0,061875 0,061875
пола 0,097980 0,097980
полезный 5,010635 5,010635
супа 3,912023 23,472138
причину 3,218876 3,218876
специй 5,010635 5,010635
подходе 5,010635 5,010635
мясной 5,010635 5,010635
питания 4,317488 4,317488
ежедневный 5,010635 5,010635
питанию 4,317488 4,317488
причины 2,612740 2,612740
характеристики 4,317488 4,317488
рыба 4,317488 4,317488
полифенолов 5,010635 5,010635
полезных 3,912023 7,824046
увеличивает 5,010635 5,010635
оставаться 4,317488 4,317488
куриного 5,010635 5,010635
знати 5,010635 5,010635
сваренный 5,010635 5,010635
эмоции 0,047791 0,047791
рефлюксы 5,010635 5,010635
регулярно 3,218876 3,218876
зеленским 0,076161 0,076161
питании 5,010635 10,021271
провокатором 5,010635 5,010635
пока 1,678431 1,678431
питание 2,931194 8,793581
двум 0,076161 0,076161
калориями 5,010635 10,021271
бедняков 5,010635 10,021271
лишней 5,010635 5,010635
вызвала 0,097980 0,097980
сети 0,090654 0,090654
военнослужащим 0,076161 0,076161
причина 2,445686 4,891372
поддерживает 3,912023 3,912023
кроме 1,427116 2,854233
супах 5,010635 10,021271
остальные 3,624341 3,624341
польза 3,401197 3,401197
нестероидных 5,010635 5,010635
пользе 4,317488 4,317488
тренеров 4,317488 4,317488
труднее 5,010635 5,010635
избегали 5,010635 5,010635
волшебным 5,010635 5,010635
материалы 0,000000 0,000000
пользу 3,218876 3,218876
эксперт 2,371578 2,371578
депутат 0,076161 0,076161
наук 3,401197 3,401197
прогресс 0,097980 0,097980
статьи 0,000000 0,000000
супам 5,010635 5,010635
каневской 5,010635 5,010635
разбираем 3,064725 3,064725
свойства 4,317488 4,317488
похудения 3,912023 3,912023
пациента 3,912023 3,912023
диабета 5,010635 5,010635
ограничений 3,912023 3,912023
врачу 4,317488 4,317488
форме 0,061875 0,061875
современные 3,624341 3,624341
культура 0,000000 0,000000
обедом 5,010635 5,010635
разработана 4,317488 4,317488
чередовать 5,010635 5,010635
возникающее 5,010635 5,010635
силовые 0,000000 0,000000
врачи 3,064725 3,064725
применяться 5,010635 5,010635
считаются 5,010635 5,010635
дня 0,061875 0,061875
экспертов 3,624341 3,624341
врача 3,912023 3,912023
клиентов 4,317488 4,317488
повсеместно 5,010635 5,010635
избыток 5,010635 5,010635
организм 3,624341 7,248682
настоящим 4,317488 4,317488
зависит 3,064725 3,064725
противовоспалительных 4,317488 4,317488
способом 5,010635 5,010635
чечевица 5,010635 5,010635
любили 3,401197 3,401197
витаминов 4,317488 4,317488
мясу 5,010635 5,010635
редактор 0,567984 0,567984
сотрудников 0,076161 0,076161
диеты 4,317488 8,634976
мясо 3,624341 3,624341
многие 1,714798 1,714798
получить 2,238047 4,476093
компонент 4,317488 4,317488
диете 4,317488 4,317488
комментарии 1,484275 1,484275
способны 3,401197 3,401197
начались 0,068993 0,068993
коучи 5,010635 5,010635
бульонах 5,010635 5,010635
рекомендательных 0,000000 0,000000
тяжести 5,010635 5,010635
болтушка 5,010635 5,010635
жирных 5,010635 5,010635
разных 2,445686 2,445686
работает 0,040822 0,040822
увлекательные 0,047791 0,047791
овощей 3,624341 3,624341
риа 1,272966 1,272966
здоровье 2,708050 2,708050
чечевицы 4,317488 4,317488
порядке 2,813411 2,813411
времена 4,317488 4,317488
белков 5,010635 5,010635
относились 5,010635 5,010635
переговоры 0,054808 0,054808
жирные 5,010635 5,010635
россиян 1,714798 1,714798
разные 3,401197 3,401197
тела 3,064725 3,064725
насыщают 5,010635 5,010635
меняется 3,624341 3,624341
максим 2,931194 2,931194
маккартни 0,097980 0,097980
избавить 5,010635 5,010635
антиоксидантов 5,010635 5,010635
излечить 5,010635 5,010635
диетологи 5,010635 10,021271
диетических 5,010635 5,010635
забота 0,000000 0,000000
сбер 0,040822 0,040822
является 1,966113 3,932226
пожаловать 0,013423 0,013423
использованияполитика 0,000000 0,000000
нарушал 5,010635 5,010635
которые 1,181994 3,545982
вредны 3,064725 3,064725
потеря 3,912023 3,912023
постоянный 3,218876 3,218876
кашу 5,010635 5,010635
поэтому 1,966113 3,932226
легкий 4,317488 4,317488
крупный 0,068993 0,068993
диетические 5,010635 5,010635
регионам 0,076161 0,076161
авитаминоза 5,010635 5,010635
обязательном 5,010635 5,010635
крупным 0,076161 0,076161
оксидативного 5,010635 5,010635
резюмировала 5,010635 5,010635
которых 1,678431 1,678431
организму 3,912023 3,912023
победа 0,000000 0,000000
привести 2,708050 2,708050
каше 5,010635 5,010635
советского 2,371578 2,371578
самом 2,014903 2,014903
едой 5,010635 15,031906
идеи 2,813411 2,813411
россияне 1,919593 1,919593
остались 0,061875 0,061875
сегодня 1,643339 3,286679
случае 1,875141 1,875141
опечатку 0,000000 0,000000
сми 0,000000 0,000000
морковь 4,317488 4,317488
обязательное 5,010635 5,010635
певзнера 5,010635 15,031906
лечебное 5,010635 5,010635
чеснок 5,010635 5,010635
поклонники 3,912023 7,824046
рады 0,068993 0,068993
пурины 5,010635 5,010635
моркови 4,317488 4,317488
певзнеру 5,010635 5,010635
кулинарных 5,010635 5,010635
зависимости 2,813411 2,813411
таком 2,813411 2,813411
место 0,054808 0,054808
развития 2,612740 2,612740
акции 0,047791 0,047791
мс 0,097980 0,097980
знали 3,624341 3,624341
неверным 5,010635 5,010635
появилось 4,317488 4,317488
благодаря 2,238047 2,238047
рисков 3,912023 3,912023
включать 5,010635 5,010635
универсальная 5,010635 5,010635
действительно 2,612740 2,612740
экономика 0,000000 0,000000
вредной 5,010635 5,010635
водный 5,010635 5,010635
улитина 4,317488 4,317488
столов 3,912023 3,912023
безусловно 2,708050 2,708050
каждый 2,066196 6,198589
союза 2,302585 2,302585
которая 1,875141 1,875141
рекомендуют 5,010635 5,010635
называют 2,931194 5,862388
радикального 5,010635 5,010635
сердечно 3,912023 3,912023
проблем 2,445686 2,445686
полезно 5,010635 5,010635
баланс 3,912023 3,912023
вскоре 2,302585 2,302585
количество 1,966113 1,966113
светлана 3,912023 11,736069
уровень 2,813411 2,813411
нем 2,371578 2,371578
элементов 3,912023 3,912023
владимир 1,373049 1,373049
либо 1,919593 3,839186
навредить 3,912023 3,912023
развитии 5,010635 5,010635
годы 2,302585 2,302585
реальный 0,013423 0,013423
редко 3,624341 3,624341
правды 0,068993 0,068993
частая 5,010635 5,010635
желудок 4,317488 4,317488
тысячи 0,068993 0,068993
максимальную 5,010635 5,010635
голод 4,317488 4,317488
появления 3,218876 3,218876
грибы 5,010635 5,010635
мочевой 5,010635 5,010635
избегать 3,401197 3,401197
сон 3,912023 3,912023
наваристые 5,010635 5,010635
первое 2,612740 2,612740
годах 2,931194 2,931194
предрек 0,076161 0,076161
кабанов 4,317488 8,634976
светланы 5,010635 5,010635
кислоты 5,010635 5,010635
алексей 1,919593 3,839186
городе 0,061875 0,061875
настаивают 5,010635 5,010635
снабжать 5,010635 5,010635
правда 2,014903 4,029806
огромным 5,010635 5,010635
появлялись 3,912023 3,912023
уверяют 5,010635 5,010635
заявили 0,076161 0,076161
инфекционное 5,010635 5,010635
рекомендациях 5,010635 5,010635
компот 5,010635 5,010635
ожирение 5,010635 5,010635
защитных 5,010635 5,010635
риск 3,401197 3,401197
своих 2,177422 2,177422
видеть 0,013423 0,013423
третье 3,912023 3,912023
наука 0,000000 0,000000
второе 3,624341 3,624341
никак 2,931194 2,931194
кости 5,010635 5,010635
блюдам 5,010635 5,010635
