покорятся 5,010635 5,010635
ру 0,000000 0,000000
отечественные 4,317488 4,317488
лента 0,000000 0,000000
успей 5,010635 5,010635
новый 1,966113 1,966113
день 1,544899 6,179598
новые 0,000000 0,000000
карту 3,912023 3,912023
найти 2,525729 2,525729
линия 4,317488 4,317488
спорт 0,000000 0,000000
народного 3,624341 3,624341
реалии 5,010635 5,010635
студента 5,010635 5,010635
автомобили 3,218876 3,218876
ситуации 2,014903 2,014903
согласие 0,047791 0,047791
добро 0,013423 0,013423
выборах 3,401197 3,401197
вирусам 5,010635 10,021271
выражаете 0,047791 0,047791
избирателей 5,010635 5,010635
жми 0,013423 0,013423
праздником 4,317488 4,317488
помощью 0,047791 0,047791
проверим 4,317488 4,317488
пройди 5,010635 5,010635
целого 4,317488 4,317488
задать 5,010635 5,010635
космосе 3,912023 3,912023
людей 1,455287 2,910574
полёта 5,010635 5,010635
важных 4,317488 4,317488
добра 0,013423 0,026846
довези 5,010635 5,010635
почувствуй 5,010635 5,010635
ленту 0,013423 0,013423
праздников 4,317488 4,317488
кому 2,708050 2,708050
санкции 2,612740 2,612740
узнай 5,010635 10,021271
важные 3,218876 3,218876
дать 3,624341 3,624341
зож 4,317488 4,317488
семьёй 5,010635 10,021271
космос 2,931194 2,931194
россии 0,425668 1,277003
применения 0,000000 0,000000
шкодливый 5,010635 5,010635
технологиймини 0,000000 0,000000
балдёж 5,010635 5,010635
оценивайте 0,047791 0,047791
обитания 0,000000 0,000000
любви 3,218876 3,218876
ценности 0,000000 0,000000
поможет 3,401197 3,401197
цели 2,371578 2,371578
расставь 5,010635 5,010635
препятствия 5,010635 5,010635
материалам 0,047791 0,047791
российские 1,678431 1,678431
конфиденциальности 0,047791 0,047791
вернуться 0,013423 0,026846
мир 0,000000 0,000000
ваши 0,047791 0,047791
пройти 2,931194 2,931194
нажмите 0,000000 0,000000
своей 2,066196 2,066196
получайте 0,047791 0,047791
дело 2,120264 2,120264
алгоритмы 3,912023 3,912023
погружайтесь 0,047791 0,047791
наставника 5,010635 5,010635
президенту 3,401197 3,401197
стереотипы 5,010635 10,021271
давно 2,445686 2,445686
бывший 0,000000 0,000000
время 0,762140 1,524280
тебе 3,401197 6,802395
накапливайте 0,047791 0,047791
интернет 0,000000 0,000000
россия 0,000000 0,000000
ученикам 4,317488 4,317488
отметь 5,010635 5,010635
тест 4,317488 4,317488
оставь 5,010635 5,010635
россию 1,609438 4,828314
ооо 0,000000 0,000000
дела 2,813411 5,626821
деактивирована 0,013423 0,013423
путешествия 0,000000 0,000000
голосов 3,912023 3,912023
свой 2,177422 2,177422
закидают 5,010635 5,010635
свои 0,027029 0,027029
защитника 4,317488 4,317488
вредных 3,624341 3,624341
отмечаем 5,010635 5,010635
голосование 5,010635 5,010635
структуры 0,000000 0,000000
город 2,445686 7,337058
хочешь 0,013423 0,013423
нашли 0,000000 0,000000
правильно 2,813411 2,813411
обычную 0,013423 0,013423
раскинь 5,010635 5,010635
курорты 4,317488 4,317488
рождения 3,218876 3,218876
вырасти 3,401197 6,802395
своего 2,238047 2,238047
спаси 5,010635 10,021271
преобразуй 5,010635 5,010635
вовремя 5,010635 5,010635
пар 5,010635 5,010635
основные 3,401197 3,401197
галереи 0,000000 0,000000
супергероем 5,010635 5,010635
кандидат 3,912023 3,912023
подарков 4,317488 4,317488
мудрости 5,010635 5,010635
эмоции 0,047791 0,047791
иначе 3,401197 3,401197
олимблинские 5,010635 5,010635
условиями 0,040822 0,081644
флага 5,010635 5,010635
единства 5,010635 5,010635
праздник 3,624341 3,624341
готовы 2,708050 2,708050
учеников 5,010635 10,021271
параллельные 5,010635 5,010635
собери 5,010635 15,031906
читать 5,010635 5,010635
девочки 3,912023 3,912023
флаг 4,317488 8,634976
читайте 0,040822 0,040822
её 5,010635 10,021271
старые 3,624341 3,624341
совести 4,317488 4,317488
прямая 3,912023 3,912023
сына 3,218876 3,218876
учёным 5,010635 5,010635
редакциярекламаконтактыпресс 0,000000 0,000000
конституции 3,912023 3,912023
всей 2,238047 2,238047
материалы 0,000000 0,000000
всем 1,966113 1,966113
видео 0,000000 0,000000
снится 5,010635 5,010635
жар 5,010635 5,010635
бизнес 2,612740 2,612740
масленичных 5,010635 5,010635
суперпрофи 5,010635 5,010635
полям 5,010635 10,021271
статьи 0,000000 0,000000
поиграй 5,010635 5,010635
пути 2,445686 2,445686
накорми 5,010635 5,010635
культура 0,000000 0,000000
преодолеть 3,912023 3,912023
рунета 4,317488 4,317488
силовые 0,000000 0,000000
архив 0,000000 0,000000
сможешь 5,010635 5,010635
части 2,014903 2,014903
мастерами 5,010635 5,010635
современный 3,401197 3,401197
подарки 3,624341 3,624341
дня 0,061875 0,185626
добраться 3,218876 3,218876
чиновников 4,317488 4,317488
побольше 3,624341 3,624341
сказку 3,912023 3,912023
честь 3,064725 9,194175
можешь 4,317488 4,317488
среда 0,000000 0,000000
ловись 5,010635 5,010635
скидки 0,047791 0,047791
ледоколь 5,010635 5,010635
людям 3,401197 3,401197
кринжовых 5,010635 5,010635
эксклюзивы 0,000000 0,000000
выражайте 0,047791 0,047791
лови 5,010635 5,010635
домой 2,612740 2,612740
рекомендательных 0,000000 0,000000
морские 5,010635 5,010635
сказочная 5,010635 5,010635
сделать 2,371578 2,371578
знания 5,010635 10,021271
продолжая 0,047791 0,047791
беларуси 5,010635 5,010635
работает 0,040822 0,040822
сорвать 2,931194 2,931194
увлекательные 0,047791 0,047791
дай 5,010635 15,031906
порядке 2,813411 2,813411
довести 5,010635 5,010635
жизненные 5,010635 5,010635
переговоры 0,054808 0,054808
мемы 5,010635 5,010635
бывать 5,010635 5,010635
конфиденциальностиправила 0,000000 0,000000
заразить 5,010635 5,010635
получать 3,064725 3,064725
бонусы 0,047791 0,095581
год 1,714798 1,714798
политикой 0,047791 0,047791
гостей 3,401197 3,401197
знаешь 4,317488 4,317488
калининграда 3,912023 3,912023
жизни 0,000000 0,000000
забота 0,000000 0,000000
сбер 0,040822 0,040822
космонавтом 4,317488 4,317488
пожаловать 0,013423 0,013423
использованияполитика 0,000000 0,000000
прямо 2,525729 2,525729
стать 1,875141 1,875141
героя 3,064725 3,064725
которые 1,181994 1,181994
создай 5,010635 5,010635
крымский 5,010635 5,010635
возможно 2,813411 2,813411
потенциал 3,624341 3,624341
избавиться 3,624341 3,624341
вкусную 5,010635 5,010635
инвестиции 3,624341 3,624341
это 0,020203 0,080811
подготовки 3,064725 3,064725
победа 0,000000 0,000000
отбиваться 4,317488 4,317488
слово 3,624341 3,624341
отечества 4,317488 8,634976
продай 5,010635 5,010635
президент 1,347074 1,347074
пересаживай 5,010635 5,010635
мотор 0,000000 0,000000
обменивайте 0,047791 0,047791
опечатку 0,000000 0,000000
кошмар 4,317488 4,317488
сильнейшему 5,010635 5,010635
поболтай 5,010635 5,010635
сми 0,000000 0,000000
учителем 5,010635 5,010635
кот 4,317488 8,634976
помоги 5,010635 30,063812
надежные 5,010635 5,010635
обучиться 5,010635 5,010635
профан 5,010635 5,010635
ль 5,010635 5,010635
правильные 5,010635 5,010635
верните 5,010635 5,010635
страны 1,455287 1,455287
вместе 1,514128 1,514128
засыпает 5,010635 5,010635
посылке 5,010635 5,010635
сдавать 3,624341 3,624341
новости 0,000000 0,000000
кошмара 5,010635 5,010635
герой 2,612740 2,612740
войти 0,000000 0,000000
дорога 4,317488 4,317488
акции 0,047791 0,047791
хорошие 0,013423 0,013423
угадай 5,010635 5,010635
сражались 4,317488 4,317488
стрелы 5,010635 5,010635
вложи 5,010635 5,010635
сотри 5,010635 5,010635
монстров 5,010635 10,021271
успеешь 5,010635 5,010635
присылают 5,010635 5,010635
обойди 5,010635 10,021271
соединяй 5,010635 5,010635
экономика 0,000000 0,000000
переубедите 5,010635 5,010635
надоело 5,010635 5,010635
дипломатия 2,931194 2,931194
попал 2,445686 2,445686
каково 4,317488 4,317488
государственного 3,624341 3,624341
халява 5,010635 5,010635
отправиться 4,317488 4,317488
онлайн 3,401197 3,401197
испортить 5,010635 5,010635
историю 2,525729 2,525729
уведомления 5,010635 5,010635
вспомни 5,010635 15,031906
спецпроекты 0,000000 0,000000
просыпается 5,010635 5,010635
привычек 3,912023 3,912023
фрагментов 5,010635 5,010635
первым 2,238047 2,238047
мозги 5,010635 5,010635
места 3,218876 3,218876
источники 4,317488 4,317488
найди 5,010635 10,021271
реальный 0,013423 0,013423
тыковку 5,010635 5,010635
игры 0,000000 0,000000
направь 5,010635 5,010635
ошибки 3,912023 3,912023
выборов 3,624341 3,624341
реальным 5,010635 5,010635
техника 0,000000 0,000000
ссср 0,000000 0,000000
достижения 2,931194 2,931194
элементы 5,010635 5,010635
нейросети 3,912023 3,912023
правильном 5,010635 5,010635
минут 2,445686 2,445686
молодой 3,218876 3,218876
события 2,612740 2,612740
нашей 2,525729 2,525729
пытается 2,177422 2,177422
кодструктор 5,010635 5,010635
отыскать 5,010635 5,010635
игре 5,010635 5,010635
вопрос 1,832581 1,832581
экзамены 3,912023 3,912023
самых 1,609438 1,609438
па 5,010635 5,010635
владивостока 5,010635 5,010635
хочет 1,966113 1,966113
сразитесь 5,010635 5,010635
тыквагочи 5,010635 5,010635
голос 4,317488 4,317488
главное 0,000000 0,000000
года 0,899761 1,799523
общественные 5,010635 5,010635
проголосовать 5,010635 5,010635
закрой 5,010635 5,010635
проникнуть 2,708050 2,708050
отвечай 5,010635 5,010635
реакций 0,047791 0,047791
понятные 4,317488 4,317488
реакции 0,047791 0,047791
богачом 5,010635 5,010635
мини 0,000000 0,000000
забегом 5,010635 5,010635
тракторе 5,010635 5,010635
стань 5,010635 10,021271
подними 5,010635 5,010635
погребок 4,317488 4,317488
видеть 0,013423 0,013423
птице 5,010635 5,010635
конкурсах 5,010635 5,010635
наука 0,000000 0,000000
семье 2,931194 2,931194
закинь 5,010635 5,010635
