зеленского 0,068993 0,068993
перемирии 0,076161 0,076161
ру 0,000000 0,000000
александров 4,317488 4,317488
банк 0,076161 0,076161
лента 0,000000 0,000000
арест 3,624341 3,624341
главы 2,302585 2,302585
новые 0,000000 0,000000
спорт 0,000000 0,000000
заявив 5,010635 5,010635
подозреваемых 3,912023 3,912023
споры 0,097980 0,097980
согласие 0,047791 0,047791
добро 0,013423 0,013423
военной 0,061875 0,061875
выборах 3,401197 3,401197
выражаете 0,047791 0,047791
четыре 0,040822 0,040822
имамоглу 5,010635 20,042541
жми 0,013423 0,013423
помощью 0,047791 0,047791
добра 0,013423 0,026846
ленту 0,013423 0,013423
затопленного 0,076161 0,076161
фото 0,061875 0,123751
доставили 2,708050 10,832201
политика 1,576648 1,576648
взяточничеством 5,010635 5,010635
водой 0,061875 0,061875
применения 0,000000 0,000000
суд 1,966113 7,864451
технологиймини 0,000000 0,000000
начатого 5,010635 5,010635
задержали 2,302585 11,512925
подкупом 5,010635 5,010635
оценивайте 0,047791 0,047791
эрдогана 5,010635 5,010635
обитания 0,000000 0,000000
ценности 0,000000 0,000000
возможных 5,010635 5,010635
делу 3,624341 3,624341
материалам 0,047791 0,047791
конфиденциальности 0,047791 0,047791
вернуться 0,013423 0,013423
мир 0,000000 0,000000
ваши 0,047791 0,047791
российским 0,076161 0,076161
проходит 3,064725 3,064725
нажмите 0,000000 0,000000
получайте 0,047791 0,047791
погружайтесь 0,047791 0,047791
конкурентом 4,317488 4,317488
стамбула 2,931194 20,518356
бывший 0,000000 0,000000
проблемы 0,076161 0,076161
накапливайте 0,047791 0,047791
интернет 0,000000 0,000000
россия 0,000000 0,000000
ооо 0,000000 0,000000
обратился 0,076161 0,076161
деактивирована 0,013423 0,013423
путешествия 0,000000 0,000000
главным 3,401197 3,401197
лидера 2,302585 2,302585
данным 2,014903 2,014903
свои 0,027029 0,027029
данный 3,064725 3,064725
доме 2,014903 2,014903
структуры 0,000000 0,000000
индии 0,076161 0,076161
гид 0,076161 0,076161
хочешь 0,013423 0,013423
нашли 0,000000 0,000000
пляжных 0,097980 0,097980
уволит 0,076161 0,076161
дома 0,061875 0,061875
американский 0,061875 0,061875
обычную 0,013423 0,013423
пола 0,097980 0,097980
внешность 0,097980 0,097980
полиции 2,445686 2,445686
украинском 0,076161 0,076161
света 0,054808 0,054808
галереи 0,000000 0,000000
белоусов 0,076161 0,076161
эмоции 0,047791 0,047791
зеленским 0,076161 0,076161
муниципалитета 5,010635 5,010635
отреагировал 2,612740 2,612740
условиями 0,040822 0,081644
двум 0,076161 0,076161
сдаваться 5,010635 5,010635
вызвала 0,097980 0,097980
сети 0,090654 0,090654
военнослужащим 0,076161 0,076161
семен 4,317488 4,317488
читайте 0,040822 0,040822
мэра 2,612740 13,063700
байконур 0,097980 0,097980
редакциярекламаконтактыпресс 0,000000 0,000000
материалы 0,000000 0,000000
видео 0,000000 0,000000
обыск 5,010635 5,010635
депутат 0,076161 0,076161
прогресс 0,097980 0,097980
статьи 0,000000 0,000000
форме 0,061875 0,061875
последние 0,090654 0,090654
предрекли 0,076161 0,076161
культура 0,000000 0,000000
момент 1,714798 1,714798
обсудить 0,456758 0,456758
силовые 0,000000 0,000000
архив 0,000000 0,000000
дня 0,061875 0,061875
сша 0,040822 0,040822
властей 2,931194 2,931194
всеполитикаобществопроисшествияконфликтыпреступность 2,014903 2,014903
отношении 1,791759 1,791759
среда 0,000000 0,000000
раскрытии 0,076161 0,076161
редактор 0,567984 0,567984
среди 1,714798 1,714798
скидки 0,047791 0,047791
сотрудников 0,076161 0,076161
эксклюзивы 0,000000 0,000000
российском 0,076161 0,076161
выражайте 0,047791 0,047791
начались 0,068993 0,068993
президентских 4,317488 4,317488
рекомендательных 0,000000 0,000000
около 1,678431 1,678431
конфликте 0,076161 0,076161
продолжая 0,047791 0,047791
работает 0,040822 0,040822
увлекательные 0,047791 0,047791
переговоры 0,054808 0,054808
конфиденциальностиправила 0,000000 0,000000
бонусы 0,047791 0,095581
турецкого 3,912023 3,912023
политикой 0,047791 0,047791
маккартни 0,097980 0,097980
жильцы 0,076161 0,076161
жизни 0,000000 0,000000
забота 0,000000 0,000000
сбер 0,040822 0,040822
пожаловать 0,013423 0,013423
использованияполитика 0,000000 0,000000
телеканала 4,317488 4,317488
крупный 0,068993 0,068993
задержать 4,317488 4,317488
регионам 0,076161 0,076161
сообщает 2,120264 2,120264
крупным 0,076161 0,076161
это 0,020203 0,020203
туристку 0,076161 0,076161
которых 1,678431 1,678431
давлением 5,010635 5,010635
победа 0,000000 0,000000
тайипа 5,010635 5,010635
экрема 5,010635 5,010635
занимающейся 5,010635 5,010635
сопровождении 5,010635 5,010635
остались 0,061875 0,061875
две 0,033902 0,033902
мотор 0,000000 0,000000
обменивайте 0,047791 0,047791
опечатку 0,000000 0,000000
сми 0,000000 0,000000
рады 0,068993 0,068993
новости 0,000000 0,000000
войти 0,000000 0,000000
место 0,054808 0,054808
акции 0,047791 0,047791
хорошие 0,013423 0,013423
мс 0,097980 0,097980
решение 2,302585 2,302585
медитации 0,076161 0,076161
генпрокуратуре 3,401197 3,401197
считается 2,612740 2,612740
экономика 0,000000 0,000000
политик 3,064725 3,064725
уход 0,076161 0,076161
оппозиционный 5,010635 5,010635
рамках 2,371578 2,371578
организации 2,708050 2,708050
намерен 3,624341 3,624341
прибыл 0,083382 0,083382
реджепа 5,010635 5,010635
спецпроекты 0,000000 0,000000
коррупцией 4,317488 4,317488
реальный 0,013423 0,013423
игры 0,000000 0,000000
техника 0,000000 0,000000
ссср 0,000000 0,000000
правды 0,068993 0,068993
трампа 0,054808 0,054808
досрочных 5,010635 5,010635
тысячи 0,068993 0,068993
отвел 0,076161 0,076161
предрек 0,076161 0,076161
города 1,714798 1,714798
марта 0,040822 0,040822
городе 0,061875 0,061875
главное 0,000000 0,000000
реакций 0,047791 0,047791
летнего 0,097980 0,097980
заявили 0,076161 0,152323
реакции 0,047791 0,047791
мини 0,000000 0,000000
видеть 0,013423 0,013423
изнасиловал 0,076161 0,076161
расследования 3,912023 3,912023
наука 0,000000 0,000000
принято 3,064725 3,064725
