зеленского 0,068993 0,068993
перемирии 0,076161 0,076161
ру 0,000000 0,000000
банк 0,076161 0,076161
обмана 3,624341 3,624341
лента 0,000000 0,000000
росгвардия 4,317488 4,317488
новые 0,000000 0,000000
спорт 0,000000 0,000000
споры 0,097980 0,097980
согласие 0,047791 0,047791
добро 0,013423 0,013423
военной 0,061875 0,061875
выражаете 0,047791 0,047791
четыре 0,040822 0,040822
сотрудники 2,066196 2,066196
жми 0,013423 0,013423
помощью 0,047791 0,047791
подозреваемые 5,010635 5,010635
добра 0,013423 0,026846
ленту 0,013423 0,013423
затопленного 0,076161 0,076161
фото 0,061875 0,061875
водой 0,061875 0,061875
россии 0,425668 0,425668
применения 0,000000 0,000000
технологиймини 0,000000 0,000000
задержали 2,302585 11,512925
оценивайте 0,047791 0,047791
обитания 0,000000 0,000000
ценности 0,000000 0,000000
спецслужбыпреступная 2,525729 2,525729
рублей 1,514128 1,514128
материалам 0,047791 0,047791
конфиденциальности 0,047791 0,047791
вернуться 0,013423 0,013423
мир 0,000000 0,000000
ваши 0,047791 0,047791
российским 0,076161 0,076161
нажмите 0,000000 0,000000
судкриминалполиция 2,525729 2,525729
получайте 0,047791 0,047791
погружайтесь 0,047791 0,047791
бывший 0,000000 0,000000
время 0,762140 0,762140
проблемы 0,076161 0,076161
пособника 3,624341 3,624341
накапливайте 0,047791 0,047791
интернет 0,000000 0,000000
россия 0,000000 0,000000
ооо 0,000000 0,000000
обратился 0,076161 0,076161
дела 2,813411 2,813411
деактивирована 0,013423 0,013423
путешествия 0,000000 0,000000
свои 0,027029 0,027029
ранее 1,003302 1,003302
данные 2,612740 2,612740
версии 3,218876 3,218876
территории 1,919593 1,919593
персональные 4,317488 4,317488
варвара 3,218876 3,218876
структуры 0,000000 0,000000
телефонных 3,218876 12,875503
индии 0,076161 0,076161
гид 0,076161 0,076161
хочешь 0,013423 0,013423
нашли 0,000000 0,000000
пляжных 0,097980 0,097980
телефонным 4,317488 4,317488
уволит 0,076161 0,076161
дома 0,061875 0,061875
американский 0,061875 0,061875
обычную 0,013423 0,013423
пола 0,097980 0,097980
внешность 0,097980 0,097980
рождения 3,218876 3,218876
полиции 2,445686 2,445686
украинском 0,076161 0,076161
света 0,054808 0,054808
миллиона 1,966113 1,966113
украины 1,021651 1,021651
галереи 0,000000 0,000000
белоусов 0,076161 0,076161
эмоции 0,047791 0,047791
зеленским 0,076161 0,076161
условиями 0,040822 0,081644
двум 0,076161 0,076161
вызвала 0,097980 0,097980
сети 0,090654 0,090654
военнослужащим 0,076161 0,076161
могут 1,455287 1,455287
изъяли 3,401197 3,401197
читайте 0,040822 0,040822
полиция 2,931194 2,931194
брата 2,525729 2,525729
байконур 0,097980 0,097980
редакциярекламаконтактыпресс 0,000000 0,000000
материалы 0,000000 0,000000
видео 0,000000 0,000000
передавали 4,317488 4,317488
депутат 0,076161 0,076161
жесткие 3,401197 3,401197
прогресс 0,097980 0,097980
аферистов 3,401197 13,604790
статьи 0,000000 0,000000
форме 0,061875 0,061875
последние 0,090654 0,090654
предрекли 0,076161 0,076161
культура 0,000000 0,000000
обсудить 0,456758 0,456758
силовые 0,000000 0,000000
помочь 2,708050 2,708050
архив 0,000000 0,000000
дня 0,061875 0,061875
сша 0,040822 0,040822
митина 4,317488 4,317488
среда 0,000000 0,000000
раскрытии 0,076161 0,076161
редактор 0,567984 0,567984
скидки 0,047791 0,047791
сотрудников 0,076161 0,076161
диски 4,317488 4,317488
эксклюзивы 0,000000 0,000000
российском 0,076161 0,076161
выражайте 0,047791 0,047791
начались 0,068993 0,068993
рекомендательных 0,000000 0,000000
конфликте 0,076161 0,076161
росгвардейцы 3,624341 14,497364
продолжая 0,047791 0,047791
работает 0,040822 0,040822
увлекательные 0,047791 0,047791
эта 2,120264 2,120264
тасс 2,371578 2,371578
переговоры 0,054808 0,054808
террористов 3,218876 3,218876
россиян 1,714798 1,714798
конфиденциальностиправила 0,000000 0,000000
всеследствие 2,525729 2,525729
бонусы 0,047791 0,095581
мобильные 5,010635 5,010635
политикой 0,047791 0,047791
маккартни 0,097980 0,097980
жильцы 0,076161 0,076161
ингушетии 4,317488 4,317488
жизни 0,000000 0,000000
забота 0,000000 0,000000
сбер 0,040822 0,040822
пожаловать 0,013423 0,013423
использованияполитика 0,000000 0,000000
телефоны 4,317488 4,317488
которые 1,181994 1,181994
украинских 1,919593 5,758779
крупный 0,068993 0,068993
украинским 2,813411 2,813411
регионам 0,076161 0,076161
сообщает 2,120264 2,120264
крупным 0,076161 0,076161
это 0,020203 0,020203
туристку 0,076161 0,076161
туле 3,912023 7,824046
победа 0,000000 0,000000
находящихся 5,010635 5,010635
остались 0,061875 0,061875
две 0,033902 0,033902
вещи 2,931194 2,931194
мотор 0,000000 0,000000
обменивайте 0,047791 0,047791
опечатку 0,000000 0,000000
сми 0,000000 0,000000
рады 0,068993 0,068993
обыска 5,010635 5,010635
новости 0,000000 0,000000
войти 0,000000 0,000000
место 0,054808 0,054808
акции 0,047791 0,047791
хорошие 0,013423 0,013423
использовалась 5,010635 5,010635
мс 0,097980 0,097980
медитации 0,076161 0,076161
экономика 0,000000 0,000000
уход 0,076161 0,076161
ими 3,624341 3,624341
прибыл 0,083382 0,083382
спецпроекты 0,000000 0,000000
годов 2,612740 2,612740
реальный 0,013423 0,013423
игры 0,000000 0,000000
кадр 2,302585 2,302585
правоохранителей 3,912023 3,912023
техника 0,000000 0,000000
ссср 0,000000 0,000000
правды 0,068993 0,068993
мошенникам 4,317488 4,317488
трампа 0,054808 0,054808
тысячи 0,068993 0,068993
оказались 2,525729 2,525729
отвел 0,076161 0,076161
предрек 0,076161 0,076161
марта 0,040822 0,040822
городе 0,061875 0,061875
расследовании 4,317488 4,317488
другие 1,714798 1,714798
главное 0,000000 0,000000
жителей 1,966113 1,966113
реакций 0,047791 0,047791
летнего 0,097980 0,097980
информация 2,931194 2,931194
заявили 0,076161 0,076161
реакции 0,047791 0,047791
мини 0,000000 0,000000
спецслужбы 2,525729 2,525729
видеть 0,013423 0,013423
изнасиловал 0,076161 0,076161
пособников 3,401197 13,604790
наука 0,000000 0,000000
