зеленского 0,068993 0,068993
париж 4,317488 4,317488
перемирии 0,076161 0,076161
ру 0,000000 0,000000
банк 0,076161 0,076161
лента 0,000000 0,000000
нападениями 5,010635 5,010635
муся 4,317488 4,317488
новые 0,000000 0,000000
черным 4,317488 4,317488
гнезде 4,317488 4,317488
спорт 0,000000 0,000000
стал 1,203973 1,203973
случилось 3,624341 3,624341
удивила 4,317488 4,317488
споры 0,097980 0,097980
литва 3,912023 3,912023
согласие 0,047791 0,047791
добро 0,013423 0,013423
милане 5,010635 5,010635
военной 0,061875 0,061875
выражаете 0,047791 0,047791
четыре 0,040822 0,040822
политики 2,525729 2,525729
жми 0,013423 0,013423
помощью 0,047791 0,047791
бывшего 2,445686 2,445686
добра 0,013423 0,026846
ленту 0,013423 0,013423
ласточкином 4,317488 4,317488
затопленного 0,076161 0,076161
фото 0,061875 0,061875
кошка 4,317488 4,317488
лет 0,967584 2,902752
живой 3,624341 3,624341
ленты 1,678431 1,678431
ненавидят 4,317488 4,317488
спасена 4,317488 4,317488
водой 0,061875 0,061875
звезды 2,371578 2,371578
применения 0,000000 0,000000
технологиймини 0,000000 0,000000
оценивайте 0,047791 0,047791
советскому 3,624341 3,624341
обитания 0,000000 0,000000
ценности 0,000000 0,000000
звезд 3,064725 3,064725
первая 2,371578 2,371578
материалам 0,047791 0,047791
конфиденциальности 0,047791 0,047791
вернуться 0,013423 0,013423
мир 0,000000 0,000000
ваши 0,047791 0,047791
женщины 2,066196 2,066196
унести 4,317488 4,317488
российским 0,076161 0,076161
нажмите 0,000000 0,000000
получайте 0,047791 0,047791
шрека 4,317488 4,317488
погружайтесь 0,047791 0,047791
моды 3,624341 18,121705
бывший 0,000000 0,000000
ягодицы 3,912023 3,912023
проблемы 0,076161 0,076161
накапливайте 0,047791 0,047791
спустя 1,832581 1,832581
интернет 0,000000 0,000000
россия 0,000000 0,000000
ооо 0,000000 0,000000
обратился 0,076161 0,076161
существованию 5,010635 5,010635
нью 3,624341 3,624341
деактивирована 0,013423 0,013423
суверенитетов 4,317488 4,317488
путешествия 0,000000 0,000000
свои 0,027029 0,027029
виктор 3,912023 3,912023
республика 3,912023 3,912023
структуры 0,000000 0,000000
индии 0,076161 0,076161
гид 0,076161 0,076161
хочешь 0,013423 0,013423
наряды 4,317488 4,317488
фотограф 5,010635 5,010635
лукашенко 2,813411 2,813411
пляжных 0,097980 0,097980
нашли 0,000000 0,000000
уволит 0,076161 0,076161
фотография 4,317488 4,317488
бдсм 4,317488 4,317488
зрителей 3,401197 3,401197
дома 0,061875 0,061875
платья 3,624341 3,624341
американский 0,061875 0,061875
обычную 0,013423 0,013423
пола 0,097980 0,097980
выглядит 2,445686 2,445686
внешность 0,097980 0,195961
творилось 3,624341 3,624341
украинском 0,076161 0,076161
света 0,054808 0,054808
ужин 4,317488 4,317488
украины 1,021651 1,021651
ценное 4,317488 4,317488
показать 2,708050 2,708050
галереи 0,000000 0,000000
белоусов 0,076161 0,076161
эмоции 0,047791 0,047791
зеленским 0,076161 0,076161
закончилось 3,912023 3,912023
условиями 0,040822 0,081644
двум 0,076161 0,076161
юра 3,912023 3,912023
вызвала 0,097980 0,097980
поцелуи 4,317488 4,317488
продукты 2,931194 2,931194
сети 0,090654 0,090654
лидеров 2,708050 2,708050
военнослужащим 0,076161 0,076161
дональд 2,238047 2,238047
читайте 0,040822 0,040822
борисов 3,624341 3,624341
бороться 2,708050 2,708050
туфли 3,912023 3,912023
потерял 3,218876 3,218876
байконур 0,097980 0,097980
прошла 3,064725 3,064725
редакциярекламаконтактыпресс 0,000000 0,000000
признают 3,912023 3,912023
материалы 0,000000 0,000000
юар 3,912023 3,912023
всем 1,966113 1,966113
видео 0,000000 0,000000
жвачки 4,317488 4,317488
депутат 0,076161 0,076161
падения 3,401197 3,401197
прогресс 0,097980 0,097980
статьи 0,000000 0,000000
оскар 3,624341 3,624341
странах 3,401197 3,401197
забрал 3,912023 3,912023
форме 0,061875 0,061875
последние 0,090654 0,090654
предрекли 0,076161 0,076161
ума 3,624341 3,624341
адам 4,317488 4,317488
решил 2,708050 5,416100
культура 0,000000 0,000000
загрузка 3,064725 3,064725
платьем 4,317488 4,317488
силовые 0,000000 0,000000
архив 0,000000 0,000000
оскаре 4,317488 4,317488
дня 0,061875 0,123751
шее 4,317488 4,317488
сша 0,040822 0,040822
отставку 3,401197 3,401197
канады 3,912023 3,912023
пропасти 4,317488 4,317488
лондоне 2,612740 2,612740
среда 0,000000 0,000000
ходить 2,931194 2,931194
мусора 3,912023 3,912023
любили 3,401197 3,401197
раскрытии 0,076161 0,076161
разозлила 4,317488 4,317488
скидки 0,047791 0,047791
сотрудников 0,076161 0,076161
кафельникова 4,317488 4,317488
выставлять 5,010635 5,010635
эксклюзивы 0,000000 0,000000
российском 0,076161 0,076161
выражайте 0,047791 0,047791
дочь 3,401197 3,401197
иностранцев 3,912023 3,912023
начались 0,068993 0,068993
деппа 4,317488 4,317488
парад 3,624341 3,624341
неудобно 4,317488 4,317488
рекомендательных 0,000000 0,000000
продолжают 3,401197 3,401197
конфликте 0,076161 0,076161
продолжая 0,047791 0,047791
сопротивлялись 3,912023 3,912023
работает 0,040822 0,040822
напоказ 4,317488 4,317488
увлекательные 0,047791 0,047791
манерами 4,317488 4,317488
заполонили 4,317488 4,317488
переговоры 0,054808 0,054808
хочу 2,813411 2,813411
конфиденциальностиправила 0,000000 0,000000
бонусы 0,047791 0,095581
расизмом 5,010635 5,010635
нашему 4,317488 4,317488
превратила 5,010635 5,010635
политикой 0,047791 0,047791
парламента 3,401197 3,401197
белых 4,317488 4,317488
маккартни 0,097980 0,097980
удивляли 4,317488 4,317488
жильцы 0,076161 0,076161
жизни 0,000000 0,000000
сын 2,525729 2,525729
забота 0,000000 0,000000
сбер 0,040822 0,040822
пожаловать 0,013423 0,013423
использованияполитика 0,000000 0,000000
угроза 4,317488 4,317488
шаге 4,317488 4,317488
йорке 4,317488 4,317488
белье 3,912023 3,912023
трамп 1,484275 1,484275
искусство 4,317488 4,317488
голые 4,317488 4,317488
крупный 0,068993 0,068993
покорил 4,317488 4,317488
регионам 0,076161 0,076161
крупным 0,076161 0,076161
россиянок 2,302585 2,302585
туристку 0,076161 0,076161
это 0,020203 0,060608
собрала 5,010635 5,010635
победа 0,000000 0,000000
сэндлер 4,317488 4,317488
волосы 3,218876 3,218876
президентом 2,813411 2,813411
россияне 1,919593 1,919593
остались 0,061875 0,061875
две 0,033902 0,033902
вместо 2,708050 2,708050
страна 1,714798 1,714798
эйдельштейн 3,912023 3,912023
мотор 0,000000 0,000000
обменивайте 0,047791 0,047791
опечатку 0,000000 0,000000
оголился 4,317488 4,317488
самое 2,612740 2,612740
сми 0,000000 0,000000
фотогалереи 5,010635 10,021271
рады 0,068993 0,068993
страну 2,612740 2,612740
миллионы 2,445686 2,445686
новости 0,000000 0,000000
войти 0,000000 0,000000
собой 2,014903 2,014903
место 0,054808 0,054808
акции 0,047791 0,047791
обрыва 4,317488 4,317488
хорошие 0,013423 0,013423
мс 0,097980 0,097980
вышла 2,371578 2,371578
александра 2,445686 2,445686
целый 3,064725 3,064725
медитации 0,076161 0,076161
приходили 3,401197 3,401197
хаос 4,317488 4,317488
неделе 3,064725 6,129450
экономика 0,000000 0,000000
уход 0,076161 0,076161
сошли 4,317488 4,317488
помойки 5,010635 5,010635
почему 0,899761 1,799523
власти 1,919593 1,919593
прозрачным 4,317488 4,317488
удивил 3,912023 3,912023
худи 4,317488 4,317488
грудь 3,912023 7,824046
гнету 4,317488 4,317488
прибыл 0,083382 0,083382
ними 2,525729 2,525729
спецпроекты 0,000000 0,000000
власть 2,813411 2,813411
назад 1,678431 5,035292
гниющие 5,010635 5,010635
реальный 0,013423 0,013423
мужчины 2,525729 2,525729
игры 0,000000 0,000000
техника 0,000000 0,000000
ссср 0,000000 0,000000
пять 1,576648 1,576648
правды 0,068993 0,068993
трампа 0,054808 0,054808
тысячи 0,068993 0,068993
сброшенная 4,317488 4,317488
ушел 2,708050 2,708050
героев 2,931194 5,862388
зрителями 3,912023 3,912023
отвел 0,076161 0,076161
пришел 2,813411 2,813411
предрек 0,076161 0,076161
янукович 4,317488 4,317488
городе 0,061875 0,061875
премьер 2,525729 2,525729
главное 0,000000 0,000000
фанаты 3,912023 3,912023
реакций 0,047791 0,047791
летнего 0,097980 0,097980
показала 2,612740 2,612740
заявили 0,076161 0,076161
реакции 0,047791 0,047791
мини 0,000000 0,000000
обрек 4,317488 4,317488
одежда 3,624341 7,248682
видеть 0,013423 0,013423
неделя 4,317488 8,634976
изнасиловал 0,076161 0,076161
соски 4,317488 4,317488
запустила 3,218876 3,218876
стоит 1,791759 1,791759
наука 0,000000 0,000000
влюбил 2,931194 5,862388
культовых 4,317488 4,317488
публике 3,624341 3,624341
