зеленского 0,068993 0,068993
перемирии 0,076161 0,076161
ру 0,000000 0,000000
банк 0,076161 0,076161
лента 0,000000 0,000000
новые 0,000000 0,000000
реки 4,317488 4,317488
спорт 0,000000 0,000000
сферанедвижимостьгородская 1,966113 1,966113
споры 0,097980 0,097980
ситуации 2,014903 2,014903
согласие 0,047791 0,047791
добро 0,013423 0,013423
военной 0,061875 0,061875
выражаете 0,047791 0,047791
четыре 0,040822 0,040822
водоснабжением 5,010635 5,010635
жми 0,013423 0,013423
пришлось 2,371578 2,371578
помощью 0,047791 0,047791
заволжья 5,010635 5,010635
людей 1,455287 1,455287
александр 1,832581 1,832581
добра 0,013423 0,026846
ленту 0,013423 0,013423
стала 1,576648 1,576648
затопленного 0,076161 0,076161
фото 0,061875 0,123751
грозит 3,064725 3,064725
быстрого 5,010635 5,010635
водой 0,061875 0,247502
оказалось 2,177422 2,177422
применения 0,000000 0,000000
током 3,912023 3,912023
технологиймини 0,000000 0,000000
оценивайте 0,047791 0,047791
обитания 0,000000 0,000000
ценности 0,000000 0,000000
дону 5,010635 10,021271
калача 5,010635 5,010635
материалам 0,047791 0,047791
конфиденциальности 0,047791 0,047791
вернуться 0,013423 0,013423
мир 0,000000 0,000000
ваши 0,047791 0,047791
российским 0,076161 0,304645
снега 4,317488 4,317488
нажмите 0,000000 0,000000
сообщают 3,218876 3,218876
получайте 0,047791 0,047791
ростова 4,317488 4,317488
погружайтесь 0,047791 0,047791
слишком 2,371578 4,743156
бывший 0,000000 0,000000
всегосэкономикабизнесрынкикапиталсоциальная 1,966113 1,966113
проблемы 0,076161 0,228484
жители 2,302585 2,302585
накапливайте 0,047791 0,047791
обмелевшему 5,010635 5,010635
интернет 0,000000 0,000000
россия 0,000000 0,000000
исправить 5,010635 5,010635
волгограда 5,010635 5,010635
весенние 5,010635 5,010635
шувалов 5,010635 5,010635
ооо 0,000000 0,000000
обратился 0,076161 0,076161
деактивирована 0,013423 0,013423
нижнего 3,401197 3,401197
путешествия 0,000000 0,000000
отдела 0,579818 0,579818
свои 0,027029 0,027029
ситуацию 2,931194 2,931194
режим 2,931194 2,931194
также 0,762140 0,762140
структуры 0,000000 0,000000
индии 0,076161 0,076161
гид 0,076161 0,076161
хочешь 0,013423 0,013423
нашли 0,000000 0,000000
пляжных 0,097980 0,097980
ташевская 3,912023 3,912023
уволит 0,076161 0,076161
дома 0,061875 0,061875
паводки 5,010635 5,010635
американский 0,061875 0,061875
обычную 0,013423 0,013423
пола 0,097980 0,097980
сильные 2,708050 2,708050
новгорода 3,624341 3,624341
внешность 0,097980 0,097980
украинском 0,076161 0,076161
света 0,054808 0,054808
двух 1,678431 1,678431
галереи 0,000000 0,000000
белоусов 0,076161 0,076161
эмоции 0,047791 0,047791
зеленским 0,076161 0,076161
специалисты 3,064725 3,064725
саратова 5,010635 5,010635
условиями 0,040822 0,081644
двум 0,076161 0,304645
вызвала 0,097980 0,097980
областях 4,317488 4,317488
сети 0,090654 0,090654
военнослужащим 0,076161 0,076161
засуха 5,010635 5,010635
читайте 0,040822 0,040822
кроме 1,427116 1,427116
такую 2,931194 2,931194
опрошенные 5,010635 5,010635
байконур 0,097980 0,097980
редакциярекламаконтактыпресс 0,000000 0,000000
материалы 0,000000 0,000000
видео 0,000000 0,000000
сильно 2,445686 2,445686
депутат 0,076161 0,076161
прогресс 0,097980 0,097980
жителям 3,912023 3,912023
статьи 0,000000 0,000000
дон 5,010635 5,010635
форме 0,061875 0,061875
последние 0,090654 0,090654
теплая 5,010635 5,010635
обмеления 5,010635 15,031906
предрекли 0,076161 0,304645
культура 0,000000 0,000000
обсудить 0,456758 0,456758
силовые 0,000000 0,000000
архив 0,000000 0,000000
электричество 3,912023 3,912023
водоемам 5,010635 5,010635
рек 4,317488 12,952464
дня 0,061875 0,061875
сша 0,040822 0,040822
причиной 2,813411 2,813411
помогут 3,912023 3,912023
среда 0,000000 0,000000
челябинской 5,010635 5,010635
ввели 3,401197 3,401197
раскрытии 0,076161 0,076161
волги 5,010635 5,010635
редактор 0,567984 0,567984
скидки 0,047791 0,047791
сотрудников 0,076161 0,076161
аше 5,010635 5,010635
волга 4,317488 4,317488
эксклюзивы 0,000000 0,000000
российском 0,076161 0,076161
выражайте 0,047791 0,047791
пояснил 2,931194 2,931194
очевидцы 4,317488 4,317488
начались 0,068993 0,137986
рекомендательных 0,000000 0,000000
конфликте 0,076161 0,076161
климат 1,919593 3,839186
продолжая 0,047791 0,047791
нечем 5,010635 5,010635
работает 0,040822 0,040822
воронежа 5,010635 5,010635
увлекательные 0,047791 0,047791
средаклимат 1,966113 1,966113
чрезвычайной 5,010635 5,010635
опасность 3,401197 3,401197
казани 4,317488 4,317488
переговоры 0,054808 0,054808
конфиденциальностиправила 0,000000 0,000000
бонусы 0,047791 0,095581
политикой 0,047791 0,047791
маккартни 0,097980 0,097980
наоборот 2,813411 2,813411
жильцы 0,076161 0,076161
каналом 5,010635 5,010635
жизни 0,000000 0,000000
ростовской 5,010635 5,010635
забота 0,000000 0,000000
сбер 0,040822 0,040822
пожаловать 0,013423 0,013423
использованияполитика 0,000000 0,000000
дожди 5,010635 5,010635
прогностического 5,010635 5,010635
крупный 0,068993 0,068993
регионам 0,076161 0,304645
крупным 0,076161 0,304645
это 0,020203 0,020203
туристку 0,076161 0,076161
победа 0,000000 0,000000
регионах 4,317488 4,317488
наполняться 5,010635 5,010635
руслу 5,010635 5,010635
остались 0,061875 0,061875
две 0,033902 0,033902
мотор 0,000000 0,000000
обменивайте 0,047791 0,047791
опечатку 0,000000 0,000000
сми 0,000000 0,000000
руководитель 3,218876 3,218876
рады 0,068993 0,068993
новости 0,000000 0,000000
войти 0,000000 0,000000
место 0,054808 0,054808
акции 0,047791 0,047791
хорошие 0,013423 0,013423
рыбинска 5,010635 5,010635
мс 0,097980 0,097980
начали 1,427116 1,427116
медитации 0,076161 0,076161
маленького 3,912023 3,912023
нина 3,912023 3,912023
экономика 0,000000 0,000000
ударило 5,010635 5,010635
минимум 3,064725 6,129450
уход 0,076161 0,076161
центра 2,708050 2,708050
таяния 4,317488 4,317488
проблем 2,445686 4,891372
количества 5,010635 5,010635
отключить 5,010635 5,010635
прибыл 0,083382 0,083382
прогуливаться 5,010635 5,010635
области 1,399717 2,799435
спецпроекты 0,000000 0,000000
ярославской 4,317488 8,634976
локальной 3,912023 3,912023
балаково 4,317488 4,317488
астрахани 5,010635 5,010635
реальный 0,013423 0,013423
игры 0,000000 0,000000
техника 0,000000 0,000000
ссср 0,000000 0,000000
масштабная 4,317488 4,317488
правды 0,068993 0,068993
трампа 0,054808 0,054808
тысячи 0,068993 0,068993
новомосковска 5,010635 5,010635
отвел 0,076161 0,076161
предрек 0,076161 0,076161
города 1,714798 1,714798
экология 4,317488 4,317488
марта 0,040822 0,040822
городе 0,061875 0,123751
главное 0,000000 0,000000
реакций 0,047791 0,047791
летнего 0,097980 0,097980
обмелели 5,010635 5,010635
заявили 0,076161 0,076161
реакции 0,047791 0,047791
мини 0,000000 0,000000
зима 4,317488 4,317488
риск 3,401197 6,802395
экологияделовой 1,966113 1,966113
видеть 0,013423 0,013423
изнасиловал 0,076161 0,076161
метео 5,010635 5,010635
наука 0,000000 0,000000
