зеленского 0,068993 0,068993
перемирии 0,076161 0,076161
ру 0,000000 0,000000
банк 0,076161 0,304645
лента 0,000000 0,000000
девять 3,064725 3,064725
новые 0,000000 0,000000
спорт 0,000000 0,000000
партнеров 3,401197 3,401197
сферанедвижимостьгородская 1,966113 1,966113
споры 0,097980 0,097980
согласие 0,047791 0,047791
добро 0,013423 0,013423
некоторых 2,708050 2,708050
военной 0,061875 0,061875
выражаете 0,047791 0,047791
четыре 0,040822 0,040822
кадров 3,912023 3,912023
текучки 5,010635 5,010635
жми 0,013423 0,013423
стало 1,181994 1,181994
помощью 0,047791 0,047791
добра 0,013423 0,026846
человек 1,249435 3,748306
действующих 5,010635 5,010635
ленту 0,013423 0,013423
интеллекта 3,401197 3,401197
затопленного 0,076161 0,076161
фото 0,061875 0,123751
связывают 4,317488 4,317488
водой 0,061875 0,061875
применения 0,000000 0,000000
технологиймини 0,000000 0,000000
оценивайте 0,047791 0,047791
процессы 4,317488 4,317488
обитания 0,000000 0,000000
ценности 0,000000 0,000000
материалам 0,047791 0,047791
основных 4,317488 4,317488
известно 1,297063 1,297063
конфиденциальности 0,047791 0,047791
вернуться 0,013423 0,013423
мир 0,000000 0,000000
ваши 0,047791 0,047791
российским 0,076161 0,076161
столкнулись 3,624341 3,624341
нажмите 0,000000 0,000000
получайте 0,047791 0,047791
погружайтесь 0,047791 0,047791
конце 2,525729 2,525729
бывший 0,000000 0,000000
снизит 4,317488 4,317488
проблемы 0,076161 0,076161
всегосэкономикабизнесрынкикапиталсоциальная 1,966113 1,966113
накапливайте 0,047791 0,047791
инвестиционный 5,010635 5,010635
интернет 0,000000 0,000000
россия 0,000000 0,000000
искусственного 3,401197 3,401197
ооо 0,000000 0,000000
обратился 0,076161 0,076161
деактивирована 0,013423 0,013423
путешествия 0,000000 0,000000
данным 2,014903 2,014903
свои 0,027029 0,027029
ранее 1,003302 1,003302
стрит 5,010635 5,010635
также 0,762140 1,524280
структуры 0,000000 0,000000
индии 0,076161 0,076161
гид 0,076161 0,076161
хочешь 0,013423 0,013423
нашли 0,000000 0,000000
пляжных 0,097980 0,097980
уволит 0,076161 0,228484
дмитрий 2,371578 2,371578
дома 0,061875 0,061875
обычную 0,013423 0,013423
американский 0,061875 0,309377
пола 0,097980 0,097980
воронин 4,317488 4,317488
внешность 0,097980 0,097980
кадровые 5,010635 5,010635
рабочие 3,624341 3,624341
уволив 5,010635 5,010635
украинском 0,076161 0,076161
света 0,054808 0,054808
двух 1,678431 1,678431
крупнейший 4,317488 4,317488
результатами 4,317488 4,317488
галереи 0,000000 0,000000
белоусов 0,076161 0,076161
эмоции 0,047791 0,047791
зеленским 0,076161 0,076161
пока 1,678431 1,678431
числе 1,714798 1,714798
условиями 0,040822 0,081644
двум 0,076161 0,076161
вызвала 0,097980 0,097980
банковских 5,010635 5,010635
банки 3,912023 3,912023
сети 0,090654 0,090654
работы 1,455287 1,455287
военнослужащим 0,076161 0,076161
читайте 0,040822 0,040822
италии 3,218876 3,218876
байконур 0,097980 0,097980
войны 1,791759 1,791759
редакциярекламаконтактыпресс 0,000000 0,000000
ближайшие 3,064725 3,064725
всей 2,238047 2,238047
консультантов 4,317488 4,317488
материалы 0,000000 0,000000
снизить 3,401197 3,401197
видео 0,000000 0,000000
инвестбанк 5,010635 5,010635
всему 2,612740 2,612740
депутат 0,076161 0,076161
бизнес 2,612740 2,612740
прогресс 0,097980 0,097980
статьи 0,000000 0,000000
форме 0,061875 0,061875
последние 0,090654 0,090654
предрекли 0,076161 0,076161
отмечается 2,371578 2,371578
культура 0,000000 0,000000
обсудить 0,456758 0,456758
силовые 0,000000 0,000000
архив 0,000000 0,000000
влиянием 5,010635 5,010635
тысяч 1,427116 7,135582
дня 0,061875 0,061875
фондовый 3,912023 3,912023
сша 0,040822 0,081644
штатных 3,912023 3,912023
сократит 4,317488 4,317488
уолл 5,010635 5,010635
ии 3,624341 7,248682
среда 0,000000 0,000000
раскрытии 0,076161 0,076161
администрации 3,624341 3,624341
скидки 0,047791 0,047791
сотрудников 0,076161 0,456968
эксклюзивы 0,000000 0,000000
российском 0,076161 0,076161
выражайте 0,047791 0,047791
начались 0,068993 0,068993
внедрения 5,010635 5,010635
рекомендательных 0,000000 0,000000
стоят 5,010635 5,010635
около 1,678431 1,678431
конфликте 0,076161 0,076161
исключением 4,317488 4,317488
экономическими 5,010635 5,010635
климат 1,919593 1,919593
продолжая 0,047791 0,047791
работает 0,040822 0,081644
увлекательные 0,047791 0,047791
средаклимат 1,966113 1,966113
рынок 2,177422 2,177422
торговой 5,010635 5,010635
серию 4,317488 4,317488
переговоры 0,054808 0,054808
конфиденциальностиправила 0,000000 0,000000
бонусы 0,047791 0,095581
которой 2,120264 2,120264
политикой 0,047791 0,047791
маккартни 0,097980 0,097980
жильцы 0,076161 0,076161
жизни 0,000000 0,000000
коснутся 5,010635 5,010635
забота 0,000000 0,000000
сбер 0,040822 0,040822
пожаловать 0,013423 0,013423
использованияполитика 0,000000 0,000000
крупный 0,068993 0,275971
дональда 2,177422 2,177422
регионам 0,076161 0,076161
например 1,791759 1,791759
массовым 4,317488 4,317488
крупным 0,076161 0,076161
это 0,020203 0,020203
туристку 0,076161 0,076161
победа 0,000000 0,000000
потери 3,064725 3,064725
остались 0,061875 0,061875
агентства 3,401197 3,401197
две 0,033902 0,135606
предстоящие 4,317488 4,317488
мотор 0,000000 0,000000
обменивайте 0,047791 0,047791
опечатку 0,000000 0,000000
сми 0,000000 0,000000
автоматизации 5,010635 5,010635
переживает 3,912023 3,912023
ожидается 4,317488 4,317488
увольнениям 5,010635 5,010635
страны 1,455287 1,455287
рады 0,068993 0,068993
расходы 3,912023 7,824046
новости 0,000000 0,000000
войти 0,000000 0,000000
место 0,054808 0,054808
акции 0,047791 0,047791
миру 2,371578 2,371578
хорошие 0,013423 0,013423
мс 0,097980 0,097980
медитации 0,076161 0,076161
фоне 2,813411 5,626821
экономика 0,000000 0,000000
уход 0,076161 0,076161
перспективами 5,010635 5,010635
активного 4,317488 4,317488
финансовых 3,912023 3,912023
несет 3,624341 3,624341
прибыл 0,083382 0,083382
спецпроекты 0,000000 0,000000
пишет 2,371578 2,371578
решения 2,302585 2,302585
служащих 3,912023 3,912023
сокращений 4,317488 4,317488
повестке 5,010635 5,010635
ускорения 5,010635 5,010635
годы 2,302585 2,302585
источника 4,317488 4,317488
реальный 0,013423 0,013423
разгорающейся 5,010635 5,010635
игры 0,000000 0,000000
техника 0,000000 0,000000
ссср 0,000000 0,000000
году 1,373049 1,373049
правды 0,068993 0,068993
трампа 0,054808 0,109616
тысячи 0,068993 0,275971
неопределенными 5,010635 5,010635
поскольку 2,238047 2,238047
порядка 3,064725 3,064725
отвел 0,076161 0,076161
деятельности 3,401197 3,401197
предрек 0,076161 0,076161
марта 0,040822 0,081644
городе 0,061875 0,061875
против 1,791759 1,791759
главное 0,000000 0,000000
сократить 4,317488 4,317488
реакций 0,047791 0,047791
летнего 0,097980 0,097980
заявили 0,076161 0,076161
реакции 0,047791 0,047791
увольнения 3,624341 3,624341
мини 0,000000 0,000000
технологий 3,064725 3,064725
компании 2,014903 4,029806
планирует 3,624341 3,624341
экологияделовой 1,966113 1,966113
видеть 0,013423 0,013423
лишатся 4,317488 4,317488
изнасиловал 0,076161 0,076161
приступили 4,317488 4,317488
деловых 5,010635 5,010635
наука 0,000000 0,000000
цифровизации 5,010635 5,010635
