зеленского 0,068993 0,068993
перемирии 0,076161 0,076161
ру 0,000000 0,000000
банк 0,076161 0,076161
лента 0,000000 0,000000
новые 0,000000 0,000000
спорт 0,000000 0,000000
схемы 3,218876 3,218876
преступной 3,912023 3,912023
сферанедвижимостьгородская 1,966113 1,966113
споры 0,097980 0,097980
согласие 0,047791 0,047791
добро 0,013423 0,013423
военной 0,061875 0,061875
выражаете 0,047791 0,047791
четыре 0,040822 0,040822
жми 0,013423 0,013423
помощью 0,047791 0,095581
доверие 5,010635 5,010635
ссылкой 3,064725 3,064725
жертва 4,317488 4,317488
добра 0,013423 0,026846
тв 3,912023 3,912023
больная 4,317488 4,317488
заменой 3,912023 3,912023
словам 1,272966 1,272966
ленту 0,013423 0,013423
затопленного 0,076161 0,076161
фото 0,061875 0,123751
вырученные 5,010635 5,010635
схеме 3,912023 3,912023
водой 0,061875 0,061875
применения 0,000000 0,000000
технологиймини 0,000000 0,000000
оценивайте 0,047791 0,047791
обитания 0,000000 0,000000
ценности 0,000000 0,000000
женщине 2,612740 2,612740
рублей 1,514128 3,028255
материалам 0,047791 0,047791
конфиденциальности 0,047791 0,047791
саратовской 4,317488 4,317488
вернуться 0,013423 0,013423
мир 0,000000 0,000000
ваши 0,047791 0,047791
женщины 2,066196 2,066196
российским 0,076161 0,076161
нажмите 0,000000 0,000000
кирилл 2,931194 2,931194
получайте 0,047791 0,047791
погружайтесь 0,047791 0,047791
бывший 0,000000 0,000000
проблемы 0,076161 0,076161
всегосэкономикабизнесрынкикапиталсоциальная 1,966113 1,966113
перепродавали 5,010635 5,010635
накапливайте 0,047791 0,047791
интернет 0,000000 0,000000
россия 0,000000 0,000000
ооо 0,000000 0,000000
обратился 0,076161 0,076161
деактивирована 0,013423 0,013423
рассказали 1,919593 1,919593
путешествия 0,000000 0,000000
отдела 0,579818 0,579818
свои 0,027029 0,027029
средства 3,218876 3,218876
ранее 1,003302 1,003302
представились 4,317488 4,317488
региону 5,010635 5,010635
структуры 0,000000 0,000000
индии 0,076161 0,076161
гид 0,076161 0,076161
сделку 4,317488 4,317488
хочешь 0,013423 0,013423
нашли 0,000000 0,000000
пляжных 0,097980 0,097980
ташевская 3,912023 3,912023
уволит 0,076161 0,076161
дома 0,061875 0,061875
американский 0,061875 0,061875
обычную 0,013423 0,013423
пола 0,097980 0,097980
внешность 0,097980 0,097980
законного 5,010635 5,010635
выманили 4,317488 4,317488
популярной 3,912023 3,912023
украинском 0,076161 0,076161
света 0,054808 0,054808
миллиона 1,966113 1,966113
совершили 3,912023 3,912023
галереи 0,000000 0,000000
пожилой 5,010635 5,010635
белоусов 0,076161 0,076161
эмоции 0,047791 0,047791
зеленским 0,076161 0,076161
лишили 3,401197 13,604790
условиями 0,040822 0,081644
двум 0,076161 0,076161
вызвала 0,097980 0,097980
сети 0,090654 0,090654
военнослужащим 0,076161 0,076161
распределяли 5,010635 5,010635
вида 2,708050 2,708050
читайте 0,040822 0,040822
злоумышленники 4,317488 8,634976
квартиры 2,813411 14,067054
байконур 0,097980 0,097980
вошли 3,401197 3,401197
редакциярекламаконтактыпресс 0,000000 0,000000
квартиру 3,064725 3,064725
материалы 0,000000 0,000000
россиянку 3,401197 6,802395
видео 0,000000 0,000000
депутат 0,076161 0,076161
прогресс 0,097980 0,097980
россиянки 2,525729 2,525729
статьи 0,000000 0,000000
форме 0,061875 0,061875
последние 0,090654 0,090654
счетчика 4,317488 4,317488
предрекли 0,076161 0,076161
культура 0,000000 0,000000
обсудить 0,456758 0,456758
силовые 0,000000 0,000000
архив 0,000000 0,000000
дня 0,061875 0,061875
рен 4,317488 4,317488
сша 0,040822 0,040822
недвижимость 3,401197 3,401197
среда 0,000000 0,000000
агенты 4,317488 4,317488
раскрытии 0,076161 0,076161
редактор 0,567984 0,567984
скидки 0,047791 0,047791
сотрудников 0,076161 0,076161
представителей 3,401197 3,401197
эксклюзивы 0,000000 0,000000
российском 0,076161 0,076161
выражайте 0,047791 0,047791
начались 0,068993 0,068993
неизлечимо 3,401197 17,005987
рекомендательных 0,000000 0,000000
имущество 4,317488 4,317488
конфликте 0,076161 0,076161
климат 1,919593 1,919593
продолжая 0,047791 0,047791
работает 0,040822 0,040822
увлекательные 0,047791 0,047791
средаклимат 1,966113 1,966113
риелторами 4,317488 4,317488
переговоры 0,054808 0,054808
недвижимости 3,912023 3,912023
конфиденциальностиправила 0,000000 0,000000
бонусы 0,047791 0,095581
политикой 0,047791 0,047791
маккартни 0,097980 0,097980
жильцы 0,076161 0,076161
пономарев 4,317488 4,317488
жизни 0,000000 0,000000
забота 0,000000 0,000000
сбер 0,040822 0,040822
фсб 2,931194 5,862388
пожаловать 0,013423 0,013423
использованияполитика 0,000000 0,000000
управление 3,218876 3,218876
похожей 4,317488 4,317488
крупный 0,068993 0,068993
достигла 4,317488 4,317488
пенсионерку 3,912023 7,824046
регионам 0,076161 0,076161
сообщает 2,120264 2,120264
крупным 0,076161 0,076161
группа 2,813411 2,813411
единственная 3,912023 3,912023
это 0,020203 0,020203
туристку 0,076161 0,076161
победа 0,000000 0,000000
жильем 5,010635 5,010635
обманула 4,317488 4,317488
ущерба 4,317488 4,317488
остались 0,061875 0,061875
две 0,033902 0,033902
обманули 3,912023 3,912023
мотор 0,000000 0,000000
обменивайте 0,047791 0,047791
опечатку 0,000000 0,000000
сми 0,000000 0,000000
сделке 5,010635 5,010635
рады 0,068993 0,068993
собственности 5,010635 5,010635
пенсионерка 5,010635 5,010635
несколько 1,347074 2,694147
миллионы 2,445686 2,445686
мошенники 2,931194 8,793581
новости 0,000000 0,000000
войти 0,000000 0,000000
оформили 5,010635 5,010635
место 0,054808 0,054808
акции 0,047791 0,047791
хорошие 0,013423 0,013423
мс 0,097980 0,097980
больную 3,401197 13,604790
медитации 0,076161 0,076161
нина 3,912023 3,912023
экономика 0,000000 0,000000
уход 0,076161 0,076161
ведомства 2,931194 2,931194
мошенников 2,708050 2,708050
смоленской 4,317488 8,634976
земельные 5,010635 5,010635
обманом 3,401197 6,802395
прибыл 0,083382 0,083382
области 1,399717 4,199152
спецпроекты 0,000000 0,000000
членами 3,624341 3,624341
балаково 4,317488 4,317488
придания 5,010635 5,010635
реальный 0,013423 0,013423
игры 0,000000 0,000000
техника 0,000000 0,000000
ссср 0,000000 0,000000
правды 0,068993 0,068993
трампа 0,054808 0,054808
тысячи 0,068993 0,068993
доверенность 4,317488 4,317488
участки 4,317488 4,317488
отвел 0,076161 0,076161
предрек 0,076161 0,076161
марта 0,040822 0,040822
городе 0,061875 0,061875
главное 0,000000 0,000000
аферисты 4,317488 4,317488
реакций 0,047791 0,047791
летнего 0,097980 0,097980
стоимость 2,371578 2,371578
заявили 0,076161 0,076161
мошеннической 5,010635 5,010635
реакции 0,047791 0,047791
мини 0,000000 0,000000
других 1,576648 1,576648
экологияделовой 1,966113 1,966113
видеть 0,013423 0,013423
изнасиловал 0,076161 0,076161
группировки 2,931194 5,862388
наука 0,000000 0,000000
пенсионеров 4,317488 4,317488
якобы 2,813411 2,813411
