зеленского 0,068993 0,068993
перемирии 0,076161 0,076161
ру 0,000000 0,000000
десантно 3,912023 3,912023
банк 0,076161 0,076161
лента 0,000000 0,000000
новые 0,000000 0,000000
спорт 0,000000 0,000000
заявил 1,098612 1,098612
споры 0,097980 0,097980
ситуации 2,014903 2,014903
окружения 3,064725 9,194175
согласие 0,047791 0,047791
добро 0,013423 0,013423
военной 0,061875 0,061875
бригады 3,218876 3,218876
выражаете 0,047791 0,047791
четыре 0,040822 0,040822
заверил 3,624341 3,624341
жми 0,013423 0,013423
помощью 0,047791 0,047791
добра 0,013423 0,026846
лично 3,064725 3,064725
ленту 0,013423 0,013423
александром 5,010635 5,010635
затопленного 0,076161 0,076161
фото 0,061875 0,123751
силы 2,177422 2,177422
й 2,612740 2,612740
наши 2,177422 2,177422
водой 0,061875 0,061875
россии 0,425668 0,425668
применения 0,000000 0,000000
технологиймини 0,000000 0,000000
оценивайте 0,047791 0,047791
обитания 0,000000 0,000000
ценности 0,000000 0,000000
стуббом 5,010635 5,010635
назвал 1,347074 2,694147
материалам 0,047791 0,047791
конфиденциальности 0,047791 0,047791
вернуться 0,013423 0,013423
мир 0,000000 0,000000
ваши 0,047791 0,047791
российским 0,076161 0,076161
нажмите 0,000000 0,000000
получайте 0,047791 0,047791
российский 1,484275 1,484275
своем 1,919593 1,919593
попавшим 4,317488 4,317488
погружайтесь 0,047791 0,047791
итогам 2,813411 2,813411
бывший 0,000000 0,000000
проблемы 0,076161 0,076161
накапливайте 0,047791 0,047791
интернет 0,000000 0,000000
россия 0,000000 0,000000
ооо 0,000000 0,000000
обратился 0,076161 0,076161
деактивирована 0,013423 0,013423
путешествия 0,000000 0,000000
отдела 0,579818 0,579818
свои 0,027029 0,027029
ранее 1,003302 1,003302
плен 2,931194 2,931194
дезинформацией 5,010635 10,021271
структуры 0,000000 0,000000
индии 0,076161 0,076161
гид 0,076161 0,076161
призвал 2,931194 2,931194
хочешь 0,013423 0,013423
украина 1,832581 1,832581
нашли 0,000000 0,000000
пляжных 0,097980 0,097980
уволит 0,076161 0,076161
дома 0,061875 0,061875
американский 0,061875 0,061875
задачу 3,624341 3,624341
обычную 0,013423 0,013423
пола 0,097980 0,097980
внешность 0,097980 0,097980
зеленский 1,714798 8,573992
украинском 0,076161 0,076161
света 0,054808 0,054808
украины 1,021651 4,086605
курской 1,832581 5,497744
курском 3,064725 9,194175
галереи 0,000000 0,000000
отдать 3,401197 3,401197
белоусов 0,076161 0,076161
эмоции 0,047791 0,047791
зеленским 0,076161 0,076161
азия 2,525729 2,525729
условиями 0,040822 0,081644
двум 0,076161 0,076161
вызвала 0,097980 0,097980
сети 0,090654 0,090654
военнослужащим 0,076161 0,152323
отказался 2,708050 8,124151
читайте 0,040822 0,040822
медалью 5,010635 5,010635
байконур 0,097980 0,097980
признавать 3,401197 10,203592
редакциярекламаконтактыпресс 0,000000 0,000000
материалы 0,000000 0,000000
видео 0,000000 0,000000
депутат 0,076161 0,076161
медали 3,912023 3,912023
прогресс 0,097980 0,097980
статьи 0,000000 0,000000
выход 3,064725 6,129450
одшб 5,010635 5,010635
происходят 3,401197 3,401197
форме 0,061875 0,061875
последние 0,090654 0,090654
предрекли 0,076161 0,076161
отмечается 2,371578 2,371578
культура 0,000000 0,000000
обсудить 0,456758 0,456758
плену 4,317488 4,317488
силовые 0,000000 0,000000
архив 0,000000 0,000000
окружении 3,912023 7,824046
дня 0,061875 0,061875
окружение 3,064725 12,258901
сша 0,040822 0,040822
лидер 1,919593 3,839186
среда 0,000000 0,000000
написал 2,525729 2,525729
раскрытии 0,076161 0,076161
редактор 0,567984 0,567984
скидки 0,047791 0,047791
сотрудников 0,076161 0,076161
вооруженные 2,708050 2,708050
эксклюзивы 0,000000 0,000000
российском 0,076161 0,076161
выражайте 0,047791 0,047791
сил 1,791759 1,791759
российской 2,014903 4,029806
начались 0,068993 0,068993
штурмовой 3,624341 3,624341
вооруженных 2,014903 2,014903
рекомендательных 0,000000 0,000000
конфликте 0,076161 0,076161
продолжая 0,047791 0,047791
работает 0,040822 0,040822
увлекательные 0,047791 0,047791
приказ 3,401197 3,401197
павел 2,708050 2,708050
переговоры 0,054808 0,054808
подобные 2,931194 2,931194
подразделениях 5,010635 5,010635
конфиденциальностиправила 0,000000 0,000000
бонусы 0,047791 0,095581
канале 3,064725 3,064725
политикой 0,047791 0,047791
маккартни 0,097980 0,097980
жильцы 0,076161 0,076161
жизни 0,000000 0,000000
забота 0,000000 0,000000
сбер 0,040822 0,040822
пожаловать 0,013423 0,013423
использованияполитика 0,000000 0,000000
язловецкий 3,912023 3,912023
нужно 1,791759 1,791759
украинских 1,919593 1,919593
крупный 0,068993 0,068993
украинским 2,813411 2,813411
обращение 4,317488 4,317488
регионам 0,076161 0,076161
крупным 0,076161 0,076161
туристку 0,076161 0,076161
украинские 2,525729 2,525729
это 0,020203 0,060608
победа 0,000000 0,000000
украинский 2,612740 2,612740
президентом 2,813411 2,813411
бойцам 3,912023 3,912023
остались 0,061875 0,061875
две 0,033902 0,033902
президент 1,347074 2,694147
мотор 0,000000 0,000000
обменивайте 0,047791 0,047791
опечатку 0,000000 0,000000
сми 0,000000 0,000000
награждал 5,010635 5,010635
жизнь 1,544899 1,544899
сдаться 3,624341 3,624341
рады 0,068993 0,068993
новости 0,000000 0,000000
войти 0,000000 0,000000
место 0,054808 0,054808
акции 0,047791 0,047791
хорошие 0,013423 0,013423
мс 0,097980 0,097980
окружением 4,317488 4,317488
рассказал 1,272966 1,272966
медитации 0,076161 0,076161
выполняют 3,401197 3,401197
всеприбалтикаукраинабелоруссиямолдавиязакавказьесредняя 2,525729 2,525729
язловецкого 5,010635 5,010635
экономика 0,000000 0,000000
замкомандира 4,317488 4,317488
политик 3,064725 3,064725
уход 0,076161 0,076161
власти 1,919593 1,919593
прибыл 0,083382 0,083382
области 1,399717 4,199152
спецпроекты 0,000000 0,000000
отдельной 3,624341 3,624341
путин 1,203973 1,203973
владимир 1,373049 4,119147
ребята 3,064725 3,064725
военных 1,966113 1,966113
финляндии 3,064725 3,064725
переговоров 1,714798 1,714798
реальный 0,013423 0,013423
игры 0,000000 0,000000
техника 0,000000 0,000000
ссср 0,000000 0,000000
всу 1,373049 9,611344
правды 0,068993 0,068993
трампа 0,054808 0,054808
тысячи 0,068993 0,068993
достойное 3,912023 3,912023
полученной 5,010635 5,010635
отвел 0,076161 0,076161
предрек 0,076161 0,076161
марта 0,040822 0,081644
городе 0,061875 0,061875
главное 0,000000 0,000000
реакций 0,047791 0,047791
летнего 0,097980 0,097980
заявили 0,076161 0,076161
запольская 3,624341 3,624341
реакции 0,047791 0,047791
информацию 2,612740 2,612740
находятся 2,708050 2,708050
мини 0,000000 0,000000
других 1,576648 1,576648
алевтина 3,624341 3,624341
видеть 0,013423 0,013423
изнасиловал 0,076161 0,076161
наука 0,000000 0,000000
гарантированы 4,317488 4,317488
