ру 0,000000 0,000000
банк 0,076161 0,076161
девять 3,064725 3,064725
лев 4,317488 8,634976
этому 2,238047 2,238047
покормил 5,010635 5,010635
содержания 5,010635 5,010635
стал 1,203973 1,203973
департамента 3,218876 6,437752
вокруг 2,525729 5,051457
подозреваемых 3,912023 3,912023
воды 3,064725 3,064725
ситуации 2,014903 2,014903
согласие 0,047791 0,047791
вероятно 2,813411 2,813411
работ 4,317488 4,317488
центр 3,218876 3,218876
растущим 5,010635 10,021271
сотрудники 2,066196 4,132393
одну 2,612740 2,612740
людей 1,455287 7,276436
встретить 3,624341 3,624341
человек 1,249435 4,997741
частности 2,525729 2,525729
самих 4,317488 4,317488
экзотичнее 5,010635 5,010635
те 1,919593 1,919593
лично 3,064725 3,064725
очевидно 3,912023 7,824046
девяти 3,624341 3,624341
одна 1,875141 1,875141
фото 0,061875 0,433128
лес 3,912023 7,824046
редчайшие 3,064725 6,129450
лет 0,967584 0,967584
туристической 4,317488 4,317488
такие 2,120264 2,120264
водой 0,061875 0,061875
насколько 3,624341 3,624341
суд 1,966113 1,966113
технологиймини 0,000000 0,000000
увеличивающимся 5,010635 5,010635
бхушан 5,010635 5,010635
назиму 5,010635 5,010635
превратился 4,317488 4,317488
проблемой 3,218876 3,218876
конфиденциальности 0,047791 0,047791
кисточка 5,010635 5,010635
весь 1,966113 1,966113
нажмите 0,000000 0,000000
получайте 0,047791 0,047791
дело 2,120264 2,120264
патовой 3,064725 3,064725
весьма 3,064725 3,064725
проблему 3,401197 3,401197
слишком 2,371578 2,371578
дели 5,010635 5,010635
быстро 2,813411 5,626821
проблемы 0,076161 0,076161
жители 2,302585 2,302585
боролись 4,317488 4,317488
посмотреть 3,401197 10,203592
гостиницам 5,010635 5,010635
путешествия 0,000000 0,000000
находившихся 4,317488 4,317488
ситуация 2,931194 2,931194
проблема 3,064725 3,064725
территории 1,919593 7,678371
местного 4,317488 4,317488
главных 2,445686 2,445686
съели 2,813411 5,626821
обнадеживающих 5,010635 5,010635
приманивали 5,010635 5,010635
индии 0,076161 0,761614
последнее 2,931194 2,931194
одной 1,514128 4,542383
нашли 0,000000 0,000000
закавказья 5,010635 5,010635
летнему 5,010635 5,010635
поселений 5,010635 5,010635
снова 2,813411 2,813411
украинском 0,076161 0,076161
света 0,054808 0,054808
начать 2,445686 4,891372
официальная 5,010635 5,010635
зоолог 5,010635 5,010635
белоусов 0,076161 0,076161
однако 1,249435 6,247176
биологов 5,010635 10,021271
условиями 0,040822 0,081644
отличными 5,010635 5,010635
нападений 5,010635 10,021271
людьми 3,218876 3,218876
читайте 0,040822 0,040822
нападение 5,010635 5,010635
считалось 5,010635 5,010635
стороны 1,643339 6,573358
нападения 3,401197 3,401197
байконур 0,097980 0,097980
семилетнего 5,010635 5,010635
экзотических 5,010635 5,010635
любителей 3,624341 3,624341
приезжают 5,010635 5,010635
новому 3,624341 3,624341
соседстве 5,010635 5,010635
пример 3,624341 3,624341
десятков 3,912023 3,912023
соседство 5,010635 5,010635
чертой 5,010635 5,010635
часть 1,919593 1,919593
соседству 3,912023 3,912023
едва 2,177422 2,177422
хвалился 5,010635 5,010635
последние 0,090654 0,453272
столетие 5,010635 5,010635
предрекли 0,076161 0,076161
часто 2,525729 2,525729
гира 5,010635 5,010635
некоторые 2,445686 2,445686
архив 0,000000 0,000000
туристов 2,931194 5,862388
широкую 4,317488 4,317488
последних 3,401197 3,401197
специально 3,401197 3,401197
сша 0,040822 0,040822
описание 3,624341 3,624341
стремительный 5,010635 5,010635
лесу 3,912023 23,472138
атакуют 5,010635 5,010635
популярна 4,317488 4,317488
расселение 5,010635 10,021271
раскрытии 0,076161 0,076161
культур 5,010635 5,010635
российском 0,076161 0,076161
леса 3,218876 6,437752
ноябре 2,813411 2,813411
отрадно 5,010635 5,010635
гуджарад 5,010635 5,010635
складка 5,010635 5,010635
непосредственном 5,010635 5,010635
гирском 5,010635 25,053176
бонусы 0,047791 0,095581
нападать 5,010635 5,010635
наоборот 2,813411 2,813411
гуджарат 5,010635 15,031906
жильцы 0,076161 0,076161
охотились 3,401197 3,401197
века 2,813411 11,253643
отметили 3,064725 3,064725
жизни 0,000000 0,000000
одним 1,966113 1,966113
собственной 4,317488 4,317488
картина 3,624341 3,624341
туристку 0,076161 0,076161
плодятся 5,010635 5,010635
подготовки 3,064725 3,064725
столкновения 4,317488 4,317488
львиным 5,010635 5,010635
рост 2,302585 2,302585
расправилась 4,317488 4,317488
мотор 0,000000 0,000000
обменивайте 0,047791 0,047791
начнется 3,401197 3,401197
распространенных 4,317488 4,317488
отличить 5,010635 5,010635
африканских 5,010635 5,010635
хорошие 0,013423 0,013423
мире 1,919593 3,839186
отличительной 5,010635 5,010635
местом 3,218876 3,218876
чаще 2,708050 8,124151
ежегодно 5,010635 5,010635
оценкам 4,317488 4,317488
моголов 5,010635 5,010635
фактах 5,010635 5,010635
создавая 5,010635 5,010635
внушительные 5,010635 5,010635
прибыл 0,083382 0,083382
растут 3,912023 3,912023
аравии 2,813411 2,813411
ссср 0,000000 0,000000
масштабная 4,317488 4,317488
отели 5,010635 5,010635
биологи 5,010635 5,010635
никто 2,302585 4,605170
убил 4,317488 4,317488
открываются 5,010635 5,010635
похоже 2,931194 5,862388
округе 4,317488 8,634976
главное 0,000000 0,000000
жертвами 3,912023 3,912023
округа 5,010635 5,010635
другим 2,813411 2,813411
спорным 5,010635 5,010635
летнего 0,097980 0,097980
фатальным 5,010635 5,010635
мини 0,000000 0,000000
других 1,576648 1,576648
исходом 5,010635 5,010635
изнасиловал 0,076161 0,076161
образом 2,066196 2,066196
прайдами 5,010635 5,010635
запрещено 4,317488 4,317488
самцов 4,317488 4,317488
варианты 3,401197 3,401197
животноводов 5,010635 5,010635
бенгалии 5,010635 5,010635
поднялся 5,010635 5,010635
скотоводов 5,010635 5,010635
спорт 0,000000 0,000000
прошлом 3,624341 3,624341
национальный 5,010635 5,010635
споры 0,097980 0,097980
набрать 5,010635 5,010635
военной 0,061875 0,061875
прайд 5,010635 5,010635
расселились 5,010635 10,021271
четыре 0,040822 0,040822
исчезнувших 5,010635 5,010635
кроется 3,912023 3,912023
стало 1,181994 5,909969
смыслу 5,010635 5,010635
дикими 5,010635 5,010635
джордж 5,010635 5,010635
сложилась 3,912023 3,912023
стали 1,514128 6,056511
сделало 3,912023 3,912023
обитания 0,000000 0,000000
построенные 5,010635 5,010635
излюбленных 5,010635 5,010635
гораздо 3,064725 3,064725
бросать 5,010635 5,010635
российским 0,076161 0,076161
расселяются 5,010635 5,010635
свободно 4,317488 4,317488
человека 2,177422 6,532266
давно 2,445686 4,891372
интернет 0,000000 0,000000
поля 4,317488 4,317488
обратился 0,076161 0,076161
важны 5,010635 5,010635
обычно 3,218876 3,218876
саудовской 2,813411 2,813411
школьника 4,317488 4,317488
пытаются 2,931194 2,931194
гирский 5,010635 10,021271
точная 5,010635 5,010635
гид 0,076161 0,076161
покорившие 5,010635 5,010635
дикие 3,624341 10,873023
дома 0,061875 0,061875
пола 0,097980 0,097980
выглядит 2,445686 2,445686
штат 4,317488 8,634976
туризм 5,010635 5,010635
районам 5,010635 5,010635
представить 3,912023 3,912023
экологи 5,010635 5,010635
азиатского 5,010635 15,031906
гуджарате 5,010635 25,053176
идеалистический 5,010635 5,010635
вселюдизвериедапроисшествияперсонысчастливчикианомалии 2,813411 2,813411
итоге 2,708050 2,708050
эмоции 0,047791 0,047791
гуджарата 5,010635 5,010635
пока 1,678431 6,713723
земледельцы 5,010635 5,010635
короче 5,010635 5,010635
сети 0,090654 0,090654
гирского 5,010635 15,031906
работы 1,455287 1,455287
военнослужащим 0,076161 0,076161
противоположных 5,010635 5,010635
британцы 5,010635 5,010635
вида 2,708050 2,708050
происшествие 4,317488 4,317488
подход 3,912023 3,912023
львиного 5,010635 5,010635
цепи 4,317488 4,317488
материалы 0,000000 0,000000
остальных 3,912023 3,912023
депутат 0,076161 0,076161
статьи 0,000000 0,000000
львицу 5,010635 5,010635
происходят 3,401197 3,401197
конфликтами 5,010635 5,010635
культура 0,000000 0,000000
происшествия 3,064725 12,258901
очередной 2,931194 2,931194
львенок 5,010635 5,010635
иран 3,912023 3,912023
никита 3,064725 3,064725
сталкиваются 4,317488 4,317488
львица 5,010635 5,010635
диких 4,317488 12,952464
отправили 2,708050 2,708050
выращиваемых 5,010635 5,010635
азиатские 4,317488 30,222417
удалось 1,714798 1,714798
азиатский 5,010635 15,031906
семилетний 5,010635 5,010635
многие 1,714798 1,714798
отказывалась 5,010635 5,010635
стада 5,010635 5,010635
старания 5,010635 5,010635
пересчитают 5,010635 5,010635
работает 0,040822 0,040822
увлекательные 0,047791 0,047791
ограничился 5,010635 5,010635
прочих 5,010635 5,010635
переговоры 0,054808 0,054808
темпами 5,010635 5,010635
год 1,714798 1,714798
маккартни 0,097980 0,097980
министр 2,612740 2,612740
сбер 0,040822 0,040822
использованияполитика 0,000000 0,000000
колонизаторы 5,010635 5,010635
съедена 5,010635 5,010635
вторую 3,912023 3,912023
показывают 4,317488 4,317488
мае 4,317488 8,634976
крупный 0,068993 0,068993
регионам 0,076161 0,152323
знает 2,612740 5,225480
крупным 0,076161 0,076161
пандаяфотограф 5,010635 5,010635
постепенное 4,317488 4,317488
самом 2,014903 2,014903
хищники 3,064725 12,258901
истребили 5,010635 10,021271
остались 0,061875 0,061875
страна 1,714798 1,714798
одними 3,912023 3,912023
быстрее 4,317488 4,317488
акцию 5,010635 5,010635
штата 3,624341 7,248682
азиатских 5,010635 75,159529
вместе 1,514128 3,028255
страны 1,455287 2,910574
тесно 5,010635 5,010635
стартовала 5,010635 5,010635
рады 0,068993 0,068993
страну 2,612740 2,612740
штате 4,317488 4,317488
хвосте 5,010635 5,010635
летним 3,624341 3,624341
акции 0,047791 0,047791
решение 2,302585 2,302585
естественно 3,624341 3,624341
мадхья 5,010635 5,010635
ради 2,371578 2,371578
исчезающего 3,064725 3,064725
травоядных 5,010635 5,010635
экономика 0,000000 0,000000
совершенно 2,813411 5,626821
центре 2,525729 2,525729
животных 5,010635 30,063812
называют 2,931194 2,931194
останки 4,317488 8,634976
вскоре 2,302585 4,605170
реальный 0,013423 0,013423
властям 3,912023 3,912023
тысячи 0,068993 0,068993
лесного 5,010635 10,021271
голов 5,010635 5,010635
тревогу 3,912023 3,912023
подальше 5,010635 5,010635
первое 2,612740 2,612740
предрек 0,076161 0,076161
кабанов 4,317488 4,317488
премьер 2,525729 2,525729
гарантией 5,010635 5,010635
жителей 1,966113 1,966113
обитают 5,010635 10,021271
заявили 0,076161 0,076161
постоянно 2,525729 2,525729
скотоводческие 5,010635 5,010635
своих 2,177422 4,354844
видеть 0,013423 0,013423
выпустили 3,064725 3,064725
львов 3,912023 93,888552
растерзали 5,010635 15,031906
добычу 5,010635 5,010635
перемирии 0,076161 0,076161
преобразован 5,010635 5,010635
специальный 3,401197 3,401197
местные 3,912023 3,912023
усердствовали 5,010635 5,010635
новые 0,000000 0,000000
австрийский 5,010635 5,010635
реке 5,010635 5,010635
местных 2,708050 2,708050
активная 4,317488 4,317488
добро 0,013423 0,013423
выражаете 0,047791 0,047791
работают 2,612740 2,612740
менее 2,014903 4,029806
пришлось 2,371578 4,743156
помощью 0,047791 0,047791
останками 5,010635 5,010635
передали 3,912023 3,912023
евразии 5,010635 10,021271
добра 0,013423 0,026846
е 3,401197 3,401197
восстановлена 5,010635 5,010635
м 2,066196 6,198589
н 5,010635 5,010635
населяли 5,010635 5,010635
исследование 3,624341 3,624341
оценивайте 0,047791 0,047791
какие 1,875141 1,875141
мир 0,000000 0,000000
поголовьем 5,010635 15,031906
исследования 3,624341 3,624341
беспокоятся 5,010635 5,010635
толком 3,912023 3,912023
обнаружили 3,218876 6,437752
акланд 5,010635 5,010635
скот 5,010635 5,010635
погружайтесь 0,047791 0,047791
жили 3,624341 3,624341
единственным 3,912023 3,912023
небольшой 3,401197 3,401197
бывший 0,000000 0,000000
сокращался 5,010635 5,010635
время 0,762140 1,524280
востоке 3,401197 3,401197
китая 3,401197 3,401197
накапливайте 0,047791 0,047791
ооо 0,000000 0,000000
деактивирована 0,013423 0,013423
сохранности 5,010635 10,021271
львы 5,010635 55,116988
восстановлению 4,317488 8,634976
моди 5,010635 10,021271
структуры 0,000000 0,000000
хочешь 0,013423 0,013423
убили 3,401197 3,401197
появится 4,317488 4,317488
пляжных 0,097980 0,097980
символом 3,401197 3,401197
убивают 4,317488 4,317488
обычную 0,013423 0,013423
пределами 4,317488 4,317488
разумеется 4,317488 4,317488
внешность 0,097980 0,097980
незаконно 5,010635 5,010635
возрождение 3,912023 3,912023
льва 5,010635 25,053176
индийской 5,010635 5,010635
истребление 5,010635 5,010635
своего 2,238047 2,238047
показать 2,708050 2,708050
галереи 0,000000 0,000000
львиными 5,010635 5,010635
мест 3,912023 3,912023
хозяйства 5,010635 10,021271
радуются 5,010635 5,010635
рахул 5,010635 5,010635
обезображенные 5,010635 5,010635
поиски 4,317488 4,317488
родные 3,624341 3,624341
редакциярекламаконтактыпресс 0,000000 0,000000
люди 1,966113 1,966113
британский 3,912023 3,912023
всем 1,966113 1,966113
видео 0,000000 0,000000
хищница 5,010635 5,010635
помощи 2,302585 2,302585
объявленной 5,010635 5,010635
скотоводы 5,010635 5,010635
настойчивой 5,010635 5,010635
выпустить 3,401197 3,401197
продолжалось 5,010635 5,010635
амрели 5,010635 5,010635
туристами 5,010635 5,010635
кожи 3,912023 3,912023
лишится 5,010635 5,010635
посетил 3,912023 3,912023
среда 0,000000 0,000000
делать 1,966113 3,932226
подобный 4,317488 8,634976
спугнуть 5,010635 5,010635
скидки 0,047791 0,047791
несомненно 5,010635 5,010635
поймано 5,010635 5,010635
представителей 3,401197 3,401197
живет 3,218876 3,218876
эксклюзивы 0,000000 0,000000
становится 3,218876 3,218876
выражайте 0,047791 0,047791
насчитают 5,010635 5,010635
далек 5,010635 5,010635
перепись 5,010635 10,021271
портят 5,010635 5,010635
конфликте 0,076161 0,076161
продолжая 0,047791 0,047791
особенно 2,302585 4,605170
результаты 2,371578 2,371578
зато 2,931194 2,931194
конфиденциальностиправила 0,000000 0,000000
которой 2,120264 2,120264
следователи 3,624341 3,624341
научное 5,010635 5,010635
политикой 0,047791 0,047791
лица 2,612740 5,225480
драматические 5,010635 5,010635
дикой 5,010635 5,010635
независимость 3,912023 3,912023
раньше 2,371578 2,371578
провести 2,931194 2,931194
объявил 2,813411 2,813411
селянам 5,010635 5,010635
это 0,020203 0,181824
этим 2,302585 2,302585
преимущества 3,624341 3,624341
злобные 5,010635 5,010635
посевы 5,010635 5,010635
этих 2,371578 14,229468
две 0,033902 0,135606
африканского 5,010635 5,010635
рядом 2,813411 5,626821
детей 2,177422 2,177422
общины 5,010635 5,010635
половину 3,624341 3,624341
пошел 2,931194 2,931194
новости 0,000000 0,000000
лесники 5,010635 5,010635
войти 0,000000 0,000000
ведется 4,317488 4,317488
особи 5,010635 5,010635
отключены 1,576648 1,576648
медитации 0,076161 0,076161
недели 2,525729 7,577186
отлову 5,010635 5,010635
силами 3,624341 3,624341
плодящимися 5,010635 5,010635
уход 0,076161 0,076161
смит 5,010635 5,010635
восстановление 4,317488 4,317488
территорией 5,010635 5,010635
вернулся 2,371578 2,371578
савин 3,624341 3,624341
амерли 5,010635 5,010635
земли 3,218876 6,437752
предложат 4,317488 4,317488
говорят 2,371578 2,371578
программа 3,624341 3,624341
спецпроекты 0,000000 0,000000
феврале 2,525729 5,051457
офицер 2,813411 2,813411
первый 1,832581 3,665163
игры 0,000000 0,000000
брюхе 5,010635 5,010635
февраля 1,272966 2,545931
техника 0,000000 0,000000
славы 4,317488 4,317488
барайя 5,010635 5,010635
главного 2,612740 2,612740
трампа 0,054808 0,054808
события 2,612740 5,225480
отправились 3,624341 3,624341
вопрос 1,832581 1,832581
пристанищем 5,010635 5,010635
самых 1,609438 1,609438
отвел 0,076161 0,076161
львят 5,010635 5,010635
туристического 4,317488 4,317488
марта 0,040822 0,163288
марте 2,708050 5,416100
поближе 4,317488 4,317488
нижняя 5,010635 5,010635
реакций 0,047791 0,047791
показала 2,612740 2,612740
реакции 0,047791 0,047791
находятся 2,708050 2,708050
переписи 5,010635 5,010635
ареал 5,010635 5,010635
мельче 5,010635 5,010635
показало 3,624341 3,624341
самым 1,966113 1,966113
империи 5,010635 5,010635
самые 1,832581 1,832581
освоили 3,912023 3,912023
шерсть 5,010635 5,010635
зеленского 0,068993 0,068993
крупная 5,010635 5,010635
большей 2,813411 2,813411
уверены 3,624341 3,624341
обрела 4,317488 4,317488
куреши 5,010635 10,021271
лента 0,000000 0,000000
охота 4,317488 4,317488
фермером 5,010635 5,010635
будущего 3,401197 3,401197
четверых 4,317488 4,317488
едущих 5,010635 5,010635
борьба 2,445686 2,445686
жми 0,013423 0,013423
переселение 5,010635 5,010635
прайдом 5,010635 5,010635
окружили 3,912023 3,912023
гривы 5,010635 5,010635
вообще 2,813411 2,813411
ленту 0,013423 0,013423
затопленного 0,076161 0,076161
били 4,317488 4,317488
россии 0,425668 0,425668
применения 0,000000 0,000000
результатам 3,624341 3,624341
гиды 5,010635 5,010635
ценности 0,000000 0,000000
известны 3,912023 3,912023
век 5,010635 5,010635
привели 3,218876 3,218876
опасно 2,813411 2,813411
кошки 5,010635 15,031906
материалам 0,047791 0,047791
известно 1,297063 1,297063
вернуться 0,013423 0,013423
ваши 0,047791 0,047791
привела 2,525729 2,525729
местными 3,912023 3,912023
процентов 1,875141 1,875141
заповедника 5,010635 5,010635
просто 1,678431 3,356862
россия 0,000000 0,000000
выполнил 3,912023 3,912023
настоящая 3,624341 3,624341
львиная 5,010635 5,010635
видимо 3,912023 3,912023
конца 2,708050 2,708050
порой 4,317488 4,317488
закованный 5,010635 5,010635
иоганн 5,010635 5,010635
свои 0,027029 0,027029
парк 4,317488 4,317488
джунагадх 5,010635 5,010635
гордость 5,010635 5,010635
произошло 2,445686 2,445686
уволит 0,076161 0,076161
большая 3,401197 3,401197
американский 0,061875 0,061875
принадлежали 4,317488 4,317488
трех 1,919593 7,678371
двух 1,678431 3,356862
кошек 5,010635 20,042541
зеленским 0,076161 0,076161
гостям 5,010635 5,010635
противятся 5,010635 5,010635
числе 1,714798 3,429597
журнала 3,624341 3,624341
двум 0,076161 0,076161
солидная 5,010635 5,010635
вызвала 0,097980 0,097980
столкновений 4,317488 4,317488
великих 5,010635 5,010635
индустрии 3,624341 3,624341
буйволов 5,010635 5,010635
национальная 5,010635 5,010635
ирана 5,010635 10,021271
хищников 4,317488 30,222417
шкур 5,010635 5,010635
прогресс 0,097980 0,097980
защитой 4,317488 4,317488
следы 3,912023 3,912023
бутылочки 5,010635 5,010635
охотятся 5,010635 5,010635
форме 0,061875 0,061875
силовые 0,000000 0,000000
тысяч 1,427116 1,427116
пройдет 2,931194 2,931194
дня 0,061875 0,061875
велась 4,317488 4,317488
проигнорировали 5,010635 5,010635
специалистов 3,218876 3,218876
цифрах 5,010635 5,010635
сотрудников 0,076161 0,076161
популяции 5,010635 20,042541
комментарии 1,484275 1,484275
восстанавливается 5,010635 5,010635
начались 0,068993 0,137986
зоопарк 5,010635 5,010635
огромные 3,912023 3,912023
зверь 3,624341 3,624341
заложниками 5,010635 5,010635
трагическим 5,010635 5,010635
дискуссия 4,317488 4,317488
жителями 4,317488 4,317488
рекомендательных 0,000000 0,000000
около 1,678431 1,678431
забредают 5,010635 5,010635
третьим 4,317488 4,317488
своими 3,218876 3,218876
хозяйств 5,010635 5,010635
октябре 3,912023 3,912023
мейер 5,010635 5,010635
белый 2,525729 2,525729
насчитывалось 5,010635 5,010635
тела 3,064725 3,064725
принялись 4,317488 4,317488
осторожно 4,317488 4,317488
окрестностях 3,912023 7,824046
забота 0,000000 0,000000
является 1,966113 1,966113
пожаловать 0,013423 0,013423
предложили 3,401197 3,401197
верховный 3,912023 3,912023
окрестностям 5,010635 5,010635
которые 1,181994 3,545982
заметны 4,317488 4,317488
решить 3,401197 3,401197
реальности 4,317488 4,317488
идет 2,177422 2,177422
например 1,791759 5,375278
которых 1,678431 1,678431
победа 0,000000 0,000000
отбиваться 4,317488 4,317488
сожрали 5,010635 5,010635
случай 2,931194 5,862388
опечатку 0,000000 0,000000
случаи 4,317488 4,317488
сми 0,000000 0,000000
спасение 2,371578 2,371578
популяция 5,010635 5,010635
несколько 1,347074 1,347074
место 0,054808 0,109616
радости 4,317488 4,317488
бульдозера 5,010635 5,010635
мс 0,097980 0,097980
начали 1,427116 1,427116
начале 2,177422 4,354844
прекрасный 5,010635 5,010635
доверчивыми 5,010635 5,010635
статей 5,010635 5,010635
действительно 2,612740 2,612740
безопасны 5,010635 5,010635
каждый 2,066196 2,066196
медведь 4,317488 4,317488
проблем 2,445686 4,891372
ученые 2,813411 2,813411
прадеш 5,010635 5,010635
трагическое 5,010635 5,010635
природы 5,010635 5,010635
количество 1,966113 1,966113
любители 5,010635 5,010635
дохода 4,317488 4,317488
годы 2,302585 6,907755
мужчины 2,525729 2,525729
безопасности 2,177422 2,177422
году 1,373049 6,865246
правды 0,068993 0,068993
панда 5,010635 5,010635
годами 3,064725 3,064725
поголовья 5,010635 5,010635
официальные 3,912023 3,912023
странная 4,317488 4,317488
сотни 2,066196 2,066196
официальным 4,317488 4,317488
годах 2,931194 5,862388
постановил 4,317488 4,317488
города 1,714798 1,714798
городе 0,061875 0,061875
скота 2,931194 2,931194
нарендра 5,010635 5,010635
года 0,899761 1,799523
растет 3,624341 3,624341
зверями 5,010635 5,010635
изловили 5,010635 5,010635
необходимой 4,317488 4,317488
очень 1,347074 1,347074
уникальных 5,010635 5,010635
выяснилось 2,371578 2,371578
наука 0,000000 0,000000
собратьев 5,010635 5,010635
какое 2,612740 2,612740
заканчиваются 5,010635 5,010635
захватывать 4,317488 4,317488
