перемирии 0,076161 0,076161
ру 0,000000 0,000000
банк 0,076161 0,076161
рф 1,514128 1,514128
новые 0,000000 0,000000
ухудшению 4,317488 4,317488
ребенок 4,317488 4,317488
воды 3,064725 3,064725
согласие 0,047791 0,047791
добро 0,013423 0,013423
выражаете 0,047791 0,047791
филиппович 5,010635 5,010635
декабря 2,120264 2,120264
помощью 0,047791 0,047791
народный 4,317488 17,269952
признаюсь 4,317488 4,317488
сообщил 1,791759 1,791759
добра 0,013423 0,026846
человек 1,249435 1,249435
сотки 3,624341 7,248682
фото 0,061875 0,247502
перенес 4,317488 4,317488
лет 0,967584 0,967584
м 2,066196 2,066196
водой 0,061875 0,061875
технологиймини 0,000000 0,000000
оценивайте 0,047791 0,047791
стеноз 5,010635 5,010635
х 2,177422 2,177422
каким 2,525729 2,525729
хоре 5,010635 5,010635
конфиденциальности 0,047791 0,047791
мир 0,000000 0,000000
нажмите 0,000000 0,000000
получайте 0,047791 0,047791
слабости 5,010635 5,010635
погружайтесь 0,047791 0,047791
бывший 0,000000 0,000000
проблемы 0,076161 0,152323
накапливайте 0,047791 0,047791
ансамбле 5,010635 5,010635
ооо 0,000000 0,000000
деактивирована 0,013423 0,013423
крови 2,931194 5,862388
сердечная 5,010635 5,010635
одышку 5,010635 5,010635
путешествия 0,000000 0,000000
утомляемость 5,010635 5,010635
отдела 0,579818 0,579818
травы 5,010635 5,010635
ситуацию 2,931194 2,931194
ранее 1,003302 1,003302
резко 2,371578 2,371578
структуры 0,000000 0,000000
провел 2,708050 2,708050
индии 0,076161 0,076161
ногами 3,912023 3,912023
хочешь 0,013423 0,013423
честно 3,401197 3,401197
нашли 0,000000 0,000000
пляжных 0,097980 0,097980
обычную 0,013423 0,013423
отец 2,177422 4,354844
внешность 0,097980 0,097980
украинском 0,076161 0,076161
света 0,054808 0,109616
ухудшилось 5,010635 5,010635
исполнителя 3,912023 3,912023
исполнителю 5,010635 5,010635
галереи 0,000000 0,000000
белоусов 0,076161 0,076161
исполнитель 4,317488 4,317488
однако 1,249435 1,249435
условиями 0,040822 0,081644
июня 2,612740 2,612740
шоке 4,317488 4,317488
отключили 3,912023 3,912023
сколько 2,525729 2,525729
грампластинок 5,010635 5,010635
читайте 0,040822 0,040822
медики 3,912023 3,912023
кардиостимулятор 5,010635 5,010635
справлялся 4,317488 4,317488
городском 5,010635 5,010635
получил 2,120264 2,120264
здоровья 2,813411 2,813411
киркоровпевец 5,010635 5,010635
байконур 0,097980 0,097980
развилась 5,010635 5,010635
редакциярекламаконтактыпресс 0,000000 0,000000
метаться 4,317488 4,317488
видео 0,000000 0,000000
врачей 3,218876 3,218876
прожил 4,317488 4,317488
символа 4,317488 4,317488
мог 2,302585 2,302585
последние 0,090654 0,090654
предрекли 0,076161 0,076161
общего 3,624341 3,624341
решил 2,708050 2,708050
архив 0,000000 0,000000
различными 5,010635 5,010635
сша 0,040822 0,040822
причиной 2,813411 2,813411
среда 0,000000 0,000000
глазами 3,064725 3,064725
раскрытии 0,076161 0,076161
певца 3,624341 7,248682
скидки 0,047791 0,047791
эксклюзивы 0,000000 0,000000
российском 0,076161 0,076161
москве 1,791759 1,791759
выражайте 0,047791 0,047791
описал 3,912023 3,912023
певцу 5,010635 5,010635
дотянет 3,624341 7,248682
климентьев 5,010635 5,010635
конфликте 0,076161 0,076161
кончине 5,010635 5,010635
смерть 2,612740 2,612740
позже 1,919593 1,919593
продолжая 0,047791 0,047791
деньги 2,014903 2,014903
тасс 2,371578 2,371578
народному 3,624341 3,624341
провели 2,066196 2,066196
конфиденциальностиправила 0,000000 0,000000
бонусы 0,047791 0,095581
политикой 0,047791 0,047791
опорой 5,010635 5,010635
жильцы 0,076161 0,076161
филиппа 3,064725 6,129450
жизни 0,000000 0,000000
сын 2,525729 2,525729
смерти 2,445686 2,445686
послушал 5,010635 5,010635
сильную 5,010635 5,010635
это 0,020203 0,020203
туристку 0,076161 0,076161
операцию 3,401197 3,401197
запретили 4,317488 4,317488
возникли 3,218876 3,218876
этими 3,912023 3,912023
вытащили 3,912023 3,912023
две 0,033902 0,033902
остановки 3,401197 3,401197
крикорян 5,010635 5,010635
мотор 0,000000 0,000000
обменивайте 0,047791 0,047791
трость 5,010635 5,010635
остановка 3,912023 3,912023
оперативной 2,177422 2,177422
михаил 2,708050 2,708050
жизнь 1,544899 1,544899
звание 2,931194 2,931194
шевченко 5,010635 5,010635
установили 3,912023 3,912023
продюсер 3,912023 3,912023
новости 0,000000 0,000000
войти 0,000000 0,000000
сериал 3,218876 3,218876
хорошие 0,013423 0,013423
застойная 5,010635 5,010635
отключены 1,576648 1,576648
медитации 0,076161 0,076161
киркоров 4,317488 30,222417
вышло 3,912023 3,912023
уход 0,076161 0,076161
эстрадного 5,010635 5,010635
катастрофу 3,624341 3,624341
вернулся 2,371578 2,371578
хороший 3,912023 7,824046
перекачиванием 5,010635 5,010635
литр 4,317488 4,317488
прибыл 0,083382 0,083382
спецпроекты 0,000000 0,000000
начал 2,445686 2,445686
болезни 3,064725 3,064725
замерз 5,010635 5,010635
годов 2,612740 2,612740
первые 2,371578 2,371578
игры 0,000000 0,000000
февраля 1,272966 1,272966
техника 0,000000 0,000000
ссср 0,000000 0,000000
состояние 3,624341 7,248682
массажи 3,912023 3,912023
варна 5,010635 5,010635
состоянии 2,813411 2,813411
главного 2,612740 2,612740
трампа 0,054808 0,054808
всекиносериалымузыкакнигиискусствотеатрфотография 3,401197 3,401197
выявили 3,912023 3,912023
пневмонию 5,010635 10,021271
отвел 0,076161 0,076161
получился 3,912023 3,912023
пожаловался 3,401197 3,401197
марта 0,040822 0,122466
ответ 2,177422 2,177422
главное 0,000000 0,000000
старший 3,401197 6,802395
богемы 4,317488 4,317488
реакций 0,047791 0,047791
летнего 0,097980 0,097980
реакции 0,047791 0,047791
мини 0,000000 0,000000
состояния 3,624341 7,248682
неделю 3,401197 3,401197
изнасиловал 0,076161 0,076161
рекомендаций 5,010635 5,010635
зеленского 0,068993 0,068993
откачали 5,010635 5,010635
лента 0,000000 0,000000
спорт 0,000000 0,000000
народного 3,624341 3,624341
переехал 3,912023 3,912023
споры 0,097980 0,097980
военном 3,218876 3,218876
военной 0,061875 0,061875
четыре 0,040822 0,040822
доживет 5,010635 5,010635
сердце 3,624341 3,624341
жми 0,013423 0,013423
тяжелом 3,912023 3,912023
сердца 3,218876 9,656627
ленту 0,013423 0,013423
стала 1,576648 1,576648
затопленного 0,076161 0,076161
наши 2,177422 2,177422
сказал 2,525729 2,525729
пресс 2,708050 2,708050
россии 0,425668 2,128339
применения 0,000000 0,000000
обитания 0,000000 0,000000
ценности 0,000000 0,000000
диагностировали 5,010635 10,021271
привели 3,218876 3,218876
материалам 0,047791 0,047791
вернуться 0,013423 0,013423
ваши 0,047791 0,047791
российским 0,076161 0,076161
просто 1,678431 1,678431
челюскин 4,317488 4,317488
интернет 0,000000 0,000000
россия 0,000000 0,000000
го 2,302585 2,302585
обратился 0,076161 0,152323
свои 0,027029 0,027029
сердцем 5,010635 5,010635
жаловался 4,317488 8,634976
доме 2,014903 2,014903
гид 0,076161 0,076161
уволит 0,076161 0,076161
киркорову 5,010635 5,010635
поступил 3,624341 3,624341
артиста 3,912023 11,736069
дома 0,061875 0,061875
американский 0,061875 0,061875
пола 0,097980 0,097980
жалко 5,010635 5,010635
отца 2,813411 2,813411
артисту 3,624341 3,624341
выступать 5,010635 5,010635
киркорова 3,218876 12,875503
клапана 5,010635 5,010635
папа 5,010635 5,010635
эмоции 0,047791 0,047791
зеленским 0,076161 0,076161
филипп 4,317488 8,634976
словами 2,708050 2,708050
двум 0,076161 0,076161
вызвала 0,097980 0,097980
медицину 5,010635 10,021271
нетрадиционную 5,010635 5,010635
сети 0,090654 0,090654
военнослужащим 0,076161 0,076161
осложняла 5,010635 5,010635
причина 2,445686 2,445686
гкд 5,010635 5,010635
мария 2,525729 2,525729
осложнения 5,010635 5,010635
умер 2,708050 8,124151
оркестрами 5,010635 5,010635
тибетскую 5,010635 5,010635
материалы 0,000000 0,000000
российского 1,484275 1,484275
депутат 0,076161 0,076161
маргарита 3,912023 3,912023
прогресс 0,097980 0,097980
статьи 0,000000 0,000000
пациента 3,912023 3,912023
больницу 3,401197 3,401197
форме 0,061875 0,061875
процедуру 4,317488 4,317488
культура 0,000000 0,000000
быстрая 5,010635 5,010635
пригожин 3,912023 7,824046
силовые 0,000000 0,000000
врачи 3,064725 6,129450
дня 0,061875 0,061875
двустороннюю 5,010635 10,021271
больнице 4,317488 4,317488
музыка 3,624341 3,624341
недостаточность 4,317488 4,317488
ходить 2,931194 2,931194
наш 3,064725 3,064725
любили 3,401197 3,401197
редактор 0,567984 0,567984
сурикова 5,010635 5,010635
сотрудников 0,076161 0,076161
службы 2,525729 2,525729
теме 1,514128 1,514128
комментарии 1,484275 1,484275
домой 2,612740 2,612740
бедроса 3,912023 7,824046
начались 0,068993 0,068993
рекомендательных 0,000000 0,000000
поспелова 5,010635 5,010635
работает 0,040822 0,040822
увлекательные 0,047791 0,047791
риа 1,272966 2,545931
клинику 5,010635 5,010635
учился 3,401197 3,401197
октябре 3,912023 3,912023
бедрос 4,317488 30,222417
переговоры 0,054808 0,054808
тепло 4,317488 4,317488
пел 4,317488 4,317488
иосиф 3,624341 3,624341
маккартни 0,097980 0,097980
забота 0,000000 0,000000
сбер 0,040822 0,040822
пожаловать 0,013423 0,013423
использованияполитика 0,000000 0,000000
роскошная 3,912023 3,912023
передвигаться 4,317488 4,317488
крупный 0,068993 0,068993
регионам 0,076161 0,076161
крупным 0,076161 0,076161
жены 3,624341 3,624341
прогревания 5,010635 5,010635
легких 4,317488 4,317488
признался 3,624341 3,624341
победа 0,000000 0,000000
сиделку 5,010635 5,010635
остались 0,061875 0,061875
сегодня 1,643339 1,643339
опечатку 0,000000 0,000000
сми 0,000000 0,000000
гитис 5,010635 5,010635
симптомами 5,010635 5,010635
вместе 1,514128 1,514128
рады 0,068993 0,068993
несколько 1,347074 1,347074
место 0,054808 0,054808
акции 0,047791 0,047791
очистки 4,317488 4,317488
мс 0,097980 0,097980
начали 1,427116 1,427116
родился 3,624341 3,624341
начале 2,177422 2,177422
соблюдал 5,010635 5,010635
улучшения 3,624341 3,624341
летний 2,612740 2,612740
террору 4,317488 4,317488
фоне 2,813411 2,813411
экономика 0,000000 0,000000
использовать 2,612740 2,612740
попал 2,445686 2,445686
болгарском 5,010635 5,010635
союзе 3,912023 3,912023
проблем 2,445686 2,445686
секс 2,371578 2,371578
история 2,238047 2,238047
уйдешь 5,010635 5,010635
боли 3,624341 3,624341
светлана 3,912023 3,912023
отдышка 5,010635 5,010635
советском 4,317488 4,317488
орган 3,912023 3,912023
советской 3,624341 3,624341
праздники 3,912023 3,912023
реальный 0,013423 0,013423
сняли 3,064725 3,064725
мужчина 2,371578 2,371578
году 1,373049 2,746098
правды 0,068993 0,068993
пиявки 5,010635 5,010635
тысячи 0,068993 0,068993
артист 3,912023 23,472138
ушел 2,708050 2,708050
попробовать 3,624341 3,624341
предрек 0,076161 0,076161
казалось 2,708050 8,124151
городе 0,061875 0,123751
аортального 5,010635 5,010635
года 0,899761 4,498807
информации 1,919593 1,919593
занимать 3,912023 3,912023
заявили 0,076161 0,076161
ногах 3,624341 3,624341
видеть 0,013423 0,013423
очень 1,347074 5,388295
выяснилось 2,371578 2,371578
урожденный 5,010635 5,010635
наука 0,000000 0,000000
сапожника 5,010635 5,010635
