зеленского 0,068993 0,068993
автомобиль 3,218876 3,218876
перемирии 0,076161 0,076161
ру 0,000000 0,000000
автомобиля 4,317488 4,317488
банк 0,076161 0,076161
рф 1,514128 1,514128
лента 0,000000 0,000000
новые 0,000000 0,000000
посчитав 5,010635 5,010635
доллара 4,317488 4,317488
спорт 0,000000 0,000000
карты 2,931194 2,931194
месяц 2,525729 2,525729
споры 0,097980 0,097980
согласие 0,047791 0,047791
добро 0,013423 0,013423
военной 0,061875 0,061875
выражаете 0,047791 0,047791
четыре 0,040822 0,040822
стражи 5,010635 5,010635
жми 0,013423 0,013423
стало 1,181994 1,181994
помощью 0,047791 0,047791
заморожен 5,010635 5,010635
стерлингов 5,010635 5,010635
помощь 2,177422 2,177422
пол 3,401197 3,401197
перевела 5,010635 5,010635
глава 1,643339 3,286679
добра 0,013423 0,026846
словам 1,272966 1,272966
ленту 0,013423 0,013423
затопленного 0,076161 0,076161
фото 0,061875 0,247502
санкций 2,302585 2,302585
м 2,066196 2,066196
подсудимых 5,010635 5,010635
водой 0,061875 0,061875
сложности 3,624341 3,624341
некоторое 3,218876 3,218876
применения 0,000000 0,000000
суд 1,966113 7,864451
технологиймини 0,000000 0,000000
экс 2,066196 12,397178
оценивайте 0,047791 0,047791
течение 2,120264 2,120264
обвинения 3,624341 3,624341
анастасия 3,401197 3,401197
обитания 0,000000 0,000000
ценности 0,000000 0,000000
властями 4,317488 4,317488
рублей 1,514128 1,514128
материалам 0,047791 0,047791
финансовую 4,317488 4,317488
известно 1,297063 2,594126
конфиденциальности 0,047791 0,047791
вернуться 0,013423 0,013423
мир 0,000000 0,000000
освободили 5,010635 5,010635
ваши 0,047791 0,047791
сообщается 3,218876 3,218876
российским 0,076161 0,076161
очередь 2,177422 2,177422
нажмите 0,000000 0,000000
получайте 0,047791 0,047791
паспорт 4,317488 4,317488
вменяют 5,010635 5,010635
погружайтесь 0,047791 0,047791
бывшим 3,064725 9,194175
бывший 0,000000 0,000000
время 0,762140 1,524280
проблемы 0,076161 0,076161
наличными 5,010635 5,010635
накапливайте 0,047791 0,047791
интернет 0,000000 0,000000
россия 0,000000 0,000000
го 2,302585 2,302585
ооо 0,000000 0,000000
обратился 0,076161 0,076161
конца 2,708050 2,708050
обвинение 5,010635 5,010635
фунтов 5,010635 25,053176
деактивирована 0,013423 0,013423
открытия 3,624341 3,624341
судебный 5,010635 10,021271
дестабилизирующего 5,010635 5,010635
путешествия 0,000000 0,000000
отдела 0,579818 0,579818
данным 2,014903 2,014903
свои 0,027029 0,027029
ранее 1,003302 1,003302
приобрел 5,010635 5,010635
января 1,791759 1,791759
данные 2,612740 2,612740
доме 2,014903 2,014903
территории 1,919593 1,919593
также 0,762140 0,762140
санкционного 5,010635 5,010635
структуры 0,000000 0,000000
индии 0,076161 0,076161
гид 0,076161 0,076161
денежных 5,010635 5,010635
вступил 5,010635 5,010635
доказательства 3,912023 3,912023
получение 5,010635 5,010635
хочешь 0,013423 0,013423
нашли 0,000000 0,000000
пляжных 0,097980 0,097980
слушания 5,010635 5,010635
одном 2,525729 2,525729
уволит 0,076161 0,076161
родственников 3,624341 3,624341
дома 0,061875 0,061875
американский 0,061875 0,061875
обычную 0,013423 0,013423
пола 0,097980 0,097980
отец 2,177422 2,177422
связей 4,317488 4,317488
внешность 0,097980 0,097980
родственником 5,010635 5,010635
территорию 2,612740 2,612740
представитель 2,120264 2,120264
королевстве 4,317488 4,317488
чиновника 5,010635 5,010635
украину 2,302585 2,302585
ограничения 3,624341 7,248682
украинском 0,076161 0,076161
света 0,054808 0,054808
миллиона 1,966113 1,966113
своего 2,238047 2,238047
василий 3,912023 3,912023
продлении 5,010635 5,010635
стоимостью 5,010635 5,010635
галереи 0,000000 0,000000
рестрикции 4,317488 4,317488
банковские 3,912023 3,912023
счету 3,624341 3,624341
белоусов 0,076161 0,076161
эмоции 0,047791 0,047791
зеленским 0,076161 0,076161
однако 1,249435 1,249435
счет 2,931194 2,931194
ес 2,708050 5,416100
условиями 0,040822 0,081644
двум 0,076161 0,076161
вызвала 0,097980 0,097980
овсянникова 5,010635 20,042541
сети 0,090654 0,090654
военнослужащим 0,076161 0,076161
миллионов 1,791759 1,791759
продлила 5,010635 5,010635
изъяли 3,401197 3,401197
севастополя 3,064725 21,453076
читайте 0,040822 0,040822
рожден 5,010635 5,010635
брата 2,525729 7,577186
получил 2,120264 2,120264
стороны 1,643339 1,643339
алимпиева 3,912023 3,912023
оплачивал 5,010635 5,010635
байконур 0,097980 0,097980
нынешнему 5,010635 10,021271
паспорта 4,317488 8,634976
редакциярекламаконтактыпресс 0,000000 0,000000
счета 5,010635 5,010635
признают 3,912023 7,824046
пользовался 5,010635 5,010635
британский 3,912023 3,912023
материалы 0,000000 0,000000
видео 0,000000 0,000000
подал 4,317488 4,317488
депутат 0,076161 0,076161
прогресс 0,097980 0,097980
супругой 4,317488 4,317488
статьи 0,000000 0,000000
нескольких 2,708050 2,708050
должность 2,931194 2,931194
введенные 5,010635 5,010635
форме 0,061875 0,061875
последние 0,090654 0,181309
предрекли 0,076161 0,076161
культура 0,000000 0,000000
залог 5,010635 5,010635
долларов 2,708050 2,708050
обсудить 0,456758 0,456758
отставки 5,010635 5,010635
силовые 0,000000 0,000000
помочь 2,708050 2,708050
британию 5,010635 5,010635
отмывание 5,010635 5,010635
архив 0,000000 0,000000
банковского 5,010635 5,010635
британия 5,010635 5,010635
находился 3,218876 9,656627
несмотря 2,120264 4,240527
сговор 5,010635 5,010635
режима 2,525729 2,525729
указанный 5,010635 5,010635
введенных 3,064725 3,064725
тысяч 1,427116 4,281349
дня 0,061875 0,061875
августе 3,064725 3,064725
сша 0,040822 0,122466
процесс 2,931194 5,862388
всеполитикаобществопроисшествияконфликтыпреступность 2,014903 2,014903
отношении 1,791759 5,375278
соединенном 5,010635 5,010635
занимавшим 5,010635 5,010635
финансовой 4,317488 4,317488
сообщалось 2,931194 2,931194
среда 0,000000 0,000000
лондоне 2,612740 15,676440
покупке 3,624341 3,624341
раскрытии 0,076161 0,076161
редактор 0,567984 0,567984
скидки 0,047791 0,047791
сотрудников 0,076161 0,076161
утверждает 2,931194 5,862388
задержан 3,624341 7,248682
эксклюзивы 0,000000 0,000000
российском 0,076161 0,076161
выражайте 0,047791 0,047791
начались 0,068993 0,068993
великобритании 2,813411 11,253643
рекомендательных 0,000000 0,000000
около 1,678431 3,356862
конфликте 0,076161 0,076161
братом 4,317488 4,317488
продолжая 0,047791 0,047791
работает 0,040822 0,040822
увлекательные 0,047791 0,047791
риа 1,272966 1,272966
заехал 5,010635 5,010635
тасс 2,371578 2,371578
переговоры 0,054808 0,054808
конфиденциальностиправила 0,000000 0,000000
получать 3,064725 3,064725
документ 3,624341 3,624341
бонусы 0,047791 0,095581
год 1,714798 3,429597
политикой 0,047791 0,047791
маккартни 0,097980 0,097980
жильцы 0,076161 0,076161
овсянникову 5,010635 5,010635
жизни 0,000000 0,000000
совета 2,445686 2,445686
забота 0,000000 0,000000
сбер 0,040822 0,040822
пожаловать 0,013423 0,013423
использованияполитика 0,000000 0,000000
батанов 5,010635 5,010635
пройдут 3,624341 3,624341
турции 3,401197 3,401197
страховки 5,010635 5,010635
заявляло 5,010635 5,010635
британского 3,912023 3,912023
обучение 4,317488 8,634976
средств 2,931194 2,931194
банков 4,317488 4,317488
крупный 0,068993 0,068993
раскрыл 2,177422 2,177422
которым 2,708050 2,708050
джарвис 5,010635 5,010635
регионам 0,076161 0,076161
крупным 0,076161 0,076161
туристку 0,076161 0,076161
это 0,020203 0,040405
обойти 3,218876 3,218876
выплате 5,010635 5,010635
победа 0,000000 0,000000
поселившись 5,010635 5,010635
остались 0,061875 0,061875
две 0,033902 0,033902
выдан 5,010635 10,021271
мотор 0,000000 0,000000
обменивайте 0,047791 0,047791
опечатку 0,000000 0,000000
сми 0,000000 0,000000
овсянниковым 5,010635 15,031906
детей 2,177422 4,354844
оперативной 2,177422 2,177422
страны 1,455287 1,455287
вместе 1,514128 1,514128
дмитрием 5,010635 10,021271
открывая 5,010635 5,010635
рестрикциях 5,010635 5,010635
группы 2,238047 2,238047
рады 0,068993 0,068993
брат 4,317488 4,317488
передает 3,218876 3,218876
мужа 3,064725 3,064725
новости 0,000000 0,000000
войти 0,000000 0,000000
место 0,054808 0,054808
аннулировал 5,010635 5,010635
акции 0,047791 0,047791
хорошие 0,013423 0,013423
недостоверную 5,010635 5,010635
мс 0,097980 0,097980
знали 3,624341 7,248682
начале 2,177422 4,354844
медитации 0,076161 0,076161
губернатором 3,064725 12,258901
санкционные 4,317488 8,634976
участие 2,612740 2,612740
супруга 5,010635 5,010635
экономика 0,000000 0,000000
вину 3,912023 7,824046
овсянников 5,010635 15,031906
уход 0,076161 0,076161
сюжеткурс 5,010635 5,010635
влияния 2,302585 2,302585
относительно 3,064725 3,064725
алексея 3,624341 3,624341
апреля 2,612740 2,612740
прибыл 0,083382 0,083382
спецпроекты 0,000000 0,000000
феврале 2,525729 2,525729
решения 2,302585 2,302585
нарушение 3,912023 3,912023
либо 1,919593 3,839186
школе 3,624341 3,624341
истец 5,010635 5,010635
предоставлял 5,010635 5,010635
реальный 0,013423 0,013423
игры 0,000000 0,000000
техника 0,000000 0,000000
ссср 0,000000 0,000000
году 1,373049 1,373049
правды 0,068993 0,068993
трампа 0,054808 0,054808
тысячи 0,068993 0,275971
частной 3,912023 3,912023
недостаточными 5,010635 5,010635
санкциями 4,317488 12,952464
отвел 0,076161 0,076161
родственники 3,912023 3,912023
предрек 0,076161 0,076161
города 1,714798 1,714798
прибытия 5,010635 5,010635
алексей 1,919593 1,919593
марта 0,040822 0,040822
городе 0,061875 0,061875
обвиняемые 5,010635 5,010635
общей 4,317488 4,317488
предоставил 4,317488 4,317488
общество 2,612740 2,612740
губернатор 3,624341 10,873023
главное 0,000000 0,000000
года 0,899761 4,498807
евросоюза 3,401197 3,401197
информации 1,919593 1,919593
начался 2,931194 5,862388
дорогостоящий 5,010635 5,010635
прошлого 2,813411 2,813411
алексеем 5,010635 5,010635
прокуратура 3,912023 3,912023
реакций 0,047791 0,047791
летнего 0,097980 0,097980
основании 5,010635 5,010635
заявили 0,076161 0,076161
реакции 0,047791 0,047791
информацию 2,612740 2,612740
мини 0,000000 0,000000
начинается 3,624341 3,624341
видеть 0,013423 0,013423
изнасиловал 0,076161 0,076161
недель 3,912023 3,912023
курсу 5,010635 10,021271
крымского 5,010635 5,010635
наука 0,000000 0,000000
европейский 4,317488 4,317488
екатериной 5,010635 5,010635
обвиняют 2,813411 11,253643
