зеленского 0,068993 0,068993
самцов 4,317488 4,317488
перемирии 0,076161 0,076161
ру 0,000000 0,000000
банк 0,076161 0,076161
назначении 5,010635 5,010635
лента 0,000000 0,000000
космонавт 4,317488 8,634976
борисова 4,317488 4,317488
новый 1,966113 3,932226
главы 2,302585 2,302585
прозвище 5,010635 5,010635
оборона 3,912023 3,912023
образ 2,525729 2,525729
этому 2,238047 2,238047
новые 0,000000 0,000000
приятно 3,218876 6,437752
спорт 0,000000 0,000000
толковый 5,010635 5,010635
стал 1,203973 3,611918
выбрали 3,912023 3,912023
споры 0,097980 0,097980
согласие 0,047791 0,047791
добро 0,013423 0,013423
отличается 4,317488 4,317488
военной 0,061875 0,061875
выражаете 0,047791 0,047791
четыре 0,040822 0,040822
работают 2,612740 2,612740
узнав 5,010635 5,010635
жми 0,013423 0,013423
краш 4,317488 12,952464
признанный 3,912023 3,912023
помощью 0,047791 0,047791
заявление 2,445686 2,445686
людей 1,455287 1,455287
космосе 3,912023 11,736069
плохо 3,401197 3,401197
александр 1,832581 1,832581
первом 3,064725 3,064725
сообщил 1,791759 1,791759
толковым 5,010635 5,010635
глава 1,643339 4,930018
добра 0,013423 0,026846
терешкова 4,317488 4,317488
человек 1,249435 1,249435
знаете 3,624341 3,624341
высказался 3,218876 6,437752
словам 1,272966 1,272966
ленту 0,013423 0,013423
затопленного 0,076161 0,076161
юрий 2,813411 2,813411
фото 0,061875 0,185626
миронова 5,010635 5,010635
поблагодарил 5,010635 5,010635
женщин 2,302585 2,302585
водой 0,061875 0,061875
сказал 2,525729 2,525729
отвечают 3,401197 3,401197
россии 0,425668 0,425668
применения 0,000000 0,000000
технологиймини 0,000000 0,000000
результатам 3,624341 7,248682
оценивайте 0,047791 0,047791
обитания 0,000000 0,000000
оказался 2,708050 2,708050
ценности 0,000000 0,000000
появился 2,445686 2,445686
первая 2,371578 2,371578
юрия 3,624341 3,624341
женщина 2,813411 2,813411
назвал 1,347074 1,347074
прозвали 3,624341 3,624341
материалам 0,047791 0,047791
российские 1,678431 1,678431
директором 5,010635 5,010635
конфиденциальности 0,047791 0,047791
мужчин 2,371578 2,371578
вернуться 0,013423 0,013423
мир 0,000000 0,000000
связи 2,120264 2,120264
ваши 0,047791 0,047791
женщины 2,066196 2,066196
российским 0,076161 0,076161
нажмите 0,000000 0,000000
исследования 3,624341 3,624341
получайте 0,047791 0,047791
рспп 3,624341 3,624341
тех 2,120264 2,120264
погружайтесь 0,047791 0,047791
бывший 0,000000 0,000000
проблемы 0,076161 0,076161
накапливайте 0,047791 0,047791
интернет 0,000000 0,000000
россия 0,000000 0,000000
россию 1,609438 1,609438
ооо 0,000000 0,000000
обратился 0,076161 0,076161
деактивирована 0,013423 0,013423
путешествия 0,000000 0,000000
голосов 3,912023 3,912023
боев 3,912023 3,912023
гендиректором 5,010635 5,010635
отдела 0,579818 0,579818
свои 0,027029 0,027029
новым 2,708050 5,416100
ранее 1,003302 2,006604
января 1,791759 1,791759
соответствующий 4,317488 4,317488
главных 2,445686 2,445686
также 0,762140 0,762140
соответствующие 5,010635 5,010635
структуры 0,000000 0,000000
признавался 5,010635 5,010635
знаю 3,624341 3,624341
член 3,624341 3,624341
индии 0,076161 0,076161
гид 0,076161 0,076161
кадрах 3,064725 3,064725
репортер 5,010635 5,010635
хочешь 0,013423 0,013423
нашли 0,000000 0,000000
пляжных 0,097980 0,097980
символом 3,401197 3,401197
опубликованным 5,010635 5,010635
уволит 0,076161 0,076161
дмитрий 2,371578 4,743156
дома 0,061875 0,061875
баканову 5,010635 5,010635
американский 0,061875 0,061875
чарт 5,010635 5,010635
обычную 0,013423 0,013423
пола 0,097980 0,097980
внешность 0,097980 0,097980
характеристики 4,317488 4,317488
удержаться 4,317488 4,317488
самец 5,010635 5,010635
украинском 0,076161 0,076161
света 0,054808 0,054808
шалости 5,010635 5,010635
сигма 5,010635 30,063812
основные 3,401197 3,401197
российских 1,576648 1,576648
галереи 0,000000 0,000000
белоусов 0,076161 0,076161
эмоции 0,047791 0,047791
зеленским 0,076161 0,076161
специалисты 3,064725 3,064725
отреагировал 2,612740 7,838220
условиями 0,040822 0,081644
двум 0,076161 0,076161
вызвала 0,097980 0,097980
гагарин 3,912023 3,912023
июня 2,612740 2,612740
сети 0,090654 0,090654
военнослужащим 0,076161 0,076161
читайте 0,040822 0,040822
байконур 0,097980 0,097980
редакциярекламаконтактыпресс 0,000000 0,000000
сограждан 4,317488 4,317488
юнашев 5,010635 10,021271
материалы 0,000000 0,000000
видео 0,000000 0,000000
явления 3,624341 3,624341
встречей 5,010635 5,010635
депутат 0,076161 0,152323
маргарита 3,912023 3,912023
прогресс 0,097980 0,097980
оценку 3,912023 3,912023
статьи 0,000000 0,000000
путина 1,514128 1,514128
актер 2,813411 5,626821
должность 2,931194 5,862388
видявленияроскошьличности 2,813411 2,813411
форме 0,061875 0,061875
говорит 2,014903 2,014903
последние 0,090654 0,090654
кстати 3,401197 3,401197
журналист 2,931194 5,862388
предрекли 0,076161 0,076161
культура 0,000000 0,000000
смущением 5,010635 5,010635
всестильвнешний 2,813411 2,813411
отставке 5,010635 5,010635
обсудить 0,456758 0,456758
силовые 0,000000 0,000000
возрастом 4,317488 4,317488
владимира 2,445686 2,445686
архив 0,000000 0,000000
синицын 5,010635 5,010635
смог 2,612740 2,612740
набрав 4,317488 4,317488
баканова 5,010635 20,042541
дня 0,061875 0,061875
чиновником 5,010635 5,010635
обороне 5,010635 10,021271
сша 0,040822 0,040822
любом 3,912023 3,912023
комитета 2,813411 5,626821
воскресенский 4,317488 4,317488
певец 3,624341 3,624341
среда 0,000000 0,000000
популярна 4,317488 4,317488
колесник 5,010635 5,010635
мировой 2,445686 2,445686
написал 2,525729 2,525729
справится 5,010635 5,010635
замминистра 5,010635 10,021271
раскрытии 0,076161 0,076161
человеком 3,401197 3,401197
редактор 0,567984 0,567984
среди 1,714798 3,429597
скидки 0,047791 0,047791
сотрудников 0,076161 0,076161
эксклюзивы 0,000000 0,000000
российском 0,076161 0,076161
выражайте 0,047791 0,047791
теме 1,514128 1,514128
чиновник 3,624341 3,624341
повышение 4,317488 4,317488
альфы 5,010635 5,010635
начались 0,068993 0,068993
понимаю 3,624341 3,624341
егор 3,218876 3,218876
высокую 3,912023 3,912023
поинтересовался 5,010635 5,010635
рекомендательных 0,000000 0,000000
конфликте 0,076161 0,076161
продолжая 0,047791 0,047791
работает 0,040822 0,040822
увлекательные 0,047791 0,047791
спонтанно 5,010635 5,010635
риа 1,272966 2,545931
баканов 5,010635 15,031906
лентой 2,371578 2,371578
результаты 2,371578 2,371578
порядке 2,813411 2,813411
роскосмоса 3,401197 27,209579
тасс 2,371578 2,371578
крашем 3,401197 6,802395
переговоры 0,054808 0,054808
роскосмосе 5,010635 10,021271
близко 3,912023 3,912023
конфиденциальностиправила 0,000000 0,000000
бонусы 0,047791 0,095581
знаменитостей 4,317488 4,317488
канале 3,064725 3,064725
политикой 0,047791 0,047791
маккартни 0,097980 0,097980
рейтинге 4,317488 4,317488
крид 3,218876 3,218876
жильцы 0,076161 0,076161
жизни 0,000000 0,000000
андрей 3,064725 6,129450
забота 0,000000 0,000000
сбер 0,040822 0,040822
пожаловать 0,013423 0,013423
использованияполитика 0,000000 0,000000
процента 2,813411 2,813411
которые 1,181994 1,181994
красивым 5,010635 5,010635
фотохост 5,010635 5,010635
первопроходцы 5,010635 5,010635
думаю 2,708050 5,416100
крупный 0,068993 0,068993
раньше 2,371578 2,371578
регионам 0,076161 0,076161
агентство 3,064725 3,064725
крупным 0,076161 0,076161
россиянок 2,302585 9,210340
туристку 0,076161 0,076161
это 0,020203 0,141419
победа 0,000000 0,000000
валентина 3,912023 3,912023
засмущался 5,010635 5,010635
россияне 1,919593 1,919593
остались 0,061875 0,061875
две 0,033902 0,033902
случае 1,875141 1,875141
превзошел 5,010635 5,010635
президент 1,347074 1,347074
пообщался 5,010635 5,010635
мотор 0,000000 0,000000
обменивайте 0,047791 0,047791
опечатку 0,000000 0,000000
сми 0,000000 0,000000
госдумы 2,813411 8,440232
оперативной 2,177422 2,177422
страны 1,455287 2,910574
михаил 2,708050 5,416100
такое 2,014903 2,014903
возглавили 5,010635 5,010635
звание 2,931194 8,793581
руководителю 4,317488 4,317488
депутата 3,912023 3,912023
транспорта 5,010635 10,021271
рады 0,068993 0,068993
звании 5,010635 5,010635
заключил 3,218876 3,218876
новости 0,000000 0,000000
войти 0,000000 0,000000
место 0,054808 0,054808
акции 0,047791 0,047791
хорошие 0,013423 0,013423
мс 0,097980 0,097980
решение 2,302585 2,302585
генеральный 3,401197 3,401197
медитации 0,076161 0,076161
генеральным 4,317488 4,317488
мире 1,919593 3,839186
экономика 0,000000 0,000000
уход 0,076161 0,076161
почему 0,899761 1,799523
директор 2,612740 2,612740
краша 4,317488 4,317488
нагиев 5,010635 15,031906
увидел 3,064725 3,064725
покажем 5,010635 5,010635
секс 2,371578 2,371578
прибыл 0,083382 0,083382
спецпроекты 0,000000 0,000000
феврале 2,525729 2,525729
решения 2,302585 2,302585
возрасту 4,317488 4,317488
принимает 4,317488 4,317488
бой 3,401197 6,802395
реальный 0,013423 0,013423
список 2,708050 2,708050
первый 1,832581 1,832581
игры 0,000000 0,000000
месте 2,371578 2,371578
пост 3,064725 3,064725
февраля 1,272966 1,272966
техника 0,000000 0,000000
ссср 0,000000 0,000000
правды 0,068993 0,068993
трампа 0,054808 0,054808
тысячи 0,068993 0,068993
телеведущий 4,317488 4,317488
сменив 5,010635 5,010635
никто 2,302585 2,302585
посту 5,010635 5,010635
песня 4,317488 4,317488
боя 3,401197 3,401197
отвел 0,076161 0,076161
предрек 0,076161 0,076161
марта 0,040822 0,040822
городе 0,061875 0,061875
ответ 2,177422 2,177422
главное 0,000000 0,000000
информации 1,919593 1,919593
необычное 5,010635 10,021271
уникальные 3,912023 3,912023
наверное 2,931194 2,931194
реакций 0,047791 0,047791
летнего 0,097980 0,097980
заявили 0,076161 0,076161
реакции 0,047791 0,047791
мини 0,000000 0,000000
попала 3,401197 3,401197
колесникчлен 5,010635 5,010635
занимал 3,912023 3,912023
видеть 0,013423 0,013423
реакция 2,612740 2,612740
беседе 2,445686 2,445686
изнасиловал 0,076161 0,076161
очень 1,347074 1,347074
самым 1,966113 1,966113
наука 0,000000 0,000000
воплощающих 5,010635 5,010635
