зеленского 0,068993 0,137986
джинсы 5,010635 5,010635
перемирии 0,076161 0,076161
ру 0,000000 0,000000
банк 0,076161 0,076161
заявляет 5,010635 5,010635
комар 5,010635 5,010635
лента 0,000000 0,000000
черные 5,010635 10,021271
ролике 4,317488 4,317488
новые 0,000000 0,000000
прощения 4,317488 4,317488
похищения 4,317488 4,317488
друзьями 3,912023 3,912023
спорт 0,000000 0,000000
волонтеров 4,317488 4,317488
сережа 5,010635 5,010635
края 3,912023 3,912023
факту 5,010635 5,010635
согласие 0,047791 0,047791
добро 0,013423 0,013423
ссор 5,010635 5,010635
достатке 5,010635 5,010635
дядей 5,010635 5,010635
военной 0,061875 0,061875
выражаете 0,047791 0,047791
четыре 0,040822 0,040822
прозвищу 3,912023 3,912023
красноярского 5,010635 5,010635
жми 0,013423 0,013423
помощью 0,047791 0,047791
уголовное 3,624341 3,624341
приехал 2,612740 2,612740
телосложение 5,010635 5,010635
та 2,813411 2,813411
добра 0,013423 0,026846
вагнером 5,010635 5,010635
ленту 0,013423 0,013423
немного 2,813411 2,813411
затопленного 0,076161 0,076161
фото 0,061875 0,123751
связь 2,813411 5,626821
разговор 1,791759 1,791759
водой 0,061875 0,061875
выкуп 3,912023 3,912023
применения 0,000000 0,000000
технологиймини 0,000000 0,000000
экс 2,066196 2,066196
оценивайте 0,047791 0,047791
выдвигают 5,010635 5,010635
анастасия 3,401197 3,401197
обитания 0,000000 0,000000
ценности 0,000000 0,000000
спецслужбыпреступная 2,525729 2,525729
денег 3,401197 3,401197
заканчивается 3,218876 3,218876
рублей 1,514128 6,056511
худощавое 5,010635 5,010635
материалам 0,047791 0,047791
отдел 3,912023 3,912023
известно 1,297063 1,297063
требования 2,302585 4,605170
конфиденциальности 0,047791 0,047791
вернуться 0,013423 0,013423
мир 0,000000 0,000000
ваши 0,047791 0,047791
обмануть 3,624341 3,624341
российским 0,076161 0,076161
нажмите 0,000000 0,000000
судкриминалполиция 2,525729 2,525729
похитителей 5,010635 10,021271
получайте 0,047791 0,047791
девочкой 4,317488 4,317488
дело 2,120264 2,120264
деле 2,238047 2,238047
погружайтесь 0,047791 0,047791
просто 1,678431 1,678431
бывший 0,000000 0,000000
время 0,762140 1,524280
проблемы 0,076161 0,076161
накапливайте 0,047791 0,047791
спустя 1,832581 1,832581
интернет 0,000000 0,000000
россия 0,000000 0,000000
одета 5,010635 5,010635
ведутся 5,010635 5,010635
ооо 0,000000 0,000000
обратился 0,076161 0,076161
деактивирована 0,013423 0,013423
выходить 2,931194 2,931194
путешествия 0,000000 0,000000
часов 1,643339 1,643339
похитители 4,317488 8,634976
отдела 0,579818 0,579818
ачинске 4,317488 4,317488
данный 3,064725 3,064725
свои 0,027029 0,054057
рассказала 1,919593 3,839186
съемной 4,317488 8,634976
версий 4,317488 4,317488
извиняется 5,010635 5,010635
ушла 3,912023 3,912023
также 0,762140 0,762140
требований 2,708050 2,708050
новых 2,014903 2,014903
имени 2,708050 2,708050
структуры 0,000000 0,000000
соседнем 5,010635 5,010635
индии 0,076161 0,076161
гид 0,076161 0,076161
произошло 2,445686 2,445686
последнее 2,931194 2,931194
случившегося 4,317488 4,317488
хочешь 0,013423 0,013423
девочку 3,401197 6,802395
нашли 0,000000 0,000000
уволит 0,076161 0,076161
дома 0,061875 0,123751
глаза 2,931194 2,931194
американский 0,061875 0,061875
обычную 0,013423 0,013423
последнего 4,317488 4,317488
похищенной 4,317488 8,634976
полиции 2,445686 4,891372
украинском 0,076161 0,076161
света 0,054808 0,054808
плачет 5,010635 5,010635
галереи 0,000000 0,000000
белоусов 0,076161 0,076161
эмоции 0,047791 0,047791
сантиметров 3,912023 3,912023
зеленским 0,076161 0,076161
однако 1,249435 1,249435
условиями 0,040822 0,081644
двум 0,076161 0,076161
киеве 2,813411 2,813411
девочка 3,401197 6,802395
подробности 2,238047 2,238047
слезах 5,010635 5,010635
военнослужащим 0,076161 0,076161
соскучилась 5,010635 5,010635
девочки 3,912023 11,736069
читайте 0,040822 0,040822
полиция 2,931194 2,931194
сумма 3,401197 3,401197
полицию 3,624341 3,624341
выяснить 3,912023 3,912023
алимпиева 3,912023 3,912023
родителям 3,064725 12,258901
объявили 3,401197 3,401197
редакциярекламаконтактыпресс 0,000000 0,000000
ищут 3,218876 6,437752
летнюю 3,401197 6,802395
материалы 0,000000 0,000000
видео 0,000000 0,000000
ущерб 3,912023 3,912023
депутат 0,076161 0,076161
светлые 5,010635 5,010635
статьи 0,000000 0,000000
голубые 5,010635 5,010635
школьницы 3,624341 10,873023
кроссовки 5,010635 5,010635
форме 0,061875 0,061875
говорит 2,014903 2,014903
последние 0,090654 0,090654
предрекли 0,076161 0,076161
юрой 5,010635 5,010635
школьницу 4,317488 8,634976
культура 0,000000 0,000000
общаются 4,317488 4,317488
момент 1,714798 1,714798
обсудить 0,456758 0,456758
летняя 2,177422 2,177422
силовые 0,000000 0,000000
архив 0,000000 0,000000
участием 3,401197 3,401197
тысяч 1,427116 2,854233
среду 2,931194 2,931194
обратилась 5,010635 5,010635
дня 0,061875 0,061875
сша 0,040822 0,040822
сухоруков 4,317488 4,317488
контакте 3,624341 3,624341
возбудили 3,912023 3,912023
школьница 3,064725 3,064725
инсценировка 5,010635 5,010635
среда 0,000000 0,000000
забрала 5,010635 5,010635
освобождение 3,912023 3,912023
раскрытии 0,076161 0,076161
редактор 0,567984 0,567984
мошенниками 3,401197 3,401197
обман 4,317488 4,317488
днем 2,813411 2,813411
среди 1,714798 1,714798
скидки 0,047791 0,047791
сотрудников 0,076161 0,152323
капюшоном 5,010635 5,010635
живет 3,218876 3,218876
эксклюзивы 0,000000 0,000000
миража 3,401197 3,401197
российском 0,076161 0,076161
выражайте 0,047791 0,047791
мероприятия 3,624341 3,624341
дочь 3,401197 3,401197
девушки 2,445686 2,445686
пришло 3,064725 3,064725
потребовали 2,708050 2,708050
пропала 3,064725 3,064725
начались 0,068993 0,068993
неизвестные 4,317488 4,317488
данному 4,317488 4,317488
летней 2,708050 2,708050
рекомендательных 0,000000 0,000000
около 1,678431 1,678431
конфликте 0,076161 0,076161
позже 1,919593 1,919593
продолжая 0,047791 0,047791
работает 0,040822 0,040822
увлекательные 0,047791 0,047791
риа 1,272966 1,272966
далее 2,708050 2,708050
порядке 2,813411 2,813411
белый 2,525729 2,525729
утром 2,612740 2,612740
красноярском 3,064725 6,129450
переговоры 0,054808 0,054808
следствия 3,912023 3,912023
хочу 2,813411 2,813411
конфиденциальностиправила 0,000000 0,000000
всеследствие 2,525729 2,525729
бонусы 0,047791 0,095581
квартире 3,218876 9,656627
следователи 3,624341 3,624341
политикой 0,047791 0,047791
котором 2,238047 4,476093
жильцы 0,076161 0,076161
жизни 0,000000 0,000000
солистка 3,218876 3,218876
мать 2,813411 2,813411
забота 0,000000 0,000000
сбер 0,040822 0,040822
силовики 3,624341 3,624341
пожаловать 0,013423 0,013423
использованияполитика 0,000000 0,000000
предлогом 5,010635 5,010635
наталья 3,401197 3,401197
крупный 0,068993 0,068993
никаких 2,813411 2,813411
регионам 0,076161 0,076161
сообщает 2,120264 6,360791
крупным 0,076161 0,076161
родителями 5,010635 5,010635
туристку 0,076161 0,076161
это 0,020203 0,060608
позволила 5,010635 5,010635
запечатлена 5,010635 5,010635
победа 0,000000 0,000000
украинский 2,612740 5,225480
волосы 3,218876 3,218876
рост 2,302585 2,302585
шатохина 5,010635 5,010635
пуховик 5,010635 5,010635
доставят 4,317488 4,317488
прислали 3,064725 3,064725
остались 0,061875 0,061875
две 0,033902 0,033902
подростка 3,912023 7,824046
мотор 0,000000 0,000000
обменивайте 0,047791 0,047791
опечатку 0,000000 0,000000
сми 0,000000 0,000000
пропавшую 5,010635 5,010635
оперативной 2,177422 2,177422
рады 0,068993 0,068993
несколько 1,347074 2,694147
перестала 5,010635 5,010635
новости 0,000000 0,000000
органах 3,912023 3,912023
войти 0,000000 0,000000
собой 2,014903 2,014903
место 0,054808 0,054808
акции 0,047791 0,047791
хорошие 0,013423 0,013423
выкупа 3,624341 3,624341
вышла 2,371578 2,371578
накануне 2,238047 2,238047
медитации 0,076161 0,076161
появилось 4,317488 4,317488
ради 2,371578 2,371578
дядя 5,010635 5,010635
компенсировали 5,010635 5,010635
фоне 2,813411 2,813411
экономика 0,000000 0,000000
уход 0,076161 0,076161
обиде 3,401197 3,401197
даша 5,010635 5,010635
озвучены 4,317488 4,317488
похитили 5,010635 5,010635
следственные 5,010635 5,010635
вскоре 2,302585 2,302585
просит 3,912023 3,912023
спецпроекты 0,000000 0,000000
баскова 3,401197 3,401197
родственниками 5,010635 5,010635
реальный 0,013423 0,013423
игры 0,000000 0,000000
полмиллиона 2,931194 5,862388
требуют 4,317488 8,634976
правоохранителей 3,912023 3,912023
техника 0,000000 0,000000
ссср 0,000000 0,000000
кладбища 3,064725 6,129450
забирает 5,010635 5,010635
правды 0,068993 0,068993
трампа 0,054808 0,109616
след 4,317488 8,634976
назарово 5,010635 5,010635
тысячи 0,068993 0,068993
бронежилетов 5,010635 5,010635
отвел 0,076161 0,076161
предрек 0,076161 0,076161
алексей 1,919593 1,919593
марта 0,040822 0,081644
правоохранительных 3,912023 3,912023
городе 0,061875 0,185626
главное 0,000000 0,000000
информации 1,919593 1,919593
моральный 5,010635 5,010635
похищение 3,912023 3,912023
реакций 0,047791 0,047791
заявили 0,076161 0,076161
приметы 5,010635 5,010635
подтвердили 3,064725 3,064725
реакции 0,047791 0,047791
находятся 2,708050 2,708050
мини 0,000000 0,000000
спецслужбы 2,525729 2,525729
видеть 0,013423 0,013423
вновь 3,218876 3,218876
изнасиловал 0,076161 0,076161
очень 1,347074 1,347074
наука 0,000000 0,000000
ачинск 5,010635 5,010635
семье 2,931194 2,931194
источник 3,912023 3,912023
якобы 2,813411 2,813411
условия 2,371578 2,371578
