аслана 3,624341 3,624341
метро 2,931194 2,931194
иностранных 2,371578 7,114734
ру 0,000000 0,000000
банк 0,076161 0,076161
бензин 3,624341 3,624341
оснащение 3,624341 3,624341
день 1,544899 1,544899
этому 2,238047 2,238047
веками 3,064725 3,064725
крымском 3,064725 3,064725
стал 1,203973 3,611918
поездку 3,401197 3,401197
возродили 4,317488 4,317488
заявил 1,098612 1,098612
ситуации 2,014903 2,014903
согласие 0,047791 0,047791
сотрудники 2,066196 6,198589
готовящемся 3,064725 3,064725
заявление 2,445686 2,445686
взялись 3,401197 3,401197
бывшего 2,445686 4,891372
таких 2,177422 2,177422
вода 3,624341 3,624341
вызывающее 3,064725 3,064725
человек 1,249435 1,249435
десятилетий 3,064725 3,064725
одна 1,875141 1,875141
реклама 3,064725 12,258901
фото 0,061875 0,061875
редчайшие 3,064725 3,064725
санкций 2,302585 4,605170
лет 0,967584 5,805504
санкции 2,612740 2,612740
появилась 2,445686 2,445686
разговор 1,791759 1,791759
водой 0,061875 0,061875
звезды 2,371578 2,371578
жеста 2,525729 2,525729
суд 1,966113 5,898339
технологиймини 0,000000 0,000000
оказался 2,708050 2,708050
область 2,238047 8,952186
главные 2,371578 4,743156
многодетный 4,317488 4,317488
назвал 1,347074 8,082442
пор 2,238047 2,238047
конфиденциальности 0,047791 0,047791
драку 3,624341 3,624341
готова 3,064725 3,064725
запад 2,525729 2,525729
весь 1,966113 5,898339
нажмите 0,000000 0,000000
своей 2,066196 4,132393
распознать 3,624341 3,624341
зубов 3,401197 3,401197
жизнью 3,064725 3,064725
получайте 0,047791 0,047791
осознанного 3,912023 3,912023
патовой 3,064725 3,064725
проблему 3,401197 3,401197
неразлучны 3,064725 3,064725
стамбула 2,931194 2,931194
царской 3,624341 3,624341
секреты 3,064725 6,129450
данных 2,931194 2,931194
проблемы 0,076161 0,304645
жители 2,302585 2,302585
телефонного 2,066196 4,132393
записывать 3,624341 3,624341
путешествия 0,000000 0,000000
часов 1,643339 3,286679
обожали 2,931194 2,931194
фруктов 3,218876 3,218876
прогремели 3,624341 3,624341
турецкие 3,624341 3,624341
готовить 3,064725 3,064725
территории 1,919593 1,919593
предсказания 3,064725 3,064725
мебели 3,624341 3,624341
съели 2,813411 5,626821
таймырцев 4,317488 4,317488
туда 2,813411 2,813411
индии 0,076161 0,076161
украина 1,832581 3,665163
лукашенко 2,813411 2,813411
нашли 0,000000 0,000000
одной 1,514128 4,542383
украине 1,139434 4,557737
лучшей 2,813411 2,813411
реанимации 3,401197 3,401197
россиянин 3,218876 3,218876
захватывающий 3,401197 3,401197
украину 2,302585 4,605170
сначала 2,445686 4,891372
панику 3,624341 3,624341
миллиона 1,966113 1,966113
украинском 0,076161 0,076161
света 0,054808 0,109616
украины 1,021651 5,108256
часа 2,371578 4,743156
курской 1,832581 3,665163
курском 3,064725 3,064725
кубани 3,064725 6,129450
мирных 2,525729 5,051457
пытался 2,708050 2,708050
белоусов 0,076161 0,076161
боится 3,912023 3,912023
расскажет 3,624341 3,624341
лишили 3,401197 3,401197
условиями 0,040822 0,081644
подробности 2,238047 4,476093
атомной 3,401197 3,401197
отказался 2,708050 5,416100
читайте 0,040822 0,040822
арестом 3,401197 3,401197
квартиры 2,813411 2,813411
сицилийская 3,064725 3,064725
обмена 2,813411 2,813411
раскрыли 2,302585 6,907755
байконур 0,097980 0,097980
женой 3,064725 3,064725
сторону 2,708050 2,708050
квартиру 3,064725 3,064725
россиянку 3,401197 3,401197
узнает 3,401197 3,401197
супругов 3,624341 3,624341
поддержку 2,813411 2,813411
меняют 3,218876 3,218876
открыла 3,218876 3,218876
комика 3,064725 6,129450
назло 3,064725 3,064725
россиянки 2,525729 2,525729
безутешная 3,064725 3,064725
затяжным 3,912023 3,912023
россиянка 2,612740 5,225480
нему 3,218876 3,218876
едва 2,177422 4,354844
журналист 2,931194 2,931194
креме 3,064725 3,064725
предрекли 0,076161 0,076161
бежать 3,401197 3,401197
архив 0,000000 0,000000
туристов 2,931194 2,931194
флагом 3,624341 3,624341
отставку 3,401197 3,401197
сша 0,040822 0,244932
неприемлемости 3,218876 3,218876
мифы 3,064725 3,064725
милитаризации 3,624341 3,624341
продвижение 3,064725 3,064725
приведет 2,525729 2,525729
самая 2,238047 2,238047
андреева 3,912023 3,912023
метеозависимости 3,624341 3,624341
раскрытии 0,076161 0,076161
скрывается 2,708050 5,416100
политологи 3,401197 3,401197
российском 0,076161 0,304645
боимся 3,401197 3,401197
врач 2,445686 2,445686
мигрантов 3,624341 3,624341
таиланде 3,912023 3,912023
сдэк 4,317488 8,634976
росгвардейцы 3,624341 3,624341
закуски 3,624341 3,624341
новостивсе 4,317488 4,317488
команда 2,813411 2,813411
сутенеров 3,624341 3,624341
лучший 2,525729 5,051457
зеленскому 3,401197 3,401197
бросают 2,931194 2,931194
анонсированного 3,624341 3,624341
народному 3,624341 3,624341
провели 2,066196 6,198589
митя 3,624341 3,624341
лучших 2,931194 2,931194
попросили 3,624341 3,624341
бонусы 0,047791 0,095581
летчик 3,401197 3,401197
золота 3,912023 3,912023
боях 2,813411 2,813411
охотились 3,401197 3,401197
трубы 3,218876 3,218876
филиппа 3,064725 6,129450
жильцы 0,076161 0,076161
жизни 0,000000 0,000000
сын 2,525729 2,525729
удержать 2,708050 2,708050
веке 2,445686 7,337058
нужно 1,791759 1,791759
украинских 1,919593 3,839186
бить 2,931194 5,862388
ликвидировал 3,624341 3,624341
занялась 3,064725 3,064725
груди 3,064725 3,064725
вкладам 3,624341 3,624341
обойти 3,218876 3,218876
туристку 0,076161 0,076161
нужна 2,813411 2,813411
чеченских 3,624341 3,624341
объектам 2,525729 5,051457
возникли 3,218876 3,218876
группу 3,401197 3,401197
мотор 0,000000 0,000000
обменивайте 0,047791 0,047791
семейной 4,317488 4,317488
действовали 3,064725 3,064725
жизнь 1,544899 3,089799
звание 2,931194 2,931194
белого 2,302585 2,302585
цен 3,624341 3,624341
опубликована 3,401197 3,401197
европейские 3,064725 3,064725
сериал 3,218876 3,218876
хорошие 0,013423 0,013423
каждого 3,218876 3,218876
барже 3,624341 3,624341
талантливые 3,624341 3,624341
изменила 3,064725 3,064725
мира 1,576648 3,153296
мирную 3,401197 3,401197
дипломатия 2,931194 5,862388
почему 0,899761 5,398569
выхода 2,525729 2,525729
утратила 3,401197 3,401197
известна 3,624341 3,624341
строя 3,401197 3,401197
обманом 3,401197 3,401197
красным 3,624341 3,624341
прибыл 0,083382 0,083382
объединений 3,624341 3,624341
посоветовали 3,401197 3,401197
области 1,399717 8,398304
звуковую 3,912023 3,912023
пробует 3,064725 6,129450
цыгане 4,317488 4,317488
назад 1,678431 5,035292
нефтяники 3,912023 3,912023
список 2,708050 2,708050
полмиллиона 2,931194 5,862388
ссср 0,000000 0,000000
отсрочить 3,624341 3,624341
пытается 2,177422 2,177422
сбивал 3,624341 3,624341
подвал 3,624341 7,248682
кадры 2,371578 2,371578
наследстве 3,624341 3,624341
штурмовиков 3,624341 3,624341
удивляют 3,401197 3,401197
против 1,791759 1,791759
стратегию 4,317488 4,317488
другие 1,714798 1,714798
главное 0,000000 0,000000
женского 3,401197 3,401197
кокаин 3,401197 3,401197
интервью 2,525729 2,525729
летнего 0,097980 0,195961
мине 3,218876 3,218876
мини 0,000000 0,000000
фрицев 3,624341 3,624341
спецслужбы 2,525729 5,051457
свидетелем 3,064725 3,064725
изнасиловал 0,076161 0,076161
вторгнуться 2,931194 5,862388
символ 2,931194 2,931194
окко 4,317488 4,317488
обвиняют 2,813411 5,626821
сериалы 3,218876 3,218876
популярные 3,064725 3,064725
сквозь 2,931194 5,862388
спорт 0,000000 0,000000
защититься 2,931194 2,931194
разработать 3,218876 6,437752
рэпер 3,624341 3,624341
помешать 3,624341 3,624341
споры 0,097980 0,097980
автомобили 3,218876 3,218876
сумах 3,401197 3,401197
военной 0,061875 0,061875
значимости 3,218876 3,218876
кроссовер 4,317488 4,317488
подорожавшие 3,624341 3,624341
четыре 0,040822 0,081644
стало 1,181994 7,091963
друг 2,238047 2,238047
сумской 2,813411 5,626821
легенды 3,912023 3,912023
глава 1,643339 1,643339
сохранить 2,525729 2,525729
договоренностей 2,813411 2,813411
волшебная 4,317488 4,317488
фестивале 3,912023 3,912023
стала 1,576648 3,153296
доставили 2,708050 2,708050
известный 3,064725 3,064725
бесполезны 3,064725 3,064725
остаются 3,064725 3,064725
рекламодатель 3,624341 3,624341
стали 1,514128 1,514128
украинская 2,612740 5,225480
обитания 0,000000 0,000000
женщине 2,612740 5,225480
появился 2,445686 2,445686
важное 4,317488 4,317488
солдата 3,401197 3,401197
столкнулась 3,218876 3,218876
кораблям 3,624341 3,624341
российские 1,678431 5,035292
требования 2,302585 2,302585
мужской 2,708050 2,708050
впервые 1,919593 3,839186
облик 3,912023 3,912023
культяпковозку 3,912023 3,912023
российским 0,076161 0,152323
рак 2,931194 2,931194
глобальной 3,624341 3,624341
президента 1,455287 1,455287
угрозой 2,931194 2,931194
волна 2,612740 2,612740
половиной 3,218876 3,218876
нарковоры 3,401197 3,401197
уехать 3,912023 3,912023
прекращению 3,064725 6,129450
боялся 2,931194 5,862388
интернет 0,000000 0,000000
пошутивший 3,401197 3,401197
обратился 0,076161 0,076161
туристы 3,401197 3,401197
шутки 3,401197 3,401197
обстрелами 3,624341 3,624341
популярный 3,064725 3,064725
доме 2,014903 2,014903
духами 4,317488 4,317488
россиянина 3,064725 9,194175
массовую 3,401197 3,401197
требований 2,708050 2,708050
премьера 3,218876 3,218876
гид 0,076161 0,076161
работе 1,791759 3,583519
дома 0,061875 0,123751
пола 0,097980 0,097980
выглядит 2,445686 2,445686
накрыли 3,912023 3,912023
массированная 3,401197 3,401197
женятся 3,912023 3,912023
артисту 3,624341 3,624341
представил 3,401197 3,401197
киркорова 3,218876 6,437752
роста 2,708050 2,708050
аналогов 3,401197 3,401197
цены 3,624341 3,624341
европа 2,525729 7,577186
обладателя 3,912023 3,912023
кресел 3,912023 3,912023
российских 1,576648 3,153296
евро 2,931194 2,931194
эмоции 0,047791 0,047791
запретить 2,931194 2,931194
итоги 2,612740 5,225480
полвека 2,931194 2,931194
работники 2,813411 2,813411
работы 1,455287 5,821149
сети 0,090654 0,181309
миллионов 1,791759 1,791759
военнослужащим 0,076161 0,076161
вида 2,708050 2,708050
севастополя 3,064725 6,129450
останина 3,218876 3,218876
польза 3,401197 3,401197
ростом 3,624341 3,624341
спецназ 3,218876 3,218876
мирное 2,931194 2,931194
миллионами 3,218876 6,437752
материалы 0,000000 0,000000
теннисисток 3,912023 3,912023
самую 3,401197 3,401197
депутат 0,076161 0,076161
вышел 2,708050 5,416100
статьи 0,000000 0,000000
война 2,371578 2,371578
разбираем 3,064725 3,064725
ранением 3,624341 7,248682
украинцы 2,931194 2,931194
россией 2,120264 4,240527
пошутившего 3,218876 3,218876
контакты 2,302585 4,605170
альтернативу 3,912023 3,912023
культура 0,000000 0,000000
вероятной 3,624341 3,624341
стриптизера 2,931194 5,862388
сообщили 2,177422 2,177422
одессы 3,624341 3,624341
современным 3,401197 3,401197
введенных 3,064725 3,064725
отправили 2,708050 2,708050
абхазия 3,624341 3,624341
пушку 3,912023 3,912023
отношении 1,791759 1,791759
храма 3,912023 3,912023
мной 2,931194 2,931194
лондоне 2,612740 5,225480
комплимент 2,931194 5,862388
выручка 4,317488 4,317488
внутри 2,445686 2,445686
начальству 3,064725 3,064725
спустили 3,624341 7,248682
сложной 4,317488 4,317488
снял 3,064725 3,064725
пропала 3,064725 6,129450
пилот 2,813411 2,813411
сильнее 3,624341 3,624341
сексуальности 2,931194 2,931194
работает 0,040822 0,040822
новая 2,612740 2,612740
увлекательные 0,047791 0,047791
прыщей 3,064725 3,064725
алкоголю 3,624341 3,624341
террористов 3,218876 3,218876
переговоры 0,054808 0,219233
портом 3,912023 3,912023
героем 3,064725 3,064725
квартире 3,218876 3,218876
будущее 2,612740 2,612740
провинившегося 3,218876 3,218876
пошлин 3,624341 3,624341
соблюдением 3,064725 3,064725
маккартни 0,097980 0,097980
малых 3,624341 3,624341
мать 2,813411 2,813411
сбер 0,040822 0,040822
фсб 2,931194 2,931194
использованияполитика 0,000000 0,000000
ведущие 2,931194 2,931194
потерю 2,612740 7,838220
трамп 1,484275 8,905649
пробива 3,401197 3,401197
дрожит 3,064725 9,194175
органами 3,218876 3,218876
сербии 3,624341 7,248682
задержание 3,401197 3,401197
воли 2,302585 2,302585
крупный 0,068993 0,068993
механизмы 3,064725 3,064725
регионам 0,076161 0,076161
выставку 3,624341 3,624341
динамо 3,218876 3,218876
блин 3,401197 3,401197
крупным 0,076161 0,076161
леонов 3,624341 3,624341
коррупционное 3,624341 3,624341
советского 2,371578 2,371578
украли 3,401197 3,401197
хищники 3,064725 3,064725
истребителей 3,401197 3,401197
стендапер 3,912023 3,912023
россияне 1,919593 3,839186
стране 2,177422 2,177422
прислали 3,064725 6,129450
остались 0,061875 0,061875
сегодня 1,643339 1,643339
отрастили 3,064725 3,064725
цифра 3,624341 3,624341
страны 1,455287 1,455287
такое 2,014903 4,029806
расправился 3,912023 3,912023
рады 0,068993 0,068993
ударов 2,302585 2,302585
мошенники 2,931194 2,931194
придут 3,401197 3,401197
акции 0,047791 0,047791
громком 3,912023 3,912023
александра 2,445686 2,445686
рассказал 1,272966 3,818897
историк 2,931194 2,931194
накануне 2,238047 6,714140
военные 2,371578 2,371578
исчезающего 3,064725 3,064725
пленными 2,813411 2,813411
приостановили 3,064725 3,064725
цеху 3,218876 3,218876
преступным 2,708050 8,124151
спасают 3,401197 3,401197
экономика 0,000000 0,000000
совершена 3,401197 3,401197
союза 2,302585 2,302585
суджей 3,064725 6,129450
секс 2,371578 2,371578
звезда 2,612740 2,612740
решения 2,302585 4,605170
прощалась 3,064725 3,064725
ностра 2,931194 2,931194
высказались 3,064725 3,064725
пользователям 3,401197 3,401197
реальный 0,013423 0,013423
загадочной 3,401197 3,401197
мафия 2,931194 2,931194
украиной 2,708050 2,708050
тысячи 0,068993 0,068993
бьет 3,401197 3,401197
боссы 2,708050 8,124151
предрек 0,076161 0,076161
казалось 2,708050 2,708050
алексей 1,919593 1,919593
зубы 2,813411 5,626821
кеннеди 3,218876 3,218876
начался 2,931194 5,862388
рекорды 3,218876 3,218876
египте 3,401197 3,401197
жителей 1,966113 1,966113
неспособность 3,401197 3,401197
стоимость 2,371578 2,371578
встрече 2,813411 2,813411
заявили 0,076161 0,152323
показания 3,064725 3,064725
гаджет 3,401197 3,401197
яркие 3,401197 3,401197
видеть 0,013423 0,013423
неуправляемой 3,624341 3,624341
компьютере 3,624341 3,624341
мафии 2,708050 10,832201
признал 2,813411 2,813411
способ 2,371578 4,743156
договорились 2,612740 5,225480
комик 2,931194 2,931194
высокий 2,931194 2,931194
влюбил 2,931194 2,931194
бпла 2,931194 2,931194
туалетов 3,624341 3,624341
перемирии 0,076161 0,076161
должок 3,624341 3,624341
костин 3,912023 3,912023
новый 1,966113 1,966113
голливудские 3,064725 3,064725
радиотехнической 3,624341 3,624341
рпл 3,624341 3,624341
новые 0,000000 0,000000
ожидает 2,931194 2,931194
доступную 4,317488 4,317488
советник 3,218876 3,218876
оценил 2,612740 2,612740
гагарина 3,401197 3,401197
ответили 2,708050 2,708050
добро 0,013423 0,013423
выражаете 0,047791 0,047791
петербург 4,317488 4,317488
помощью 0,047791 0,047791
ставки 3,624341 3,624341
рейсе 3,624341 3,624341
открытый 3,624341 3,624341
наплыву 3,624341 3,624341
помощь 2,177422 2,177422
добра 0,013423 0,026846
г 3,064725 3,064725
сотки 3,624341 3,624341
рискуя 3,624341 3,624341
премиум 4,317488 4,317488
санкт 3,218876 3,218876
экс 2,066196 2,066196
оценивайте 0,047791 0,047791
китай 3,401197 3,401197
созвонились 3,912023 3,912023
тяжелым 3,401197 6,802395
сообществом 2,708050 8,124151
оно 2,445686 2,445686
страха 3,064725 6,129450
белгородскую 2,612740 10,450960
мир 0,000000 0,000000
доставил 3,624341 3,624341
террористических 3,624341 7,248682
большую 2,612740 2,612740
погружайтесь 0,047791 0,047791
бывшим 3,064725 6,129450
росгвардией 3,624341 3,624341
бывший 0,000000 0,000000
конец 2,612740 2,612740
время 0,762140 1,524280
пособника 3,624341 3,624341
накапливайте 0,047791 0,047791
активизировать 3,624341 3,624341
говоря 2,708050 2,708050
штурмовики 3,218876 3,218876
ооо 0,000000 0,000000
деактивирована 0,013423 0,013423
выходить 2,931194 2,931194
годового 4,317488 4,317488
летели 3,624341 3,624341
существование 3,218876 3,218876
провокация 2,708050 5,416100
резко 2,371578 2,371578
минимума 4,317488 4,317488
новых 2,014903 2,014903
почками 3,401197 3,401197
структуры 0,000000 0,000000
рта 3,401197 3,401197
провел 2,708050 2,708050
бойцы 2,525729 7,577186
возненавидели 2,931194 2,931194
хочешь 0,013423 0,013423
девочку 3,401197 3,401197
обсуждать 3,218876 3,218876
пляжных 0,097980 0,097980
контрразведывательные 3,064725 3,064725
точное 3,401197 3,401197
обычную 0,013423 0,013423
пошла 2,813411 2,813411
популярном 2,931194 2,931194
организовал 3,401197 3,401197
отец 2,177422 6,532266
попадают 2,931194 2,931194
могу 2,525729 2,525729
внешность 0,097980 0,097980
популярное 4,317488 8,634976
десант 3,912023 3,912023
попросил 2,931194 2,931194
полиции 2,445686 2,445686
первую 2,238047 2,238047
закрытие 3,218876 3,218876
победить 2,931194 2,931194
русских 3,218876 3,218876
галереи 0,000000 0,000000
нелепые 3,064725 3,064725
последствий 3,218876 3,218876
боевиков 3,064725 3,064725
подмосковье 3,064725 3,064725
похорон 3,624341 3,624341
зарубежных 3,218876 3,218876
разборках 3,401197 3,401197
антироссийских 3,218876 3,218876
банковским 3,624341 3,624341
отчиталось 3,064725 3,064725
пошли 3,064725 3,064725
тяжелые 3,401197 3,401197
ждал 3,064725 3,064725
запаху 3,624341 3,624341
минобороны 1,966113 5,898339
родителям 3,064725 6,129450
купить 3,401197 3,401197
признавать 3,401197 3,401197
цвета 3,401197 3,401197
редакциярекламаконтактыпресс 0,000000 0,000000
распорядился 4,317488 4,317488
видео 0,000000 0,000000
внутривенное 3,912023 3,912023
малышке 3,912023 3,912023
масхадова 3,624341 3,624341
подорвавшегося 3,401197 3,401197
миллиардера 3,401197 3,401197
городах 3,218876 3,218876
путина 1,514128 10,598894
актер 2,813411 2,813411
коза 2,931194 2,931194
белгородской 2,931194 2,931194
выпустить 3,401197 3,401197
сумки 3,624341 3,624341
летняя 2,177422 4,354844
бренд 3,064725 3,064725
посылок 3,218876 6,437752
любимый 2,813411 2,813411
хоккею 4,317488 4,317488
сможет 2,445686 4,891372
карта 3,401197 3,401197
школьница 3,064725 6,129450
названы 2,445686 7,337058
среда 0,000000 0,000000
среди 1,714798 1,714798
скидки 0,047791 0,047791
изо 3,401197 3,401197
эксклюзивы 0,000000 0,000000
выражайте 0,047791 0,047791
атака 3,064725 3,064725
дотянет 3,624341 3,624341
задачей 3,912023 3,912023
девушки 2,445686 2,445686
главком 3,401197 3,401197
неизлечимо 3,401197 3,401197
атаки 2,177422 4,354844
москву 2,120264 2,120264
спецпосланник 2,931194 5,862388
конфликте 0,076161 0,076161
позже 1,919593 1,919593
продолжая 0,047791 0,047791
атаку 2,931194 2,931194
конфликта 1,919593 1,919593
нефтебазе 3,064725 6,129450
рынок 2,177422 4,354844
эта 2,120264 2,120264
ичкерии 3,624341 3,624341
начальника 3,218876 3,218876
утром 2,612740 5,225480
энергетики 2,445686 4,891372
конфиденциальностиправила 0,000000 0,000000
москвы 1,832581 3,665163
исповедь 2,931194 5,862388
политикой 0,047791 0,047791
крид 3,218876 3,218876
операции 1,714798 1,714798
половина 3,064725 3,064725
раскрыл 2,177422 2,177422
народы 4,317488 4,317488
ссоры 3,912023 3,912023
аптечном 3,064725 3,064725
это 0,020203 0,181824
легендарным 2,612740 7,838220
интересное 2,931194 2,931194
которого 1,875141 1,875141
большинство 2,708050 2,708050
скафандров 3,912023 3,912023
минфин 3,624341 3,624341
медведева 3,401197 3,401197
покушении 3,064725 3,064725
две 0,033902 0,067803
пассажирском 3,624341 3,624341
посмешищем 3,624341 3,624341
прежнее 3,064725 3,064725
брюсу 3,218876 3,218876
взрывы 2,931194 2,931194
ванги 3,064725 3,064725
выполнении 2,931194 2,931194
зарегистрировала 3,624341 3,624341
новости 0,000000 0,000000
разговора 1,609438 8,047190
войти 0,000000 0,000000
больную 3,401197 3,401197
тенниса 3,624341 3,624341
вышла 2,371578 2,371578
спасет 3,624341 3,624341
медитации 0,076161 0,076161
недели 2,525729 2,525729
любовь 2,813411 2,813411
регионе 2,302585 2,302585
действия 2,302585 2,302585
вывели 3,624341 3,624341
считать 2,445686 2,445686
общение 3,624341 3,624341
уход 0,076161 0,076161
артемия 3,401197 3,401197
ударили 2,931194 5,862388
мошенников 2,708050 5,416100
вернулся 2,371578 2,371578
белом 2,371578 2,371578
новое 2,931194 2,931194
рынке 2,708050 2,708050
говорят 2,371578 2,371578
справилась 4,317488 4,317488
затем 1,875141 1,875141
спецпроекты 0,000000 0,000000
начал 2,445686 4,891372
первым 2,238047 6,714140
путин 1,203973 12,039728
офицер 2,813411 5,626821
усомнился 3,912023 3,912023
внесли 3,624341 3,624341
путиным 1,966113 5,898339
игры 0,000000 0,000000
вещество 3,064725 3,064725
февраля 1,272966 1,272966
техника 0,000000 0,000000
кладбища 3,064725 6,129450
пять 1,576648 1,576648
употребивший 3,401197 3,401197
жалеет 3,218876 3,218876
трампа 0,054808 0,548082
инн 3,218876 12,875503
германии 2,177422 2,177422
авито 3,624341 3,624341
коллегии 3,624341 3,624341
футболисты 3,624341 3,624341
футболиста 3,401197 3,401197
авторынке 4,317488 4,317488
компания 2,371578 2,371578
отвел 0,076161 0,076161
бойся 3,912023 3,912023
происходит 2,014903 4,029806
возвращения 2,445686 4,891372
высшем 2,612740 5,225480
деградации 3,624341 3,624341
марта 0,040822 1,592058
купол 4,317488 4,317488
ответ 2,177422 2,177422
собеседованиях 3,624341 3,624341
красок 3,912023 3,912023
букет 3,401197 3,401197
реакций 0,047791 0,047791
садоводов 3,624341 3,624341
большие 2,813411 2,813411
реакции 0,047791 0,047791
массово 2,371578 2,371578
зайти 3,218876 3,218876
отечественная 3,218876 3,218876
компаний 2,525729 7,577186
показали 2,931194 5,862388
реакция 2,612740 2,612740
увольнений 3,064725 3,064725
драгоценности 3,401197 3,401197
автоваз 3,401197 3,401197
пособников 3,401197 6,802395
группировки 2,931194 2,931194
попытках 2,612740 5,225480
красить 3,912023 3,912023
самые 1,832581 3,665163
зеленского 0,068993 0,068993
снижаться 3,624341 3,624341
производителей 3,401197 3,401197
вредные 3,624341 3,624341
лента 0,000000 0,000000
аэропорт 3,218876 3,218876
неожиданная 3,401197 3,401197
лебедева 3,624341 3,624341
ходила 3,401197 3,401197
роль 1,966113 1,966113
выявлена 3,624341 3,624341
приказа 2,813411 5,626821
пришельцами 3,064725 3,064725
борьба 2,445686 2,445686
экстремистких 3,624341 3,624341
жми 0,013423 0,013423
приехал 2,612740 2,612740
возможности 2,238047 2,238047
женский 3,218876 3,218876
появились 1,875141 1,875141
ленту 0,013423 0,013423
беспилотники 2,813411 5,626821
затопленного 0,076161 0,076161
состоится 3,064725 3,064725
проблемах 2,445686 2,445686
колготки 3,624341 3,624341
передо 3,401197 3,401197
дронов 2,177422 4,354844
космос 2,931194 2,931194
небе 2,931194 2,931194
россии 0,425668 9,790360
применения 0,000000 0,000000
лишился 2,931194 2,931194
задержали 2,302585 9,210340
сделал 2,120264 2,120264
ридли 3,401197 3,401197
ценности 0,000000 0,000000
документами 3,624341 3,624341
прорваться 2,813411 5,626821
спасло 3,218876 3,218876
отдаст 3,912023 3,912023
задержала 3,401197 3,401197
династии 3,624341 3,624341
потребления 3,624341 3,624341
вс 2,371578 2,371578
поняла 3,218876 3,218876
рублей 1,514128 4,542383
материалам 0,047791 0,047791
известно 1,297063 5,188253
дата 3,064725 3,064725
запорожской 3,401197 3,401197
лидеры 3,218876 3,218876
вернуться 0,013423 0,040269
ваши 0,047791 0,047791
привела 2,525729 2,525729
западе 2,612740 2,612740
спасли 3,401197 6,802395
устроили 3,218876 3,218876
ваша 3,912023 3,912023
китайский 3,912023 3,912023
доброй 2,525729 2,525729
россия 0,000000 0,000000
россию 1,609438 8,047190
извините 3,912023 3,912023
инвалида 2,931194 2,931194
рассказали 1,919593 1,919593
объяснило 2,931194 5,862388
супы 3,064725 3,064725
коллегой 2,525729 2,525729
лидера 2,302585 2,302585
свои 0,027029 0,081086
говорили 2,813411 2,813411
оружием 3,064725 3,064725
генпрокуратуры 3,401197 3,401197
вопросу 3,064725 3,064725
телефонных 3,218876 6,437752
уиллису 3,218876 3,218876
поручил 2,931194 5,862388
ехать 3,912023 3,912023
американских 2,371578 2,371578
инвалидом 3,401197 3,401197
уволит 0,076161 0,076161
американский 0,061875 0,123751
причину 3,218876 3,218876
сервисы 3,064725 3,064725
телефонные 3,064725 6,129450
отца 2,813411 2,813411
трех 1,919593 1,919593
мирра 3,912023 3,912023
зеленский 1,714798 5,144395
сбила 3,064725 6,129450
десятого 3,624341 3,624341
давать 3,064725 3,064725
контроле 3,218876 3,218876
зеленским 0,076161 0,152323
электростанцией 3,624341 3,624341
питание 2,931194 2,931194
словами 2,708050 2,708050
ес 2,708050 5,416100
отреагировал 2,612740 5,225480
двум 0,076161 0,076161
кубка 3,912023 3,912023
вызвала 0,097980 0,097980
число 2,014903 2,014903
оргии 3,401197 3,401197
контроль 2,445686 4,891372
вызвали 3,912023 3,912023
мэра 2,612740 2,612740
отреагировали 2,238047 6,714140
умер 2,708050 2,708050
подешевевшие 3,624341 3,624341
доход 2,931194 2,931194
российского 1,484275 4,452824
чему 2,708050 2,708050
аферистов 3,401197 3,401197
безногий 3,624341 3,624341
прогресс 0,097980 0,097980
ходе 1,791759 1,791759
пво 3,401197 3,401197
позиций 3,064725 3,064725
дом 2,014903 4,029806
форме 0,061875 0,061875
угоном 3,401197 3,401197
добросовестными 3,401197 3,401197
друга 2,525729 2,525729
силовые 0,000000 0,000000
хлопке 3,912023 3,912023
вернулась 2,445686 4,891372
пройдет 2,931194 2,931194
тысяч 1,427116 1,427116
окружение 3,064725 3,064725
дня 0,061875 0,061875
подругой 3,064725 3,064725
женской 3,064725 3,064725
советских 3,064725 3,064725
море 2,931194 5,862388
любит 3,064725 3,064725
службы 2,525729 2,525729
сотрудников 0,076161 0,076161
полуторагодовалую 3,912023 3,912023
границе 2,813411 2,813411
прослыл 3,401197 3,401197
сил 1,791759 1,791759
дней 1,791759 1,791759
домой 2,612740 2,612740
потребовали 2,708050 8,124151
начались 0,068993 0,068993
егор 3,218876 3,218876
поплатилась 3,624341 3,624341
великобритании 2,813411 2,813411
сих 2,302585 2,302585
предложение 2,302585 2,302585
рекомендательных 0,000000 0,000000
вмф 3,064725 6,129450
белый 2,525729 5,051457
роскосмоса 3,401197 3,401197
гробницу 3,624341 3,624341
красноярском 3,064725 6,129450
крашем 3,401197 3,401197
россиян 1,714798 1,714798
тихом 3,401197 3,401197
фразой 3,064725 3,064725
признали 2,177422 6,532266
распродажа 3,912023 3,912023
забота 0,000000 0,000000
пожаловать 0,013423 0,013423
вредны 3,064725 3,064725
который 1,272966 1,272966
призвали 2,708050 2,708050
спала 3,401197 3,401197
россиянок 2,302585 4,605170
победа 0,000000 0,000000
красноармейском 3,401197 3,401197
телефону 2,931194 2,931194
возврату 3,624341 3,624341
глобал 4,317488 4,317488
судже 2,931194 2,931194
страшнее 3,624341 3,624341
политиках 3,912023 3,912023
суджи 3,064725 3,064725
атлантику 3,624341 3,624341
сепаратистов 3,624341 3,624341
орла 3,912023 3,912023
опечатку 0,000000 0,000000
сми 0,000000 0,000000
эрекция 2,931194 5,862388
сицилийской 2,708050 10,832201
пехота 3,624341 3,624341
понять 2,525729 2,525729
вниз 3,401197 3,401197
икры 3,624341 3,624341
ахмедова 3,912023 3,912023
спасение 2,371578 2,371578
создании 3,064725 3,064725
будем 2,612740 2,612740
наркоторговцев 3,401197 3,401197
эвакуировали 3,218876 3,218876
несколько 1,347074 4,041221
стран 2,302585 2,302585
герой 2,612740 2,612740
место 0,054808 0,164425
мс 0,097980 0,097980
начали 1,427116 1,427116
начале 2,177422 2,177422
губернатором 3,064725 6,129450
преступление 3,218876 3,218876
попытки 2,302585 4,605170
обещанного 3,064725 3,064725
генпрокуратуре 3,401197 3,401197
выругался 3,912023 3,912023
огрн 3,624341 3,624341
начала 1,832581 1,832581
поисках 3,401197 3,401197
подводных 3,624341 3,624341
прошел 2,371578 2,371578
преступлений 3,218876 3,218876
океане 3,401197 3,401197
использовать 2,612740 2,612740
влияния 2,302585 6,907755
черном 3,064725 3,064725
фомин 3,624341 3,624341
невзоровых 3,624341 3,624341
вывезли 3,218876 6,437752
понравилось 3,218876 3,218876
упала 3,624341 3,624341
великая 3,064725 3,064725
скотт 3,401197 3,401197
московской 3,401197 3,401197
предупреждал 3,218876 3,218876
признаком 3,064725 3,064725
уровне 2,371578 4,743156
взбудоражили 3,064725 3,064725
модель 3,401197 3,401197
дракона 2,931194 5,862388
десанта 3,218876 3,218876
механизм 2,813411 2,813411
влияние 2,371578 2,371578
переговоров 1,714798 5,144395
мести 3,064725 3,064725
фашистов 3,624341 3,624341
усы 3,064725 3,064725
возмутились 3,064725 3,064725
сдержать 2,931194 2,931194
всу 1,373049 21,968786
правды 0,068993 0,068993
договоренность 3,064725 3,064725
одежды 2,931194 2,931194
сотни 2,066196 6,198589
оккупации 2,612740 2,612740
хочет 1,966113 3,932226
вернуть 2,708050 2,708050
города 1,714798 1,714798
бербок 3,401197 3,401197
огня 1,678431 3,356862
городе 0,061875 0,061875
проиграли 4,317488 4,317488
скота 2,931194 2,931194
года 0,899761 0,899761
правда 2,014903 2,014903
проникнуть 2,708050 5,416100
уникальный 3,218876 3,218876
анонсировал 2,813411 5,626821
вся 2,612740 5,225480
зоопарке 3,064725 3,064725
наука 0,000000 0,000000
спч 3,401197 3,401197
обсудили 2,931194 5,862388
слониха 3,064725 3,064725
