зеленского 0,068993 0,068993
преступников 3,624341 3,624341
перемирии 0,076161 0,076161
балкон 5,010635 5,010635
ру 0,000000 0,000000
банк 0,076161 0,076161
лента 0,000000 0,000000
проникновения 3,912023 3,912023
новые 0,000000 0,000000
газета 3,401197 3,401197
спорт 0,000000 0,000000
споры 0,097980 0,097980
согласие 0,047791 0,047791
добро 0,013423 0,013423
военной 0,061875 0,061875
винар 5,010635 5,010635
выражаете 0,047791 0,047791
четыре 0,040822 0,040822
тамима 5,010635 5,010635
общую 5,010635 5,010635
жми 0,013423 0,013423
помощью 0,047791 0,047791
наличные 5,010635 5,010635
связаться 4,317488 4,317488
ссылкой 3,064725 3,064725
добра 0,013423 0,026846
словам 1,272966 1,272966
ленту 0,013423 0,013423
затопленного 0,076161 0,076161
фото 0,061875 0,123751
шейха 4,317488 4,317488
водой 0,061875 0,061875
применения 0,000000 0,000000
технологиймини 0,000000 0,000000
экс 2,066196 8,264785
оценивайте 0,047791 0,047791
обитания 0,000000 0,000000
ценности 0,000000 0,000000
материалам 0,047791 0,047791
конфиденциальности 0,047791 0,047791
вернуться 0,013423 0,013423
мир 0,000000 0,000000
ваши 0,047791 0,047791
российским 0,076161 0,076161
нажмите 0,000000 0,000000
получайте 0,047791 0,047791
погружайтесь 0,047791 0,047791
сумок 5,010635 10,021271
бывший 0,000000 0,000000
врасплох 3,912023 3,912023
проблемы 0,076161 0,076161
накапливайте 0,047791 0,047791
интернет 0,000000 0,000000
россия 0,000000 0,000000
ооо 0,000000 0,000000
обратился 0,076161 0,076161
деактивирована 0,013423 0,013423
путешествия 0,000000 0,000000
свои 0,027029 0,027029
отсутствовал 5,010635 5,010635
кураньи 5,010635 15,031906
застал 3,401197 3,401197
структуры 0,000000 0,000000
сергей 2,708050 2,708050
индии 0,076161 0,076161
гид 0,076161 0,076161
хочешь 0,013423 0,013423
нашли 0,000000 0,000000
пляжных 0,097980 0,097980
уволит 0,076161 0,076161
дома 0,061875 0,061875
американский 0,061875 0,061875
бен 4,317488 4,317488
обычную 0,013423 0,013423
пола 0,097980 0,097980
внешность 0,097980 0,097980
представитель 2,120264 2,120264
сумму 3,624341 3,624341
полиции 2,445686 2,445686
украинском 0,076161 0,076161
света 0,054808 0,054808
эмира 5,010635 5,010635
галереи 0,000000 0,000000
евро 2,931194 11,724775
олимпийские 5,010635 5,010635
белоусов 0,076161 0,076161
эмоции 0,047791 0,047791
фадеичев 5,010635 5,010635
зеленским 0,076161 0,076161
однако 1,249435 1,249435
условиями 0,040822 0,081644
двум 0,076161 0,076161
вызвала 0,097980 0,097980
сети 0,090654 0,090654
военнослужащим 0,076161 0,076161
произошел 3,912023 3,912023
читайте 0,040822 0,040822
полиция 2,931194 2,931194
полицию 3,624341 3,624341
мария 2,525729 2,525729
байконур 0,097980 0,097980
редакциярекламаконтактыпресс 0,000000 0,000000
материалы 0,000000 0,000000
видео 0,000000 0,000000
явления 3,624341 3,624341
депутат 0,076161 0,076161
прогресс 0,097980 0,097980
статьи 0,000000 0,000000
инцидент 3,912023 3,912023
видявленияроскошьличности 2,813411 2,813411
дом 2,014903 4,029806
форме 0,061875 0,061875
последние 0,090654 0,090654
предрекли 0,076161 0,076161
культура 0,000000 0,000000
момент 1,714798 3,429597
всестильвнешний 2,813411 2,813411
сумки 3,624341 10,873023
обсудить 0,456758 0,456758
силовые 0,000000 0,000000
архив 0,000000 0,000000
дверь 3,064725 3,064725
тысяч 1,427116 5,708465
дня 0,061875 0,061875
сша 0,040822 0,040822
удалось 1,714798 1,714798
сообщалось 2,931194 2,931194
злоумышленников 5,010635 5,010635
среда 0,000000 0,000000
раскрытии 0,076161 0,076161
скидки 0,047791 0,047791
июле 4,317488 4,317488
сотрудников 0,076161 0,076161
настоящий 3,401197 3,401197
эксклюзивы 0,000000 0,000000
российском 0,076161 0,076161
выражайте 0,047791 0,047791
начались 0,068993 0,068993
неизвестные 4,317488 4,317488
рекомендательных 0,000000 0,000000
около 1,678431 1,678431
конфликте 0,076161 0,076161
продолжая 0,047791 0,047791
работает 0,040822 0,040822
увлекательные 0,047791 0,047791
пятницу 4,317488 4,317488
тасс 2,371578 2,371578
переговоры 0,054808 0,054808
конфиденциальностиправила 0,000000 0,000000
бонусы 0,047791 0,095581
политикой 0,047791 0,047791
маккартни 0,097980 0,097980
возвращении 3,064725 3,064725
жильцы 0,076161 0,076161
проникли 4,317488 4,317488
жизни 0,000000 0,000000
забота 0,000000 0,000000
сбер 0,040822 0,040822
пожаловать 0,013423 0,013423
использованияполитика 0,000000 0,000000
уточнения 4,317488 4,317488
двое 3,624341 3,624341
клуба 2,931194 2,931194
крупный 0,068993 0,068993
регионам 0,076161 0,076161
сообщает 2,120264 2,120264
динамо 3,218876 12,875503
крупным 0,076161 0,076161
туристку 0,076161 0,076161
это 0,020203 0,040405
победа 0,000000 0,000000
украли 3,401197 17,005987
спортсмен 5,010635 5,010635
остались 0,061875 0,061875
две 0,033902 0,033902
мотор 0,000000 0,000000
обменивайте 0,047791 0,047791
опечатку 0,000000 0,000000
сми 0,000000 0,000000
зашли 5,010635 5,010635
рады 0,068993 0,068993
несколько 1,347074 1,347074
новости 0,000000 0,000000
войти 0,000000 0,000000
место 0,054808 0,054808
акции 0,047791 0,047791
хорошие 0,013423 0,013423
мс 0,097980 0,097980
рассказал 1,272966 1,272966
медитации 0,076161 0,076161
катара 5,010635 5,010635
кевина 5,010635 5,010635
роскошных 4,317488 4,317488
сбежать 4,317488 4,317488
сборной 4,317488 4,317488
дороге 3,624341 3,624341
экономика 0,000000 0,000000
балконную 5,010635 5,010635
уход 0,076161 0,076161
расположенный 5,010635 5,010635
ведет 3,401197 3,401197
прибыл 0,083382 0,083382
родственницы 5,010635 5,010635
просит 3,912023 3,912023
штутгарте 5,010635 5,010635
спецпроекты 0,000000 0,000000
очевидцев 4,317488 4,317488
аль 3,624341 3,624341
тани 5,010635 5,010635
реальный 0,013423 0,013423
игры 0,000000 0,000000
техника 0,000000 0,000000
ссср 0,000000 0,000000
правды 0,068993 0,068993
трампа 0,054808 0,054808
тысячи 0,068993 0,068993
германии 2,177422 2,177422
футболиста 3,401197 13,604790
отвел 0,076161 0,076161
предрек 0,076161 0,076161
расследование 3,064725 3,064725
московского 3,912023 3,912023
марта 0,040822 0,081644
городе 0,061875 0,061875
хамада 5,010635 5,010635
главное 0,000000 0,000000
года 0,899761 0,899761
информации 1,919593 1,919593
прошлого 2,813411 2,813411
реакций 0,047791 0,047791
летнего 0,097980 0,097980
заявили 0,076161 0,076161
реакции 0,047791 0,047791
мини 0,000000 0,000000
видеть 0,013423 0,013423
драгоценности 3,401197 13,604790
изнасиловал 0,076161 0,076161
наука 0,000000 0,000000
