зеленского 0,068993 0,068993
перемирии 0,076161 0,076161
метро 2,931194 11,724775
ру 0,000000 0,000000
банк 0,076161 0,076161
рф 1,514128 1,514128
лента 0,000000 0,000000
новые 0,000000 0,000000
спорт 0,000000 0,000000
ск 5,010635 25,053176
заявил 1,098612 1,098612
споры 0,097980 0,097980
согласие 0,047791 0,047791
добро 0,013423 0,013423
вероятно 2,813411 2,813411
военной 0,061875 0,123751
выражаете 0,047791 0,047791
четыре 0,040822 0,040822
менее 2,014903 2,014903
жми 0,013423 0,013423
трудоспособность 5,010635 5,010635
помощью 0,047791 0,047791
анисеева 4,317488 4,317488
заметил 2,612740 2,612740
таким 2,014903 4,029806
уголовное 3,624341 3,624341
подчеркнул 2,525729 2,525729
александр 1,832581 1,832581
соусом 5,010635 5,010635
получившего 4,317488 4,317488
унижении 5,010635 5,010635
подозреваемый 4,317488 4,317488
добра 0,013423 0,026846
ленту 0,013423 0,013423
трифонов 5,010635 5,010635
затопленного 0,076161 0,076161
фото 0,061875 0,247502
лет 0,967584 4,837920
грозит 3,064725 3,064725
отбывание 5,010635 5,010635
водой 0,061875 0,061875
пресс 2,708050 2,708050
россии 0,425668 0,851336
применения 0,000000 0,000000
суд 1,966113 1,966113
технологиймини 0,000000 0,000000
задержали 2,302585 9,210340
станислав 3,218876 3,218876
высказывал 5,010635 5,010635
коммерсантъ 2,708050 5,416100
оценивайте 0,047791 0,047791
обитания 0,000000 0,000000
ценности 0,000000 0,000000
выступлении 5,010635 10,021271
шутка 3,912023 3,912023
спецслужбыпреступная 2,525729 2,525729
увечья 4,317488 4,317488
назвал 1,347074 1,347074
рублей 1,514128 1,514128
материалам 0,047791 0,047791
конфиденциальности 0,047791 0,047791
инвалиде 5,010635 5,010635
вернуться 0,013423 0,013423
мир 0,000000 0,000000
ваши 0,047791 0,047791
ук 3,401197 3,401197
культяпковозку 3,912023 7,824046
российским 0,076161 0,076161
нажмите 0,000000 0,000000
судкриминалполиция 2,525729 2,525729
получайте 0,047791 0,047791
дело 2,120264 2,120264
сво 2,445686 7,337058
своем 1,919593 1,919593
выступления 3,218876 6,437752
деле 2,238047 2,238047
погружайтесь 0,047791 0,047791
шести 2,445686 7,337058
речь 2,525729 2,525729
накинулись 5,010635 5,010635
уехать 3,912023 3,912023
бывший 0,000000 0,000000
проблемы 0,076161 0,076161
накапливайте 0,047791 0,047791
интернет 0,000000 0,000000
россия 0,000000 0,000000
ооо 0,000000 0,000000
обратился 0,076161 0,076161
инвалида 2,931194 5,862388
дела 2,813411 8,440232
деактивирована 0,013423 0,013423
шутки 3,401197 6,802395
путешествия 0,000000 0,000000
пошутил 3,912023 3,912023
отдела 0,579818 0,579818
свои 0,027029 0,027029
шутке 5,010635 5,010635
версии 3,218876 3,218876
вопросу 3,064725 3,064725
структуры 0,000000 0,000000
инвалидах 5,010635 5,010635
индии 0,076161 0,076161
гид 0,076161 0,076161
хочешь 0,013423 0,013423
нашли 0,000000 0,000000
пляжных 0,097980 0,097980
срока 3,912023 3,912023
уволит 0,076161 0,076161
принудительные 5,010635 5,010635
дома 0,061875 0,061875
свободы 3,624341 3,624341
американский 0,061875 0,061875
обычную 0,013423 0,013423
пола 0,097980 0,097980
утративших 5,010635 5,010635
украине 1,139434 2,278869
внешность 0,097980 0,097980
трех 1,919593 1,919593
останину 3,912023 3,912023
адрес 3,218876 3,218876
публичного 5,010635 5,010635
специальной 3,401197 3,401197
украинском 0,076161 0,076161
света 0,054808 0,054808
двух 1,678431 1,678431
лиц 3,218876 3,218876
получивших 5,010635 5,010635
галереи 0,000000 0,000000
ног 3,401197 3,401197
допросят 5,010635 5,010635
пытался 2,708050 2,708050
белоусов 0,076161 0,076161
увечье 5,010635 5,010635
эмоции 0,047791 0,047791
скейте 5,010635 5,010635
зеленским 0,076161 0,076161
сюжетспециальная 5,010635 5,010635
возбуждение 3,912023 3,912023
условиями 0,040822 0,081644
двум 0,076161 0,076161
вызвала 0,097980 0,097980
подробности 2,238047 2,238047
работы 1,455287 1,455287
сети 0,090654 0,181309
военнослужащим 0,076161 0,076161
равно 2,931194 2,931194
причина 2,445686 2,445686
читайте 0,040822 0,040822
останина 3,218876 12,875503
байконур 0,097980 0,097980
редакциярекламаконтактыпресс 0,000000 0,000000
материалы 0,000000 0,000000
оскорбление 5,010635 5,010635
видео 0,000000 0,000000
участника 5,010635 5,010635
российского 1,484275 1,484275
унижение 3,912023 3,912023
депутат 0,076161 0,076161
мышление 4,317488 4,317488
комика 3,064725 9,194175
прогресс 0,097980 0,097980
статье 2,813411 2,813411
статьи 0,000000 0,000000
ходе 1,791759 3,583519
размере 3,624341 3,624341
возбуждено 5,010635 5,010635
пошутившего 3,218876 3,218876
форме 0,061875 0,061875
последние 0,090654 0,090654
предрекли 0,076161 0,076161
московские 4,317488 4,317488
культура 0,000000 0,000000
сообщили 2,177422 2,177422
силовые 0,000000 0,000000
архив 0,000000 0,000000
части 2,014903 2,014903
военная 3,218876 3,218876
тысяч 1,427116 1,427116
попрошайке 5,010635 5,010635
дня 0,061875 0,061875
враждебные 5,010635 5,010635
сша 0,040822 0,040822
грозить 5,010635 5,010635
вражды 3,912023 3,912023
отношении 1,791759 1,791759
уточнили 3,912023 7,824046
человеческого 3,912023 7,824046
комитета 2,813411 2,813411
позднее 3,401197 3,401197
среда 0,000000 0,000000
раскрытии 0,076161 0,076161
редактор 0,567984 0,567984
следствие 2,813411 2,813411
скидки 0,047791 0,047791
сотрудников 0,076161 0,076161
пошутившему 5,010635 5,010635
эксклюзивы 0,000000 0,000000
российском 0,076161 0,076161
москве 1,791759 1,791759
выражайте 0,047791 0,047791
комментарии 1,484275 2,968550
москва 2,302585 2,302585
комментарий 4,317488 4,317488
колонии 3,064725 6,129450
начались 0,068993 0,068993
границу 3,218876 3,218876
интернете 3,401197 3,401197
рекомендательных 0,000000 0,000000
конфликте 0,076161 0,076161
продолжая 0,047791 0,047791
работает 0,040822 0,040822
увлекательные 0,047791 0,047791
комику 4,317488 8,634976
каналу 4,317488 4,317488
изначально 3,064725 3,064725
переговоры 0,054808 0,054808
следствия 3,912023 3,912023
конфиденциальностиправила 0,000000 0,000000
всеследствие 2,525729 2,525729
бонусы 0,047791 0,095581
времени 1,919593 1,919593
разошлось 5,010635 5,010635
политикой 0,047791 0,047791
службе 4,317488 4,317488
маккартни 0,097980 0,097980
осторожно 4,317488 4,317488
жильцы 0,076161 0,076161
связана 3,064725 3,064725
жизни 0,000000 0,000000
скором 3,624341 3,624341
операции 1,714798 1,714798
забота 0,000000 0,000000
сбер 0,040822 0,040822
пожаловать 0,013423 0,013423
использованияполитика 0,000000 0,000000
некрасов 5,010635 5,010635
слова 2,177422 2,177422
который 1,272966 1,272966
штраф 4,317488 4,317488
пересечь 3,912023 3,912023
наталья 3,401197 3,401197
задержание 3,401197 3,401197
крупный 0,068993 0,068993
регионам 0,076161 0,076161
находится 2,371578 2,371578
крупным 0,076161 0,076161
операция 2,708050 2,708050
это 0,020203 0,020203
туристку 0,076161 0,076161
которого 1,875141 1,875141
победа 0,000000 0,000000
самом 2,014903 2,014903
стендапер 3,912023 11,736069
остались 0,061875 0,061875
этих 2,371578 2,371578
две 0,033902 0,033902
новость 3,401197 3,401197
мотор 0,000000 0,000000
ненависти 3,912023 3,912023
обменивайте 0,047791 0,047791
опечатку 0,000000 0,000000
сми 0,000000 0,000000
оперативной 2,177422 2,177422
страны 1,455287 1,455287
рады 0,068993 0,068993
подтвердил 3,218876 3,218876
новости 0,000000 0,000000
войти 0,000000 0,000000
останинстендап 5,010635 5,010635
место 0,054808 0,054808
акции 0,047791 0,047791
хорошие 0,013423 0,013423
мс 0,097980 0,097980
ведомстве 2,931194 2,931194
рассказал 1,272966 1,272966
естественно 3,624341 3,624341
отключены 1,576648 1,576648
критическое 4,317488 4,317488
спецоперацию 5,010635 5,010635
медитации 0,076161 0,076161
попытке 3,912023 3,912023
шла 2,813411 2,813411
блогеры 3,624341 3,624341
стендапера 5,010635 15,031906
миридонов 4,317488 4,317488
экономика 0,000000 0,000000
культяпковозкой 3,912023 3,912023
уход 0,076161 0,076161
данную 4,317488 4,317488
продолжается 4,317488 4,317488
артемия 3,401197 3,401197
подали 5,010635 5,010635
прибыл 0,083382 0,083382
спецпроекты 0,000000 0,000000
артемий 3,401197 3,401197
катается 5,010635 5,010635
каналах 4,317488 4,317488
либо 1,919593 1,919593
допроса 5,010635 5,010635
подавалась 5,010635 5,010635
реальный 0,013423 0,013423
игры 0,000000 0,000000
техника 0,000000 0,000000
ссср 0,000000 0,000000
назначат 5,010635 5,010635
правды 0,068993 0,068993
подключал 5,010635 5,010635
останин 3,912023 7,824046
трампа 0,054808 0,054808
тысячи 0,068993 0,068993
следственного 5,010635 5,010635
никто 2,302585 2,302585
отвел 0,076161 0,076161
достоинства 3,912023 7,824046
предрек 0,076161 0,076161
расследование 3,064725 3,064725
пяти 3,401197 3,401197
марта 0,040822 0,081644
городе 0,061875 0,123751
главное 0,000000 0,000000
мнение 2,813411 2,813411
года 0,899761 0,899761
информации 1,919593 1,919593
интервью 2,525729 2,525729
реакций 0,047791 0,047791
летнего 0,097980 0,097980
информация 2,931194 2,931194
заявили 0,076161 0,152323
реакции 0,047791 0,047791
информацию 2,612740 2,612740
мини 0,000000 0,000000
фигуранта 5,010635 5,010635
вся 2,612740 2,612740
видеть 0,013423 0,013423
изнасиловал 0,076161 0,076161
расследования 3,912023 3,912023
выяснилось 2,371578 2,371578
влад 3,912023 3,912023
лишения 3,912023 3,912023
комик 2,931194 2,931194
наука 0,000000 0,000000
образом 2,066196 2,066196
никак 2,931194 5,862388
якобы 2,813411 2,813411
правоохранители 4,317488 4,317488
