перемирии 0,076161 0,076161
ру 0,000000 0,000000
банк 0,076161 0,076161
рф 1,514128 1,514128
играет 3,218876 3,218876
новый 1,966113 1,966113
новые 0,000000 0,000000
занятыми 5,010635 5,010635
ротацию 5,010635 5,010635
энергоснабжении 5,010635 5,010635
указал 2,525729 2,525729
вокруг 2,525729 5,051457
заявил 1,098612 4,394449
ситуации 2,014903 2,014903
согласие 0,047791 0,047791
добро 0,013423 0,013423
выражаете 0,047791 0,047791
нуждается 5,010635 5,010635
помощью 0,047791 0,047791
мид 3,064725 3,064725
возможное 3,064725 3,064725
добра 0,013423 0,026846
словам 1,272966 5,091863
фото 0,061875 0,309377
санкций 2,302585 2,302585
лет 0,967584 0,967584
неоднозначно 4,317488 4,317488
возобновит 5,010635 5,010635
разговор 1,791759 1,791759
водой 0,061875 0,061875
запорожская 5,010635 5,010635
безопасностью 5,010635 10,021271
технологиймини 0,000000 0,000000
неясно 3,912023 3,912023
оценивайте 0,047791 0,047791
войскам 5,010635 5,010635
конфиденциальности 0,047791 0,047791
удается 3,401197 3,401197
войсками 3,624341 3,624341
мир 0,000000 0,000000
продолжает 3,401197 3,401197
нажмите 0,000000 0,000000
большую 2,612740 2,612740
главой 3,912023 3,912023
своей 2,066196 2,066196
получайте 0,047791 0,047791
погружайтесь 0,047791 0,047791
бывший 0,000000 0,000000
время 0,762140 0,762140
террористические 5,010635 5,010635
отмечает 2,612740 2,612740
проблемы 0,076161 0,076161
накапливайте 0,047791 0,047791
курскую 3,624341 7,248682
лихачев 5,010635 5,010635
волнует 4,317488 4,317488
ооо 0,000000 0,000000
провокаций 5,010635 5,010635
деактивирована 0,013423 0,013423
путешествия 0,000000 0,000000
отдела 0,579818 0,579818
неопределенность 5,010635 5,010635
восстановления 3,912023 3,912023
ранее 1,003302 1,003302
ситуацию 2,931194 11,724775
республике 3,401197 3,401197
территории 1,919593 1,919593
главных 2,445686 2,445686
новых 2,014903 2,014903
также 0,762140 5,334980
структуры 0,000000 0,000000
индии 0,076161 0,076161
город 2,445686 2,445686
хочешь 0,013423 0,013423
украина 1,832581 7,330326
нашли 0,000000 0,000000
пляжных 0,097980 0,097980
одной 1,514128 1,514128
трамппрезидент 4,317488 4,317488
подходов 5,010635 5,010635
обычную 0,013423 0,013423
украине 1,139434 3,418303
внешность 0,097980 0,097980
территорию 2,612740 2,612740
киевом 3,624341 3,624341
украинском 0,076161 0,076161
света 0,054808 0,054808
украины 1,021651 4,086605
курской 1,832581 1,832581
галереи 0,000000 0,000000
обеспечивать 3,912023 3,912023
международного 3,912023 3,912023
спутника 5,010635 5,010635
белоусов 0,076161 0,076161
боевых 3,064725 3,064725
однако 1,249435 1,249435
условиями 0,040822 0,081644
системе 3,912023 3,912023
дональд 2,238047 4,476093
атомной 3,401197 23,808382
стремятся 3,912023 3,912023
читайте 0,040822 0,040822
киева 2,612740 2,612740
стороны 1,643339 1,643339
обмена 2,813411 2,813411
байконур 0,097980 0,097980
редакциярекламаконтактыпресс 0,000000 0,000000
председатель 2,813411 2,813411
видео 0,000000 0,000000
защищена 5,010635 5,010635
контролировать 3,624341 3,624341
обстрелов 5,010635 5,010635
персонал 3,624341 3,624341
поддержания 3,624341 3,624341
сторона 3,218876 3,218876
последние 0,090654 0,090654
предрекли 0,076161 0,076161
решил 2,708050 2,708050
обсудить 0,456758 0,456758
архив 0,000000 0,000000
означала 4,317488 4,317488
константин 2,813411 2,813411
сша 0,040822 0,244932
активности 3,401197 3,401197
лидер 1,919593 1,919593
важную 3,624341 3,624341
среда 0,000000 0,000000
говорить 3,064725 6,129450
увеличилось 4,317488 4,317488
раскрытии 0,076161 0,076161
хотел 2,931194 2,931194
производить 5,010635 5,010635
суверенитета 4,317488 4,317488
качестве 2,302585 2,302585
скидки 0,047791 0,047791
эксклюзивы 0,000000 0,000000
российском 0,076161 0,076161
выражайте 0,047791 0,047791
госкорпорации 4,317488 4,317488
российской 2,014903 2,014903
зеленскийпрезидент 4,317488 4,317488
атаки 2,177422 2,177422
угрозы 3,912023 3,912023
конфликте 0,076161 0,076161
продолжая 0,047791 0,047791
конфликта 1,919593 3,839186
большой 2,371578 2,371578
поступающей 5,010635 5,010635
эта 2,120264 2,120264
которое 2,371578 2,371578
энергетики 2,445686 2,445686
виктория 4,317488 4,317488
конфиденциальностиправила 0,000000 0,000000
бонусы 0,047791 0,095581
политикой 0,047791 0,047791
накалить 5,010635 5,010635
отметил 1,791759 5,375278
жильцы 0,076161 0,076161
жизни 0,000000 0,000000
отметило 5,010635 5,010635
станцию 3,912023 3,912023
работать 2,120264 2,120264
станция 3,624341 10,873023
наших 2,708050 2,708050
результате 2,238047 2,238047
находится 2,371578 2,371578
провести 2,931194 2,931194
группа 2,813411 2,813411
туристку 0,076161 0,076161
украинские 2,525729 5,051457
потеряет 4,317488 4,317488
это 0,020203 0,121216
энергетической 2,445686 4,891372
украинский 2,612740 2,612740
этих 2,371578 2,371578
две 0,033902 0,033902
вашингтон 2,813411 2,813411
мотор 0,000000 0,000000
обменивайте 0,047791 0,047791
оперативной 2,177422 2,177422
разницу 4,317488 4,317488
нарушает 3,912023 3,912023
станции 3,624341 7,248682
комиссии 3,912023 3,912023
новости 0,000000 0,000000
разговора 1,609438 1,609438
войти 0,000000 0,000000
хорошие 0,013423 0,013423
отключены 1,576648 1,576648
беседы 2,813411 2,813411
медитации 0,076161 0,076161
дипломат 3,912023 3,912023
безопасное 5,010635 5,010635
обеспокоенность 5,010635 5,010635
сопредседатель 4,317488 4,317488
уход 0,076161 0,076161
удивлена 5,010635 5,010635
энергодар 5,010635 5,010635
почему 0,899761 0,899761
власти 1,919593 1,919593
директор 2,612740 2,612740
вопросам 3,912023 3,912023
относительно 3,064725 3,064725
земли 3,218876 3,218876
прибыл 0,083382 0,083382
говорят 2,371578 2,371578
области 1,399717 2,799435
затем 1,875141 1,875141
спецпроекты 0,000000 0,000000
захарова 3,218876 3,218876
могла 2,708050 2,708050
спутник 5,010635 5,010635
гарантий 3,624341 3,624341
действий 2,813411 2,813411
путиным 1,966113 3,932226
игры 0,000000 0,000000
эксперты 2,813411 2,813411
техника 0,000000 0,000000
ссср 0,000000 0,000000
желание 3,218876 6,437752
означать 5,010635 5,010635
состоянии 2,813411 2,813411
трампа 0,054808 0,054808
российскую 3,401197 3,401197
захватить 3,912023 7,824046
значение 3,912023 3,912023
вопрос 1,832581 9,162907
отвел 0,076161 0,076161
выделил 4,317488 4,317488
аэс 3,912023 46,944276
ослабление 5,010635 5,010635
марта 0,040822 0,081644
целью 3,624341 3,624341
главное 0,000000 0,000000
реакций 0,047791 0,047791
летнего 0,097980 0,097980
издание 2,445686 4,891372
реакции 0,047791 0,047791
станцией 5,010635 5,010635
мини 0,000000 0,000000
сдача 5,010635 5,010635
источников 4,317488 4,317488
изнасиловал 0,076161 0,076161
сюжетситуация 5,010635 5,010635
зеленского 0,068993 0,206979
добавил 2,445686 2,445686
интеграции 3,912023 3,912023
лента 0,000000 0,000000
урегулирования 3,064725 6,129450
роль 1,966113 1,966113
спорт 0,000000 0,000000
будущего 3,401197 3,401197
атомная 4,317488 4,317488
споры 0,097980 0,097980
магатэ 5,010635 15,031906
окружения 3,064725 3,064725
военной 0,061875 0,123751
четыре 0,040822 0,040822
заверил 3,624341 3,624341
провалился 5,010635 5,010635
жми 0,013423 0,013423
саму 3,912023 3,912023
глава 1,643339 3,286679
возможности 2,238047 2,238047
ленту 0,013423 0,013423
затопленного 0,076161 0,076161
ленты 1,678431 1,678431
давление 2,813411 2,813411
украинская 2,612740 5,225480
россии 0,425668 1,277003
применения 0,000000 0,000000
анастасия 3,401197 3,401197
обитания 0,000000 0,000000
ценности 0,000000 0,000000
росатом 5,010635 5,010635
палаты 3,401197 3,401197
материалам 0,047791 0,047791
требования 2,302585 2,302585
запорожской 3,401197 23,808382
вернуться 0,013423 0,013423
объеме 5,010635 5,010635
ваши 0,047791 0,047791
западе 2,612740 2,612740
полном 3,912023 3,912023
попытаться 3,912023 3,912023
российским 0,076161 0,152323
очередь 2,177422 4,354844
всплыл 5,010635 5,010635
итогам 2,813411 5,626821
просто 1,678431 1,678431
которую 2,708050 2,708050
интернет 0,000000 0,000000
россия 0,000000 0,000000
атак 2,931194 2,931194
шантаж 5,010635 5,010635
обратился 0,076161 0,076161
считает 2,445686 4,891372
коллегой 2,525729 2,525729
свои 0,027029 0,027029
электроэнергию 5,010635 5,010635
электростанциях 5,010635 5,010635
хрупкой 5,010635 5,010635
американского 2,177422 2,177422
гид 0,076161 0,076161
запорожскую 4,317488 25,904929
уволит 0,076161 0,076161
дома 0,061875 0,061875
американский 0,061875 0,061875
пола 0,097980 0,097980
координационного 4,317488 4,317488
энергодара 5,010635 5,010635
работу 1,791759 1,791759
европу 3,624341 3,624341
представитель 2,120264 2,120264
другое 3,624341 3,624341
трех 1,919593 1,919593
росте 3,401197 3,401197
зеленский 1,714798 5,144395
рафаэлем 5,010635 5,010635
стабильном 5,010635 5,010635
указала 3,624341 7,248682
отдать 3,401197 3,401197
эмоции 0,047791 0,047791
зеленским 0,076161 0,076161
азия 2,525729 2,525729
числе 1,714798 1,714798
электростанцией 3,624341 10,873023
двум 0,076161 0,076161
обменять 5,010635 10,021271
вызвала 0,097980 0,097980
число 2,014903 2,014903
авантюры 5,010635 5,010635
сети 0,090654 0,090654
работы 1,455287 1,455287
лидеров 2,708050 2,708050
военнослужащим 0,076161 0,076161
энергии 4,317488 4,317488
контроль 2,445686 12,228430
контроля 2,371578 4,743156
регионов 3,624341 3,624341
кроме 1,427116 4,281349
мария 2,525729 2,525729
владимиром 2,931194 2,931194
территориях 3,624341 3,624341
материалы 0,000000 0,000000
ссылаясь 5,010635 5,010635
российского 1,484275 1,484275
депутат 0,076161 0,076161
положение 3,218876 3,218876
ядерной 3,064725 9,194175
прогресс 0,097980 0,097980
потребуется 5,010635 5,010635
статьи 0,000000 0,000000
форме 0,061875 0,061875
культура 0,000000 0,000000
силовые 0,000000 0,000000
обсуждает 5,010635 5,010635
дня 0,061875 0,061875
экспертов 3,624341 7,248682
любой 2,813411 2,813411
отношении 1,791759 3,583519
западных 3,218876 3,218876
чиновница 5,010635 5,010635
специалистов 3,218876 3,218876
электростанции 5,010635 10,021271
редактор 0,567984 0,567984
сотрудников 0,076161 0,076161
комментарии 1,484275 1,484275
план 3,624341 3,624341
начались 0,068993 0,068993
тема 3,401197 3,401197
продавать 3,064725 3,064725
рекомендательных 0,000000 0,000000
продолжают 3,401197 3,401197
дало 5,010635 5,010635
работает 0,040822 0,081644
увлекательные 0,047791 0,047791
риа 1,272966 1,272966
электростанцию 5,010635 10,021271
электростанция 5,010635 5,010635
исключать 4,317488 4,317488
переговоры 0,054808 0,054808
времени 1,919593 1,919593
парламента 3,401197 3,401197
вызывает 3,624341 3,624341
маккартни 0,097980 0,097980
совета 2,445686 2,445686
забота 0,000000 0,000000
сбер 0,040822 0,040822
пожаловать 0,013423 0,013423
использованияполитика 0,000000 0,000000
михальчевский 5,010635 5,010635
которые 1,181994 1,181994
потерю 2,612740 2,612740
повестки 5,010635 5,010635
трамп 1,484275 4,452824
гросси 5,010635 15,031906
обсуждал 5,010635 5,010635
думаю 2,708050 2,708050
крупный 0,068993 0,068993
волова 4,317488 4,317488
регионам 0,076161 0,076161
например 1,791759 1,791759
инвестиций 3,401197 3,401197
крупным 0,076161 0,076161
территориями 3,912023 7,824046
прим 2,813411 2,813411
российскими 2,813411 2,813411
победа 0,000000 0,000000
остались 0,061875 0,061875
агентства 3,401197 10,203592
сегодня 1,643339 3,286679
президент 1,347074 2,694147
терроризировать 5,010635 5,010635
минченко 4,317488 4,317488
опечатку 0,000000 0,000000
сми 0,000000 0,000000
вместе 1,514128 3,028255
страны 1,455287 1,455287
подкомитета 5,010635 5,010635
рады 0,068993 0,068993
будем 2,612740 7,838220
заключил 3,218876 3,218876
влияет 3,624341 3,624341
место 0,054808 0,054808
проведет 3,912023 3,912023
акции 0,047791 0,047791
принципы 3,624341 3,624341
мс 0,097980 0,097980
генеральный 3,401197 3,401197
рогов 4,317488 8,634976
военные 2,371578 2,371578
условиях 2,813411 2,813411
благодаря 2,238047 2,238047
всеприбалтикаукраинабелоруссиямолдавиязакавказьесредняя 2,525729 2,525729
рисков 3,912023 3,912023
потребителей 5,010635 5,010635
общественной 4,317488 4,317488
экономика 0,000000 0,000000
вашингтоном 3,912023 3,912023
экономики 3,624341 3,624341
ценой 4,317488 4,317488
рамках 2,371578 4,743156
которая 1,875141 1,875141
экономике 3,401197 3,401197
делает 3,401197 3,401197
секретариата 5,010635 5,010635
украинского 2,445686 2,445686
киев 2,708050 2,708050
пишет 2,371578 2,371578
евгений 3,218876 3,218876
угроз 4,317488 4,317488
владимир 1,373049 4,119147
согласно 3,064725 3,064725
потребовал 3,912023 7,824046
реальный 0,013423 0,013423
безопасности 2,177422 13,064532
политолог 3,064725 3,064725
правды 0,068993 0,068993
атомную 4,317488 8,634976
тысячи 0,068993 0,068993
украиной 2,708050 2,708050
официальный 3,064725 3,064725
поменять 5,010635 5,010635
невозможно 2,708050 2,708050
хочет 1,966113 7,864451
вернуть 2,708050 16,248301
предрек 0,076161 0,076161
сообщал 3,912023 3,912023
города 1,714798 3,429597
заэс 3,624341 43,492091
алексей 1,919593 1,919593
городе 0,061875 0,061875
плохом 5,010635 5,010635
информации 1,919593 3,839186
гриб 5,010635 10,021271
днепру 5,010635 5,010635
заявили 0,076161 0,152323
встречи 2,525729 2,525729
оценили 2,525729 2,525729
присутствие 4,317488 4,317488
заявила 2,612740 2,612740
видеть 0,013423 0,013423
обсуждают 3,912023 7,824046
наука 0,000000 0,000000
обсудили 2,931194 2,931194
плацдарм 5,010635 5,010635
активно 2,708050 2,708050
