иностранных 2,371578 4,743156
газе 5,010635 5,010635
ру 0,000000 0,000000
банк 0,076161 0,076161
разведки 3,401197 3,401197
рф 1,514128 7,570639
формированию 5,010635 5,010635
голосования 5,010635 5,010635
целом 3,064725 6,129450
ниу 5,010635 10,021271
заявил 1,098612 1,098612
совещании 3,912023 3,912023
согласие 0,047791 0,095581
центр 3,218876 3,218876
вероятно 2,813411 2,813411
частью 3,218876 3,218876
декабря 2,120264 2,120264
госсекретарь 5,010635 5,010635
неоднократно 5,010635 5,010635
возможное 3,064725 3,064725
пусть 3,912023 3,912023
частности 2,525729 5,051457
лично 3,064725 6,129450
очевидно 3,912023 3,912023
те 1,919593 3,839186
одна 1,875141 1,875141
немного 2,813411 5,626821
отказаться 3,624341 7,248682
фото 0,061875 0,866256
санкции 2,612740 2,612740
неоднозначно 4,317488 4,317488
водой 0,061875 0,061875
технологиймини 0,000000 0,000000
неясно 3,912023 3,912023
обвинения 3,624341 3,624341
двусторонних 3,912023 3,912023
партнера 5,010635 5,010635
пор 2,238047 2,238047
силой 3,401197 3,401197
делам 3,401197 6,802395
конфиденциальности 0,047791 0,047791
войной 3,624341 3,624341
готова 3,064725 3,064725
обвинять 5,010635 5,010635
связи 2,120264 6,360791
запад 2,525729 2,525729
делай 5,010635 5,010635
пройти 2,931194 2,931194
закрытыми 3,912023 3,912023
успеть 5,010635 5,010635
нажмите 0,000000 0,000000
шаг 3,064725 3,064725
получайте 0,047791 0,047791
китаем 5,010635 5,010635
вторых 3,401197 6,802395
весьма 3,064725 6,129450
президентстве 5,010635 5,010635
врага 3,401197 3,401197
деле 2,238047 6,714140
дневное 3,401197 3,401197
быстро 2,813411 2,813411
проблемы 0,076161 0,076161
приоритетов 5,010635 5,010635
майк 3,218876 3,218876
скорейшее 5,010635 5,010635
национальной 2,813411 5,626821
дела 2,813411 2,813411
путешествия 0,000000 0,000000
главным 3,401197 3,401197
продления 3,912023 3,912023
едет 5,010635 5,010635
главный 2,708050 8,124151
республике 3,401197 3,401197
ином 5,010635 5,010635
режим 2,931194 5,862388
максимально 3,218876 6,437752
территории 1,919593 1,919593
местного 4,317488 4,317488
также 0,762140 4,572840
индии 0,076161 0,076161
шансов 3,401197 3,401197
продолжала 5,010635 5,010635
украина 1,832581 21,990978
нашли 0,000000 0,000000
широкими 5,010635 5,010635
дмитрий 2,371578 9,486312
украине 1,139434 13,673211
пытаться 4,317488 4,317488
боевые 3,401197 3,401197
гарантиях 5,010635 5,010635
света 0,054808 0,054808
украинском 0,076161 0,152323
начать 2,445686 2,445686
украины 1,021651 17,368071
украинской 3,064725 6,129450
обоюдного 5,010635 5,010635
международного 3,912023 7,824046
временная 5,010635 5,010635
белоусов 0,076161 0,228484
боевых 3,064725 6,129450
кремль 3,218876 3,218876
вшэ 5,010635 10,021271
кормилицына 3,401197 6,802395
однако 1,249435 4,997741
накрепко 5,010635 5,010635
закрыть 3,912023 7,824046
условиями 0,040822 0,081644
дневную 5,010635 5,010635
следующей 5,010635 5,010635
могут 1,455287 4,365862
стремятся 3,912023 3,912023
читайте 0,040822 0,040822
переориентировать 5,010635 5,010635
поддержке 3,912023 3,912023
стороны 1,643339 3,286679
байконур 0,097980 0,097980
поддержка 4,317488 4,317488
получим 4,317488 4,317488
рассветом 5,010635 5,010635
иметь 3,064725 6,129450
председатель 2,813411 5,626821
поддержки 3,218876 3,218876
входит 3,624341 3,624341
примет 4,317488 4,317488
согласованы 5,010635 5,010635
стефанович 5,010635 15,031906
самолета 3,218876 3,218876
касающейся 5,010635 5,010635
часть 1,919593 1,919593
должность 2,931194 2,931194
всеми 3,624341 7,248682
невыгодная 5,010635 5,010635
осталось 3,912023 3,912023
обороны 2,525729 2,525729
едва 2,177422 4,354844
обладающая 5,010635 5,010635
последние 0,090654 0,090654
предрекли 0,076161 0,076161
инициативой 5,010635 5,010635
рассчитывать 3,912023 3,912023
владимира 2,445686 4,891372
архив 0,000000 0,000000
части 2,014903 2,014903
военная 3,218876 3,218876
лета 4,317488 4,317488
личные 3,218876 3,218876
сша 0,040822 1,551236
лидер 1,919593 1,919593
процесс 2,931194 2,931194
судороги 4,317488 4,317488
миротворцах 5,010635 5,010635
интересах 5,010635 5,010635
самая 2,238047 2,238047
канала 3,401197 10,203592
раскрытии 0,076161 0,076161
грубо 4,317488 4,317488
соединенным 5,010635 5,010635
политологи 3,401197 10,203592
российском 0,076161 0,076161
штатами 5,010635 5,010635
таковое 5,010635 5,010635
такая 2,931194 2,931194
усилия 4,317488 4,317488
вариантов 5,010635 5,010635
нравится 3,401197 3,401197
каналы 3,218876 3,218876
выглядеть 3,624341 3,624341
старой 4,317488 4,317488
зеленскому 3,401197 3,401197
армии 2,612740 5,225480
астапкович 4,317488 4,317488
поставить 4,317488 8,634976
будут 1,919593 15,356743
зрения 3,401197 3,401197
команды 3,218876 3,218876
верховной 3,624341 7,248682
получать 3,064725 3,064725
бонусы 0,047791 0,095581
промежуточных 5,010635 5,010635
устранения 5,010635 5,010635
жильцы 0,076161 0,076161
подготовка 3,912023 3,912023
жизни 0,000000 0,000000
экономическая 4,317488 4,317488
прямо 2,525729 2,525729
нужно 1,791759 12,542316
устроить 3,624341 3,624341
одних 4,317488 4,317488
туристку 0,076161 0,076161
темная 5,010635 5,010635
украинский 2,612740 5,225480
столкновения 4,317488 4,317488
бесконечном 5,010635 5,010635
сауд 5,010635 5,010635
главную 3,218876 3,218876
вашингтон 2,813411 5,626821
архитектуры 5,010635 5,010635
мотор 0,000000 0,000000
настроить 4,317488 8,634976
обменивайте 0,047791 0,047791
начнется 3,401197 3,401197
попытаются 5,010635 5,010635
понятно 3,401197 6,802395
причин 4,317488 4,317488
долгосрочных 5,010635 5,010635
противостояние 5,010635 10,021271
европейские 3,064725 6,129450
миру 2,371578 4,743156
хорошие 0,013423 0,013423
оставленные 5,010635 5,010635
вещами 3,624341 3,624341
далеко 3,064725 6,129450
уолтц 3,624341 3,624341
наладить 3,912023 3,912023
шла 2,813411 2,813411
аравия 4,317488 8,634976
сырьевой 5,010635 5,010635
мира 1,576648 3,153296
эр 3,624341 3,624341
причем 2,708050 5,416100
народной 5,010635 5,010635
почему 0,899761 0,899761
хорошего 3,401197 3,401197
власти 1,919593 3,839186
директор 2,612740 15,676440
нарушении 5,010635 5,010635
относительно 3,064725 3,064725
желания 4,317488 4,317488
прибыл 0,083382 0,083382
позицией 5,010635 5,010635
продлено 5,010635 5,010635
власть 2,813411 2,813411
окажется 3,624341 3,624341
общие 4,317488 4,317488
аравии 2,813411 11,253643
шли 3,401197 3,401197
помириться 5,010635 5,010635
ссср 0,000000 0,000000
наверняка 3,624341 3,624341
полагаю 4,317488 4,317488
виталий 3,912023 7,824046
нашей 2,525729 2,525729
акцентировали 5,010635 5,010635
идти 2,813411 8,440232
продемонстрировать 5,010635 5,010635
европой 5,010635 5,010635
состоялись 4,317488 4,317488
наследный 5,010635 5,010635
откажется 5,010635 10,021271
международной 3,218876 6,437752
главной 3,064725 3,064725
именно 1,875141 1,875141
против 1,791759 5,375278
другие 1,714798 6,859194
главное 0,000000 0,000000
нового 2,371578 2,371578
стороной 4,317488 12,952464
летнего 0,097980 0,097980
полагает 2,931194 2,931194
отказалась 3,912023 3,912023
выступая 3,912023 3,912023
мини 0,000000 0,000000
запорожье 4,317488 4,317488
зафиксировать 4,317488 4,317488
европейских 3,064725 6,129450
изнасиловал 0,076161 0,076161
российско 3,218876 9,656627
донецкой 5,010635 5,010635
стоит 1,791759 1,791759
точки 3,218876 3,218876
согласился 2,612740 2,612740
европейским 5,010635 5,010635
европейский 4,317488 4,317488
выступал 4,317488 4,317488
заслугу 5,010635 5,010635
компромиссные 5,010635 5,010635
силам 4,317488 4,317488
ключевых 2,931194 2,931194
варианты 3,401197 3,401197
урегулированию 2,708050 2,708050
вести 2,708050 2,708050
спорт 0,000000 0,000000
прошлой 3,912023 3,912023
связал 3,912023 3,912023
линии 2,708050 5,416100
объективно 5,010635 5,010635
попадать 5,010635 5,010635
споры 0,097980 0,097980
военной 0,061875 0,123751
четыре 0,040822 0,040822
расположились 5,010635 5,010635
воплощения 5,010635 5,010635
стало 1,181994 1,181994
определяться 3,624341 3,624341
попов 4,317488 4,317488
буданов 5,010635 5,010635
франции 3,624341 3,624341
боевого 4,317488 4,317488
марко 5,010635 5,010635
интеллекта 3,401197 3,401197
стала 1,576648 1,576648
высвободить 5,010635 5,010635
являются 2,931194 2,931194
боровицкая 5,010635 5,010635
глобальное 4,317488 4,317488
убыточный 5,010635 5,010635
станислав 3,218876 3,218876
обитания 0,000000 0,000000
первая 2,371578 2,371578
направления 3,912023 3,912023
цели 2,371578 2,371578
полное 3,624341 3,624341
российские 1,678431 3,356862
вчерашний 5,010635 5,010635
полном 3,912023 3,912023
российским 0,076161 0,076161
политического 5,010635 5,010635
кирилл 2,931194 2,931194
лавров 4,317488 4,317488
ран 3,218876 6,437752
глобальной 3,624341 10,873023
президента 1,455287 5,821149
угрозой 2,931194 5,862388
кейс 5,010635 10,021271
цель 3,218876 9,656627
выставить 5,010635 10,021271
экономические 3,912023 3,912023
необходимо 2,120264 4,240527
тех 2,120264 2,120264
прекращения 2,371578 2,371578
общеевропейской 5,010635 5,010635
экономический 4,317488 4,317488
полномочий 5,010635 5,010635
интернет 0,000000 0,000000
обратился 0,076161 0,076161
считает 2,445686 7,337058
саудовской 2,813411 11,253643
сильному 5,010635 5,010635
популярных 3,218876 3,218876
европы 2,445686 2,445686
доме 2,014903 4,029806
имэмо 5,010635 10,021271
американского 2,177422 2,177422
гид 0,076161 0,076161
европе 2,813411 5,626821
работе 1,791759 3,583519
мониторинговые 5,010635 5,010635
дома 0,061875 0,061875
поле 3,624341 7,248682
выполнение 3,912023 3,912023
сенате 5,010635 5,010635
бен 4,317488 8,634976
пола 0,097980 0,097980
диктовать 5,010635 5,010635
прекращении 2,238047 4,476093
прекращение 2,813411 19,693875
джидде 3,624341 3,624341
ударить 4,317488 4,317488
положить 3,912023 3,912023
сотрудник 2,813411 5,626821
отношения 2,525729 7,577186
европа 2,525729 2,525729
тратятся 5,010635 5,010635
руководства 3,912023 3,912023
частичной 5,010635 5,010635
кандидат 3,912023 3,912023
итоге 2,708050 2,708050
фонда 3,401197 10,203592
эмоции 0,047791 0,047791
направлений 3,912023 3,912023
иначе 3,401197 6,802395
сформулировано 5,010635 5,010635
пока 1,678431 3,356862
военную 2,813411 2,813411
самого 2,525729 5,051457
военнослужащие 4,317488 4,317488
сети 0,090654 0,090654
военнослужащим 0,076161 0,076161
автор 3,912023 7,824046
старый 5,010635 5,010635
кроме 1,427116 7,135582
виде 2,708050 2,708050
подход 3,912023 3,912023
обязывающее 5,010635 5,010635
будущих 3,624341 3,624341
привлекает 4,317488 4,317488
рсмд 5,010635 10,021271
войны 1,791759 7,167038
мирное 2,931194 2,931194
доставить 4,317488 4,317488
материалы 0,000000 0,000000
затягивании 5,010635 5,010635
войну 3,218876 3,218876
положении 3,218876 3,218876
эксперт 2,371578 7,114734
депутат 0,076161 0,076161
положение 3,218876 3,218876
надеются 5,010635 5,010635
предложенного 3,912023 7,824046
войне 3,064725 3,064725
статьи 0,000000 0,000000
война 2,371578 4,743156
украинцы 2,931194 2,931194
согласиться 3,064725 3,064725
россией 2,120264 12,721581
мониторить 5,010635 5,010635
контакты 2,302585 2,302585
ближневосточных 5,010635 5,010635
олег 3,912023 23,472138
включая 3,064725 3,064725
культура 0,000000 0,000000
сооснователь 4,317488 4,317488
двумя 2,931194 2,931194
красильников 3,624341 3,624341
выдвинуть 3,912023 3,912023
рассматриваться 5,010635 5,010635
федор 3,912023 23,472138
иные 5,010635 5,010635
соответственно 3,064725 3,064725
отношений 2,708050 10,832201
бессмысленной 5,010635 5,010635
вторник 3,218876 3,218876
лондоне 2,612740 2,612740
зависит 3,064725 3,064725
серьезные 3,401197 3,401197
ест 5,010635 5,010635
редактор 0,567984 1,135968
серьезный 3,624341 3,624341
цкеми 5,010635 5,010635
внутри 2,445686 2,445686
пообещали 3,912023 3,912023
отступающих 5,010635 5,010635
исключительно 3,624341 3,624341
широки 5,010635 5,010635
сильнее 3,624341 3,624341
мониторинга 4,317488 4,317488
вооруженных 2,014903 2,014903
целей 3,912023 3,912023
сделать 2,371578 7,114734
стив 3,218876 3,218876
работает 0,040822 0,040822
увлекательные 0,047791 0,047791
риа 1,272966 10,183725
различные 3,401197 3,401197
вооруженным 4,317488 4,317488
бесперспективным 4,317488 4,317488
переговоры 0,054808 0,328849
западом 4,317488 4,317488
торговать 5,010635 5,010635
времени 1,919593 3,839186
будущее 2,612740 2,612740
маккартни 0,097980 0,097980
экономическое 5,010635 5,010635
снабжение 5,010635 5,010635
министр 2,612740 5,225480
международным 3,064725 6,129450
совета 2,445686 9,782744
сбер 0,040822 0,040822
площадок 4,317488 4,317488
использованияполитика 0,000000 0,000000
волю 5,010635 5,010635
вопросов 3,064725 3,064725
ведущие 2,931194 8,793581
трамп 1,484275 17,811297
миротворцы 5,010635 5,010635
поэтому 1,966113 3,932226
перспективу 4,317488 4,317488
выживания 4,317488 4,317488
думаю 2,708050 13,540251
крупный 0,068993 0,068993
знаем 3,624341 3,624341
заявляли 5,010635 5,010635
регионам 0,076161 0,076161
тратой 4,317488 4,317488
крупным 0,076161 0,076161
козырь 5,010635 5,010635
сомнителен 5,010635 5,010635
самом 2,014903 6,044709
президентом 2,813411 2,813411
ключевыми 4,317488 4,317488
мохаммед 4,317488 4,317488
остались 0,061875 0,061875
делегаций 4,317488 4,317488
миротворца 4,317488 4,317488
помощник 3,912023 7,824046
самое 2,612740 5,225480
сразу 2,066196 4,132393
той 2,931194 2,931194
нарастить 4,317488 4,317488
отвлекающим 5,010635 5,010635
страны 1,455287 2,910574
вместе 1,514128 1,514128
ватфор 5,010635 5,010635
международных 3,218876 6,437752
рады 0,068993 0,068993
заставить 4,317488 4,317488
таком 2,813411 2,813411
отдельно 3,401197 3,401197
прохождения 3,912023 3,912023
акции 0,047791 0,047791
соглашения 3,218876 6,437752
решении 4,317488 4,317488
естественно 3,624341 3,624341
войн 5,010635 5,010635
формата 3,912023 3,912023
военный 2,525729 2,525729
санкционный 4,317488 4,317488
раде 4,317488 8,634976
экономика 0,000000 0,000000
совершенно 2,813411 2,813411
обсуждение 3,912023 3,912023
центра 2,708050 10,832201
наиболее 3,218876 3,218876
сложно 2,525729 2,525729
рамках 2,371578 2,371578
которая 1,875141 3,750282
наумов 5,010635 30,063812
историю 2,525729 5,051457
мирного 3,218876 3,218876
история 2,238047 2,238047
площадь 4,317488 4,317488
довольно 3,064725 9,194175
принц 4,317488 8,634976
разделение 5,010635 5,010635
военных 1,966113 1,966113
мухаммед 5,010635 5,010635
итоговой 5,010635 5,010635
бои 2,813411 2,813411
выгодно 5,010635 5,010635
реальный 0,013423 0,013423
поскорее 5,010635 5,010635
достижения 2,931194 2,931194
решаться 5,010635 5,010635
условий 2,813411 5,626821
тысячи 0,068993 0,068993
украиной 2,708050 5,416100
кашин 5,010635 30,063812
боя 3,401197 6,802395
предрек 0,076161 0,076161
немедленное 4,317488 4,317488
саудовская 4,317488 8,634976
алексей 1,919593 11,517557
разделаться 5,010635 5,010635
помогать 3,624341 3,624341
выстраивая 5,010635 5,010635
местах 3,912023 3,912023
сложную 5,010635 5,010635
встрече 2,813411 2,813411
заявили 0,076161 0,152323
коммюнике 5,010635 5,010635
принципе 3,401197 3,401197
встречи 2,525729 5,051457
захотела 3,401197 3,401197
своих 2,177422 4,354844
видеть 0,013423 0,013423
достижении 5,010635 5,010635
взаимодействовать 3,624341 3,624341
обсуждения 3,401197 3,401197
предстоит 3,624341 7,248682
хотели 3,064725 3,064725
перемирии 0,076161 0,304645
дальнейшей 3,912023 3,912023
результатом 5,010635 5,010635
образ 2,525729 2,525729
новые 0,000000 0,000000
промышленный 5,010635 5,010635
перемирие 2,931194 32,243131
советник 3,218876 3,218876
карты 2,931194 2,931194
ограниченного 5,010635 5,010635
добро 0,013423 0,013423
выражаете 0,047791 0,047791
политики 2,525729 5,051457
менее 2,014903 4,029806
важный 4,317488 4,317488
помощью 0,047791 0,095581
первой 2,612740 2,612740
предвыборных 5,010635 5,010635
мид 3,064725 3,064725
конфликт 3,218876 12,875503
политику 3,401197 3,401197
политической 5,010635 5,010635
перемирия 2,445686 22,011173
александр 1,832581 1,832581
помощь 2,177422 4,354844
важных 4,317488 4,317488
добра 0,013423 0,026846
населения 2,708050 2,708050
должны 2,066196 4,132393
принципиальных 5,010635 5,010635
херсонщине 5,010635 5,010635
перемирию 3,401197 3,401197
обычное 3,624341 3,624341
ниши 3,624341 3,624341
попытается 3,624341 3,624341
силы 2,177422 2,177422
параметры 4,317488 8,634976
политика 1,576648 1,576648
показывать 5,010635 5,010635
политике 4,317488 17,269952
начнутся 4,317488 4,317488
оценивайте 0,047791 0,047791
течение 2,120264 2,120264
исследований 3,624341 7,248682
договориться 4,317488 8,634976
какие 1,875141 11,250846
сотрудничества 3,401197 10,203592
разблокировке 5,010635 5,010635
возможностей 3,218876 3,218876
оно 2,445686 7,337058
каким 2,525729 2,525729
уделять 4,317488 4,317488
мир 0,000000 0,000000
каких 2,612740 2,612740
знают 3,218876 3,218876
провокации 3,218876 6,437752
продолжены 5,010635 5,010635
погружайтесь 0,047791 0,047791
бывший 0,000000 0,000000
конец 2,612740 2,612740
время 0,762140 3,048560
китая 3,401197 6,802395
накапливайте 0,047791 0,047791
забыть 3,624341 3,624341
дверями 5,010635 5,010635
говоря 2,708050 2,708050
оперативно 4,317488 4,317488
ооо 0,000000 0,000000
деактивирована 0,013423 0,013423
конкретно 3,912023 3,912023
ресурсы 3,624341 7,248682
отдела 0,579818 0,579818
логично 5,010635 5,010635
хотят 2,708050 5,416100
ибн 4,317488 4,317488
снятые 5,010635 5,010635
существование 3,218876 6,437752
ранее 1,003302 1,003302
начальник 2,931194 2,931194
конфликтам 5,010635 5,010635
фронт 3,624341 3,624341
структуры 0,000000 0,000000
американцам 4,317488 4,317488
сергей 2,708050 2,708050
востоку 3,064725 3,064725
действиях 3,912023 3,912023
региональных 4,317488 4,317488
мусаид 5,010635 5,010635
хочешь 0,013423 0,026846
прежде 4,317488 8,634976
пляжных 0,097980 0,097980
комплексных 5,010635 10,021271
состоит 3,912023 3,912023
обычную 0,013423 0,013423
элите 5,010635 5,010635
пошла 2,813411 5,626821
шанс 3,912023 3,912023
внешность 0,097980 0,097980
зависимость 3,912023 3,912023
научный 3,624341 7,248682
своего 2,238047 4,476093
василий 3,912023 23,472138
наступит 4,317488 4,317488
отсутствия 3,912023 3,912023
показать 2,708050 2,708050
задачи 2,931194 2,931194
пониманием 5,010635 5,010635
сдал 3,912023 3,912023
сумме 5,010635 5,010635
галереи 0,000000 0,000000
хотя 2,445686 4,891372
экономического 4,317488 4,317488
контексте 3,218876 6,437752
дональд 2,238047 13,428279
возможна 5,010635 10,021271
прокомментировали 3,401197 3,401197
вражде 3,912023 3,912023
редакциярекламаконтактыпресс 0,000000 0,000000
сопротивляться 5,010635 10,021271
этапе 4,317488 4,317488
уиткофф 3,218876 6,437752
интересный 3,912023 3,912023
видео 0,000000 0,000000
обеих 3,624341 3,624341
трампом 2,525729 5,051457
усилением 5,010635 5,010635
ответом 4,317488 4,317488
натрускин 5,010635 5,010635
приемлемого 5,010635 5,010635
помощи 2,302585 6,907755
меньше 2,120264 2,120264
приоритет 5,010635 5,010635
такого 2,612740 2,612740
лишь 2,238047 8,952186
союзом 5,010635 5,010635
антироссийские 3,912023 3,912023
мог 2,302585 2,302585
разведданные 5,010635 5,010635
отвод 5,010635 5,010635
завершить 4,317488 4,317488
перенаправить 5,010635 5,010635
московский 4,317488 4,317488
провал 5,010635 5,010635
одного 2,177422 2,177422
теряет 4,317488 4,317488
излагались 5,010635 5,010635
возобновить 3,912023 3,912023
очевидными 5,010635 5,010635
кажется 3,218876 3,218876
говорится 3,064725 3,064725
союзники 3,624341 3,624341
постараются 5,010635 5,010635
устойчивого 5,010635 5,010635
избирателям 5,010635 5,010635
нарушениях 5,010635 5,010635
всеполитикаобществопроисшествияконфликтыпреступность 2,014903 2,014903
заинтересованы 3,912023 3,912023
среда 0,000000 0,000000
делать 1,966113 3,932226
научной 5,010635 10,021271
остаться 3,401197 3,401197
скидки 0,047791 0,047791
стремится 4,317488 4,317488
представителей 3,401197 3,401197
всерьез 3,912023 3,912023
эксклюзивы 0,000000 0,000000
выражайте 0,047791 0,047791
москва 2,302585 6,907755
сказали 3,624341 3,624341
разговоры 5,010635 5,010635
увидим 5,010635 10,021271
ушаков 5,010635 5,010635
москву 2,120264 4,240527
превращает 4,317488 4,317488
спецпосланник 2,931194 5,862388
конфликте 0,076161 0,152323
продолжая 0,047791 0,047791
пауза 3,912023 3,912023
выгодным 3,912023 3,912023
отдельные 3,401197 3,401197
конфликта 1,919593 7,678371
последующих 5,010635 5,010635
изначально 3,064725 3,064725
должен 2,371578 4,743156
остального 5,010635 5,010635
выступает 5,010635 10,021271
паузу 5,010635 5,010635
внутренними 5,010635 5,010635
которое 2,371578 2,371578
анонсировали 3,912023 3,912023
конфиденциальностиправила 0,000000 0,000000
которой 2,120264 2,120264
политикой 0,047791 0,047791
мешать 4,317488 4,317488
лица 2,612740 2,612740
анонсировала 5,010635 5,010635
возвращении 3,064725 3,064725
связана 3,064725 3,064725
пройдут 3,624341 3,624341
пятерку 5,010635 5,010635
повторный 5,010635 5,010635
достаточно 2,813411 2,813411
великого 5,010635 5,010635
референдум 5,010635 5,010635
возможно 2,813411 5,626821
потенциал 3,624341 7,248682
связано 3,218876 3,218876
возможны 4,317488 8,634976
дональда 2,177422 6,532266
интересное 2,931194 2,931194
это 0,020203 0,343446
большинство 2,708050 2,708050
войск 2,931194 5,862388
противоборства 5,010635 5,010635
этим 2,302585 4,605170
станет 2,708050 2,708050
этих 2,371578 2,371578
обстоятельные 5,010635 5,010635
две 0,033902 0,033902
ограничить 5,010635 5,010635
вполне 2,813411 5,626821
сделка 3,624341 3,624341
выполнения 4,317488 4,317488
остановка 3,912023 3,912023
креслом 5,010635 5,010635
меркам 4,317488 4,317488
соображениями 5,010635 5,010635
статусом 4,317488 4,317488
новости 0,000000 0,000000
войти 0,000000 0,000000
соприкосновения 5,010635 5,010635
устраивает 3,624341 3,624341
отключены 1,576648 1,576648
измениться 5,010635 5,010635
медитации 0,076161 0,076161
первых 2,612740 7,838220
глубину 5,010635 5,010635
полезными 5,010635 5,010635
неделе 3,064725 3,064725
действия 2,302585 2,302585
минимум 3,064725 6,129450
уход 0,076161 0,076161
новом 4,317488 4,317488
достаться 5,010635 5,010635
основного 3,624341 3,624341
новой 2,612740 2,612740
обещаний 5,010635 5,010635
белом 2,371578 4,743156
заручиться 4,317488 4,317488
рубрикой 5,010635 5,010635
предложат 4,317488 4,317488
слабеть 5,010635 5,010635
спецпроекты 0,000000 0,000000
уверен 2,612740 2,612740
рынка 2,612740 2,612740
ответит 3,912023 11,736069
дорожной 5,010635 5,010635
гарантий 3,624341 3,624341
путин 1,203973 2,407946
действий 2,813411 2,813411
ночь 2,708050 2,708050
игры 0,000000 0,000000
выборов 3,624341 7,248682
настроение 3,624341 3,624341
февраля 1,272966 3,818897
техника 0,000000 0,000000
достичь 3,064725 3,064725
главного 2,612740 2,612740
трампа 0,054808 0,657699
практически 2,525729 2,525729
рияде 3,624341 3,624341
мнению 2,302585 2,302585
вступления 4,317488 4,317488
германии 2,177422 2,177422
дел 3,064725 6,129450
значение 3,912023 3,912023
вопрос 1,832581 7,330326
продлиться 5,010635 5,010635
самых 1,609438 1,609438
отвел 0,076161 0,076161
вспомнить 3,624341 3,624341
преследует 5,010635 5,010635
марта 0,040822 0,204110
закрытом 5,010635 5,010635
ответ 2,177422 2,177422
починить 5,010635 5,010635
раунда 5,010635 5,010635
реакций 0,047791 0,047791
реакции 0,047791 0,047791
находятся 2,708050 2,708050
событий 2,708050 2,708050
дальнейшие 3,624341 3,624341
старается 4,317488 4,317488
рубио 5,010635 5,010635
реакция 2,612740 7,838220
дискуссионного 5,010635 10,021271
трампу 2,612740 5,225480
группировки 2,931194 2,931194
технологический 3,912023 3,912023
зеленского 0,068993 0,482950
ленте 2,931194 2,931194
налет 5,010635 5,010635
лента 0,000000 0,000000
нейтральным 5,010635 5,010635
внешней 3,912023 7,824046
лукьянов 5,010635 30,063812
нормализации 3,912023 3,912023
сократятся 5,010635 5,010635
продолжении 5,010635 5,010635
заинтересован 5,010635 10,021271
перезагрузить 5,010635 5,010635
напомню 5,010635 5,010635
ряд 2,813411 2,813411
окружения 3,064725 3,064725
остановить 2,708050 2,708050
министерства 5,010635 5,010635
жми 0,013423 0,013423
сути 3,912023 3,912023
само 3,624341 7,248682
учета 5,010635 5,010635
возможности 2,238047 6,714140
наглого 5,010635 5,010635
ленту 0,013423 0,013423
затопленного 0,076161 0,076161
юрий 2,813411 2,813411
перехода 5,010635 5,010635
состоится 3,064725 3,064725
борту 3,401197 3,401197
сама 2,813411 2,813411
давление 2,813411 2,813411
наши 2,177422 2,177422
дронов 2,177422 2,177422
сказал 2,525729 2,525729
рассчитывают 5,010635 5,010635
нужен 4,317488 4,317488
россии 0,425668 7,236353
применения 0,000000 0,000000
ценности 0,000000 0,000000
поняли 3,218876 3,218876
всяких 5,010635 5,010635
обсуждаемы 5,010635 5,010635
абсолютная 5,010635 5,010635
долгосрочную 5,010635 5,010635
опасно 2,813411 2,813411
материалам 0,047791 0,047791
известно 1,297063 1,297063
дата 3,064725 3,064725
вернуться 0,013423 0,013423
ваши 0,047791 0,047791
стратегических 3,401197 3,401197
очередь 2,177422 2,177422
запада 2,708050 5,416100
восстановить 3,624341 3,624341
проводить 5,010635 5,010635
январе 2,813411 2,813411
итогам 2,813411 2,813411
просто 1,678431 1,678431
которую 2,708050 2,708050
узнать 3,624341 3,624341
россия 0,000000 0,000000
россию 1,609438 8,047190
искусственного 3,401197 3,401197
своп 5,010635 5,010635
целях 4,317488 4,317488
технической 5,010635 5,010635
рассказали 1,919593 1,919593
свои 0,027029 0,027029
активной 4,317488 4,317488
свое 2,525729 2,525729
заканчивать 5,010635 5,010635
вопросу 3,064725 3,064725
палате 5,010635 5,010635
многочисленных 4,317488 4,317488
проведение 3,912023 3,912023
проведении 3,624341 3,624341
уволит 0,076161 0,076161
американских 2,371578 7,114734
необходимость 3,064725 3,064725
американский 0,061875 0,061875
американским 3,064725 3,064725
стивен 5,010635 5,010635
добивается 4,317488 12,952464
кристина 3,218876 6,437752
противном 4,317488 4,317488
неуместного 5,010635 5,010635
зеленский 1,714798 15,433186
двух 1,678431 1,678431
тяжело 2,931194 2,931194
коллегу 3,912023 3,912023
владеем 5,010635 5,010635
ослабить 4,317488 8,634976
интересов 3,218876 6,437752
скорее 2,708050 8,124151
журналистами 5,010635 10,021271
отрасли 3,064725 3,064725
зеленским 0,076161 0,076161
какую 3,218876 6,437752
числе 1,714798 1,714798
журнала 3,624341 7,248682
двум 0,076161 0,076161
вызвала 0,097980 0,097980
контроль 2,445686 2,445686
центральными 5,010635 5,010635
введены 4,317488 4,317488
отойдут 5,010635 5,010635
гарантиями 5,010635 5,010635
ужесточения 4,317488 4,317488
российского 1,484275 4,452824
ближнему 3,064725 3,064725
наук 3,401197 3,401197
чему 2,708050 5,416100
поставил 4,317488 4,317488
прогресс 0,097980 0,097980
преследуют 5,010635 5,010635
позиции 2,302585 4,605170
пути 2,445686 2,445686
ответят 5,010635 5,010635
форме 0,061875 0,061875
мотивами 5,010635 5,010635
сторон 3,624341 7,248682
направлены 5,010635 5,010635
режиме 3,401197 3,401197
точечные 5,010635 5,010635
силовые 0,000000 0,000000
обмен 3,401197 3,401197
режима 2,525729 2,525729
салман 5,010635 5,010635
западные 3,218876 3,218876
притягателен 5,010635 5,010635
великобритания 4,317488 4,317488
коренных 5,010635 5,010635
дня 0,061875 0,061875
позицию 3,218876 3,218876
вещий 5,010635 5,010635
западных 3,218876 3,218876
прогрессивной 5,010635 10,021271
каком 5,010635 5,010635
рода 3,218876 3,218876
любит 3,064725 3,064725
сотрудников 0,076161 0,076161
поддержит 5,010635 5,010635
выгод 5,010635 5,010635
комментарии 1,484275 1,484275
содействия 5,010635 5,010635
дней 1,791759 1,791759
сил 1,791759 5,375278
начались 0,068993 0,068993
тема 3,401197 3,401197
нам 2,525729 2,525729
предложений 5,010635 5,010635
великобритании 2,813411 2,813411
сих 2,302585 2,302585
предложение 2,302585 25,328436
сторонами 3,912023 3,912023
рекомендательных 0,000000 0,000000
нарастит 5,010635 5,010635
признала 3,912023 3,912023
президентским 5,010635 5,010635
сорвать 2,931194 2,931194
управления 2,931194 2,931194
видим 4,317488 4,317488
принципиальную 5,010635 5,010635
вроде 3,064725 3,064725
своими 3,218876 3,218876
оборонной 4,317488 8,634976
президиума 3,912023 7,824046
широкого 5,010635 5,010635
ряда 5,010635 10,021271
предложения 3,218876 6,437752
самоцель 5,010635 5,010635
неизменной 5,010635 5,010635
ресурсов 3,624341 7,248682
региональной 4,317488 4,317488
считаю 3,218876 3,218876
слабеют 5,010635 5,010635
уступки 4,317488 12,952464
забота 0,000000 0,000000
является 1,966113 1,966113
пожаловать 0,013423 0,013423
поддерживал 5,010635 5,010635
которые 1,181994 4,727976
безопасность 3,624341 3,624341
следующих 4,317488 4,317488
прекрасно 4,317488 4,317488
клуба 2,931194 5,862388
шаги 3,218876 3,218876
которым 2,708050 2,708050
фархан 4,317488 4,317488
разведданными 4,317488 4,317488
например 1,791759 5,375278
разными 4,317488 4,317488
понял 3,064725 3,064725
которых 1,678431 1,678431
политических 4,317488 4,317488
идей 3,912023 3,912023
победа 0,000000 0,000000
внешнеторгового 5,010635 5,010635
случае 1,875141 9,375705
президент 1,347074 8,082442
считают 3,064725 6,129450
опечатку 0,000000 0,000000
сми 0,000000 0,000000
союз 3,401197 3,401197
америке 3,912023 3,912023
долгосрочному 5,010635 5,010635
развития 2,612740 2,612740
место 0,054808 0,164425
мс 0,097980 0,097980
условиях 2,813411 2,813411
задействованы 4,317488 4,317488
попытки 2,302585 2,302585
пытаясь 2,931194 2,931194
корреспондент 2,525729 2,525729
действительно 2,612740 7,838220
фейсал 5,010635 5,010635
внешпол 5,010635 5,010635
повторюсь 5,010635 5,010635
безусловно 2,708050 5,416100
выбора 4,317488 4,317488
получится 3,624341 3,624341
проблем 2,445686 2,445686
баланс 3,912023 3,912023
айбан 5,010635 5,010635
миссии 4,317488 4,317488
разделяется 5,010635 5,010635
штатам 5,010635 5,010635
больнее 5,010635 5,010635
аль 3,624341 7,248682
согласится 5,010635 25,053176
владимир 1,373049 10,984393
переговоров 1,714798 6,859194
формат 4,317488 4,317488
безопасности 2,177422 23,951641
сотрудничество 3,912023 3,912023
произойдет 3,912023 7,824046
пойдет 3,624341 7,248682
политолог 3,064725 12,258901
всу 1,373049 1,373049
правды 0,068993 0,068993
годами 3,064725 3,064725
комментируют 5,010635 5,010635
недоговороспособной 5,010635 5,010635
официальные 3,912023 3,912023
участки 4,317488 4,317488
соединенными 5,010635 5,010635
остается 2,708050 5,416100
хочет 1,966113 21,627241
валдай 5,010635 10,021271
вернуть 2,708050 2,708050
давлению 4,317488 12,952464
бондаренко 5,010635 35,074447
городе 0,061875 0,061875
огня 1,678431 15,105877
года 0,899761 11,696899
интересы 4,317488 4,317488
успехи 3,912023 11,736069
поведет 5,010635 5,010635
ненужным 5,010635 5,010635
огромный 3,912023 3,912023
интригой 5,010635 5,010635
перевооружению 5,010635 5,010635
эскалации 3,912023 3,912023
очень 1,347074 6,735368
эскалация 5,010635 5,010635
наука 0,000000 0,000000
приведут 5,010635 5,010635
произойти 4,317488 4,317488
какое 2,612740 2,612740
внимания 3,401197 6,802395
