зеленского 0,068993 0,068993
перемирии 0,076161 0,076161
ру 0,000000 0,000000
банк 0,076161 0,076161
лента 0,000000 0,000000
провинции 3,912023 7,824046
новые 0,000000 0,000000
оценил 2,612740 2,612740
спорт 0,000000 0,000000
моему 3,912023 3,912023
народного 3,624341 3,624341
сферанедвижимостьгородская 1,966113 1,966113
споры 0,097980 0,097980
добровинский 5,010635 15,031906
согласие 0,047791 0,047791
добро 0,013423 0,013423
военной 0,061875 0,061875
выражаете 0,047791 0,047791
четыре 0,040822 0,040822
жми 0,013423 0,013423
стало 1,181994 4,727976
помощью 0,047791 0,047791
сердца 3,218876 3,218876
александр 1,832581 1,832581
добра 0,013423 0,026846
знаете 3,624341 3,624341
ленту 0,013423 0,013423
затопленного 0,076161 0,076161
коттедж 5,010635 5,010635
фото 0,061875 0,123751
знаменитости 3,912023 3,912023
м 2,066196 2,066196
киркоровым 5,010635 5,010635
водой 0,061875 0,061875
применения 0,000000 0,000000
технологиймини 0,000000 0,000000
оценивайте 0,047791 0,047791
обитания 0,000000 0,000000
ценности 0,000000 0,000000
работавший 5,010635 5,010635
дорогая 4,317488 4,317488
материалам 0,047791 0,047791
известно 1,297063 3,891190
конфиденциальности 0,047791 0,047791
вернуться 0,013423 0,013423
мир 0,000000 0,000000
ваши 0,047791 0,047791
российским 0,076161 0,076161
нажмите 0,000000 0,000000
получайте 0,047791 0,047791
поделился 2,931194 2,931194
погружайтесь 0,047791 0,047791
болгарии 3,912023 3,912023
бывший 0,000000 0,000000
проблемы 0,076161 0,076161
всегосэкономикабизнесрынкикапиталсоциальная 1,966113 1,966113
накапливайте 0,047791 0,047791
интернет 0,000000 0,000000
россия 0,000000 0,000000
ооо 0,000000 0,000000
обратился 0,076161 0,076161
деактивирована 0,013423 0,013423
путешествия 0,000000 0,000000
отдела 0,579818 0,579818
данным 2,014903 2,014903
свои 0,027029 0,027029
ранее 1,003302 1,003302
структуры 0,000000 0,000000
индии 0,076161 0,076161
гид 0,076161 0,076161
новгороде 3,912023 3,912023
хочешь 0,013423 0,013423
оставлять 3,624341 7,248682
нашли 0,000000 0,000000
пляжных 0,097980 0,097980
ташевская 3,912023 3,912023
уволит 0,076161 0,076161
артиста 3,912023 3,912023
дома 0,061875 0,061875
американский 0,061875 0,061875
обычную 0,013423 0,013423
пола 0,097980 0,097980
внешность 0,097980 0,097980
отца 2,813411 5,626821
киркорова 3,218876 19,313255
шикарного 5,010635 10,021271
украинском 0,076161 0,076161
света 0,054808 0,054808
небольшая 4,317488 4,317488
филиппом 4,317488 4,317488
галереи 0,000000 0,000000
белоусов 0,076161 0,076161
эмоции 0,047791 0,047791
зеленским 0,076161 0,076161
условиями 0,040822 0,081644
двум 0,076161 0,076161
вызвала 0,097980 0,097980
сети 0,090654 0,090654
военнослужащим 0,076161 0,076161
читайте 0,040822 0,040822
квартиры 2,813411 2,813411
байконур 0,097980 0,097980
редакциярекламаконтактыпресс 0,000000 0,000000
материалы 0,000000 0,000000
видео 0,000000 0,000000
депутат 0,076161 0,076161
прогресс 0,097980 0,097980
богатым 5,010635 5,010635
статьи 0,000000 0,000000
московским 5,010635 5,010635
форме 0,061875 0,061875
последние 0,090654 0,090654
предрекли 0,076161 0,076161
культура 0,000000 0,000000
обсудить 0,456758 0,456758
силовые 0,000000 0,000000
архив 0,000000 0,000000
дня 0,061875 0,061875
сша 0,040822 0,040822
причиной 2,813411 2,813411
недвижимость 3,401197 6,802395
среда 0,000000 0,000000
раскрытии 0,076161 0,076161
человеком 3,401197 3,401197
редактор 0,567984 0,567984
певца 3,624341 3,624341
скидки 0,047791 0,047791
сотрудников 0,076161 0,076161
эксклюзивы 0,000000 0,000000
российском 0,076161 0,076161
москве 1,791759 3,583519
выражайте 0,047791 0,047791
бедросом 5,010635 5,010635
многомиллионного 5,010635 5,010635
бедроса 3,912023 11,736069
начались 0,068993 0,068993
рекомендательных 0,000000 0,000000
имущество 4,317488 4,317488
конфликте 0,076161 0,076161
климат 1,919593 1,919593
продолжая 0,047791 0,047791
квартира 4,317488 8,634976
работает 0,040822 0,040822
увлекательные 0,047791 0,047791
средаклимат 1,966113 1,966113
загородный 5,010635 5,010635
нижнем 3,912023 3,912023
адвокат 4,317488 8,634976
бедрос 4,317488 4,317488
переговоры 0,054808 0,054808
конфиденциальностиправила 0,000000 0,000000
бонусы 0,047791 0,095581
кончины 5,010635 5,010635
политикой 0,047791 0,047791
маккартни 0,097980 0,097980
жильцы 0,076161 0,076161
филиппа 3,064725 6,129450
жизни 0,000000 0,000000
забота 0,000000 0,000000
сбер 0,040822 0,040822
пожаловать 0,013423 0,013423
использованияполитика 0,000000 0,000000
крупный 0,068993 0,068993
регионам 0,076161 0,076161
крупным 0,076161 0,076161
это 0,020203 0,020203
туристку 0,076161 0,076161
победа 0,000000 0,000000
остались 0,061875 0,123751
две 0,033902 0,067803
мотор 0,000000 0,000000
обменивайте 0,047791 0,047791
опечатку 0,000000 0,000000
сми 0,000000 0,000000
осталась 3,624341 3,624341
остановка 3,912023 3,912023
меркам 4,317488 4,317488
остальное 5,010635 5,010635
рады 0,068993 0,068993
новости 0,000000 0,000000
войти 0,000000 0,000000
место 0,054808 0,054808
акции 0,047791 0,047791
хорошие 0,013423 0,013423
мс 0,097980 0,097980
медитации 0,076161 0,076161
киркоров 4,317488 4,317488
нина 3,912023 3,912023
экономика 0,000000 0,000000
нечего 3,401197 6,802395
уход 0,076161 0,076161
которая 1,875141 1,875141
сыном 5,010635 5,010635
прибыл 0,083382 0,083382
спецпроекты 0,000000 0,000000
пишет 2,371578 2,371578
реальный 0,013423 0,013423
игры 0,000000 0,000000
знаком 3,912023 3,912023
техника 0,000000 0,000000
ссср 0,000000 0,000000
году 1,373049 1,373049
правды 0,068993 0,068993
трампа 0,054808 0,054808
тысячи 0,068993 0,068993
певцом 5,010635 5,010635
наследстве 3,624341 7,248682
старшего 3,912023 3,912023
отвел 0,076161 0,076161
наследства 5,010635 10,021271
предрек 0,076161 0,076161
оказалась 2,302585 2,302585
марта 0,040822 0,081644
городе 0,061875 0,061875
главное 0,000000 0,000000
реакций 0,047791 0,047791
летнего 0,097980 0,097980
заявили 0,076161 0,076161
реакции 0,047791 0,047791
мини 0,000000 0,000000
экологияделовой 1,966113 1,966113
видеть 0,013423 0,013423
изнасиловал 0,076161 0,076161
очень 1,347074 1,347074
юриста 3,912023 3,912023
наука 0,000000 0,000000
