зеленского 0,068993 0,068993
перемирии 0,076161 0,076161
ру 0,000000 0,000000
десантно 3,912023 3,912023
банк 0,076161 0,076161
лента 0,000000 0,000000
новые 0,000000 0,000000
спорт 0,000000 0,000000
указал 2,525729 2,525729
заявил 1,098612 1,098612
споры 0,097980 0,097980
окружения 3,064725 3,064725
согласие 0,047791 0,047791
добро 0,013423 0,013423
военной 0,061875 0,061875
бригады 3,218876 3,218876
выражаете 0,047791 0,047791
четыре 0,040822 0,040822
жми 0,013423 0,013423
командира 3,218876 3,218876
помощью 0,047791 0,047791
батальона 3,912023 3,912023
сумской 2,813411 14,067054
добра 0,013423 0,026846
ленту 0,013423 0,013423
затопленного 0,076161 0,076161
фото 0,061875 0,123751
силы 2,177422 2,177422
й 2,612740 2,612740
водой 0,061875 0,061875
россии 0,425668 1,702671
применения 0,000000 0,000000
технологиймини 0,000000 0,000000
оккупированных 4,317488 4,317488
оценивайте 0,047791 0,047791
обитания 0,000000 0,000000
ценности 0,000000 0,000000
вс 2,371578 9,486312
материалам 0,047791 0,047791
конфиденциальности 0,047791 0,047791
награждении 4,317488 4,317488
вернуться 0,013423 0,013423
мир 0,000000 0,000000
ваши 0,047791 0,047791
российским 0,076161 0,076161
нажмите 0,000000 0,000000
получайте 0,047791 0,047791
населенного 5,010635 5,010635
погружайтесь 0,047791 0,047791
бывший 0,000000 0,000000
проблемы 0,076161 0,076161
накапливайте 0,047791 0,047791
интернет 0,000000 0,000000
россия 0,000000 0,000000
ооо 0,000000 0,000000
обратился 0,076161 0,076161
деактивирована 0,013423 0,013423
наступления 3,912023 3,912023
путешествия 0,000000 0,000000
отдела 0,579818 0,579818
свои 0,027029 0,027029
ранее 1,003302 1,003302
территории 1,919593 1,919593
структуры 0,000000 0,000000
индии 0,076161 0,076161
гид 0,076161 0,076161
пункта 3,624341 3,624341
хочешь 0,013423 0,013423
украина 1,832581 1,832581
нашли 0,000000 0,000000
пляжных 0,097980 0,097980
уволит 0,076161 0,076161
дома 0,061875 0,061875
американский 0,061875 0,061875
обычную 0,013423 0,013423
пола 0,097980 0,097980
внешность 0,097980 0,097980
юнаковка 5,010635 5,010635
украинском 0,076161 0,076161
света 0,054808 0,054808
украины 1,021651 3,064954
курской 1,832581 3,665163
российских 1,576648 3,153296
галереи 0,000000 0,000000
направлении 2,813411 2,813411
белоусов 0,076161 0,076161
неспособны 4,317488 4,317488
эмоции 0,047791 0,047791
зеленским 0,076161 0,152323
азия 2,525729 2,525729
условиями 0,040822 0,081644
двум 0,076161 0,076161
вызвала 0,097980 0,097980
сети 0,090654 0,090654
военнослужащим 0,076161 0,076161
читайте 0,040822 0,040822
владимиром 2,931194 2,931194
байконур 0,097980 0,097980
редакциярекламаконтактыпресс 0,000000 0,000000
территориях 3,624341 3,624341
материалы 0,000000 0,000000
сумы 4,317488 4,317488
видео 0,000000 0,000000
депутат 0,076161 0,076161
прогресс 0,097980 0,097980
статьи 0,000000 0,000000
выход 3,064725 3,064725
форме 0,061875 0,061875
последние 0,090654 0,090654
предрекли 0,076161 0,076161
культура 0,000000 0,000000
обсудить 0,456758 0,456758
силовые 0,000000 0,000000
архив 0,000000 0,000000
дня 0,061875 0,061875
окружение 3,064725 3,064725
сможет 2,445686 2,445686
сша 0,040822 0,040822
среда 0,000000 0,000000
продвижение 3,064725 12,258901
раскрытии 0,076161 0,076161
редактор 0,567984 0,567984
скидки 0,047791 0,047791
сотрудников 0,076161 0,076161
вооруженные 2,708050 2,708050
эксклюзивы 0,000000 0,000000
российском 0,076161 0,076161
выражайте 0,047791 0,047791
преимущество 3,912023 3,912023
сил 1,791759 1,791759
начались 0,068993 0,068993
штурмовой 3,624341 3,624341
вооруженных 2,014903 2,014903
рекомендательных 0,000000 0,000000
конфликте 0,076161 0,076161
продолжая 0,047791 0,047791
работает 0,040822 0,040822
увлекательные 0,047791 0,047791
павел 2,708050 2,708050
далее 2,708050 2,708050
зоны 3,401197 3,401197
заместитель 3,401197 3,401197
переговоры 0,054808 0,054808
конфиденциальностиправила 0,000000 0,000000
бонусы 0,047791 0,095581
политикой 0,047791 0,047791
маккартни 0,097980 0,097980
жильцы 0,076161 0,076161
жизни 0,000000 0,000000
забота 0,000000 0,000000
сбер 0,040822 0,040822
удержать 2,708050 2,708050
пожаловать 0,013423 0,013423
использованияполитика 0,000000 0,000000
язловецкий 3,912023 15,648092
крупный 0,068993 0,068993
регионам 0,076161 0,076161
крупным 0,076161 0,076161
это 0,020203 0,020203
туристку 0,076161 0,076161
предположил 3,912023 3,912023
победа 0,000000 0,000000
украинский 2,612740 2,612740
президентом 2,813411 2,813411
остались 0,061875 0,061875
две 0,033902 0,033902
случае 1,875141 1,875141
мотор 0,000000 0,000000
обменивайте 0,047791 0,047791
опечатку 0,000000 0,000000
сми 0,000000 0,000000
справиться 3,218876 3,218876
рады 0,068993 0,068993
перевесом 4,317488 4,317488
новости 0,000000 0,000000
войти 0,000000 0,000000
место 0,054808 0,054808
акции 0,047791 0,047791
хорошие 0,013423 0,013423
мс 0,097980 0,097980
рассказал 1,272966 1,272966
медитации 0,076161 0,076161
военный 2,525729 2,525729
всеприбалтикаукраинабелоруссиямолдавиязакавказьесредняя 2,525729 2,525729
экономика 0,000000 0,000000
уход 0,076161 0,076161
могли 2,371578 2,371578
киев 2,708050 5,416100
прибыл 0,083382 0,083382
неспособен 5,010635 5,010635
области 1,399717 9,798022
спецпроекты 0,000000 0,000000
буферной 4,317488 4,317488
отдельной 3,624341 3,624341
военных 1,966113 3,932226
офицер 2,813411 11,253643
реальный 0,013423 0,013423
игры 0,000000 0,000000
техника 0,000000 0,000000
ссср 0,000000 0,000000
сдержать 2,931194 11,724775
всу 1,373049 8,238295
правды 0,068993 0,068993
трампа 0,054808 0,054808
тысячи 0,068993 0,068993
отвел 0,076161 0,076161
предрек 0,076161 0,076161
марта 0,040822 0,040822
городе 0,061875 0,061875
главное 0,000000 0,000000
реакций 0,047791 0,047791
летнего 0,097980 0,097980
неспособность 3,401197 6,802395
заявили 0,076161 0,076161
запольская 3,624341 3,624341
реакции 0,047791 0,047791
мини 0,000000 0,000000
алевтина 3,624341 3,624341
видеть 0,013423 0,013423
изнасиловал 0,076161 0,076161
признал 2,813411 11,253643
наука 0,000000 0,000000
