перемирии 0,076161 0,076161
ру 0,000000 0,000000
занимаются 4,317488 4,317488
банк 0,076161 0,152323
личных 3,401197 3,401197
новый 1,966113 7,864451
промышленные 4,317488 4,317488
лед 4,317488 4,317488
защищает 4,317488 4,317488
новые 0,000000 0,000000
найти 2,525729 2,525729
газа 3,912023 3,912023
сладким 5,010635 5,010635
ждет 3,401197 3,401197
всероссийские 5,010635 5,010635
дорог 5,010635 5,010635
карты 2,931194 2,931194
вуз 5,010635 5,010635
сократились 4,317488 4,317488
согласие 0,047791 0,047791
добро 0,013423 0,013423
выражаете 0,047791 0,047791
декабря 2,120264 8,481054
изобретает 5,010635 5,010635
боятся 4,317488 4,317488
помощью 0,047791 0,047791
стимулирует 5,010635 5,010635
людей 1,455287 11,642298
мало 3,064725 3,064725
благотворительностью 5,010635 5,010635
добра 0,013423 0,026846
одна 1,875141 1,875141
обычное 3,624341 3,624341
фото 0,061875 0,061875
расстройства 4,317488 4,317488
метана 5,010635 5,010635
кому 2,708050 2,708050
пункт 3,218876 3,218876
туристической 4,317488 4,317488
важные 3,218876 3,218876
привлек 3,912023 3,912023
водой 0,061875 0,061875
вероятность 4,317488 4,317488
технологиймини 0,000000 0,000000
оценивайте 0,047791 0,047791
оказался 2,708050 2,708050
какие 1,875141 1,875141
бурь 5,010635 5,010635
выгоранием 5,010635 5,010635
переутомления 5,010635 5,010635
назван 2,931194 8,793581
назвал 1,347074 1,347074
каким 2,525729 2,525729
конфиденциальности 0,047791 0,047791
мир 0,000000 0,000000
природе 4,317488 4,317488
нажмите 0,000000 0,000000
жизнью 3,064725 3,064725
получайте 0,047791 0,047791
мусорными 5,010635 5,010635
погружайтесь 0,047791 0,047791
бывший 0,000000 0,000000
время 0,762140 0,762140
проблемы 0,076161 0,076161
начнет 3,912023 3,912023
жители 2,302585 2,302585
накапливайте 0,047791 0,047791
ооо 0,000000 0,000000
гаджета 4,317488 8,634976
деактивирована 0,013423 0,013423
наступления 3,912023 3,912023
путешествия 0,000000 0,000000
данные 2,612740 2,612740
режим 2,931194 2,931194
оценен 5,010635 5,010635
заботиться 5,010635 5,010635
набирают 3,912023 3,912023
новых 2,014903 2,014903
потребительская 5,010635 5,010635
структуры 0,000000 0,000000
индии 0,076161 0,076161
хочешь 0,013423 0,013423
появится 4,317488 4,317488
мода 4,317488 4,317488
нашли 0,000000 0,000000
пляжных 0,097980 0,097980
магнитных 5,010635 5,010635
благотворительность 5,010635 5,010635
обычную 0,013423 0,013423
последствия 2,371578 2,371578
внешность 0,097980 0,097980
движет 4,317488 17,269952
работой 3,624341 3,624341
украинском 0,076161 0,076161
света 0,054808 0,054808
начать 2,445686 4,891372
цемента 5,010635 5,010635
получения 3,912023 3,912023
сосен 5,010635 5,010635
чистого 5,010635 10,021271
победить 2,931194 2,931194
собрали 4,317488 8,634976
галереи 0,000000 0,000000
продуктов 2,445686 2,445686
банковские 3,912023 3,912023
белоусов 0,076161 0,076161
детдомов 5,010635 5,010635
сидячего 5,010635 5,010635
подмосковье 3,064725 3,064725
ментальном 5,010635 5,010635
студентов 4,317488 8,634976
условиями 0,040822 0,081644
спорта 3,912023 3,912023
нинья 5,010635 5,010635
банке 5,010635 5,010635
отходов 5,010635 5,010635
июня 2,612740 7,838220
людьми 3,218876 3,218876
банки 3,912023 7,824046
продукты 2,931194 2,931194
уберечь 5,010635 5,010635
изменить 3,401197 3,401197
читайте 0,040822 0,040822
определен 3,912023 3,912023
охраны 5,010635 5,010635
мегапроекты 5,010635 5,010635
здоровья 2,813411 8,440232
байконур 0,097980 0,097980
прецедент 4,317488 4,317488
получит 2,813411 2,813411
редакциярекламаконтактыпресс 0,000000 0,000000
контейнеров 5,010635 5,010635
плохого 3,912023 3,912023
квартиру 3,064725 3,064725
люди 1,966113 1,966113
поддержки 3,218876 3,218876
снизить 3,401197 3,401197
прошли 3,401197 3,401197
всем 1,966113 1,966113
видео 0,000000 0,000000
всему 2,612740 5,225480
меняют 3,218876 3,218876
меньше 2,120264 2,120264
врачей 3,218876 3,218876
раскрыла 2,708050 2,708050
городах 3,218876 3,218876
подготовкой 5,010635 5,010635
открыли 3,912023 7,824046
психологу 4,317488 4,317488
поддержания 3,624341 3,624341
одного 2,177422 2,177422
последние 0,090654 0,090654
предрекли 0,076161 0,076161
алтайского 5,010635 5,010635
обезопасить 4,317488 4,317488
долларов 2,708050 5,416100
сокращает 5,010635 5,010635
помочь 2,708050 5,416100
архив 0,000000 0,000000
экомарафон 5,010635 5,010635
июля 2,813411 5,626821
туристов 2,931194 2,931194
личные 3,218876 3,218876
частые 4,317488 4,317488
сша 0,040822 0,040822
активности 3,401197 3,401197
метод 4,317488 4,317488
солнечной 3,912023 3,912023
скачке 5,010635 5,010635
старости 5,010635 5,010635
названы 2,445686 9,782744
финансовой 4,317488 4,317488
можешь 4,317488 4,317488
кардинально 5,010635 5,010635
среда 0,000000 0,000000
делать 1,966113 3,932226
уборка 5,010635 5,010635
метеозависимости 3,624341 3,624341
раскрытии 0,076161 0,076161
скидки 0,047791 0,047791
каток 5,010635 5,010635
планеты 3,218876 6,437752
эксклюзивы 0,000000 0,000000
москве 1,791759 1,791759
названо 2,813411 5,626821
придумали 3,218876 3,218876
российском 0,076161 0,685452
выражайте 0,047791 0,047791
спасаю 5,010635 5,010635
привычки 4,317488 4,317488
врач 2,445686 9,782744
кайф 5,010635 5,010635
конфликте 0,076161 0,076161
тонн 5,010635 10,021271
названа 2,931194 5,862388
продолжая 0,047791 0,047791
конференции 3,624341 3,624341
переработку 5,010635 5,010635
опасности 2,813411 8,440232
займется 5,010635 5,010635
деньги 2,014903 4,029806
встретит 5,010635 5,010635
хочу 2,813411 5,626821
ноября 2,525729 10,102915
новогодних 5,010635 5,010635
конфиденциальностиправила 0,000000 0,000000
бонусы 0,047791 0,095581
стресса 3,912023 3,912023
политикой 0,047791 0,047791
планете 3,624341 3,624341
профессии 3,624341 3,624341
подарил 3,624341 3,624341
сбера 5,010635 30,063812
жильцы 0,076161 0,076161
подмосковья 3,912023 3,912023
жизни 0,000000 0,000000
пройдут 3,624341 3,624341
стать 1,875141 1,875141
обучении 5,010635 5,010635
десятки 2,931194 2,931194
средств 2,931194 2,931194
деревьев 3,912023 3,912023
написано 5,010635 5,010635
горном 5,010635 5,010635
туристку 0,076161 0,076161
это 0,020203 0,161622
слово 3,624341 3,624341
помог 3,401197 3,401197
самочувствия 4,317488 4,317488
назвала 2,931194 8,793581
две 0,033902 0,033902
манжерок 5,010635 10,021271
мотор 0,000000 0,000000
обменивайте 0,047791 0,047791
назвали 2,238047 2,238047
справиться 3,218876 3,218876
детей 2,177422 4,354844
проезда 5,010635 5,010635
жизнь 1,544899 3,089799
менять 3,912023 7,824046
сентября 2,708050 97,489807
мусоросортировочный 5,010635 5,010635
миллионы 2,445686 17,119802
алюминиевые 5,010635 5,010635
новости 0,000000 0,000000
войти 0,000000 0,000000
миру 2,371578 4,743156
хорошие 0,013423 0,013423
россиянам 2,525729 7,577186
особенный 5,010635 5,010635
медитации 0,076161 0,076161
регионе 2,302585 16,118096
мире 1,919593 1,919593
экологически 5,010635 10,021271
инклюзивные 5,010635 10,021271
американская 3,218876 3,218876
мигренью 4,317488 4,317488
уход 0,076161 0,076161
почему 0,899761 2,699284
электромобили 5,010635 5,010635
документальном 5,010635 5,010635
мошенников 2,708050 5,416100
ими 3,624341 14,497364
перечислил 3,912023 3,912023
прибыл 0,083382 0,083382
увидели 3,218876 3,218876
говорят 2,371578 4,743156
спецпроекты 0,000000 0,000000
миллиарды 4,317488 4,317488
привычек 3,912023 3,912023
углекислого 5,010635 5,010635
рекордно 4,317488 4,317488
общения 3,401197 3,401197
обращения 4,317488 4,317488
игры 0,000000 0,000000
полмиллиона 2,931194 2,931194
пост 3,064725 3,064725
февраля 1,272966 19,094485
техника 0,000000 0,000000
ссср 0,000000 0,000000
методы 3,912023 3,912023
достичь 3,064725 3,064725
сбервместе 5,010635 5,010635
трампа 0,054808 0,054808
углеродной 5,010635 5,010635
никто 2,302585 2,302585
компания 2,371578 2,371578
отвел 0,076161 0,076161
происходит 2,014903 2,014903
соревнования 5,010635 10,021271
волонтерами 5,010635 5,010635
марта 0,040822 0,408220
сортировать 5,010635 5,010635
расследовании 4,317488 4,317488
главное 0,000000 0,000000
зарабатывают 4,317488 4,317488
характером 3,912023 3,912023
другим 2,813411 2,813411
ребенка 3,624341 3,624341
реакций 0,047791 0,047791
летнего 0,097980 0,097980
реакции 0,047791 0,047791
мини 0,000000 0,000000
компаний 2,525729 2,525729
компании 2,014903 2,014903
изнасиловал 0,076161 0,076161
самый 2,525729 5,051457
мировые 3,401197 3,401197
стоит 1,791759 1,791759
доклады 5,010635 5,010635
жертвой 3,624341 3,624341
больших 3,624341 3,624341
самые 1,832581 1,832581
зеленского 0,068993 0,068993
обмана 3,624341 3,624341
лента 0,000000 0,000000
посетивших 5,010635 5,010635
заодно 4,317488 4,317488
неожиданная 3,401197 3,401197
спорт 0,000000 0,000000
защититься 2,931194 2,931194
будущего 3,401197 3,401197
волонтеров 4,317488 4,317488
отходах 5,010635 5,010635
споры 0,097980 0,097980
шоу 2,813411 2,813411
объем 3,624341 3,624341
военной 0,061875 0,061875
четыре 0,040822 0,040822
адаптируют 5,010635 5,010635
жми 0,013423 0,013423
стартап 5,010635 5,010635
борьбу 3,912023 3,912023
сбор 3,912023 3,912023
нейтральности 5,010635 5,010635
появились 1,875141 1,875141
ленту 0,013423 0,013423
борьбы 3,912023 3,912023
затопленного 0,076161 0,076161
разработку 5,010635 5,010635
осенних 5,010635 5,010635
страдают 3,912023 11,736069
психические 5,010635 5,010635
текстиля 5,010635 5,010635
россии 0,425668 1,702671
применения 0,000000 0,000000
картофеля 5,010635 5,010635
обитания 0,000000 0,000000
ценности 0,000000 0,000000
поняли 3,218876 3,218876
сортировки 3,912023 3,912023
алтайском 5,010635 5,010635
важно 2,302585 4,605170
рублей 1,514128 1,514128
приема 3,401197 3,401197
материалам 0,047791 0,047791
мужчин 2,371578 2,371578
важность 3,912023 3,912023
вернуться 0,013423 0,013423
женщины 2,066196 2,066196
ваши 0,047791 0,095581
российским 0,076161 0,076161
гардероб 4,317488 4,317488
эмоциональным 5,010635 5,010635
дому 5,010635 5,010635
интернет 0,000000 0,000000
россия 0,000000 0,000000
полигон 4,317488 8,634976
личной 3,064725 3,064725
простой 3,624341 3,624341
обратился 0,076161 0,076161
рассказали 1,919593 9,597964
свои 0,027029 0,054057
вредных 3,624341 3,624341
платеж 4,317488 4,317488
говорили 2,813411 2,813411
свое 2,525729 5,051457
января 1,791759 10,750557
популярный 3,064725 3,064725
предупредил 3,401197 3,401197
гид 0,076161 0,076161
работе 1,791759 1,791759
придумывают 5,010635 5,010635
уволит 0,076161 0,076161
дома 0,061875 0,061875
сложным 4,317488 4,317488
правильно 2,813411 2,813411
американский 0,061875 0,123751
пола 0,097980 0,097980
экологичности 5,010635 5,010635
сервисы 3,064725 3,064725
устроят 5,010635 5,010635
питанию 4,317488 4,317488
росте 3,401197 3,401197
состоянием 5,010635 5,010635
оплату 3,912023 3,912023
популярность 3,064725 3,064725
помогают 2,813411 5,626821
российских 1,576648 1,576648
пищевых 5,010635 5,010635
курорте 5,010635 15,031906
перекусов 4,317488 4,317488
эмоции 0,047791 0,047791
обманывает 5,010635 5,010635
отрасли 3,064725 6,129450
зеленским 0,076161 0,076161
глобального 5,010635 5,010635
питание 2,931194 2,931194
климата 4,317488 4,317488
двум 0,076161 0,076161
становятся 3,401197 3,401197
шум 4,317488 4,317488
вызвала 0,097980 0,097980
изучением 5,010635 5,010635
сети 0,090654 0,090654
грамотности 5,010635 5,010635
экологичного 5,010635 5,010635
военнослужащим 0,076161 0,076161
миллионов 1,791759 1,791759
психолог 3,401197 6,802395
причина 2,445686 4,891372
выгорания 5,010635 5,010635
старые 3,624341 3,624341
вид 2,813411 2,813411
образа 3,912023 3,912023
изменением 4,317488 4,317488
рекордного 5,010635 5,010635
манжероке 5,010635 5,010635
отвлечься 5,010635 5,010635
материалы 0,000000 0,000000
обновить 5,010635 5,010635
болезнях 5,010635 5,010635
пользу 3,218876 3,218876
спрос 3,912023 3,912023
депутат 0,076161 0,076161
врут 5,010635 5,010635
бизнес 2,612740 2,612740
прогресс 0,097980 0,097980
статьи 0,000000 0,000000
работодателя 4,317488 4,317488
гаражные 5,010635 5,010635
мусорное 5,010635 5,010635
форме 0,061875 0,061875
культура 0,000000 0,000000
силовые 0,000000 0,000000
бесплатно 3,912023 3,912023
тревожность 5,010635 5,010635
тысяч 1,427116 1,427116
диких 4,317488 4,317488
дня 0,061875 0,123751
способы 3,624341 14,497364
рекультивировали 5,010635 10,021271
банальный 5,010635 5,010635
гринвошинг 5,010635 5,010635
ии 3,624341 3,624341
вложились 5,010635 5,010635
мусора 3,912023 3,912023
сотрудников 0,076161 0,076161
инвалидностью 4,317488 12,952464
выбросов 5,010635 5,010635
грани 3,064725 3,064725
топлива 3,912023 7,824046
ведро 5,010635 5,010635
начались 0,068993 0,068993
следить 3,401197 3,401197
дали 2,525729 2,525729
рекомендательных 0,000000 0,000000
курорт 3,912023 7,824046
алтае 5,010635 5,010635
работает 0,040822 0,040822
увлекательные 0,047791 0,047791
здоровье 2,708050 5,416100
деменции 5,010635 10,021271
переговоры 0,054808 0,054808
профессиям 5,010635 5,010635
россиян 1,714798 13,718387
год 1,714798 1,714798
меняется 3,624341 3,624341
защитить 3,912023 3,912023
маккартни 0,097980 0,097980
обратиться 3,624341 3,624341
забота 0,000000 0,000000
сбер 0,040822 0,122466
пожаловать 0,013423 0,013423
использованияполитика 0,000000 0,000000
недосыпа 5,010635 5,010635
октября 2,931194 11,724775
распродажи 5,010635 5,010635
мая 2,931194 8,793581
языка 3,912023 3,912023
избавиться 3,624341 3,624341
высадили 5,010635 5,010635
крупный 0,068993 0,068993
стремительно 3,912023 3,912023
мусорный 5,010635 10,021271
ла 3,912023 3,912023
регионам 0,076161 0,076161
крупным 0,076161 0,076161
понял 3,064725 3,064725
правильному 5,010635 5,010635
победа 0,000000 0,000000
видеонаблюдение 5,010635 5,010635
учиться 3,401197 3,401197
комнату 3,912023 3,912023
неожиданные 5,010635 5,010635
поступление 5,010635 5,010635
россияне 1,919593 11,517557
советы 3,064725 6,129450
остались 0,061875 0,061875
страна 1,714798 1,714798
потере 4,317488 4,317488
опечатку 0,000000 0,000000
сми 0,000000 0,000000
сдали 5,010635 5,010635
такое 2,014903 2,014903
жить 2,177422 2,177422
установят 5,010635 5,010635
мусор 5,010635 5,010635
спасение 2,371578 2,371578
рады 0,068993 0,068993
создание 2,813411 2,813411
мошенники 2,931194 2,931194
контейнерами 5,010635 5,010635
отпраздновали 5,010635 5,010635
углубленным 5,010635 5,010635
развития 2,612740 2,612740
место 0,054808 0,054808
акции 0,047791 0,047791
мс 0,097980 0,097980
рассказал 1,272966 1,272966
алтайский 3,912023 7,824046
ради 2,371578 2,371578
изменится 2,813411 2,813411
экономика 0,000000 0,000000
потепления 5,010635 5,010635
комплекс 5,010635 5,010635
антарктиды 5,010635 5,010635
таяния 4,317488 4,317488
самостоятельно 3,218876 3,218876
проблем 2,445686 2,445686
ученые 2,813411 8,440232
школу 3,624341 3,624341
баланс 3,912023 3,912023
совершить 5,010635 5,010635
ученый 3,912023 7,824046
пересаживаются 5,010635 5,010635
количество 1,966113 3,932226
отходами 5,010635 5,010635
влияние 2,371578 2,371578
навредить 3,912023 3,912023
выгорающих 5,010635 5,010635
продолжительность 5,010635 5,010635
реальный 0,013423 0,013423
безопасности 2,177422 2,177422
сняли 3,064725 3,064725
правды 0,068993 0,068993
тысячи 0,068993 0,137986
бегать 5,010635 5,010635
одежды 2,931194 2,931194
незрячие 5,010635 5,010635
сотни 2,066196 4,132393
упростит 5,010635 5,010635
металлолома 5,010635 5,010635
предрек 0,076161 0,076161
городе 0,061875 0,123751
уникальные 3,912023 3,912023
растет 3,624341 3,624341
сенсорную 5,010635 5,010635
заявили 0,076161 0,076161
выбрасывают 5,010635 5,010635
опасный 3,218876 3,218876
оценили 2,525729 5,051457
захотела 3,401197 3,401197
своих 2,177422 2,177422
бизонов 5,010635 5,010635
видеть 0,013423 0,013423
улучшении 5,010635 5,010635
выбросы 5,010635 5,010635
очень 1,347074 1,347074
способ 2,371578 9,486312
ожирения 3,912023 3,912023
наука 0,000000 0,000000
семейные 4,317488 4,317488
запустил 5,010635 5,010635
активно 2,708050 2,708050
