зеленского 0,068993 0,068993
перемирии 0,076161 0,076161
ру 0,000000 0,000000
потолочная 5,010635 5,010635
банк 0,076161 0,076161
лента 0,000000 0,000000
этому 2,238047 2,238047
новые 0,000000 0,000000
крышу 5,010635 5,010635
спорт 0,000000 0,000000
подачу 5,010635 5,010635
заверили 4,317488 4,317488
сферанедвижимостьгородская 1,966113 1,966113
споры 0,097980 0,097980
согласие 0,047791 0,047791
добро 0,013423 0,013423
военной 0,061875 0,061875
выражаете 0,047791 0,047791
четыре 0,040822 0,244932
жми 0,013423 0,013423
воду 3,401197 3,401197
помощью 0,047791 0,047791
талым 5,010635 10,021271
добра 0,013423 0,026846
ленту 0,013423 0,013423
фото 0,061875 0,123751
затопленного 0,076161 0,228484
новосибирске 5,010635 10,021271
водой 0,061875 0,061875
дырявой 5,010635 5,010635
концов 3,624341 3,624341
применения 0,000000 0,000000
технологиймини 0,000000 0,000000
привел 3,218876 3,218876
оценивайте 0,047791 0,047791
обитания 0,000000 0,000000
ценности 0,000000 0,000000
материалам 0,047791 0,047791
конфиденциальности 0,047791 0,047791
вернуться 0,013423 0,013423
мир 0,000000 0,000000
ваши 0,047791 0,047791
ук 3,401197 6,802395
российским 0,076161 0,076161
ресурса 5,010635 5,010635
нажмите 0,000000 0,000000
восстановить 3,624341 3,624341
получайте 0,047791 0,047791
проблему 3,401197 3,401197
погружайтесь 0,047791 0,047791
отключению 5,010635 5,010635
конце 2,525729 2,525729
жилом 5,010635 5,010635
бывший 0,000000 0,000000
проблемы 0,076161 0,076161
всегосэкономикабизнесрынкикапиталсоциальная 1,966113 1,966113
жители 2,302585 2,302585
накапливайте 0,047791 0,047791
интернет 0,000000 0,000000
россия 0,000000 0,000000
ремонта 5,010635 5,010635
ооо 0,000000 0,000000
обратился 0,076161 0,076161
деактивирована 0,013423 0,013423
путешествия 0,000000 0,000000
каждое 4,317488 4,317488
свои 0,027029 0,027029
затапливает 5,010635 5,010635
ранее 1,003302 1,003302
госжилинспекцию 5,010635 5,010635
января 1,791759 1,791759
доме 2,014903 6,044709
клабукова 5,010635 5,010635
сидят 3,624341 3,624341
структуры 0,000000 0,000000
индии 0,076161 0,076161
гид 0,076161 0,076161
квартирах 4,317488 4,317488
хочешь 0,013423 0,013423
нашли 0,000000 0,000000
пляжных 0,097980 0,097980
уволит 0,076161 0,076161
управляющая 4,317488 4,317488
дома 0,061875 0,247502
американский 0,061875 0,061875
обычную 0,013423 0,013423
пола 0,097980 0,097980
внешность 0,097980 0,097980
протечки 5,010635 5,010635
потоп 4,317488 4,317488
украинском 0,076161 0,076161
начать 2,445686 2,445686
света 0,054808 0,328849
утро 4,317488 4,317488
коммуникации 3,912023 3,912023
галереи 0,000000 0,000000
белоусов 0,076161 0,076161
вдобавок 3,912023 3,912023
затопило 5,010635 5,010635
телефон 3,624341 3,624341
эмоции 0,047791 0,047791
зеленским 0,076161 0,076161
пока 1,678431 1,678431
лишили 3,401197 3,401197
условиями 0,040822 0,081644
двум 0,076161 0,076161
вызвала 0,097980 0,097980
потолка 4,317488 4,317488
сети 0,090654 0,090654
работы 1,455287 1,455287
военнослужащим 0,076161 0,076161
меры 3,064725 3,064725
могут 1,455287 4,365862
читайте 0,040822 0,040822
байконур 0,097980 0,097980
электричества 4,317488 4,317488
прецедент 4,317488 4,317488
редакциярекламаконтактыпресс 0,000000 0,000000
материалы 0,000000 0,000000
везде 3,912023 3,912023
обратились 4,317488 4,317488
видео 0,000000 0,000000
депутат 0,076161 0,076161
прогресс 0,097980 0,097980
статьи 0,000000 0,000000
целиком 3,912023 3,912023
дом 2,014903 2,014903
форме 0,061875 0,061875
последние 0,090654 0,090654
предрекли 0,076161 0,076161
культура 0,000000 0,000000
обсудить 0,456758 0,456758
силовые 0,000000 0,000000
архив 0,000000 0,000000
электричество 3,912023 3,912023
дня 0,061875 0,371252
продолжились 5,010635 5,010635
снегом 4,317488 8,634976
сша 0,040822 0,040822
крыши 5,010635 5,010635
отношении 1,791759 1,791759
собственники 5,010635 5,010635
недвижимость 3,401197 3,401197
среда 0,000000 0,000000
зарядить 5,010635 5,010635
пропало 4,317488 4,317488
просохнут 5,010635 5,010635
раскрытии 0,076161 0,076161
отслоились 5,010635 5,010635
скидки 0,047791 0,047791
сотрудников 0,076161 0,076161
городскую 4,317488 4,317488
эксклюзивы 0,000000 0,000000
российском 0,076161 0,304645
выражайте 0,047791 0,047791
квартировладельцы 5,010635 5,010635
начались 0,068993 0,068993
администрацию 4,317488 4,317488
рекомендательных 0,000000 0,000000
конфликте 0,076161 0,076161
климат 1,919593 1,919593
продолжая 0,047791 0,047791
работает 0,040822 0,040822
натяжного 5,010635 5,010635
обвалилась 5,010635 5,010635
увлекательные 0,047791 0,047791
средаклимат 1,966113 1,966113
переговоры 0,054808 0,054808
котовского 5,010635 5,010635
виктория 4,317488 4,317488
конфиденциальностиправила 0,000000 0,000000
бонусы 0,047791 0,095581
политикой 0,047791 0,047791
маккартни 0,097980 0,097980
жильцы 0,076161 0,304645
жизни 0,000000 0,000000
забота 0,000000 0,000000
сбер 0,040822 0,040822
пожаловать 0,013423 0,013423
использованияполитика 0,000000 0,000000
подвижек 5,010635 5,010635
девятиэтажный 5,010635 5,010635
решить 3,401197 3,401197
работать 2,120264 2,120264
обои 5,010635 5,010635
крупный 0,068993 0,068993
результате 2,238047 2,238047
регионам 0,076161 0,076161
крупным 0,076161 0,076161
это 0,020203 0,020203
туристку 0,076161 0,076161
победа 0,000000 0,000000
замкнуло 5,010635 5,010635
сроках 5,010635 5,010635
трехмесячный 5,010635 5,010635
горожане 4,317488 4,317488
остались 0,061875 0,247502
две 0,033902 0,033902
мотор 0,000000 0,000000
обменивайте 0,047791 0,047791
опечатку 0,000000 0,000000
сми 0,000000 0,000000
пообещала 3,912023 3,912023
рады 0,068993 0,068993
электрики 5,010635 5,010635
протечек 5,010635 5,010635
новости 0,000000 0,000000
войти 0,000000 0,000000
место 0,054808 0,054808
акции 0,047791 0,047791
хорошие 0,013423 0,013423
мс 0,097980 0,097980
улице 3,218876 3,218876
медитации 0,076161 0,076161
дырявую 5,010635 5,010635
экономика 0,000000 0,000000
горожанам 5,010635 5,010635
уход 0,076161 0,076161
приходится 3,624341 3,624341
прибыл 0,083382 0,083382
увидели 3,218876 3,218876
говорят 2,371578 2,371578
спецпроекты 0,000000 0,000000
пишет 2,371578 2,371578
проводку 5,010635 5,010635
местной 3,912023 3,912023
сливать 5,010635 5,010635
постоянных 4,317488 4,317488
реальный 0,013423 0,013423
девятиэтажки 5,010635 5,010635
игры 0,000000 0,000000
техника 0,000000 0,000000
ссср 0,000000 0,000000
правды 0,068993 0,068993
трампа 0,054808 0,054808
тысячи 0,068993 0,068993
компания 2,371578 2,371578
отвел 0,076161 0,076161
предрек 0,076161 0,076161
марта 0,040822 0,040822
городе 0,061875 0,247502
главное 0,000000 0,000000
плитка 5,010635 5,010635
реакций 0,047791 0,047791
летнего 0,097980 0,097980
издание 2,445686 2,445686
заявили 0,076161 0,076161
реакции 0,047791 0,047791
мини 0,000000 0,000000
жалуются 4,317488 4,317488
приняты 5,010635 5,010635
экологияделовой 1,966113 1,966113
видеть 0,013423 0,013423
изнасиловал 0,076161 0,076161
жильцов 4,317488 8,634976
новосибирцы 5,010635 5,010635
наука 0,000000 0,000000
прокуратуру 5,010635 5,010635
