историей 4,317488 4,317488
ру 0,000000 0,000000
банк 0,076161 0,076161
стас 5,010635 5,010635
найти 2,525729 2,525729
отдыха 3,401197 3,401197
направленный 5,010635 5,010635
повлиять 4,317488 4,317488
стал 1,203973 3,611918
интеллектуального 5,010635 5,010635
случилось 3,624341 3,624341
партнеров 3,401197 3,401197
сферанедвижимостьгородская 1,966113 1,966113
согласие 0,047791 0,047791
центр 3,218876 9,656627
притяжения 5,010635 5,010635
производства 3,064725 9,194175
арт 4,317488 21,587441
людей 1,455287 1,455287
партнерами 4,317488 4,317488
старинный 5,010635 5,010635
человек 1,249435 2,498870
фото 0,061875 0,433128
пункт 3,218876 3,218876
создано 5,010635 5,010635
лет 0,967584 2,902752
производит 5,010635 5,010635
появилась 2,445686 2,445686
культурные 5,010635 5,010635
такие 2,120264 2,120264
водой 0,061875 0,061875
технологиймини 0,000000 0,000000
проекты 5,010635 5,010635
здании 5,010635 10,021271
малого 5,010635 10,021271
область 2,238047 4,476093
населенный 3,912023 3,912023
информационных 4,317488 4,317488
пор 2,238047 2,238047
природа 5,010635 5,010635
кинопроизводство 5,010635 5,010635
конфиденциальности 0,047791 0,047791
бутусов 4,317488 4,317488
аси 5,010635 60,127624
нажмите 0,000000 0,000000
получайте 0,047791 0,047791
дело 2,120264 2,120264
скейтпарк 5,010635 5,010635
проект 3,624341 7,248682
уличного 5,010635 5,010635
проблемы 0,076161 0,076161
всегосэкономикабизнесрынкикапиталсоциальная 1,966113 1,966113
жители 2,302585 2,302585
стильной 4,317488 4,317488
недавно 3,218876 3,218876
путешествия 0,000000 0,000000
маршруты 4,317488 4,317488
вечеринки 4,317488 4,317488
читального 5,010635 5,010635
подкаст 5,010635 5,010635
республике 3,401197 3,401197
фарфора 5,010635 5,010635
территории 1,919593 5,758779
также 0,762140 1,524280
имени 2,708050 8,124151
туда 2,813411 5,626821
индии 0,076161 0,076161
проекта 3,064725 3,064725
нашли 0,000000 0,000000
туризма 4,317488 4,317488
территорию 2,612740 2,612740
украинском 0,076161 0,076161
света 0,054808 0,054808
вечерний 5,010635 5,010635
изменений 3,624341 3,624341
ближайшем 3,624341 3,624341
прежнему 3,064725 3,064725
белоусов 0,076161 0,076161
креативный 4,317488 30,222417
однако 1,249435 1,249435
креативных 4,317488 12,952464
брендов 3,624341 3,624341
условиями 0,040822 0,081644
индустриальное 5,010635 5,010635
производственные 5,010635 5,010635
сверхглубокая 5,010635 5,010635
завод 3,912023 3,912023
изменить 3,401197 3,401197
могут 1,455287 8,731723
креативные 5,010635 20,042541
читайте 0,040822 0,040822
распылять 5,010635 5,010635
массового 3,912023 3,912023
исследованием 5,010635 5,010635
известное 5,010635 5,010635
байконур 0,097980 0,097980
поддержка 4,317488 4,317488
базе 3,401197 3,401197
выросло 4,317488 4,317488
любителей 3,624341 3,624341
поддержки 3,218876 9,656627
улучшает 5,010635 5,010635
путешественников 5,010635 5,010635
посетить 5,010635 5,010635
всему 2,612740 2,612740
поддержку 2,813411 2,813411
меняют 3,218876 6,437752
богатый 5,010635 5,010635
посвященной 3,912023 3,912023
расположен 5,010635 5,010635
часть 1,919593 3,839186
последние 0,090654 0,090654
предрекли 0,076161 0,076161
лекцию 5,010635 5,010635
лето 3,064725 3,064725
часто 2,525729 2,525729
формирование 5,010635 5,010635
архив 0,000000 0,000000
робототехники 5,010635 5,010635
лекции 5,010635 5,010635
участием 3,401197 3,401197
туристов 2,931194 5,862388
специально 3,401197 3,401197
сша 0,040822 0,040822
издают 5,010635 5,010635
конкретного 3,912023 3,912023
продвижение 3,064725 3,064725
одновременно 3,218876 3,218876
самая 2,238047 2,238047
взрослых 3,218876 3,218876
раскрытии 0,076161 0,076161
креативной 5,010635 5,010635
создает 3,624341 3,624341
экскурсии 4,317488 8,634976
креативное 5,010635 5,010635
российском 0,076161 0,076161
мероприятия 3,624341 7,248682
качество 3,401197 6,802395
руками 4,317488 4,317488
российской 2,014903 2,014903
членом 5,010635 5,010635
современной 4,317488 4,317488
усилия 4,317488 8,634976
современное 5,010635 5,010635
каналы 3,218876 3,218876
продвижения 4,317488 4,317488
климат 1,919593 1,919593
конференции 3,624341 3,624341
саха 5,010635 5,010635
екатерина 2,708050 2,708050
фотостудия 5,010635 5,010635
предпринимателей 3,064725 3,064725
зоны 3,401197 3,401197
чувствует 4,317488 4,317488
бонусы 0,047791 0,095581
состояла 5,010635 5,010635
жильцы 0,076161 0,076161
переформатированы 5,010635 5,010635
века 2,813411 2,813411
слияние 5,010635 5,010635
существуют 5,010635 5,010635
жизни 0,000000 0,000000
нужно 1,791759 3,583519
любые 3,218876 3,218876
одним 1,966113 1,966113
организовали 5,010635 5,010635
популяризацию 5,010635 5,010635
находится 2,371578 4,743156
туристку 0,076161 0,076161
туле 3,912023 3,912023
достижениях 3,912023 3,912023
борзов 5,010635 5,010635
площадкой 3,912023 3,912023
современном 3,912023 3,912023
крытый 5,010635 5,010635
мотор 0,000000 0,000000
обменивайте 0,047791 0,047791
знаковое 5,010635 5,010635
ткани 4,317488 4,317488
тулы 5,010635 10,021271
театра 4,317488 4,317488
жизнь 1,544899 4,634698
группы 2,238047 2,238047
пластинок 5,010635 5,010635
проходят 3,624341 7,248682
миру 2,371578 2,371578
хорошие 0,013423 0,013423
творческого 5,010635 5,010635
дальше 2,612740 2,612740
рынков 3,401197 3,401197
талантливые 3,624341 7,248682
нижегородская 5,010635 5,010635
мире 1,919593 1,919593
годом 3,401197 3,401197
компьютерной 5,010635 5,010635
мира 1,576648 1,576648
причем 2,708050 2,708050
местом 3,218876 3,218876
почему 0,899761 1,799523
власти 1,919593 1,919593
активного 4,317488 4,317488
художники 5,010635 5,010635
прибыл 0,083382 0,083382
растут 3,912023 3,912023
области 1,399717 4,199152
объединение 4,317488 4,317488
стратегии 5,010635 5,010635
проводятся 3,912023 3,912023
принимает 4,317488 4,317488
годов 2,612740 2,612740
объединения 5,010635 5,010635
назад 1,678431 1,678431
помогает 3,218876 6,437752
желающих 4,317488 4,317488
знаком 3,912023 3,912023
ссср 0,000000 0,000000
микрофон 5,010635 10,021271
лабораторию 5,010635 10,021271
нашей 2,525729 2,525729
скважина 5,010635 5,010635
бериашвили 5,010635 5,010635
дизайн 4,317488 17,269952
ян 5,010635 15,031906
драматургов 5,010635 5,010635
сенаторова 5,010635 5,010635
арендуют 5,010635 5,010635
похожи 5,010635 5,010635
именно 1,875141 3,750282
другие 1,714798 3,429597
главное 0,000000 0,000000
аудиовизуального 5,010635 5,010635
летнего 0,097980 0,097980
столичные 5,010635 5,010635
общества 3,218876 3,218876
концерт 4,317488 4,317488
мини 0,000000 0,000000
визуального 5,010635 10,021271
традиции 3,401197 3,401197
изнасиловал 0,076161 0,076161
лаборатории 4,317488 4,317488
потрясающая 5,010635 5,010635
стоит 1,791759 1,791759
образом 2,066196 2,066196
нынешний 4,317488 4,317488
точка 4,317488 4,317488
ключевых 2,931194 2,931194
дизайнерскую 5,010635 5,010635
позволяют 3,624341 3,624341
безграничные 5,010635 5,010635
вика 5,010635 5,010635
культуры 3,064725 3,064725
создают 3,624341 7,248682
интеграции 3,912023 3,912023
историческом 5,010635 15,031906
театрального 4,317488 4,317488
образовательными 5,010635 5,010635
спорт 0,000000 0,000000
зала 3,624341 3,624341
экспозиция 5,010635 5,010635
ключевым 3,912023 3,912023
завода 3,912023 7,824046
споры 0,097980 0,097980
национальные 5,010635 5,010635
военной 0,061875 0,061875
заводе 3,401197 10,203592
четыре 0,040822 0,040822
отраслевому 5,010635 5,010635
друг 2,238047 2,238047
известных 3,401197 3,401197
дюмин 5,010635 5,010635
кольская 5,010635 5,010635
изготовить 5,010635 5,010635
сделали 3,218876 3,218876
художественная 5,010635 10,021271
кластер 5,010635 40,085082
облагородить 5,010635 5,010635
индустриальный 5,010635 5,010635
стали 1,514128 1,514128
глубокие 5,010635 5,010635
обитания 0,000000 0,000000
высокое 3,912023 3,912023
фестивали 5,010635 10,021271
властями 4,317488 4,317488
появился 2,445686 2,445686
инициатив 3,912023 3,912023
баттлы 5,010635 5,010635
направления 3,912023 3,912023
фестиваля 5,010635 5,010635
облик 3,912023 7,824046
сомневаться 5,010635 5,010635
российским 0,076161 0,076161
проходит 3,064725 3,064725
бажова 5,010635 5,010635
магазин 3,401197 10,203592
президента 1,455287 1,455287
легендарного 4,317488 4,317488
стол 4,317488 4,317488
экономические 3,912023 3,912023
натуры 5,010635 5,010635
ярмарках 5,010635 5,010635
ниже 3,624341 3,624341
интернет 0,000000 0,000000
виниловых 5,010635 5,010635
обратился 0,076161 0,076161
туристы 3,401197 3,401197
шесть 2,525729 5,051457
считает 2,445686 2,445686
финансы 5,010635 5,010635
поэтические 5,010635 5,010635
создаются 3,912023 3,912023
кинопоказ 5,010635 5,010635
вячеслав 3,624341 3,624341
гид 0,076161 0,076161
дома 0,061875 0,061875
записать 4,317488 4,317488
пола 0,097980 0,097980
кофейня 5,010635 5,010635
работу 1,791759 1,791759
запущен 5,010635 5,010635
роста 2,708050 2,708050
представить 3,912023 3,912023
библиотеку 4,317488 4,317488
помогают 2,813411 5,626821
российских 1,576648 1,576648
связывать 5,010635 5,010635
фонда 3,401197 6,802395
итоге 2,708050 2,708050
эмоции 0,047791 0,047791
направлений 3,912023 3,912023
самого 2,525729 2,525729
гагарин 3,912023 3,912023
смежных 5,010635 5,010635
сети 0,090654 0,090654
работы 1,455287 1,455287
военнослужащим 0,076161 0,076161
художников 3,912023 3,912023
спешелти 5,010635 5,010635
регионов 3,624341 3,624341
старые 3,624341 7,248682
кроме 1,427116 2,854233
ассоциации 3,624341 3,624341
привлекает 4,317488 4,317488
посещают 5,010635 10,021271
видеоигры 5,010635 5,010635
материалы 0,000000 0,000000
формированием 5,010635 5,010635
депутат 0,076161 0,076161
бизнес 2,612740 2,612740
статьи 0,000000 0,000000
лофт 5,010635 5,010635
сноса 5,010635 5,010635
целиком 3,912023 3,912023
стильные 4,317488 4,317488
благотворительного 5,010635 5,010635
материале 2,120264 2,120264
культура 0,000000 0,000000
сооснователь 4,317488 4,317488
масштабные 4,317488 4,317488
пространство 3,912023 11,736069
модельного 5,010635 5,010635
галеева 5,010635 5,010635
современных 3,624341 3,624341
развивают 5,010635 5,010635
привлечении 5,010635 5,010635
основой 3,912023 3,912023
пространства 5,010635 5,010635
музыка 3,624341 3,624341
появятся 4,317488 4,317488
зависит 3,064725 3,064725
мировой 2,445686 2,445686
многим 3,218876 3,218876
модернизирует 5,010635 5,010635
учитывает 5,010635 5,010635
творчества 4,317488 8,634976
потребностей 4,317488 4,317488
открытая 5,010635 5,010635
многие 1,714798 5,144395
наследие 5,010635 5,010635
язык 3,624341 3,624341
копировать 5,010635 5,010635
грани 3,064725 3,064725
исключительно 3,624341 3,624341
коллабораций 5,010635 5,010635
способны 3,401197 6,802395
нижегородской 5,010635 5,010635
разработали 4,317488 4,317488
резидентами 5,010635 5,010635
сделать 2,371578 2,371578
разных 2,445686 2,445686
работает 0,040822 0,081644
увлекательные 0,047791 0,047791
сопутствующей 5,010635 5,010635
выставок 5,010635 5,010635
формирует 5,010635 5,010635
инициативы 3,912023 11,736069
казани 4,317488 4,317488
переговоры 0,054808 0,054808
раза 2,525729 2,525729
будущее 2,612740 2,612740
год 1,714798 3,429597
максим 2,931194 2,931194
маккартни 0,097980 0,097980
творчестве 5,010635 5,010635
будущем 3,401197 3,401197
открылся 5,010635 5,010635
гостей 3,401197 10,203592
малых 3,624341 10,873023
сбер 0,040822 0,040822
использованияполитика 0,000000 0,000000
юрием 4,317488 4,317488
мая 2,931194 2,931194
крупных 3,064725 3,064725
органами 3,218876 3,218876
калинина 5,010635 5,010635
крупный 0,068993 0,068993
партнерству 5,010635 5,010635
регионам 0,076161 0,152323
агентство 3,064725 6,129450
микрофоны 5,010635 5,010635
инвестиций 3,401197 6,802395
крупным 0,076161 0,076161
инвестиции 3,624341 3,624341
калуге 5,010635 5,010635
регионах 4,317488 4,317488
комиксов 5,010635 5,010635
советского 2,371578 2,371578
самом 2,014903 2,014903
россияне 1,919593 3,839186
стране 2,177422 2,177422
остались 0,061875 0,061875
столиц 5,010635 5,010635
сегодня 1,643339 3,286679
помощник 3,912023 3,912023
партнерстве 5,010635 5,010635
цифры 3,624341 7,248682
создать 2,612740 10,450960
сообществ 3,912023 7,824046
кожан 5,010635 10,021271
малые 5,010635 5,010635
страны 1,455287 1,455287
преобразовать 5,010635 5,010635
такое 2,014903 4,029806
международных 3,218876 3,218876
рады 0,068993 0,068993
концепция 5,010635 5,010635
цеха 5,010635 10,021271
идентичность 5,010635 5,010635
туристические 5,010635 5,010635
акции 0,047791 0,047791
центры 3,912023 3,912023
регион 4,317488 4,317488
формате 3,624341 3,624341
расширении 4,317488 4,317488
благодаря 2,238047 2,238047
истории 1,966113 3,932226
генерировать 5,010635 5,010635
экономика 0,000000 0,000000
центре 2,525729 10,102915
центра 2,708050 2,708050
простаивала 5,010635 5,010635
рамках 2,371578 4,743156
экономики 3,624341 7,248682
которая 1,875141 3,750282
прометей 5,010635 5,010635
организации 2,708050 2,708050
этери 5,010635 5,010635
солома 5,010635 5,010635
история 2,238047 2,238047
регионального 5,010635 10,021271
объединились 5,010635 5,010635
катализатором 5,010635 5,010635
свердловской 5,010635 5,010635
реальный 0,013423 0,013423
государственными 5,010635 5,010635
парки 5,010635 5,010635
площадка 3,912023 3,912023
тульские 5,010635 5,010635
площадке 5,010635 5,010635
сетевого 5,010635 5,010635
парке 4,317488 17,269952
тысячи 0,068993 0,068993
учреждениями 5,010635 5,010635
рекламы 3,624341 3,624341
разноформатные 5,010635 5,010635
предрек 0,076161 0,076161
познакомиться 4,317488 4,317488
перфоманса 5,010635 5,010635
алексей 1,919593 1,919593
записывался 5,010635 5,010635
кафе 4,317488 4,317488
жителей 1,966113 3,932226
думать 4,317488 4,317488
развитием 3,912023 7,824046
стоимость 2,371578 2,371578
заявили 0,076161 0,076161
форматы 3,912023 3,912023
встречи 2,525729 5,051457
постоянно 2,525729 2,525729
отраслей 4,317488 8,634976
оборудование 4,317488 8,634976
оказывая 5,010635 5,010635
дизайна 4,317488 4,317488
видеть 0,013423 0,013423
способ 2,371578 2,371578
резидентов 5,010635 5,010635
активно 2,708050 5,416100
условия 2,371578 4,743156
перемирии 0,076161 0,076161
взаимодействуют 5,010635 5,010635
специальный 3,401197 3,401197
местные 3,912023 3,912023
актуального 5,010635 5,010635
найк 5,010635 5,010635
промышленные 4,317488 8,634976
образ 2,525729 2,525729
новые 0,000000 0,000000
местных 2,708050 2,708050
районы 3,912023 3,912023
специальные 4,317488 4,317488
гончаровоснователь 5,010635 5,010635
добро 0,013423 0,013423
выражаете 0,047791 0,047791
менее 2,014903 2,014903
работают 2,612740 5,225480
помощью 0,047791 0,095581
ставку 5,010635 5,010635
александр 1,832581 1,832581
помощь 2,177422 2,177422
добра 0,013423 0,026846
должны 2,066196 2,066196
особенное 5,010635 5,010635
заглянуть 5,010635 5,010635
знаменитое 5,010635 5,010635
достопримечательностью 5,010635 5,010635
течений 5,010635 5,010635
исследование 3,624341 3,624341
творческий 5,010635 10,021271
выдающихся 5,010635 5,010635
экс 2,066196 2,066196
оценивайте 0,047791 0,047791
х 2,177422 2,177422
внедрять 4,317488 4,317488
звезд 3,064725 3,064725
возможностей 3,218876 3,218876
построенного 5,010635 5,010635
творческие 4,317488 21,587441
конкретные 4,317488 4,317488
редких 4,317488 4,317488
мир 0,000000 0,000000
объединяет 5,010635 5,010635
павла 4,317488 4,317488
означает 4,317488 4,317488
гибкой 5,010635 5,010635
популярностью 5,010635 5,010635
всероссийских 5,010635 5,010635
погружайтесь 0,047791 0,047791
абсолютно 3,064725 3,064725
моды 3,624341 3,624341
регионы 5,010635 10,021271
небольшой 3,401197 3,401197
бывший 0,000000 0,000000
накапливайте 0,047791 0,047791
практики 5,010635 5,010635
моду 3,912023 7,824046
ооо 0,000000 0,000000
городских 5,010635 5,010635
деактивирована 0,013423 0,013423
фарфорового 5,010635 5,010635
бывшие 3,912023 3,912023
новых 2,014903 4,029806
чистый 5,010635 5,010635
структуры 0,000000 0,000000
творческих 5,010635 20,042541
региональных 4,317488 4,317488
город 2,445686 9,782744
хочешь 0,013423 0,013423
пляжных 0,097980 0,097980
текстильной 5,010635 5,010635
эмпатия 5,010635 5,010635
обычную 0,013423 0,013423
тульской 5,010635 5,010635
сектор 3,912023 3,912023
галерея 5,010635 15,031906
внешность 0,097980 0,097980
галерею 5,010635 5,010635
возрождение 3,912023 3,912023
рассматривается 5,010635 5,010635
галерей 5,010635 5,010635
галереи 0,000000 0,000000
выставке 5,010635 5,010635
собирают 4,317488 4,317488
выставки 4,317488 4,317488
контексте 3,218876 3,218876
счет 2,931194 2,931194
офис 3,401197 6,802395
пошли 3,064725 3,064725
продукты 2,931194 2,931194
удел 5,010635 5,010635
городской 5,010635 15,031906
поиске 3,912023 3,912023
редакциярекламаконтактыпресс 0,000000 0,000000
высоцкий 5,010635 5,010635
всем 1,966113 1,966113
видео 0,000000 0,000000
городах 3,218876 6,437752
кинопоказы 5,010635 5,010635
кажется 3,218876 3,218876
обсудить 0,456758 0,456758
художественную 5,010635 5,010635
помочь 2,708050 2,708050
графики 5,010635 5,010635
среду 2,931194 2,931194
помимо 2,813411 2,813411
осознать 5,010635 5,010635
среды 3,624341 7,248682
воспринимается 5,010635 5,010635
среда 0,000000 0,000000
помноженные 5,010635 5,010635
пользуются 4,317488 4,317488
ежемесячно 4,317488 4,317488
скидки 0,047791 0,047791
эксклюзивы 0,000000 0,000000
развивать 4,317488 4,317488
становится 3,218876 3,218876
москве 1,791759 3,583519
выражайте 0,047791 0,047791
масштабных 5,010635 5,010635
доказывает 5,010635 5,010635
мурманской 5,010635 5,010635
конфликте 0,076161 0,076161
продолжая 0,047791 0,047791
заводом 5,010635 5,010635
средаклимат 1,966113 1,966113
госкорпорация 4,317488 4,317488
большой 2,371578 2,371578
павел 2,708050 2,708050
свыше 3,401197 6,802395
бизнесом 5,010635 5,010635
которое 2,371578 4,743156
контекст 5,010635 5,010635
конфиденциальностиправила 0,000000 0,000000
турецкого 3,912023 3,912023
политикой 0,047791 0,047791
профессий 4,317488 4,317488
проводят 3,912023 7,824046
хрустальным 5,010635 5,010635
михайлов 5,010635 5,010635
эффективность 3,401197 3,401197
флакон 5,010635 5,010635
звукозаписи 5,010635 5,010635
саунд 5,010635 5,010635
фильмов 3,064725 3,064725
перформансы 5,010635 5,010635
самобытная 5,010635 5,010635
смены 2,931194 2,931194
стать 1,875141 1,875141
резиденции 4,317488 4,317488
потенциал 3,624341 3,624341
сысерти 5,010635 10,021271
театральные 5,010635 5,010635
сысертский 5,010635 5,010635
это 0,020203 0,242432
легендарный 3,401197 3,401197
аспектом 5,010635 5,010635
преимущества 3,624341 3,624341
кластеры 5,010635 20,042541
закрытия 3,912023 3,912023
смена 3,624341 3,624341
две 0,033902 0,033902
определили 3,624341 3,624341
новую 3,624341 3,624341
подтверждают 4,317488 4,317488
придуманы 4,317488 4,317488
детей 2,177422 4,354844
мануфактуру 5,010635 5,010635
михаил 2,708050 2,708050
сопровождают 5,010635 5,010635
ценили 5,010635 5,010635
установили 3,912023 3,912023
продюсер 3,912023 7,824046
новости 0,000000 0,000000
войти 0,000000 0,000000
региона 3,912023 3,912023
построили 4,317488 4,317488
кластера 5,010635 35,074447
тенниса 3,624341 3,624341
звук 4,317488 4,317488
медитации 0,076161 0,076161
регионе 2,302585 2,302585
кластере 5,010635 5,010635
диван 3,912023 3,912023
уход 0,076161 0,076161
музее 4,317488 4,317488
новой 2,612740 5,225480
связали 3,912023 3,912023
чтения 5,010635 5,010635
музей 3,624341 7,248682
земли 3,218876 3,218876
основанные 5,010635 5,010635
программа 3,624341 3,624341
спецпроекты 0,000000 0,000000
показы 5,010635 10,021271
рынка 2,612740 5,225480
религиозные 5,010635 5,010635
решнова 5,010635 5,010635
стимул 5,010635 5,010635
миллиардные 5,010635 5,010635
модно 5,010635 5,010635
игры 0,000000 0,000000
занимается 3,218876 3,218876
техника 0,000000 0,000000
акцентом 5,010635 5,010635
достичь 3,064725 3,064725
пять 1,576648 1,576648
бизнеса 2,931194 14,655969
трампа 0,054808 0,054808
находилось 3,912023 3,912023
анонсировало 5,010635 5,010635
локальных 5,010635 5,010635
деятельность 3,401197 3,401197
ростех 3,912023 3,912023
компания 2,371578 2,371578
отвел 0,076161 0,076161
песню 4,317488 4,317488
мультивселенная 5,010635 5,010635
специализированные 5,010635 5,010635
марта 0,040822 0,040822
губернатор 3,624341 3,624341
прошлого 2,813411 2,813411
станка 5,010635 10,021271
спектакли 4,317488 4,317488
избежав 3,624341 3,624341
реакций 0,047791 0,047791
благоприятных 5,010635 5,010635
реакции 0,047791 0,047791
продвигая 5,010635 5,010635
технологий 3,064725 3,064725
компании 2,014903 4,029806
производят 5,010635 5,010635
экологияделовой 1,966113 1,966113
похожая 5,010635 5,010635
включает 3,401197 10,203592
пианино 5,010635 5,010635
антихрупкость 5,010635 5,010635
публике 3,624341 3,624341
самые 1,832581 1,832581
зеленского 0,068993 0,068993
лента 0,000000 0,000000
технологического 4,317488 4,317488
конкуренция 3,912023 3,912023
сферы 3,912023 3,912023
проектный 5,010635 5,010635
публичную 4,317488 4,317488
практик 5,010635 10,021271
октава 5,010635 10,021271
сектора 4,317488 12,952464
кожангородской 5,010635 5,010635
павильон 5,010635 5,010635
жми 0,013423 0,013423
сияние 5,010635 5,010635
вырос 3,912023 3,912023
промышленного 5,010635 5,010635
возможности 2,238047 2,238047
сувенир 5,010635 5,010635
появились 1,875141 1,875141
ленту 0,013423 0,013423
затопленного 0,076161 0,076161
театральную 5,010635 5,010635
юрий 2,813411 2,813411
сказам 5,010635 5,010635
кластеров 5,010635 15,031906
ленты 1,678431 1,678431
бруштейн 5,010635 5,010635
сказал 2,525729 2,525729
россии 0,425668 2,554007
применения 0,000000 0,000000
сбыта 4,317488 4,317488
шелков 5,010635 5,010635
зарабатывать 3,624341 3,624341
организовать 3,624341 3,624341
ценности 0,000000 0,000000
эксклюзивный 5,010635 5,010635
произошла 3,912023 3,912023
образовательных 5,010635 5,010635
рублей 1,514128 3,028255
поехали 5,010635 5,010635
материалам 0,047791 0,047791
специализация 5,010635 5,010635
вернуться 0,013423 0,013423
ваши 0,047791 0,047791
реализуется 5,010635 5,010635
стратегических 3,401197 3,401197
местными 3,912023 3,912023
процентов 1,875141 1,875141
экспонат 5,010635 5,010635
проектов 4,317488 8,634976
существует 2,813411 2,813411
действует 3,624341 3,624341
конце 2,525729 2,525729
просто 1,678431 1,678431
производители 3,912023 3,912023
мегаполисов 5,010635 5,010635
перспектив 4,317488 4,317488
узнать 3,624341 3,624341
россия 0,000000 0,000000
лучшему 4,317488 4,317488
государства 2,708050 2,708050
нижнего 3,401197 3,401197
увеличилась 3,912023 3,912023
свои 0,027029 0,108115
парк 4,317488 4,317488
свое 2,525729 5,051457
туляков 5,010635 5,010635
булата 5,010635 5,010635
ехать 3,912023 7,824046
уволит 0,076161 0,076161
мультикультурный 5,010635 5,010635
управляющая 4,317488 4,317488
большая 3,401197 3,401197
американский 0,061875 0,061875
акустическое 5,010635 5,010635
новгорода 3,624341 3,624341
цыганова 5,010635 5,010635
предприниматель 5,010635 5,010635
промышленности 3,912023 3,912023
рабочие 3,624341 7,248682
современного 4,317488 17,269952
презентацию 4,317488 4,317488
прийти 4,317488 4,317488
сысерть 5,010635 5,010635
интересов 3,218876 3,218876
собственные 3,912023 3,912023
индустриального 5,010635 5,010635
кино 3,064725 6,129450
регулярно 3,218876 6,437752
пьес 5,010635 5,010635
отрасли 3,064725 3,064725
зеленским 0,076161 0,076161
ярославле 5,010635 15,031906
проведения 3,624341 7,248682
двум 0,076161 0,076161
вызвала 0,097980 0,097980
число 2,014903 2,014903
музыченко 5,010635 5,010635
поддерживает 3,912023 3,912023
художественного 5,010635 5,010635
промзону 5,010635 5,010635
индустрии 3,624341 7,248682
индустрий 5,010635 5,010635
мастер 4,317488 12,952464
чудом 3,912023 3,912023
планируется 5,010635 10,021271
хор 5,010635 5,010635
прогресс 0,097980 0,097980
среднем 3,401197 6,802395
креативного 5,010635 10,021271
пути 2,445686 2,445686
форме 0,061875 0,061875
реализации 3,624341 3,624341
деятелей 5,010635 5,010635
мероприятий 5,010635 10,021271
друга 2,525729 2,525729
силовые 0,000000 0,000000
похожим 5,010635 5,010635
бесплатно 3,912023 3,912023
тысяч 1,427116 7,135582
дня 0,061875 0,061875
направлена 4,317488 4,317488
промзона 5,010635 5,010635
настольного 5,010635 5,010635
студии 4,317488 4,317488
актуальных 4,317488 8,634976
уникальную 5,010635 5,010635
приходят 3,624341 3,624341
молодежь 3,912023 3,912023
инклюзивной 5,010635 5,010635
домом 3,624341 3,624341
ольга 3,912023 3,912023
сотрудников 0,076161 0,076161
бывшую 5,010635 5,010635
городскую 4,317488 4,317488
молодежи 3,401197 3,401197
начались 0,068993 0,068993
сих 2,302585 2,302585
предложение 2,302585 2,302585
рекомендательных 0,000000 0,000000
около 1,678431 1,678431
изображение 4,317488 17,269952
президентский 5,010635 5,010635
своими 3,218876 3,218876
технические 3,912023 3,912023
пел 4,317488 4,317488
ежедневно 3,624341 3,624341
ресурсов 3,624341 3,624341
искусстве 3,912023 3,912023
забота 0,000000 0,000000
городов 3,401197 3,401197
является 1,966113 5,898339
пожаловать 0,013423 0,013423
заметно 3,912023 3,912023
мультимедийное 5,010635 5,010635
мультимедийной 5,010635 5,010635
которые 1,181994 2,363988
миллиардов 3,912023 7,824046
классы 5,010635 15,031906
который 1,272966 1,272966
идея 2,931194 2,931194
искусство 4,317488 4,317488
инфраструктуры 2,445686 4,891372
признаку 5,010635 5,010635
произведения 3,912023 3,912023
гастробар 5,010635 5,010635
например 1,791759 5,375278
вписанная 5,010635 5,010635
идем 4,317488 4,317488
разными 4,317488 4,317488
победа 0,000000 0,000000
живут 3,624341 3,624341
искусства 4,317488 25,904929
изделия 5,010635 5,010635
опечатку 0,000000 0,000000
сми 0,000000 0,000000
соколов 5,010635 5,010635
городом 5,010635 5,010635
создание 2,813411 2,813411
арене 4,317488 4,317488
успешные 5,010635 5,010635
собой 2,014903 2,014903
место 0,054808 0,109616
развития 2,612740 20,901920
миссия 3,624341 3,624341
мс 0,097980 0,097980
развитию 3,912023 7,824046
начали 1,427116 2,854233
начала 1,832581 3,665163
участие 2,612740 2,612740
модные 4,317488 4,317488
фабрики 3,912023 3,912023
фабрике 5,010635 5,010635
прибыли 5,010635 5,010635
каждый 2,066196 2,066196
подстегивает 5,010635 5,010635
фабрика 4,317488 4,317488
каждым 3,624341 3,624341
керамистов 5,010635 5,010635
маленький 3,912023 3,912023
купеческого 5,010635 5,010635
побывать 5,010635 5,010635
модели 3,912023 7,824046
уральский 5,010635 5,010635
получают 2,931194 2,931194
появление 3,624341 7,248682
основатель 3,912023 3,912023
ярославской 4,317488 4,317488
подчеркивает 3,912023 3,912023
модель 3,401197 3,401197
концерты 3,912023 11,736069
места 3,218876 6,437752
нем 2,371578 2,371578
владимир 1,373049 1,373049
поиграть 5,010635 5,010635
развитие 3,401197 6,802395
якутия 5,010635 5,010635
привлекают 3,624341 3,624341
году 1,373049 5,492197
музыканты 5,010635 5,010635
корд 5,010635 10,021271
правды 0,068993 0,068993
одежды 2,931194 2,931194
минэкономразвития 3,912023 3,912023
предприятия 3,624341 3,624341
октавский 5,010635 5,010635
города 1,714798 5,144395
поддержали 5,010635 5,010635
городе 0,061875 0,123751
возможность 2,066196 4,132393
способствует 4,317488 4,317488
интересы 4,317488 4,317488
кинофестивали 5,010635 5,010635
огромный 3,912023 3,912023
приоритетные 5,010635 5,010635
особой 4,317488 4,317488
очень 1,347074 2,694147
склада 3,912023 3,912023
предприятие 4,317488 4,317488
книги 3,912023 3,912023
наука 0,000000 0,000000
предприятий 3,912023 3,912023
художественных 5,010635 10,021271
стандарты 4,317488 4,317488
