зеленского 0,068993 0,068993
перемирии 0,076161 0,076161
ру 0,000000 0,000000
банк 0,076161 0,076161
рф 1,514128 1,514128
лента 0,000000 0,000000
новые 0,000000 0,000000
роль 1,966113 9,830564
охотников 5,010635 15,031906
спорт 0,000000 0,000000
споры 0,097980 0,097980
согласие 0,047791 0,047791
добро 0,013423 0,013423
неизвестно 3,401197 3,401197
военной 0,061875 0,061875
выражаете 0,047791 0,047791
четыре 0,040822 0,040822
удар 2,612740 2,612740
производства 3,064725 3,064725
жми 0,013423 0,013423
стало 1,181994 1,181994
помощью 0,047791 0,047791
сумской 2,813411 11,253643
добра 0,013423 0,026846
появились 1,875141 1,875141
нашу 4,317488 4,317488
ленту 0,013423 0,013423
стала 1,576648 3,153296
затопленного 0,076161 0,076161
фото 0,061875 0,123751
уточняется 3,218876 3,218876
воздух 3,624341 7,248682
водой 0,061875 0,061875
небе 2,931194 2,931194
россии 0,425668 0,425668
применения 0,000000 0,000000
технологиймини 0,000000 0,000000
оценивайте 0,047791 0,047791
обитания 0,000000 0,000000
ценности 0,000000 0,000000
вс 2,371578 4,743156
социальных 3,912023 3,912023
материалам 0,047791 0,047791
известно 1,297063 1,297063
конфиденциальности 0,047791 0,047791
вернуться 0,013423 0,013423
мир 0,000000 0,000000
ваши 0,047791 0,047791
российским 0,076161 0,076161
нажмите 0,000000 0,000000
запада 2,708050 2,708050
получайте 0,047791 0,047791
архангел 4,317488 4,317488
погружайтесь 0,047791 0,047791
бывший 0,000000 0,000000
проблемы 0,076161 0,076161
накапливайте 0,047791 0,047791
интернет 0,000000 0,000000
россия 0,000000 0,000000
ооо 0,000000 0,000000
обратился 0,076161 0,076161
используют 3,912023 3,912023
деактивирована 0,013423 0,013423
путешествия 0,000000 0,000000
отдела 0,579818 0,579818
свои 0,027029 0,027029
также 0,762140 0,762140
структуры 0,000000 0,000000
индии 0,076161 0,076161
гид 0,076161 0,076161
хочешь 0,013423 0,013423
украина 1,832581 1,832581
нашли 0,000000 0,000000
пляжных 0,097980 0,097980
уволит 0,076161 0,076161
дома 0,061875 0,061875
американский 0,061875 0,061875
обычную 0,013423 0,013423
пола 0,097980 0,097980
внешность 0,097980 0,097980
украинском 0,076161 0,076161
света 0,054808 0,054808
держатся 5,010635 5,010635
публикации 3,401197 3,401197
украины 1,021651 1,021651
галереи 0,000000 0,000000
белоусов 0,076161 0,076161
эмоции 0,047791 0,047791
хотя 2,445686 2,445686
зеленским 0,076161 0,076161
азия 2,525729 2,525729
пока 1,678431 1,678431
условиями 0,040822 0,081644
двум 0,076161 0,076161
вызвала 0,097980 0,097980
сети 0,090654 0,090654
замеченные 5,010635 5,010635
военнослужащим 0,076161 0,076161
читайте 0,040822 0,040822
кроме 1,427116 1,427116
западными 5,010635 5,010635
байконур 0,097980 0,097980
редакциярекламаконтактыпресс 0,000000 0,000000
попасть 3,912023 3,912023
материалы 0,000000 0,000000
видео 0,000000 0,000000
сняты 4,317488 4,317488
высотах 5,010635 5,010635
депутат 0,076161 0,076161
прогресс 0,097980 0,097980
статьи 0,000000 0,000000
бссср 4,317488 4,317488
форме 0,061875 0,061875
последние 0,090654 0,090654
предрекли 0,076161 0,076161
сетях 4,317488 4,317488
культура 0,000000 0,000000
перемещаются 5,010635 5,010635
обсудить 0,456758 0,456758
силовые 0,000000 0,000000
архив 0,000000 0,000000
части 2,014903 2,014903
удалении 4,317488 4,317488
западные 3,218876 3,218876
самолеты 3,912023 3,912023
дня 0,061875 0,061875
сша 0,040822 0,040822
среда 0,000000 0,000000
переданные 4,317488 4,317488
истребителями 5,010635 5,010635
спецназа 3,912023 3,912023
раскрытии 0,076161 0,076161
редактор 0,567984 0,567984
днем 2,813411 2,813411
скидки 0,047791 0,047791
сотрудников 0,076161 0,076161
эксклюзивы 0,000000 0,000000
российском 0,076161 0,076161
выражайте 0,047791 0,047791
подвешены 5,010635 5,010635
сил 1,791759 3,583519
авиацию 4,317488 12,952464
начались 0,068993 0,068993
вооруженных 2,014903 4,029806
рекомендательных 0,000000 0,000000
конфликте 0,076161 0,076161
продолжая 0,047791 0,047791
работает 0,040822 0,040822
увлекательные 0,047791 0,047791
екатерина 2,708050 2,708050
замечены 5,010635 5,010635
переговоры 0,054808 0,054808
конфиденциальностиправила 0,000000 0,000000
бонусы 0,047791 0,095581
политикой 0,047791 0,047791
маккартни 0,097980 0,097980
жильцы 0,076161 0,076161
малых 3,624341 3,624341
жизни 0,000000 0,000000
забота 0,000000 0,000000
сбер 0,040822 0,040822
пожаловать 0,013423 0,013423
использованияполитика 0,000000 0,000000
сумами 5,010635 5,010635
класса 3,624341 3,624341
крупный 0,068993 0,068993
регионам 0,076161 0,076161
передовой 3,912023 3,912023
крупным 0,076161 0,076161
это 0,020203 0,020203
туристку 0,076161 0,076161
победа 0,000000 0,000000
странами 3,624341 3,624341
советского 2,371578 2,371578
истребителей 3,401197 6,802395
остались 0,061875 0,061875
две 0,033902 0,033902
мотор 0,000000 0,000000
обменивайте 0,047791 0,047791
опечатку 0,000000 0,000000
сми 0,000000 0,000000
ракетами 5,010635 5,010635
грищенко 5,010635 5,010635
рады 0,068993 0,068993
новости 0,000000 0,000000
войти 0,000000 0,000000
место 0,054808 0,054808
акции 0,047791 0,047791
хорошие 0,013423 0,013423
мс 0,097980 0,097980
медитации 0,076161 0,076161
выполняют 3,401197 10,203592
всеприбалтикаукраинабелоруссиямолдавиязакавказьесредняя 2,525729 2,525729
крайне 3,401197 3,401197
экономика 0,000000 0,000000
канал 2,813411 2,813411
уход 0,076161 0,076161
бомб 3,912023 3,912023
истребители 5,010635 15,031906
известна 3,624341 7,248682
прибыл 0,083382 0,083382
области 1,399717 5,598870
спецпроекты 0,000000 0,000000
пишет 2,371578 2,371578
вооружили 5,010635 5,010635
реальный 0,013423 0,013423
игры 0,000000 0,000000
сброса 5,010635 5,010635
техника 0,000000 0,000000
ссср 0,000000 0,000000
всу 1,373049 8,238295
правды 0,068993 0,068993
трампа 0,054808 0,054808
российскую 3,401197 3,401197
тысячи 0,068993 0,068993
кадры 2,371578 2,371578
отвел 0,076161 0,076161
предрек 0,076161 0,076161
города 1,714798 1,714798
марта 0,040822 0,081644
городе 0,061875 0,061875
главное 0,000000 0,000000
реакций 0,047791 0,047791
летнего 0,097980 0,097980
заявили 0,076161 0,076161
реакции 0,047791 0,047791
мини 0,000000 0,000000
видеть 0,013423 0,013423
изнасиловал 0,076161 0,076161
наука 0,000000 0,000000
