перемирии 0,076161 0,076161
ру 0,000000 0,000000
банк 0,076161 0,076161
проникновения 3,912023 3,912023
журналистов 4,317488 4,317488
новые 0,000000 0,000000
объективного 5,010635 5,010635
завершились 4,317488 4,317488
повлиять 4,317488 4,317488
поражает 3,401197 3,401197
согласие 0,047791 0,047791
добро 0,013423 0,013423
выражаете 0,047791 0,047791
север 3,912023 3,912023
помощью 0,047791 0,047791
долго 2,612740 2,612740
заявление 2,445686 4,891372
одно 2,813411 2,813411
перемирия 2,445686 2,445686
возможной 4,317488 4,317488
добра 0,013423 0,026846
человек 1,249435 1,249435
одна 1,875141 1,875141
фото 0,061875 0,185626
кому 2,708050 2,708050
силы 2,177422 4,354844
районов 5,010635 5,010635
взрыв 3,912023 3,912023
водой 0,061875 0,061875
технологиймини 0,000000 0,000000
оценивайте 0,047791 0,047791
область 2,238047 13,428279
инженерные 3,912023 3,912023
наступлении 4,317488 4,317488
удары 2,931194 2,931194
побежал 5,010635 5,010635
ветер 3,912023 3,912023
конфиденциальности 0,047791 0,047791
белгородскую 2,612740 10,450960
мир 0,000000 0,000000
нажмите 0,000000 0,000000
получайте 0,047791 0,047791
пограннаряда 5,010635 5,010635
бронетехники 4,317488 4,317488
погружайтесь 0,047791 0,047791
абсолютно 3,064725 3,064725
бывший 0,000000 0,000000
время 0,762140 1,524280
проблемы 0,076161 0,076161
накапливайте 0,047791 0,047791
подоляки 5,010635 5,010635
предприняли 3,912023 7,824046
ооо 0,000000 0,000000
деактивирована 0,013423 0,013423
наступления 3,912023 3,912023
путешествия 0,000000 0,000000
отдела 0,579818 0,579818
данным 2,014903 2,014903
вызванный 5,010635 5,010635
провокация 2,708050 5,416100
территории 1,919593 1,919593
также 0,762140 1,524280
структуры 0,000000 0,000000
индии 0,076161 0,076161
бойцы 2,525729 2,525729
хочешь 0,013423 0,013423
украина 1,832581 1,832581
нашли 0,000000 0,000000
пляжных 0,097980 0,097980
одной 1,514128 1,514128
снятых 4,317488 4,317488
зеленого 4,317488 4,317488
обычную 0,013423 0,013423
украине 1,139434 1,139434
внешность 0,097980 0,097980
территорию 2,612740 5,225480
северный 3,401197 3,401197
попросил 2,931194 2,931194
украинском 0,076161 0,076161
света 0,054808 0,054808
первую 2,238047 2,238047
киевского 3,401197 3,401197
украины 1,021651 3,064954
курской 1,832581 1,832581
украинской 3,064725 6,129450
сюжетпресс 4,317488 4,317488
галереи 0,000000 0,000000
впоследствии 3,401197 3,401197
белоусов 0,076161 0,076161
боевых 3,064725 3,064725
однако 1,249435 3,748306
условиями 0,040822 0,081644
минобороны 1,966113 5,898339
неудачей 5,010635 5,010635
читайте 0,040822 0,040822
машину 3,912023 7,824046
наступлением 5,010635 5,010635
успехом 3,912023 3,912023
байконур 0,097980 0,097980
град 4,317488 4,317488
редакциярекламаконтактыпресс 0,000000 0,000000
полностью 2,525729 2,525729
видео 0,000000 0,000000
машины 2,612740 2,612740
посвященной 3,912023 3,912023
путина 1,514128 6,056511
белгородской 2,931194 5,862388
залпового 4,317488 4,317488
принимали 4,317488 4,317488
сторона 3,218876 3,218876
последние 0,090654 0,090654
предрекли 0,076161 0,076161
кажется 3,218876 3,218876
обсудить 0,456758 0,456758
владимира 2,445686 4,891372
архив 0,000000 0,000000
сша 0,040822 0,081644
районе 2,708050 2,708050
среда 0,000000 0,000000
раскрытии 0,076161 0,076161
скрывается 2,708050 2,708050
скидки 0,047791 0,047791
российское 3,401197 3,401197
эксклюзивы 0,000000 0,000000
российском 0,076161 0,152323
выражайте 0,047791 0,047791
авиация 5,010635 5,010635
пояснил 2,931194 2,931194
секрет 2,612740 2,612740
леса 3,218876 3,218876
зеленскийпрезидент 4,317488 4,317488
атаки 2,177422 6,532266
интернете 3,401197 3,401197
конфликте 0,076161 0,076161
бронемашины 4,317488 4,317488
продолжая 0,047791 0,047791
конференции 3,624341 3,624341
армии 2,612740 5,225480
инженерную 4,317488 4,317488
утром 2,612740 2,612740
конференция 3,912023 3,912023
увенчались 5,010635 5,010635
конфиденциальностиправила 0,000000 0,000000
бонусы 0,047791 0,095581
политикой 0,047791 0,047791
отметил 1,791759 1,791759
жильцы 0,076161 0,076161
систему 2,708050 2,708050
армия 2,708050 2,708050
жизни 0,000000 0,000000
операции 1,714798 3,429597
зафиксировано 5,010635 5,010635
запечатлен 5,010635 5,010635
украинских 1,919593 7,678371
заграждения 5,010635 5,010635
разграждения 3,912023 3,912023
украинским 2,813411 2,813411
дональда 2,177422 4,354844
результате 2,238047 2,238047
операция 2,708050 5,416100
туристку 0,076161 0,076161
это 0,020203 0,080811
украинские 2,525729 5,051457
войск 2,931194 14,655969
украинский 2,612740 2,612740
распространяемую 5,010635 5,010635
две 0,033902 0,067803
мотор 0,000000 0,000000
обменивайте 0,047791 0,047791
связаны 4,317488 4,317488
опубликовано 4,317488 4,317488
оперативной 2,177422 2,177422
подразделения 3,218876 3,218876
военными 5,010635 5,010635
подтвердил 3,218876 3,218876
новости 0,000000 0,000000
разговора 1,609438 1,609438
уничтожена 5,010635 5,010635
ночью 3,218876 3,218876
войти 0,000000 0,000000
демидовка 3,401197 3,401197
хорошие 0,013423 0,013423
медитации 0,076161 0,076161
регионе 2,302585 4,605170
действия 2,302585 2,302585
канал 2,813411 5,626821
уход 0,076161 0,076161
новом 4,317488 4,317488
почему 0,899761 0,899761
записях 5,010635 5,010635
прибыл 0,083382 0,083382
защиту 3,912023 3,912023
области 1,399717 4,199152
имр 5,010635 10,021271
спецпроекты 0,000000 0,000000
подбитая 5,010635 5,010635
пробует 3,064725 3,064725
танк 3,912023 7,824046
прекратились 5,010635 5,010635
предыдущих 4,317488 4,317488
игры 0,000000 0,000000
кадр 2,302585 2,302585
техника 0,000000 0,000000
ссср 0,000000 0,000000
пять 1,576648 1,576648
приграничном 5,010635 10,021271
трампа 0,054808 0,219233
российскую 3,401197 10,203592
пытается 2,177422 2,177422
технике 3,912023 3,912023
отвечающие 4,317488 4,317488
подразделениями 4,317488 4,317488
кадры 2,371578 2,371578
отвел 0,076161 0,076161
заключалась 5,010635 5,010635
высшем 2,612740 5,225480
технику 3,624341 7,248682
марта 0,040822 0,285754
целью 3,624341 3,624341
ответ 2,177422 2,177422
главное 0,000000 0,000000
старший 3,401197 3,401197
потеряла 3,624341 3,624341
попытались 4,317488 4,317488
реакций 0,047791 0,047791
летнего 0,097980 0,097980
понятные 4,317488 4,317488
реакции 0,047791 0,047791
блогера 4,317488 4,317488
мини 0,000000 0,000000
дальнейшие 3,624341 3,624341
вновь 3,218876 3,218876
изнасиловал 0,076161 0,076161
пережила 3,401197 3,401197
беспилотник 5,010635 5,010635
российско 3,218876 3,218876
вторгнуться 2,931194 2,931194
группировки 2,931194 2,931194
попытках 2,612740 2,612740
автомобиль 3,218876 3,218876
зеленского 0,068993 0,137986
лента 0,000000 0,000000
провалов 5,010635 5,010635
сквозь 2,931194 2,931194
западную 5,010635 5,010635
спорт 0,000000 0,000000
связан 4,317488 4,317488
военное 3,624341 3,624341
споры 0,097980 0,097980
военной 0,061875 0,123751
четыре 0,040822 0,040822
запись 3,912023 3,912023
жми 0,013423 0,013423
стало 1,181994 1,181994
зашел 3,624341 3,624341
сумской 2,813411 2,813411
расходовать 5,010635 5,010635
появились 1,875141 1,875141
ленту 0,013423 0,013423
стала 1,576648 3,153296
затопленного 0,076161 0,076161
наши 2,177422 2,177422
курская 3,624341 3,624341
украинская 2,612740 7,838220
пресс 2,708050 2,708050
россии 0,425668 1,702671
применения 0,000000 0,000000
обитания 0,000000 0,000000
сделал 2,120264 2,120264
ценности 0,000000 0,000000
стратегические 5,010635 5,010635
прорваться 2,813411 11,253643
юрия 3,624341 3,624341
произошла 3,912023 3,912023
опасно 2,813411 2,813411
брифинга 5,010635 5,010635
материалам 0,047791 0,047791
багги 5,010635 5,010635
известно 1,297063 1,297063
запорожской 3,401197 3,401197
вернуться 0,013423 0,013423
ваши 0,047791 0,047791
российским 0,076161 0,076161
российский 1,484275 1,484275
противотанковые 5,010635 5,010635
президента 1,455287 2,910574
цель 3,218876 6,437752
итогам 2,813411 2,813411
интернет 0,000000 0,000000
россия 0,000000 0,000000
атак 2,931194 17,587163
обратился 0,076161 0,076161
объяснило 2,931194 2,931194
прорыва 3,912023 3,912023
лидера 2,302585 4,605170
свои 0,027029 0,027029
варвара 3,218876 3,218876
американского 2,177422 2,177422
гид 0,076161 0,076161
кадрах 3,064725 3,064725
уволит 0,076161 0,076161
американских 2,371578 2,371578
дома 0,061875 0,061875
американский 0,061875 0,061875
пола 0,097980 0,097980
проиграет 3,218876 3,218876
использовали 3,912023 3,912023
видеозаписи 5,010635 5,010635
отражении 4,317488 4,317488
покидает 5,010635 5,010635
зеленский 1,714798 6,859194
другом 2,931194 5,862388
российских 1,576648 1,576648
составили 3,912023 3,912023
эмоции 0,047791 0,047791
квадроциклы 5,010635 5,010635
зеленским 0,076161 0,076161
рассеяны 5,010635 5,010635
азия 2,525729 2,525729
двум 0,076161 0,152323
военную 2,813411 2,813411
вызвала 0,097980 0,097980
сети 0,090654 0,271963
военнослужащим 0,076161 0,076161
столкновений 4,317488 4,317488
контроля 2,371578 2,371578
кроме 1,427116 1,427116
московскому 3,218876 3,218876
материалы 0,000000 0,000000
осторожнее 5,010635 5,010635
блогер 3,401197 3,401197
российского 1,484275 1,484275
депутат 0,076161 0,076161
бронемашин 5,010635 5,010635
мировую 3,064725 3,064725
прогресс 0,097980 0,097980
статьи 0,000000 0,000000
наносит 4,317488 4,317488
ходе 1,791759 1,791759
форме 0,061875 0,061875
отражения 4,317488 4,317488
временем 3,218876 3,218876
включая 3,064725 3,064725
культура 0,000000 0,000000
уголке 5,010635 5,010635
преодолеть 3,912023 3,912023
очередной 2,931194 2,931194
силовые 0,000000 0,000000
режима 2,525729 2,525729
обе 3,624341 3,624341
дня 0,061875 0,061875
сорвана 3,624341 3,624341
опубликовал 3,401197 3,401197
утверждается 4,317488 4,317488
удалось 1,714798 1,714798
редактор 0,567984 0,567984
сотрудников 0,076161 0,076161
попыток 3,912023 3,912023
вооруженные 2,708050 2,708050
предпринимали 5,010635 5,010635
теме 1,514128 1,514128
начались 0,068993 0,068993
границу 3,218876 9,656627
обстановки 5,010635 5,010635
рекомендательных 0,000000 0,000000
работает 0,040822 0,040822
увлекательные 0,047791 0,047791
приграничных 4,317488 4,317488
переговоры 0,054808 0,109616
оставшиеся 3,624341 3,624341
времени 1,919593 1,919593
маккартни 0,097980 0,097980
выглядят 2,813411 2,813411
забота 0,000000 0,000000
сбер 0,040822 0,040822
пожаловать 0,013423 0,013423
использованияполитика 0,000000 0,000000
трамп 1,484275 1,484275
который 1,272966 1,272966
шаги 3,218876 3,218876
пересечь 3,912023 3,912023
крупный 0,068993 0,068993
регионам 0,076161 0,076161
знает 2,612740 2,612740
крупным 0,076161 0,076161
напряженной 5,010635 5,010635
семь 2,813411 2,813411
российскими 2,813411 2,813411
победа 0,000000 0,000000
потери 3,064725 3,064725
продолжительных 5,010635 5,010635
остались 0,061875 0,061875
сегодня 1,643339 1,643339
вместо 2,708050 2,708050
президент 1,347074 2,694147
опечатку 0,000000 0,000000
сми 0,000000 0,000000
жить 2,177422 2,177422
рады 0,068993 0,068993
создании 3,064725 3,064725
несколько 1,347074 1,347074
областей 5,010635 5,010635
место 0,054808 0,054808
акции 0,047791 0,047791
распространились 5,010635 5,010635
мс 0,097980 0,097980
рассказал 1,272966 1,272966
накануне 2,238047 6,714140
село 3,401197 3,401197
ведомство 4,317488 4,317488
харьковской 4,317488 4,317488
попытки 2,302585 13,815511
бойцов 2,525729 2,525729
всеприбалтикаукраинабелоруссиямолдавиязакавказьесредняя 2,525729 2,525729
участие 2,612740 2,612740
действительно 2,612740 2,612740
попытка 3,218876 3,218876
экономика 0,000000 0,000000
попаданием 5,010635 5,010635
успеха 2,525729 2,525729
наиболее 3,218876 3,218876
которая 1,875141 1,875141
прокомментировать 5,010635 5,010635
уровне 2,371578 4,743156
российская 2,525729 2,525729
дракона 2,931194 5,862388
владимир 1,373049 2,746098
военных 1,966113 1,966113
переговоров 1,714798 5,144395
кошечкина 3,624341 3,624341
реальный 0,013423 0,013423
всу 1,373049 17,849639
правды 0,068993 0,068993
тысячи 0,068993 0,068993
оккупации 2,612740 2,612740
средствами 5,010635 5,010635
хочет 1,966113 1,966113
реактивную 5,010635 5,010635
предрек 0,076161 0,076161
видно 2,708050 5,416100
городе 0,061875 0,061875
огня 1,678431 1,678431
зубы 2,813411 5,626821
информации 1,919593 3,839186
заявило 3,218876 3,218876
проникнуть 2,708050 5,416100
заявили 0,076161 0,152323
информацию 2,612740 2,612740
сделана 5,010635 5,010635
эпизоде 4,317488 4,317488
видеть 0,013423 0,013423
признал 2,813411 5,626821
наука 0,000000 0,000000
