зеленского 0,068993 0,068993
перемирии 0,076161 0,076161
кул 5,010635 5,010635
ру 0,000000 0,000000
отсюда 4,317488 4,317488
банк 0,076161 0,076161
лента 0,000000 0,000000
лучшая 4,317488 4,317488
ролике 4,317488 4,317488
новые 0,000000 0,000000
корейкой 5,010635 5,010635
егора 5,010635 5,010635
спорт 0,000000 0,000000
стал 1,203973 1,203973
сторонерабство 5,010635 5,010635
развеселила 5,010635 5,010635
чья 5,010635 5,010635
споры 0,097980 0,097980
согласие 0,047791 0,047791
добро 0,013423 0,013423
военной 0,061875 0,061875
выражаете 0,047791 0,047791
четыре 0,040822 0,040822
крида 5,010635 5,010635
декабря 2,120264 2,120264
жми 0,013423 0,013423
цветов 5,010635 5,010635
помощью 0,047791 0,047791
стример 5,010635 5,010635
та 2,813411 2,813411
добра 0,013423 0,026846
высказался 3,218876 3,218876
можете 4,317488 4,317488
ленту 0,013423 0,013423
затопленного 0,076161 0,076161
сказав 5,010635 5,010635
фото 0,061875 0,123751
черных 3,624341 3,624341
водой 0,061875 0,061875
применения 0,000000 0,000000
технологиймини 0,000000 0,000000
оценивайте 0,047791 0,047791
обитания 0,000000 0,000000
ценности 0,000000 0,000000
автора 4,317488 4,317488
будни 3,912023 3,912023
пытки 4,317488 4,317488
рублей 1,514128 7,570639
материалам 0,047791 0,047791
конфиденциальности 0,047791 0,047791
вернуться 0,013423 0,013423
мир 0,000000 0,000000
ваши 0,047791 0,047791
российским 0,076161 0,076161
нажмите 0,000000 0,000000
ун 5,010635 5,010635
получайте 0,047791 0,047791
приходит 3,912023 3,912023
ран 3,218876 3,218876
погружайтесь 0,047791 0,047791
словом 3,912023 3,912023
человека 2,177422 2,177422
конце 2,525729 2,525729
бывший 0,000000 0,000000
проблемы 0,076161 0,076161
накапливайте 0,047791 0,047791
интернет 0,000000 0,000000
россия 0,000000 0,000000
ооо 0,000000 0,000000
обратился 0,076161 0,076161
деактивирована 0,013423 0,013423
существовании 4,317488 4,317488
путешествия 0,000000 0,000000
отдела 0,579818 0,579818
свои 0,027029 0,027029
ранее 1,003302 1,003302
смотрят 3,624341 3,624341
также 0,762140 0,762140
магазина 4,317488 4,317488
структуры 0,000000 0,000000
индии 0,076161 0,076161
гид 0,076161 0,076161
хочешь 0,013423 0,013423
нашли 0,000000 0,000000
пляжных 0,097980 0,097980
уволит 0,076161 0,076161
дома 0,061875 0,061875
возненавидела 4,317488 4,317488
американский 0,061875 0,061875
обычную 0,013423 0,013423
пола 0,097980 0,097980
знал 3,401197 3,401197
внешность 0,097980 0,097980
многочисленные 3,912023 3,912023
цену 5,010635 5,010635
представить 3,912023 3,912023
украинском 0,076161 0,076161
света 0,054808 0,054808
добила 5,010635 5,010635
миллиона 1,966113 9,830564
карина 3,912023 3,912023
российских 1,576648 1,576648
цветка 5,010635 5,010635
галереи 0,000000 0,000000
белоусов 0,076161 0,076161
эмоции 0,047791 0,047791
отрывок 5,010635 5,010635
исполнитель 4,317488 4,317488
зеленским 0,076161 0,076161
иди 3,912023 3,912023
словами 2,708050 8,124151
отреагировал 2,612740 13,063700
условиями 0,040822 0,081644
двум 0,076161 0,076161
вызвала 0,097980 0,097980
унижать 5,010635 5,010635
сети 0,090654 0,090654
военнослужащим 0,076161 0,076161
читайте 0,040822 0,040822
такую 2,931194 2,931194
байконур 0,097980 0,097980
редакциярекламаконтактыпресс 0,000000 0,000000
смеюсь 5,010635 5,010635
материалы 0,000000 0,000000
видео 0,000000 0,000000
букета 5,010635 5,010635
российского 1,484275 2,968550
явления 3,624341 3,624341
депутат 0,076161 0,076161
прогресс 0,097980 0,097980
тип 4,317488 4,317488
статьи 0,000000 0,000000
такого 2,612740 2,612740
видявленияроскошьличности 2,813411 2,813411
форме 0,061875 0,061875
последние 0,090654 0,090654
предрекли 0,076161 0,076161
темной 5,010635 5,010635
давая 5,010635 5,010635
дорогой 4,317488 4,317488
культура 0,000000 0,000000
всестильвнешний 2,813411 2,813411
обсудить 0,456758 0,456758
силовые 0,000000 0,000000
архив 0,000000 0,000000
смог 2,612740 2,612740
подросток 5,010635 5,010635
дня 0,061875 0,061875
сша 0,040822 0,040822
среда 0,000000 0,000000
бурная 5,010635 5,010635
самая 2,238047 2,238047
покупке 3,624341 3,624341
фанатов 4,317488 4,317488
раскрытии 0,076161 0,076161
редактор 0,567984 0,567984
певца 3,624341 7,248682
скидки 0,047791 0,047791
сотрудников 0,076161 0,076161
девушка 3,064725 3,064725
эксклюзивы 0,000000 0,000000
российском 0,076161 0,076161
выражайте 0,047791 0,047791
теме 1,514128 1,514128
комментарии 1,484275 1,484275
девушки 2,445686 4,891372
начались 0,068993 0,068993
егор 3,218876 12,875503
посетовала 5,010635 5,010635
рекомендательных 0,000000 0,000000
конфликте 0,076161 0,076161
смерть 2,612740 2,612740
продолжая 0,047791 0,047791
квартира 4,317488 4,317488
работает 0,040822 0,040822
увлекательные 0,047791 0,047791
переговоры 0,054808 0,054808
конфиденциальностиправила 0,000000 0,000000
отмечали 3,912023 3,912023
бонусы 0,047791 0,095581
политикой 0,047791 0,047791
маккартни 0,097980 0,097980
машина 4,317488 4,317488
котором 2,238047 2,238047
крид 3,218876 19,313255
прикиньте 5,010635 5,010635
подарил 3,624341 3,624341
жильцы 0,076161 0,076161
стрима 5,010635 5,010635
жизни 0,000000 0,000000
забота 0,000000 0,000000
мать 2,813411 14,067054
сбер 0,040822 0,040822
пожаловать 0,013423 0,013423
использованияполитика 0,000000 0,000000
рассмешила 5,010635 5,010635
слова 2,177422 2,177422
который 1,272966 2,545931
прославился 5,010635 5,010635
крупный 0,068993 0,068993
стримеров 5,010635 5,010635
произведения 3,912023 3,912023
регионам 0,076161 0,076161
крупным 0,076161 0,076161
размещенном 5,010635 5,010635
туристку 0,076161 0,076161
ненавижу 5,010635 5,010635
это 0,020203 0,161622
победа 0,000000 0,000000
поклонников 4,317488 4,317488
прямом 3,912023 3,912023
опубликованы 4,317488 4,317488
онегина 4,317488 4,317488
остались 0,061875 0,061875
две 0,033902 0,033902
мотор 0,000000 0,000000
обменивайте 0,047791 0,047791
опечатку 0,000000 0,000000
сми 0,000000 0,000000
такое 2,014903 6,044709
рады 0,068993 0,068993
сентября 2,708050 2,708050
миллионы 2,445686 2,445686
родилась 4,317488 4,317488
новости 0,000000 0,000000
бурно 5,010635 5,010635
войти 0,000000 0,000000
место 0,054808 0,054808
акции 0,047791 0,047791
хорошие 0,013423 0,013423
мс 0,097980 0,097980
евгения 3,401197 3,401197
медитации 0,076161 0,076161
комментариях 3,624341 3,624341
адекватная 5,010635 5,010635
летний 2,612740 2,612740
написали 4,317488 4,317488
корзине 5,010635 5,010635
экономика 0,000000 0,000000
села 3,218876 3,218876
уход 0,076161 0,076161
почему 0,899761 0,899761
каждым 3,624341 3,624341
стримершей 5,010635 5,010635
согласна 4,317488 4,317488
прибыл 0,083382 0,083382
скидкой 5,010635 5,010635
спецпроекты 0,000000 0,000000
эфире 4,317488 4,317488
блогерша 4,317488 4,317488
юс 5,010635 5,010635
реальный 0,013423 0,013423
игры 0,000000 0,000000
техника 0,000000 0,000000
ссср 0,000000 0,000000
дашей 5,010635 5,010635
доступен 3,624341 3,624341
марсе 4,317488 4,317488
правды 0,068993 0,068993
трампа 0,054808 0,054808
тысячи 0,068993 0,068993
скриншоте 5,010635 5,010635
зрители 5,010635 5,010635
зрителями 3,912023 3,912023
отвел 0,076161 0,076161
вспомнить 3,624341 3,624341
предрек 0,076161 0,076161
видно 2,708050 2,708050
марта 0,040822 0,040822
городе 0,061875 0,061875
марте 2,708050 2,708050
смешно 3,912023 3,912023
главное 0,000000 0,000000
обсудила 5,010635 5,010635
букет 3,401197 23,808382
реакций 0,047791 0,047791
летнего 0,097980 0,097980
стоимость 2,371578 2,371578
заявили 0,076161 0,076161
реакции 0,047791 0,047791
мини 0,000000 0,000000
заявила 2,612740 2,612740
ранункулюса 5,010635 10,021271
реакция 2,612740 10,450960
видеть 0,013423 0,013423
изнасиловал 0,076161 0,076161
наука 0,000000 0,000000
согласился 2,612740 2,612740
