перемирии 0,076161 0,076161
ру 0,000000 0,000000
банк 0,076161 0,076161
рф 1,514128 6,056511
успел 3,064725 3,064725
новые 0,000000 0,000000
став 5,010635 5,010635
согласие 0,047791 0,047791
добро 0,013423 0,013423
выражаете 0,047791 0,047791
политики 2,525729 2,525729
помощью 0,047791 0,047791
должно 3,624341 7,248682
заявление 2,445686 2,445686
политико 5,010635 5,010635
важным 3,624341 10,873023
продлилась 3,624341 3,624341
заявлений 3,912023 3,912023
подчеркнул 2,525729 2,525729
конфликт 3,218876 3,218876
итоговые 5,010635 5,010635
александр 1,832581 1,832581
добра 0,013423 0,026846
секретарь 3,218876 3,218876
должны 2,066196 2,066196
подробный 4,317488 4,317488
фото 0,061875 0,309377
санкций 2,302585 2,302585
политика 1,576648 1,576648
добиться 3,401197 3,401197
заявлению 5,010635 5,010635
разговор 1,791759 23,292873
секретаря 3,912023 3,912023
вашингтоне 4,317488 8,634976
водой 0,061875 0,061875
насколько 3,624341 3,624341
привлек 3,912023 3,912023
заявления 3,912023 3,912023
жеста 2,525729 5,051457
оказалось 2,177422 2,177422
технологиймини 0,000000 0,000000
оценивайте 0,047791 0,047791
течение 2,120264 2,120264
сотрудничества 3,401197 3,401197
удары 2,931194 2,931194
назвал 1,347074 2,694147
оно 2,445686 2,445686
конфиденциальности 0,047791 0,047791
мир 0,000000 0,000000
связи 2,120264 2,120264
нажмите 0,000000 0,000000
волнением 5,010635 5,010635
итоговых 5,010635 5,010635
получайте 0,047791 0,047791
уточнил 3,401197 3,401197
погружайтесь 0,047791 0,047791
бывший 0,000000 0,000000
проблемы 0,076161 0,076161
востоке 3,401197 6,802395
накапливайте 0,047791 0,047791
телефонного 2,066196 2,066196
оон 3,218876 6,437752
ооо 0,000000 0,000000
деактивирована 0,013423 0,013423
состоялся 2,931194 8,793581
путешествия 0,000000 0,000000
часов 1,643339 1,643339
отдела 0,579818 0,579818
ранее 1,003302 4,013208
также 0,762140 0,762140
структуры 0,000000 0,000000
указывалось 5,010635 5,010635
индии 0,076161 0,076161
хочешь 0,013423 0,013423
нашли 0,000000 0,000000
пляжных 0,097980 0,097980
носить 3,624341 3,624341
дмитрий 2,371578 2,371578
обычную 0,013423 0,013423
украине 1,139434 6,836606
внешность 0,097980 0,097980
начаться 5,010635 5,010635
проходили 5,010635 5,010635
самыми 3,624341 3,624341
света 0,054808 0,054808
украинском 0,076161 0,152323
кремля 3,401197 13,604790
своего 2,238047 2,238047
украины 1,021651 1,021651
выступить 4,317488 4,317488
часа 2,371578 7,114734
галереи 0,000000 0,000000
белоусов 0,076161 0,076161
хотя 2,445686 2,445686
условиями 0,040822 0,081644
дональд 2,238047 4,476093
прокомментировали 3,401197 13,604790
воздержаться 4,317488 4,317488
читайте 0,040822 0,040822
кремле 2,708050 13,540251
киеву 2,931194 5,862388
обмена 2,813411 2,813411
байконур 0,097980 0,097980
редакциярекламаконтактыпресс 0,000000 0,000000
видео 0,000000 0,000000
трампом 2,525729 2,525729
помощи 2,302585 4,605170
оценку 3,912023 7,824046
солдат 3,064725 3,064725
существенных 4,317488 4,317488
нескольких 2,708050 2,708050
путина 1,514128 12,113022
американскими 4,317488 8,634976
мог 2,302585 2,302585
поддержания 3,624341 3,624341
последние 0,090654 0,090654
предрекли 0,076161 0,076161
способен 3,624341 3,624341
обсудить 0,456758 0,456758
владимира 2,445686 2,445686
архив 0,000000 0,000000
военнопленными 5,010635 5,010635
съезде 3,624341 3,624341
помимо 2,813411 2,813411
сша 0,040822 0,326576
лидер 1,919593 1,919593
властей 2,931194 2,931194
всеполитикаобществопроисшествияконфликтыпреступность 2,014903 2,014903
групп 3,624341 3,624341
уточнили 3,912023 3,912023
продолжительной 5,010635 5,010635
среда 0,000000 0,000000
наложенных 5,010635 5,010635
подобных 3,912023 3,912023
приведет 2,525729 2,525729
раскрытии 0,076161 0,076161
качестве 2,302585 4,605170
скидки 0,047791 0,047791
кэролайн 4,317488 4,317488
хоккейные 3,401197 3,401197
эксклюзивы 0,000000 0,000000
российском 0,076161 0,076161
названо 2,813411 2,813411
москве 1,791759 1,791759
выражайте 0,047791 0,047791
российской 2,014903 4,029806
хоккейных 5,010635 5,010635
официального 4,317488 4,317488
началась 2,813411 2,813411
конфликте 0,076161 0,076161
выразили 4,317488 4,317488
обозначила 5,010635 5,010635
продолжая 0,047791 0,047791
конфликта 1,919593 5,758779
рынок 2,177422 2,177422
предпринимателей 3,064725 3,064725
результаты 2,371578 2,371578
дал 2,238047 2,238047
журналисты 3,401197 3,401197
энергетики 2,445686 2,445686
конфликту 3,401197 3,401197
анонсировали 3,912023 11,736069
конфиденциальностиправила 0,000000 0,000000
сроком 3,912023 3,912023
бонусы 0,047791 0,095581
хорошей 3,912023 3,912023
политикой 0,047791 0,047791
предоставления 5,010635 5,010635
матчи 3,401197 3,401197
жильцы 0,076161 0,076161
лидерами 3,912023 3,912023
жизни 0,000000 0,000000
дональду 4,317488 4,317488
называли 2,931194 2,931194
прямо 2,525729 2,525729
пройдут 3,624341 3,624341
стать 1,875141 1,875141
украинских 1,919593 3,839186
системы 2,525729 2,525729
телеканала 4,317488 4,317488
дональда 2,177422 2,177422
отнесены 5,010635 5,010635
объявил 2,813411 2,813411
туристку 0,076161 0,076161
это 0,020203 0,060608
объектам 2,525729 2,525729
энергетической 2,445686 2,445686
подчеркивалось 5,010635 5,010635
ждали 3,218876 3,218876
две 0,033902 0,033902
момента 2,931194 2,931194
мотор 0,000000 0,000000
обменивайте 0,047791 0,047791
долгосрочный 5,010635 5,010635
экспертных 5,010635 5,010635
прежней 3,912023 3,912023
дипломатическим 5,010635 5,010635
отказе 3,064725 3,064725
сделки 4,317488 4,317488
белого 2,302585 4,605170
официальном 5,010635 20,042541
новости 0,000000 0,000000
разговора 1,609438 6,437752
войти 0,000000 0,000000
ближнем 4,317488 8,634976
хорошие 0,013423 0,013423
нхл 3,624341 3,624341
беседы 2,813411 5,626821
медитации 0,076161 0,076161
регионе 2,302585 2,302585
мире 1,919593 5,758779
беседу 3,912023 15,648092
мира 1,576648 3,153296
ответил 3,064725 6,129450
уход 0,076161 0,076161
власти 1,919593 1,919593
обсуждали 3,064725 3,064725
белом 2,371578 9,486312
покажет 4,317488 4,317488
прибыл 0,083382 0,083382
заинтересованность 4,317488 4,317488
саботировали 5,010635 5,010635
спецпроекты 0,000000 0,000000
примеру 3,218876 3,218876
признавали 5,010635 5,010635
путин 1,203973 14,447674
медиа 3,912023 3,912023
назад 1,678431 1,678431
действий 2,813411 2,813411
отмена 5,010635 5,010635
путиным 1,966113 1,966113
первый 1,832581 1,832581
игры 0,000000 0,000000
затронул 5,010635 5,010635
февраля 1,272966 1,272966
техника 0,000000 0,000000
ссср 0,000000 0,000000
казаков 3,624341 3,624341
минут 2,445686 2,445686
трампа 0,054808 0,602891
продлился 3,912023 3,912023
самых 1,609438 1,609438
беседовали 5,010635 5,010635
отвел 0,076161 0,076161
путем 4,317488 4,317488
возвращения 2,445686 4,891372
сославшись 5,010635 5,010635
возвращению 5,010635 5,010635
марта 0,040822 0,122466
именно 1,875141 1,875141
матчей 5,010635 5,010635
другие 1,714798 1,714798
главное 0,000000 0,000000
большим 2,931194 2,931194
мировых 4,317488 4,317488
реакций 0,047791 0,047791
летнего 0,097980 0,097980
издание 2,445686 2,445686
подтвердили 3,064725 3,064725
реакции 0,047791 0,047791
мини 0,000000 0,000000
значимость 4,317488 4,317488
компаний 2,525729 2,525729
рисках 5,010635 5,010635
откровенный 3,912023 3,912023
спортсменами 5,010635 5,010635
европейских 3,064725 3,064725
президентами 5,010635 5,010635
изнасиловал 0,076161 0,076161
трампу 2,612740 5,225480
российско 3,218876 12,875503
распространения 3,401197 3,401197
самым 1,966113 5,898339
беседа 3,401197 13,604790
зеленского 0,068993 0,068993
очередного 4,317488 4,317488
лента 0,000000 0,000000
нарушали 5,010635 5,010635
урегулированию 2,708050 2,708050
нормализации 3,912023 3,912023
зарубежной 3,401197 3,401197
роль 1,966113 1,966113
поддержал 2,525729 5,051457
спорт 0,000000 0,000000
ряд 2,813411 2,813411
ключевым 3,912023 3,912023
споры 0,097980 0,097980
перезагрузку 5,010635 5,010635
военной 0,061875 0,123751
четыре 0,040822 0,040822
завершился 5,010635 5,010635
указывали 5,010635 5,010635
вооружений 4,317488 4,317488
конфликтов 3,912023 3,912023
жми 0,013423 0,013423
урегулирование 4,317488 4,317488
стало 1,181994 1,181994
друг 2,238047 2,238047
попов 4,317488 4,317488
официальному 4,317488 4,317488
ленту 0,013423 0,013423
недоговороспособностью 4,317488 4,317488
стала 1,576648 3,153296
затопленного 0,076161 0,076161
состоится 3,064725 3,064725
характер 4,317488 4,317488
ленты 1,678431 1,678431
символизировать 5,010635 5,010635
кхл 3,624341 3,624341
россии 0,425668 3,831010
применения 0,000000 0,000000
тяжелораненых 3,218876 3,218876
организовать 3,624341 3,624341
обитания 0,000000 0,000000
ценности 0,000000 0,000000
важно 2,302585 4,605170
полное 3,624341 3,624341
материалам 0,047791 0,047791
сайте 3,401197 13,604790
лидеры 3,218876 12,875503
вернуться 0,013423 0,013423
ваши 0,047791 0,047791
стратегических 3,401197 3,401197
российским 0,076161 0,076161
российский 1,484275 4,452824
президента 1,455287 4,365862
выступления 3,218876 3,218876
экономические 3,912023 3,912023
прекращения 2,371578 4,743156
половиной 3,218876 6,437752
разрешения 4,317488 8,634976
доброй 2,525729 2,525729
интернет 0,000000 0,000000
россия 0,000000 0,000000
телеканал 3,624341 3,624341
обратился 0,076161 0,076161
выступающими 5,010635 5,010635
вопросы 2,120264 2,120264
лидера 2,302585 2,302585
свои 0,027029 0,027029
говорили 2,813411 5,626821
доме 2,014903 8,059612
президенты 2,931194 5,862388
американского 2,177422 2,177422
гид 0,076161 0,076161
проведение 3,912023 3,912023
военнослужащих 3,401197 3,401197
проведении 3,624341 3,624341
телефонным 4,317488 8,634976
уволит 0,076161 0,076161
сообщении 4,317488 4,317488
американских 2,371578 7,114734
необходимость 3,064725 3,064725
дома 0,061875 0,185626
американский 0,061875 0,123751
телефонный 2,525729 15,154372
пола 0,097980 0,097980
американским 3,064725 6,129450
прекращении 2,238047 6,714140
прекращение 2,813411 2,813411
продолжили 3,912023 3,912023
многочисленные 3,912023 3,912023
сообщению 5,010635 10,021271
представителя 5,010635 5,010635
другом 2,931194 2,931194
двух 1,678431 6,713723
интересно 2,813411 5,626821
сообщения 3,218876 9,656627
российских 1,576648 1,576648
рестрикции 4,317488 4,317488
иностранной 5,010635 5,010635
направлении 2,813411 2,813411
эмоции 0,047791 0,047791
зеленским 0,076161 0,076161
указали 3,064725 3,064725
какую 3,218876 6,437752
итоги 2,612740 2,612740
проведения 3,624341 3,624341
двум 0,076161 0,076161
вызвала 0,097980 0,097980
указало 5,010635 5,010635
факт 3,912023 7,824046
опубликовали 5,010635 10,021271
сети 0,090654 0,090654
работы 1,455287 1,455287
лидеров 2,708050 8,124151
военнослужащим 0,076161 0,076161
намерения 4,317488 4,317488
отреагировали 2,238047 2,238047
особую 5,010635 10,021271
кроме 1,427116 4,281349
ценим 5,010635 5,010635
украинскому 3,401197 3,401197
владимиром 2,931194 2,931194
московскому 3,218876 6,437752
будущих 3,624341 3,624341
звонка 3,218876 3,218876
материалы 0,000000 0,000000
российского 1,484275 1,484275
депутат 0,076161 0,076161
взаимные 5,010635 5,010635
прогресс 0,097980 0,097980
полутора 5,010635 5,010635
статьи 0,000000 0,000000
ходе 1,791759 1,791759
форме 0,061875 0,061875
материале 2,120264 2,120264
включая 3,064725 3,064725
культура 0,000000 0,000000
силовые 0,000000 0,000000
обмен 3,401197 6,802395
режима 2,525729 2,525729
касающихся 5,010635 5,010635
дня 0,061875 0,061875
мнениями 3,218876 3,218876
условием 4,317488 4,317488
отношений 2,708050 10,832201
немецкое 5,010635 5,010635
важного 3,401197 3,401197
играют 5,010635 5,010635
широко 3,401197 3,401197
тему 3,624341 3,624341
временном 3,624341 7,248682
недопущения 5,010635 5,010635
сотрудников 0,076161 0,076161
хакзаместитель 5,010635 5,010635
многие 1,714798 1,714798
дней 1,791759 3,583519
начались 0,068993 0,068993
достигнутые 5,010635 5,010635
согласились 3,218876 3,218876
предложение 2,302585 6,907755
экономической 3,401197 3,401197
дали 2,525729 5,051457
рекомендательных 0,000000 0,000000
около 1,678431 5,035292
разных 2,445686 2,445686
работает 0,040822 0,040822
увлекательные 0,047791 0,047791
риа 1,272966 1,272966
приказ 3,401197 3,401197
примечательно 5,010635 5,010635
связанных 5,010635 5,010635
переговоры 0,054808 0,054808
будущее 2,612740 2,612740
времени 1,919593 3,839186
маккартни 0,097980 0,097980
признали 2,177422 2,177422
считаю 3,218876 3,218876
забота 0,000000 0,000000
сбер 0,040822 0,040822
пожаловать 0,013423 0,013423
использованияполитика 0,000000 0,000000
потенциального 4,317488 4,317488
трамп 1,484275 8,905649
который 1,272966 1,272966
идею 2,931194 2,931194
звонок 3,912023 3,912023
инфраструктуры 2,445686 2,445686
воли 2,302585 2,302585
крупный 0,068993 0,068993
фархан 4,317488 4,317488
разведданными 4,317488 4,317488
регионам 0,076161 0,076161
крупным 0,076161 0,076161
российскими 2,813411 5,626821
месяца 2,813411 2,813411
разговором 3,624341 7,248682
победа 0,000000 0,000000
телефону 2,931194 2,931194
самой 2,525729 2,525729
остались 0,061875 0,061875
делегаций 4,317488 4,317488
президент 1,347074 4,041221
продолжительным 5,010635 10,021271
опечатку 0,000000 0,000000
сразу 2,066196 2,066196
сми 0,000000 0,000000
президентов 2,708050 13,540251
американской 3,912023 7,824046
разведывательной 5,010635 5,010635
ожидаемыми 5,010635 5,010635
рады 0,068993 0,068993
создание 2,813411 2,813411
позитивно 4,317488 4,317488
стран 2,302585 4,605170
инфраструктуре 2,445686 2,445686
военным 2,708050 2,708050
место 0,054808 0,054808
начало 3,624341 3,624341
акции 0,047791 0,047791
звонком 5,010635 5,010635
мс 0,097980 0,097980
рассказал 1,272966 1,272966
формате 3,624341 3,624341
корреспондент 2,525729 2,525729
считается 2,612740 2,612740
левиттпресс 5,010635 5,010635
экономика 0,000000 0,000000
промышленников 3,624341 3,624341
союза 2,302585 2,302585
контактов 4,317488 4,317488
организации 2,708050 2,708050
историю 2,525729 7,577186
украинского 2,445686 2,445686
вскоре 2,302585 2,302585
нем 2,371578 2,371578
временными 5,010635 5,010635
владимир 1,373049 6,865246
переговоров 1,714798 1,714798
согласно 3,064725 6,129450
реальный 0,013423 0,013423
итоговое 5,010635 5,010635
безопасности 2,177422 2,177422
отношениям 5,010635 10,021271
правды 0,068993 0,068993
условий 2,813411 2,813411
запланирован 4,317488 4,317488
тысячи 0,068993 0,068993
появления 3,218876 3,218876
предрек 0,076161 0,076161
внимание 2,302585 2,302585
немедленное 4,317488 4,317488
двухсторонних 5,010635 5,010635
предотвращения 5,010635 5,010635
городе 0,061875 0,061875
огня 1,678431 6,713723
генерального 4,317488 4,317488
информации 1,919593 1,919593
фронте 3,218876 3,218876
устойчивый 5,010635 5,010635
заявили 0,076161 0,076161
передаст 3,064725 3,064725
встречи 2,525729 2,525729
завершения 3,912023 15,648092
договоренности 3,218876 3,218876
приостановка 5,010635 5,010635
оценили 2,525729 7,577186
эскалации 3,912023 3,912023
дональдом 3,624341 3,624341
видеть 0,013423 0,013423
очень 1,347074 1,347074
особое 3,912023 3,912023
договорились 2,612740 5,225480
игроками 3,912023 3,912023
наука 0,000000 0,000000
обсудили 2,931194 8,793581
обоюдную 5,010635 5,010635
источник 3,912023 3,912023
второй 2,066196 4,132393
