париж 4,317488 4,317488
уморительно 5,010635 5,010635
бани 5,010635 5,010635
ру 0,000000 0,000000
отдыхе 5,010635 5,010635
банк 0,076161 0,076161
тратит 5,010635 10,021271
обнаженной 5,010635 5,010635
роскошного 5,010635 5,010635
отгремела 5,010635 5,010635
топлес 5,010635 10,021271
ангел 5,010635 5,010635
стал 1,203973 3,611918
прогулки 4,317488 4,317488
стиля 3,912023 3,912023
стилю 5,010635 5,010635
согласие 0,047791 0,047791
людей 1,455287 1,455287
рекламе 5,010635 10,021271
сто 5,010635 5,010635
одна 1,875141 1,875141
фото 0,061875 0,618754
лет 0,967584 0,967584
появилась 2,445686 4,891372
водой 0,061875 0,061875
звезды 2,371578 4,743156
технологиймини 0,000000 0,000000
миллиардер 3,624341 3,624341
россиянкам 4,317488 4,317488
скрывает 4,317488 4,317488
назвал 1,347074 1,347074
времен 3,218876 3,218876
собчак 4,317488 4,317488
делал 4,317488 4,317488
конфиденциальности 0,047791 0,047791
весь 1,966113 1,966113
ловушку 5,010635 5,010635
нажмите 0,000000 0,000000
лишилась 5,010635 5,010635
зубов 3,401197 3,401197
получайте 0,047791 0,047791
женщинам 3,401197 3,401197
своем 1,919593 1,919593
бритья 4,317488 4,317488
свадьба 5,010635 15,031906
ягодицы 3,912023 3,912023
свадьбе 5,010635 5,010635
проблемы 0,076161 0,076161
путешествия 0,000000 0,000000
богатстве 5,010635 5,010635
стоила 4,317488 4,317488
индии 0,076161 0,076161
сего 5,010635 5,010635
свадьбы 4,317488 8,634976
лукашенко 2,813411 2,813411
нашли 0,000000 0,000000
зрителей 3,401197 3,401197
бдсм 4,317488 4,317488
кармен 5,010635 5,010635
пупка 5,010635 5,010635
платья 3,624341 3,624341
сильные 2,708050 2,708050
украинском 0,076161 0,076161
света 0,054808 0,054808
миллиона 1,966113 3,932226
пытался 2,708050 2,708050
белоусов 0,076161 0,076161
летия 3,912023 3,912023
отдохнула 5,010635 5,010635
условиями 0,040822 0,081644
юра 3,912023 3,912023
платье 4,317488 17,269952
часы 4,317488 4,317488
готовы 2,708050 2,708050
подробности 2,238047 4,476093
сколько 2,525729 5,051457
отказ 3,401197 3,401197
читайте 0,040822 0,040822
свечах 5,010635 5,010635
шпагат 4,317488 4,317488
туфли 3,912023 3,912023
байконур 0,097980 0,097980
прошла 3,064725 6,129450
известной 3,401197 3,401197
прошло 3,624341 3,624341
полностью 2,525729 2,525729
совет 3,064725 3,064725
жвачки 4,317488 4,317488
гвинет 5,010635 10,021271
раскрыла 2,708050 10,832201
едва 2,177422 2,177422
цензори 5,010635 10,021271
разоряющих 5,010635 5,010635
говорит 2,014903 2,014903
последние 0,090654 0,181309
предрекли 0,076161 0,076161
топе 4,317488 4,317488
платьем 4,317488 4,317488
архив 0,000000 0,000000
развлечения 5,010635 5,010635
шее 4,317488 4,317488
сша 0,040822 0,040822
флагом 3,624341 3,624341
раскрытии 0,076161 0,076161
бюстгальтере 5,010635 5,010635
уйти 3,401197 3,401197
кольцо 3,912023 3,912023
бюстгальтера 5,010635 10,021271
российском 0,076161 0,076161
короля 5,010635 5,010635
иностранцев 3,912023 3,912023
снялся 5,010635 20,042541
личную 3,218876 3,218876
нравится 3,401197 3,401197
перестал 4,317488 4,317488
ева 3,912023 7,824046
напоказ 4,317488 4,317488
лучший 2,525729 2,525729
цикла 2,813411 11,253643
будут 1,919593 1,919593
митя 3,624341 3,624341
ноября 2,525729 2,525729
бонусы 0,047791 0,095581
позапрошлого 5,010635 5,010635
жильцы 0,076161 0,076161
пэрис 5,010635 5,010635
века 2,813411 5,626821
декольте 5,010635 10,021271
жизни 0,000000 0,000000
солистка 3,218876 3,218876
сын 2,525729 10,102915
раввина 5,010635 10,021271
показал 3,624341 7,248682
нужны 3,912023 3,912023
шаламе 4,317488 8,634976
покорил 4,317488 4,317488
туристку 0,076161 0,076161
евы 5,010635 5,010635
версаче 5,010635 10,021271
опубликованы 4,317488 4,317488
клана 5,010635 5,010635
мужу 4,317488 4,317488
грэмми 4,317488 4,317488
эйдельштейн 3,912023 7,824046
мотор 0,000000 0,000000
обменивайте 0,047791 0,047791
жизнь 1,544899 3,089799
звание 2,931194 5,862388
эмалированный 5,010635 5,010635
группы 2,238047 2,238047
миллионы 2,445686 4,891372
хорошие 0,013423 0,013423
смита 5,010635 5,010635
россиянам 2,525729 2,525729
талантливые 3,624341 3,624341
мире 1,919593 1,919593
мира 1,576648 3,153296
уэста 5,010635 20,042541
почему 0,899761 7,198091
лорак 5,010635 5,010635
краша 4,317488 4,317488
электра 5,010635 5,010635
леонардо 4,317488 4,317488
грудь 3,912023 19,560115
рекламной 5,010635 5,010635
красным 3,624341 3,624341
прибыл 0,083382 0,083382
навсегда 4,317488 4,317488
вынудили 3,912023 3,912023
аравии 2,813411 2,813411
домогательства 5,010635 5,010635
назад 1,678431 1,678431
двойником 5,010635 5,010635
ссср 0,000000 0,000000
иконой 5,010635 5,010635
грудью 5,010635 5,010635
гардероба 5,010635 5,010635
трусах 3,624341 3,624341
налысо 5,010635 5,010635
таз 5,010635 5,010635
похоже 2,931194 2,931194
главное 0,000000 0,000000
алеси 5,010635 5,010635
женского 3,401197 3,401197
нового 2,371578 2,371578
летнего 0,097980 0,195961
раздражает 5,010635 5,010635
откровенные 3,912023 11,736069
мини 0,000000 0,000000
других 1,576648 1,576648
понятия 5,010635 5,010635
откровенный 3,912023 3,912023
раскрыты 3,624341 3,624341
изнасиловал 0,076161 0,076161
символ 2,931194 2,931194
теряют 3,912023 3,912023
прославиться 5,010635 5,010635
ролики 5,010635 5,010635
облегающем 5,010635 5,010635
полупрозрачном 5,010635 5,010635
липа 5,010635 5,010635
спорт 0,000000 0,000000
рэпер 3,624341 7,248682
невестой 5,010635 5,010635
споры 0,097980 0,195961
папиных 5,010635 5,010635
военной 0,061875 0,061875
четыре 0,040822 0,040822
детьми 5,010635 5,010635
ведущая 3,624341 3,624341
глубоким 5,010635 5,010635
иордании 5,010635 5,010635
камеру 3,401197 3,401197
сделала 3,912023 3,912023
глава 1,643339 3,286679
стала 1,576648 1,576648
известные 4,317488 4,317488
известный 3,064725 3,064725
стали 1,514128 1,514128
обитания 0,000000 0,000000
бездумных 5,010635 5,010635
ужасающих 5,010635 5,010635
уилла 5,010635 5,010635
мужской 2,708050 2,708050
имеют 2,931194 2,931194
женщины 2,066196 4,132393
российским 0,076161 0,076161
гардероб 4,317488 4,317488
российский 1,484275 2,968550
израиле 3,912023 3,912023
микрошортах 5,010635 10,021271
шести 2,445686 2,445686
чудо 4,317488 4,317488
человека 2,177422 2,177422
спустя 1,832581 1,832581
интернет 0,000000 0,000000
обратился 0,076161 0,076161
нью 3,624341 3,624341
саудовской 2,813411 2,813411
любовника 5,010635 5,010635
популярный 3,064725 3,064725
премьера 3,218876 3,218876
гид 0,076161 0,076161
цене 3,912023 3,912023
поле 3,624341 3,624341
дома 0,061875 0,123751
пола 0,097980 0,195961
выглядит 2,445686 2,445686
лазером 5,010635 5,010635
женятся 3,912023 3,912023
отношения 2,525729 2,525729
пообещал 3,912023 3,912023
покупают 5,010635 5,010635
подиум 5,010635 5,010635
шнурова 5,010635 5,010635
кендалл 5,010635 5,010635
евро 2,931194 2,931194
обложку 5,010635 5,010635
эмоции 0,047791 0,047791
клум 5,010635 10,021271
поцелуи 4,317488 4,317488
работы 1,455287 2,910574
сети 0,090654 0,815889
миллионов 1,791759 3,583519
военнослужащим 0,076161 0,076161
опубликовала 3,218876 9,656627
принцессы 4,317488 4,317488
превратиться 5,010635 5,010635
мария 2,525729 2,525729
покончить 5,010635 5,010635
войны 1,791759 1,791759
шейк 5,010635 5,010635
материалы 0,000000 0,000000
депутат 0,076161 0,076161
ядерной 3,064725 3,064725
многомиллионные 5,010635 5,010635
жирного 5,010635 5,010635
статьи 0,000000 0,000000
видявленияроскошьличности 2,813411 2,813411
стильные 4,317488 4,317488
адам 4,317488 4,317488
культура 0,000000 0,000000
подражали 5,010635 5,010635
всестильвнешний 2,813411 2,813411
пригожин 3,912023 3,912023
одессы 3,624341 3,624341
штаны 5,010635 5,010635
канье 5,010635 35,074447
развлекались 5,010635 5,010635
блузе 5,010635 5,010635
эффектные 5,010635 5,010635
возлюбленный 5,010635 5,010635
честь 3,064725 3,064725
лонгория 5,010635 10,021271
удалось 1,714798 1,714798
лондоне 2,612740 5,225480
позе 3,912023 3,912023
уменьшения 5,010635 5,010635
полуобнаженной 5,010635 5,010635
приспустил 3,912023 3,912023
кафельникова 4,317488 4,317488
вопреки 5,010635 5,010635
продавать 3,064725 3,064725
деппа 4,317488 4,317488
летней 2,708050 5,416100
бонда 5,010635 5,010635
тщательно 4,317488 4,317488
сексуальности 2,931194 2,931194
бассейне 5,010635 5,010635
работает 0,040822 0,040822
новая 2,612740 2,612740
увлекательные 0,047791 0,047791
ванной 5,010635 5,010635
переговоры 0,054808 0,054808
год 1,714798 1,714798
будущей 5,010635 5,010635
маккартни 0,097980 0,195961
образе 4,317488 4,317488
гостей 3,401197 3,401197
мать 2,813411 2,813411
сбер 0,040822 0,040822
мемом 5,010635 5,010635
использованияполитика 0,000000 0,000000
откровенное 5,010635 10,021271
роскошная 3,912023 11,736069
кастро 5,010635 5,010635
йорке 4,317488 4,317488
трамп 1,484275 1,484275
крупный 0,068993 0,068993
регионам 0,076161 0,076161
динамо 3,218876 3,218876
жены 3,624341 3,624341
крупным 0,076161 0,076161
ублюдка 5,010635 5,010635
откровенной 4,317488 4,317488
юности 4,317488 4,317488
откровенном 5,010635 15,031906
вещь 5,010635 5,010635
жену 3,401197 3,401197
сэндлер 4,317488 4,317488
украли 3,401197 3,401197
россияне 1,919593 1,919593
мохаммед 4,317488 4,317488
остались 0,061875 0,061875
вместо 2,708050 2,708050
рэпером 5,010635 5,010635
отрастили 3,064725 3,064725
детали 2,813411 2,813411
плюс 3,624341 3,624341
такое 2,014903 4,029806
оконфузилась 5,010635 5,010635
рады 0,068993 0,068993
заставить 4,317488 4,317488
выступила 3,401197 3,401197
акции 0,047791 0,047791
универа 5,010635 5,010635
рассказал 1,272966 3,818897
александра 2,445686 2,445686
покупок 5,010635 5,010635
изменится 2,813411 2,813411
летний 2,612740 2,612740
фоне 2,813411 2,813411
марк 3,912023 3,912023
экономика 0,000000 0,000000
села 3,218876 3,218876
прозрачным 4,317488 4,317488
называют 2,931194 2,931194
скрытный 5,010635 5,010635
секс 2,371578 4,743156
сняла 4,317488 4,317488
звезда 2,612740 5,225480
бьянка 5,010635 5,010635
ажиотаж 5,010635 10,021271
светлана 3,912023 3,912023
российская 2,525729 2,525729
марьяна 5,010635 5,010635
принц 4,317488 4,317488
удалили 5,010635 5,010635
реальный 0,013423 0,013423
полученный 5,010635 5,010635
попадаем 5,010635 5,010635
общаться 3,912023 3,912023
тысячи 0,068993 0,068993
надписью 5,010635 5,010635
родов 4,317488 4,317488
рекламы 3,624341 7,248682
браке 4,317488 4,317488
предрек 0,076161 0,076161
бьянки 5,010635 5,010635
рита 5,010635 5,010635
брака 4,317488 4,317488
протеже 5,010635 5,010635
заменит 5,010635 5,010635
хадид 5,010635 10,021271
кампании 4,317488 4,317488
стоимость 2,371578 2,371578
заявили 0,076161 0,076161
кайли 4,317488 8,634976
сериале 3,624341 3,624341
выпустила 4,317488 4,317488
попала 3,401197 3,401197
оценили 2,525729 2,525729
видеть 0,013423 0,013423
способ 2,371578 2,371578
тренеру 5,010635 5,010635
влюбил 2,931194 5,862388
семейные 4,317488 4,317488
перемирии 0,076161 0,076161
новый 1,966113 1,966113
голливудские 3,064725 3,064725
образ 2,525729 2,525729
уэст 5,010635 15,031906
новые 0,000000 0,000000
ответила 3,064725 3,064725
друзьями 3,912023 3,912023
оценил 2,612740 2,612740
рот 3,218876 3,218876
удивила 4,317488 4,317488
добро 0,013423 0,013423
выражаете 0,047791 0,047791
заметили 3,401197 3,401197
наряд 5,010635 10,021271
помощью 0,047791 0,047791
эпидемия 3,218876 3,218876
питт 5,010635 5,010635
добра 0,013423 0,026846
наряжались 4,317488 4,317488
живописью 5,010635 5,010635
канцлером 4,317488 4,317488
падшие 5,010635 5,010635
фигуру 3,912023 3,912023
гоар 5,010635 5,010635
экс 2,066196 6,198589
оценивайте 0,047791 0,047791
любви 3,218876 3,218876
дворец 5,010635 5,010635
звезд 3,064725 6,129450
тратить 3,912023 3,912023
показе 5,010635 5,010635
мир 0,000000 0,000000
рианна 5,010635 10,021271
устроил 3,624341 3,624341
решила 3,401197 3,401197
пелагея 5,010635 5,010635
погружайтесь 0,047791 0,047791
моды 3,624341 14,497364
бывший 0,000000 0,000000
время 0,762140 0,762140
накапливайте 0,047791 0,047791
моду 3,912023 3,912023
ооо 0,000000 0,000000
деактивирована 0,013423 0,013423
кем 4,317488 4,317488
хотят 2,708050 2,708050
тюрьму 3,401197 3,401197
новым 2,708050 2,708050
тюрьме 3,912023 3,912023
новых 2,014903 2,014903
структуры 0,000000 0,000000
добилась 5,010635 5,010635
моде 4,317488 8,634976
латексных 4,317488 4,317488
водонаевой 5,010635 5,010635
чай 4,317488 4,317488
народов 3,912023 3,912023
хочешь 0,013423 0,013423
юбилей 5,010635 5,010635
наряды 4,317488 4,317488
носить 3,624341 3,624341
символом 3,401197 3,401197
пляжных 0,097980 0,195961
голливуда 3,218876 3,218876
обычную 0,013423 0,013423
соцсетях 3,624341 3,624341
восемь 3,064725 3,064725
отец 2,177422 2,177422
раздеться 5,010635 5,010635
внешность 0,097980 0,195961
ужин 4,317488 4,317488
наряде 5,010635 5,010635
галереи 0,000000 0,000000
отсутствие 3,401197 3,401197
нелепые 3,064725 3,064725
наряда 4,317488 4,317488
миллиард 3,912023 3,912023
юбилея 5,010635 5,010635
расплакалась 5,010635 5,010635
ким 5,010635 10,021271
ирина 4,317488 4,317488
известного 3,624341 3,624341
сына 3,218876 3,218876
разделась 5,010635 5,010635
пожалели 5,010635 5,010635
вражде 3,912023 3,912023
редакциярекламаконтактыпресс 0,000000 0,000000
люди 1,966113 9,830564
простых 3,912023 3,912023
всем 1,966113 1,966113
видео 0,000000 0,000000
сумку 3,912023 3,912023
захватила 4,317488 4,317488
миллиардера 3,401197 6,802395
путина 1,514128 1,514128
актер 2,813411 5,626821
оскар 3,624341 3,624341
рэпера 4,317488 4,317488
мог 2,302585 2,302585
трендсеттерши 5,010635 5,010635
худобе 5,010635 5,010635
эпохи 4,317488 4,317488
асмус 5,010635 5,010635
сумки 3,624341 3,624341
долларов 2,708050 2,708050
летняя 2,177422 17,419376
оскаре 4,317488 4,317488
модного 5,010635 5,010635
богатейшие 5,010635 10,021271
скуфами 5,010635 5,010635
пропадала 5,010635 5,010635
среда 0,000000 0,000000
инстасамка 5,010635 5,010635
восхитились 3,624341 3,624341
среди 1,714798 1,714798
скидки 0,047791 0,047791
актриса 4,317488 4,317488
бренда 5,010635 5,010635
планеты 3,218876 9,656627
эксклюзивы 0,000000 0,000000
москве 1,791759 1,791759
выражайте 0,047791 0,047791
секрет 2,612740 2,612740
москва 2,302585 2,302585
описал 3,912023 3,912023
лонгории 5,010635 5,010635
дочь 3,401197 10,203592
похожие 4,317488 4,317488
девушки 2,445686 4,891372
тимоти 4,317488 8,634976
апартаментов 5,010635 5,010635
конфликте 0,076161 0,076161
избранных 5,010635 5,010635
продолжая 0,047791 0,047791
лицо 3,624341 3,624341
подходящую 4,317488 4,317488
популярная 5,010635 5,010635
манерами 4,317488 4,317488
рудковская 5,010635 5,010635
веника 5,010635 5,010635
джиджи 5,010635 10,021271
деньги 2,014903 4,029806
прозрачном 5,010635 15,031906
хочу 2,813411 5,626821
конфиденциальностиправила 0,000000 0,000000
прозрачной 3,624341 7,248682
гонорары 5,010635 10,021271
мемуарах 5,010635 5,010635
политикой 0,047791 0,047791
планете 3,624341 3,624341
крид 3,218876 3,218876
бедность 5,010635 5,010635
простыней 5,010635 5,010635
килограммов 3,912023 3,912023
стать 1,875141 1,875141
кардашьян 5,010635 10,021271
голые 4,317488 4,317488
раскрыл 2,177422 4,354844
голый 5,010635 5,010635
бывшая 3,912023 7,824046
дизайнер 4,317488 12,952464
операцию 3,401197 3,401197
это 0,020203 0,101014
легендарный 3,401197 3,401197
слухов 5,010635 5,010635
запретили 4,317488 4,317488
бедности 5,010635 5,010635
папарацци 5,010635 5,010635
волосы 3,218876 6,437752
назвала 2,931194 2,931194
две 0,033902 0,033902
посмешищем 3,624341 3,624341
зрительница 5,010635 5,010635
оголился 4,317488 4,317488
детей 2,177422 2,177422
сыгравший 4,317488 4,317488
отказа 3,064725 3,064725
тратят 5,010635 5,010635
новости 0,000000 0,000000
войти 0,000000 0,000000
каприо 4,317488 4,317488
заварки 5,010635 5,010635
дырявого 5,010635 5,010635
божества 5,010635 5,010635
вышла 2,371578 7,114734
медитации 0,076161 0,076161
любовь 2,813411 2,813411
неделе 3,064725 6,129450
баснословные 5,010635 5,010635
политик 3,064725 3,064725
считать 2,445686 2,445686
сошли 4,317488 4,317488
уход 0,076161 0,076161
новой 2,612740 2,612740
муж 3,624341 3,624341
удивил 3,912023 3,912023
худи 4,317488 4,317488
обычные 4,317488 4,317488
жил 4,317488 4,317488
голым 3,624341 3,624341
спецпроекты 0,000000 0,000000
донателла 5,010635 5,010635
купальнике 5,010635 15,031906
игры 0,000000 0,000000
донателлу 5,010635 5,010635
февраля 1,272966 8,910760
техника 0,000000 0,000000
пять 1,576648 1,576648
главного 2,612740 2,612740
трампа 0,054808 0,054808
германии 2,177422 2,177422
славу 3,912023 3,912023
женился 3,912023 7,824046
маском 5,010635 5,010635
футболиста 3,401197 3,401197
распродать 5,010635 5,010635
зрителями 3,912023 7,824046
отвел 0,076161 0,076161
пришел 2,813411 2,813411
марта 0,040822 2,000278
нарядах 4,317488 4,317488
закрытой 5,010635 5,010635
футбольном 5,010635 5,010635
букет 3,401197 3,401197
реакций 0,047791 0,047791
показала 2,612740 18,289180
актрисы 5,010635 5,010635
большие 2,813411 2,813411
реакции 0,047791 0,047791
массово 2,371578 7,114734
пэлтроу 5,010635 10,021271
макияжа 5,010635 10,021271
неделя 4,317488 8,634976
драгоценности 3,401197 3,401197
самый 2,525729 2,525729
пережила 3,401197 3,401197
жертвой 3,624341 3,624341
спектакля 5,010635 5,010635
публике 3,624341 7,248682
снялась 4,317488 25,904929
самые 1,832581 5,497744
зеленского 0,068993 0,068993
лента 0,000000 0,000000
зарубежном 5,010635 5,010635
хранит 5,010635 5,010635
объяснила 3,064725 3,064725
брэд 5,010635 5,010635
торжество 5,010635 5,010635
юбке 4,317488 4,317488
бригады 3,218876 3,218876
жми 0,013423 0,013423
никого 3,624341 3,624341
вырос 3,912023 3,912023
хайди 5,010635 10,021271
ленту 0,013423 0,013423
затопленного 0,076161 0,076161
проблемах 2,445686 2,445686
женщин 2,302585 2,302585
торговца 5,010635 5,010635
россии 0,425668 0,425668
применения 0,000000 0,000000
фитнес 3,624341 3,624341
ценности 0,000000 0,000000
потратила 5,010635 5,010635
штанов 3,912023 3,912023
насилие 3,401197 6,802395
рублей 1,514128 12,113022
потребления 3,624341 3,624341
материалам 0,047791 0,047791
ягодиц 4,317488 4,317488
вернуться 0,013423 0,013423
ваши 0,047791 0,047791
дочках 5,010635 5,010635
раскритиковали 3,624341 3,624341
россия 0,000000 0,000000
бикини 4,317488 4,317488
кофемании 5,010635 5,010635
порно 3,218876 3,218876
фотосессии 5,010635 5,010635
вожди 5,010635 5,010635
свои 0,027029 0,081086
объяснили 3,064725 3,064725
января 1,791759 1,791759
рассказала 1,919593 1,919593
британцев 5,010635 5,010635
ди 4,317488 4,317488
уволит 0,076161 0,076161
культ 4,317488 4,317488
американский 0,061875 0,061875
похудении 5,010635 5,010635
причину 3,218876 3,218876
творилось 3,624341 3,624341
сайз 5,010635 5,010635
причины 2,612740 2,612740
юбок 5,010635 5,010635
лобода 5,010635 5,010635
полотенце 5,010635 5,010635
кино 3,064725 3,064725
семей 3,912023 3,912023
китайской 3,912023 3,912023
зеленским 0,076161 0,076161
шварценеггера 5,010635 5,010635
словами 2,708050 5,416100
журнала 3,624341 7,248682
отреагировал 2,612740 7,838220
двум 0,076161 0,076161
вызвала 0,097980 0,391922
люблю 3,912023 3,912023
джиган 5,010635 5,010635
кристину 4,317488 4,317488
борисов 3,624341 3,624341
вид 2,813411 2,813411
кубы 5,010635 5,010635
файед 5,010635 5,010635
дженнер 4,317488 12,952464
высмеяли 4,317488 4,317488
российского 1,484275 2,968550
прогресс 0,097980 0,097980
форме 0,061875 0,061875
ума 3,624341 3,624341
хилтон 5,010635 5,010635
силовые 0,000000 0,000000
вернулась 2,445686 2,445686
советский 2,708050 2,708050
тысяч 1,427116 2,854233
дня 0,061875 0,061875
богатейшего 4,317488 8,634976
любил 3,624341 3,624341
пугающие 5,010635 5,010635
мусора 3,912023 3,912023
сотрудников 0,076161 0,076161
никому 3,624341 3,624341
прослыл 3,401197 3,401197
публикуют 4,317488 4,317488
комментарии 1,484275 1,484275
удовольствием 4,317488 4,317488
начались 0,068993 0,068993
егор 3,218876 3,218876
неудобно 4,317488 4,317488
рекомендательных 0,000000 0,000000
зажимая 5,010635 5,010635
внешностью 4,317488 4,317488
стройности 5,010635 5,010635
заполонили 4,317488 4,317488
роскосмоса 3,401197 6,802395
бункерах 5,010635 5,010635
крашем 3,401197 3,401197
россиян 1,714798 1,714798
иосиф 3,624341 3,624341
тела 3,064725 3,064725
фразой 3,064725 9,194175
удивляли 4,317488 4,317488
забота 0,000000 0,000000
пожаловать 0,013423 0,013423
родственнице 5,010635 5,010635
предложили 3,401197 3,401197
клуба 2,931194 2,931194
тайны 4,317488 4,317488
собственного 3,912023 3,912023
россиянок 2,302585 6,907755
победа 0,000000 0,000000
живут 3,624341 7,248682
выбрать 3,218876 3,218876
случае 1,875141 1,875141
президент 1,347074 1,347074
полуголом 5,010635 5,010635
известная 3,624341 7,248682
опечатку 0,000000 0,000000
сми 0,000000 0,000000
сити 5,010635 5,010635
жить 2,177422 2,177422
икры 3,624341 3,624341
собой 2,014903 2,014903
свет 3,401197 6,802395
место 0,054808 0,054808
мс 0,097980 0,097980
начали 1,427116 1,427116
условиях 2,813411 2,813411
роскошных 4,317488 4,317488
попытки 2,302585 2,302585
возлюбленная 4,317488 12,952464
сидел 4,317488 4,317488
шакиры 5,010635 5,010635
архивное 4,317488 4,317488
дуа 5,010635 5,010635
успеха 2,525729 2,525729
страсть 4,317488 4,317488
роскошные 5,010635 5,010635
избранником 5,010635 5,010635
фомин 3,624341 3,624341
кафельниковой 5,010635 5,010635
блогерши 4,317488 4,317488
модели 3,912023 7,824046
внешний 3,064725 3,064725
обнажила 5,010635 5,010635
признаком 3,064725 3,064725
аль 3,624341 3,624341
модель 3,401197 6,802395
места 3,218876 3,218876
интереса 4,317488 4,317488
смущают 5,010635 5,010635
годы 2,302585 2,302585
усы 3,064725 3,064725
одежду 3,912023 3,912023
правды 0,068993 0,068993
вернуть 2,708050 2,708050
погребняк 5,010635 5,010635
аветисян 5,010635 5,010635
городе 0,061875 0,061875
сравнили 3,912023 3,912023
ани 5,010635 5,010635
снимок 5,010635 5,010635
правда 2,014903 2,014903
питались 5,010635 5,010635
скоро 3,064725 3,064725
дианы 4,317488 4,317488
одежда 3,624341 7,248682
очень 1,347074 1,347074
дакота 5,010635 5,010635
миллион 3,064725 6,129450
наука 0,000000 0,000000
лолита 5,010635 5,010635
куршевеле 5,010635 5,010635
ро 5,010635 5,010635
