зеленского 0,068993 0,068993
перемирии 0,076161 0,076161
ру 0,000000 0,000000
банк 0,076161 0,076161
рф 1,514128 1,514128
лента 0,000000 0,000000
поднимали 5,010635 5,010635
новые 0,000000 0,000000
спорт 0,000000 0,000000
заявил 1,098612 2,197225
споры 0,097980 0,097980
согласие 0,047791 0,047791
добро 0,013423 0,013423
военной 0,061875 0,061875
выражаете 0,047791 0,047791
четыре 0,040822 0,040822
работают 2,612740 5,225480
жми 0,013423 0,013423
помощью 0,047791 0,047791
подчеркнул 2,525729 2,525729
судам 5,010635 5,010635
габриелян 3,624341 3,624341
добра 0,013423 0,026846
словам 1,272966 1,272966
ленту 0,013423 0,013423
затопленного 0,076161 0,076161
фото 0,061875 0,123751
политика 1,576648 1,576648
санкции 2,612740 2,612740
водой 0,061875 0,061875
пресс 2,708050 2,708050
россии 0,425668 0,425668
применения 0,000000 0,000000
технологиймини 0,000000 0,000000
оценивайте 0,047791 0,047791
обитания 0,000000 0,000000
ценности 0,000000 0,000000
удары 2,931194 8,793581
материалам 0,047791 0,047791
российские 1,678431 1,678431
кораблям 3,624341 18,121705
конфиденциальности 0,047791 0,047791
вернуться 0,013423 0,013423
мир 0,000000 0,000000
ваши 0,047791 0,047791
российским 0,076161 0,076161
нажмите 0,000000 0,000000
получайте 0,047791 0,047791
погружайтесь 0,047791 0,047791
мораторием 5,010635 15,031906
бывший 0,000000 0,000000
проблемы 0,076161 0,076161
накапливайте 0,047791 0,047791
интернет 0,000000 0,000000
россия 0,000000 0,000000
ооо 0,000000 0,000000
обратился 0,076161 0,076161
деактивирована 0,013423 0,013423
путешествия 0,000000 0,000000
отдела 0,579818 0,579818
лидера 2,302585 2,302585
свои 0,027029 0,027029
ранее 1,003302 1,003302
доме 2,014903 4,029806
президенты 2,931194 2,931194
вопросу 3,064725 6,129450
также 0,762140 1,524280
структуры 0,000000 0,000000
американского 2,177422 2,177422
индии 0,076161 0,076161
гид 0,076161 0,076161
востоку 3,064725 3,064725
хочешь 0,013423 0,013423
нашли 0,000000 0,000000
пляжных 0,097980 0,097980
работе 1,791759 3,583519
уволит 0,076161 0,076161
дома 0,061875 0,123751
американский 0,061875 0,061875
обычную 0,013423 0,013423
пола 0,097980 0,097980
украине 1,139434 1,139434
прекращении 2,238047 2,238047
представители 3,624341 3,624341
черноморского 4,317488 4,317488
внешность 0,097980 0,097980
представитель 2,120264 2,120264
украинском 0,076161 0,076161
света 0,054808 0,054808
украины 1,021651 1,021651
галереи 0,000000 0,000000
белоусов 0,076161 0,076161
эмоции 0,047791 0,047791
зеленским 0,076161 0,076161
пока 1,678431 3,356862
условиями 0,040822 0,081644
двум 0,076161 0,076161
вызвала 0,097980 0,097980
сети 0,090654 0,090654
американские 2,931194 2,931194
военнослужащим 0,076161 0,076161
читайте 0,040822 0,040822
байконур 0,097980 0,097980
редакциярекламаконтактыпресс 0,000000 0,000000
спецпредставитель 5,010635 5,010635
материалы 0,000000 0,000000
уиткофф 3,218876 9,656627
видео 0,000000 0,000000
депутат 0,076161 0,076161
ближнему 3,064725 3,064725
прогресс 0,097980 0,097980
статьи 0,000000 0,000000
зерном 5,010635 5,010635
антироссийские 3,912023 3,912023
дом 2,014903 2,014903
россией 2,120264 8,481054
пространстве 3,624341 3,624341
форме 0,061875 0,061875
последние 0,090654 0,090654
предрекли 0,076161 0,076161
культура 0,000000 0,000000
обсудить 0,456758 0,456758
моря 3,912023 3,912023
силовые 0,000000 0,000000
архив 0,000000 0,000000
дня 0,061875 0,061875
сша 0,040822 0,204110
всеполитикаобществопроисшествияконфликтыпреступность 2,014903 2,014903
ослабят 4,317488 4,317488
гражданским 5,010635 5,010635
среда 0,000000 0,000000
раскрытии 0,076161 0,076161
редактор 0,567984 0,567984
море 2,931194 8,793581
скидки 0,047791 0,047791
сотрудников 0,076161 0,076161
флота 3,912023 3,912023
эксклюзивы 0,000000 0,000000
российском 0,076161 0,076161
выражайте 0,047791 0,047791
начались 0,068993 0,068993
рекомендательных 0,000000 0,000000
конфликте 0,076161 0,076161
грузовым 5,010635 5,010635
стив 3,218876 3,218876
продолжая 0,047791 0,047791
работает 0,040822 0,040822
служба 3,624341 3,624341
увлекательные 0,047791 0,047791
риа 1,272966 1,272966
вмф 3,064725 3,064725
достигли 3,624341 3,624341
работаем 3,624341 3,624341
окончательной 4,317488 4,317488
белый 2,525729 2,525729
переговоры 0,054808 0,054808
конфиденциальностиправила 0,000000 0,000000
бонусы 0,047791 0,095581
политикой 0,047791 0,047791
максим 2,931194 2,931194
маккартни 0,097980 0,097980
отметил 1,791759 1,791759
жильцы 0,076161 0,076161
жизни 0,000000 0,000000
забота 0,000000 0,000000
сбер 0,040822 0,040822
пожаловать 0,013423 0,013423
использованияполитика 0,000000 0,000000
крупный 0,068993 0,068993
регионам 0,076161 0,076161
агентство 3,064725 3,064725
крупным 0,076161 0,076161
это 0,020203 0,020203
туристку 0,076161 0,076161
энергетической 2,445686 2,445686
победа 0,000000 0,000000
остались 0,061875 0,061875
две 0,033902 0,033902
такими 5,010635 5,010635
мотор 0,000000 0,000000
обменивайте 0,047791 0,047791
опечатку 0,000000 0,000000
сми 0,000000 0,000000
белого 2,302585 2,302585
рады 0,068993 0,068993
передает 3,218876 3,218876
ударов 2,302585 6,907755
инфраструктуре 2,445686 2,445686
новости 0,000000 0,000000
войти 0,000000 0,000000
военным 2,708050 8,124151
место 0,054808 0,054808
акции 0,047791 0,047791
соглашения 3,218876 3,218876
черного 3,401197 3,401197
хорошие 0,013423 0,013423
мс 0,097980 0,097980
вещами 3,624341 3,624341
медитации 0,076161 0,076161
экономика 0,000000 0,000000
уход 0,076161 0,076161
черном 3,064725 9,194175
вопросам 3,912023 3,912023
белом 2,371578 4,743156
прибыл 0,083382 0,083382
спецпроекты 0,000000 0,000000
реальный 0,013423 0,013423
игры 0,000000 0,000000
техника 0,000000 0,000000
ссср 0,000000 0,000000
достижения 2,931194 2,931194
правды 0,068993 0,068993
трампа 0,054808 0,054808
тысячи 0,068993 0,068993
вопрос 1,832581 1,832581
отвел 0,076161 0,076161
предрек 0,076161 0,076161
марта 0,040822 0,040822
городе 0,061875 0,061875
огня 1,678431 1,678431
главное 0,000000 0,000000
реакций 0,047791 0,047791
летнего 0,097980 0,097980
заявили 0,076161 0,228484
реакции 0,047791 0,047791
мини 0,000000 0,000000
договоренности 3,218876 3,218876
видеть 0,013423 0,013423
изнасиловал 0,076161 0,076161
наука 0,000000 0,000000
