зеленского 0,068993 0,068993
перемирии 0,076161 0,076161
ру 0,000000 0,000000
банк 0,076161 0,076161
лента 0,000000 0,000000
урожай 4,317488 8,634976
день 1,544899 1,544899
новые 0,000000 0,000000
фрукты 4,317488 4,317488
ходила 3,401197 3,401197
спорт 0,000000 0,000000
споры 0,097980 0,097980
согласие 0,047791 0,047791
добро 0,013423 0,013423
шоу 2,813411 2,813411
военной 0,061875 0,061875
выражаете 0,047791 0,047791
четыре 0,040822 0,040822
сотрудники 2,066196 2,066196
жми 0,013423 0,013423
помощью 0,047791 0,047791
приходятся 5,010635 5,010635
добра 0,013423 0,026846
ленту 0,013423 0,013423
праздников 4,317488 8,634976
затопленного 0,076161 0,076161
фото 0,061875 0,123751
стрижки 4,317488 4,317488
лет 0,967584 0,967584
даты 3,624341 3,624341
женские 4,317488 4,317488
важные 3,218876 3,218876
водой 0,061875 0,061875
россии 0,425668 0,425668
применения 0,000000 0,000000
технологиймини 0,000000 0,000000
оценивайте 0,047791 0,047791
обитания 0,000000 0,000000
православный 5,010635 5,010635
какие 1,875141 3,750282
ценности 0,000000 0,000000
сезон 3,624341 3,624341
появился 2,445686 2,445686
материалам 0,047791 0,047791
известно 1,297063 1,297063
актеры 3,912023 3,912023
конфиденциальности 0,047791 0,047791
дата 3,064725 3,064725
вернуться 0,013423 0,013423
мир 0,000000 0,000000
ваши 0,047791 0,047791
дате 5,010635 5,010635
весь 1,966113 1,966113
российским 0,076161 0,076161
овощи 5,010635 5,010635
нажмите 0,000000 0,000000
своей 2,066196 2,066196
получайте 0,047791 0,047791
погружайтесь 0,047791 0,047791
бывший 0,000000 0,000000
секреты 3,064725 3,064725
проблемы 0,076161 0,076161
монастырь 4,317488 4,317488
накапливайте 0,047791 0,047791
интернет 0,000000 0,000000
россия 0,000000 0,000000
ооо 0,000000 0,000000
обратился 0,076161 0,076161
деактивирована 0,013423 0,013423
биография 3,401197 3,401197
путешествия 0,000000 0,000000
свои 0,027029 0,027029
фруктов 3,218876 3,218876
концу 4,317488 4,317488
структуры 0,000000 0,000000
индии 0,076161 0,076161
гид 0,076161 0,076161
уиллису 3,218876 3,218876
ягод 5,010635 5,010635
хочешь 0,013423 0,013423
нашли 0,000000 0,000000
пляжных 0,097980 0,097980
изосимова 5,010635 5,010635
уволит 0,076161 0,076161
друзей 3,401197 3,401197
дома 0,061875 0,061875
американский 0,061875 0,061875
обычную 0,013423 0,013423
пола 0,097980 0,097980
отец 2,177422 2,177422
внешность 0,097980 0,097980
украинском 0,076161 0,076161
света 0,054808 0,054808
аналогов 3,401197 3,401197
показать 2,708050 2,708050
галереи 0,000000 0,000000
участницы 5,010635 5,010635
белоусов 0,076161 0,076161
подарков 4,317488 4,317488
эмоции 0,047791 0,047791
зеленским 0,076161 0,076161
боевиков 3,064725 3,064725
собирают 4,317488 4,317488
условиями 0,040822 0,081644
двум 0,076161 0,076161
вызвала 0,097980 0,097980
сети 0,090654 0,090654
выходные 4,317488 8,634976
работы 1,455287 2,910574
военнослужащим 0,076161 0,076161
миллионов 1,791759 1,791759
созревают 5,010635 5,010635
читайте 0,040822 0,040822
раскрыли 2,302585 2,302585
байконур 0,097980 0,097980
редакциярекламаконтактыпресс 0,000000 0,000000
миллионами 3,218876 3,218876
интересные 3,912023 3,912023
материалы 0,000000 0,000000
видео 0,000000 0,000000
депутат 0,076161 0,076161
прогресс 0,097980 0,097980
статьи 0,000000 0,000000
часть 1,919593 1,919593
война 2,371578 2,371578
актер 2,813411 2,813411
дни 2,931194 5,862388
изменилось 3,218876 3,218876
пасху 5,010635 5,010635
форме 0,061875 0,061875
последние 0,090654 0,090654
предрекли 0,076161 0,076161
культура 0,000000 0,000000
загрузка 3,064725 3,064725
оригинальных 5,010635 5,010635
силовые 0,000000 0,000000
архив 0,000000 0,000000
посылок 3,218876 3,218876
лета 4,317488 4,317488
любимый 2,813411 2,813411
дня 0,061875 0,061875
августе 3,064725 3,064725
сша 0,040822 0,040822
клиента 3,624341 3,624341
средние 4,317488 4,317488
вторая 2,813411 2,813411
среда 0,000000 0,000000
раскрытии 0,076161 0,076161
днем 2,813411 2,813411
любит 3,064725 3,064725
скрывается 2,708050 2,708050
скидки 0,047791 0,047791
сотрудников 0,076161 0,076161
эксклюзивы 0,000000 0,000000
российском 0,076161 0,152323
выражайте 0,047791 0,047791
домой 2,612740 2,612740
смитом 5,010635 5,010635
начались 0,068993 0,068993
такая 2,931194 2,931194
рекомендательных 0,000000 0,000000
конфликте 0,076161 0,076161
продолжая 0,047791 0,047791
работает 0,040822 0,040822
увлекательные 0,047791 0,047791
овощей 3,624341 3,624341
переговоры 0,054808 0,054808
россиян 1,714798 1,714798
конфиденциальностиправила 0,000000 0,000000
бонусы 0,047791 0,095581
год 1,714798 1,714798
политикой 0,047791 0,047791
ангелина 5,010635 5,010635
маккартни 0,097980 0,097980
собирать 5,010635 5,010635
жильцы 0,076161 0,076161
жизни 0,000000 0,000000
забота 0,000000 0,000000
сбер 0,040822 0,081644
пожаловать 0,013423 0,013423
использованияполитика 0,000000 0,000000
нужно 1,791759 1,791759
которые 1,181994 1,181994
крупный 0,068993 0,068993
регионам 0,076161 0,076161
крупным 0,076161 0,076161
спала 3,401197 3,401197
провести 2,931194 2,931194
туристку 0,076161 0,076161
которого 1,875141 1,875141
это 0,020203 0,040405
нужна 2,813411 2,813411
идей 3,912023 3,912023
победа 0,000000 0,000000
коллег 3,064725 3,064725
сильнейших 5,010635 5,010635
волосы 3,218876 3,218876
советы 3,064725 3,064725
поздравил 3,064725 3,064725
остались 0,061875 0,061875
две 0,033902 0,033902
мотор 0,000000 0,000000
обменивайте 0,047791 0,047791
опечатку 0,000000 0,000000
сми 0,000000 0,000000
брюсу 3,218876 3,218876
сентябрь 5,010635 5,010635
битва 3,912023 3,912023
жизнь 1,544899 3,089799
осенью 4,317488 4,317488
огороде 5,010635 10,021271
хэнкок 5,010635 5,010635
рады 0,068993 0,068993
фанатам 5,010635 5,010635
новости 0,000000 0,000000
герой 2,612740 2,612740
войти 0,000000 0,000000
место 0,054808 0,054808
акции 0,047791 0,047791
хорошие 0,013423 0,013423
мс 0,097980 0,097980
сентябре 3,912023 3,912023
медитации 0,076161 0,076161
изменила 3,064725 3,064725
цеху 3,218876 3,218876
церковные 4,317488 8,634976
модные 4,317488 4,317488
мирную 3,401197 3,401197
экономика 0,000000 0,000000
прошел 2,371578 2,371578
церковный 5,010635 5,010635
уход 0,076161 0,076161
почему 0,899761 0,899761
календарь 5,010635 15,031906
выхода 2,525729 5,051457
тренды 4,317488 4,317488
ягоды 5,010635 5,010635
уходу 3,912023 3,912023
секс 2,371578 2,371578
прибыл 0,083382 0,083382
великая 3,064725 3,064725
рынке 2,708050 2,708050
спецпроекты 0,000000 0,000000
подарить 5,010635 5,010635
праздники 3,912023 3,912023
реальный 0,013423 0,013423
игры 0,000000 0,000000
профессиональные 5,010635 10,021271
техника 0,000000 0,000000
ссср 0,000000 0,000000
году 1,373049 1,373049
правды 0,068993 0,068993
трампа 0,054808 0,054808
жалеет 3,218876 3,218876
события 2,612740 5,225480
тысячи 0,068993 0,068993
отвел 0,076161 0,076161
уиллом 5,010635 5,010635
предрек 0,076161 0,076161
личная 3,912023 3,912023
посты 5,010635 5,010635
марта 0,040822 0,204110
городе 0,061875 0,061875
другие 1,714798 1,714798
главное 0,000000 0,000000
года 0,899761 2,699284
сюжет 3,624341 3,624341
реакций 0,047791 0,047791
летнего 0,097980 0,097980
уникальный 3,218876 3,218876
заявили 0,076161 0,076161
реакции 0,047791 0,047791
гаджет 3,401197 3,401197
мини 0,000000 0,000000
отечественная 3,218876 3,218876
сериала 3,401197 3,401197
видеть 0,013423 0,013423
август 4,317488 8,634976
изнасиловал 0,076161 0,076161
символ 2,931194 2,931194
наука 0,000000 0,000000
экстрасенсы 5,010635 5,010635
второй 2,066196 2,066196
самые 1,832581 1,832581
семьи 3,624341 3,624341
