зеленского 0,068993 0,068993
перемирии 0,076161 0,076161
ру 0,000000 0,000000
банк 0,076161 0,076161
лента 0,000000 0,000000
новые 0,000000 0,000000
спорт 0,000000 0,000000
буквально 3,218876 3,218876
споры 0,097980 0,097980
согласие 0,047791 0,047791
добро 0,013423 0,013423
неизвестно 3,401197 3,401197
военной 0,061875 0,061875
выражаете 0,047791 0,047791
четыре 0,040822 0,040822
краш 4,317488 4,317488
жми 0,013423 0,013423
помощью 0,047791 0,047791
добра 0,013423 0,026846
словам 1,272966 1,272966
ленту 0,013423 0,013423
затопленного 0,076161 0,076161
фото 0,061875 0,185626
лет 0,967584 2,902752
стали 1,514128 1,514128
прилетал 5,010635 5,010635
водой 0,061875 0,061875
применения 0,000000 0,000000
белоруссии 3,218876 6,437752
технологиймини 0,000000 0,000000
коля 5,010635 10,021271
оценивайте 0,047791 0,047791
обитания 0,000000 0,000000
ценности 0,000000 0,000000
прозвали 3,624341 3,624341
материалам 0,047791 0,047791
конфиденциальности 0,047791 0,047791
вернуться 0,013423 0,013423
мир 0,000000 0,000000
ваши 0,047791 0,047791
российским 0,076161 0,076161
нажмите 0,000000 0,000000
получайте 0,047791 0,047791
президента 1,455287 2,910574
обнаружили 3,218876 3,218876
влюбились 5,010635 5,010635
погружайтесь 0,047791 0,047791
бывший 0,000000 0,000000
проблемы 0,076161 0,076161
накапливайте 0,047791 0,047791
интернет 0,000000 0,000000
россия 0,000000 0,000000
ооо 0,000000 0,000000
обратился 0,076161 0,076161
деактивирована 0,013423 0,013423
путешествия 0,000000 0,000000
лидера 2,302585 2,302585
свои 0,027029 0,027029
внешности 3,401197 3,401197
структуры 0,000000 0,000000
индии 0,076161 0,076161
гид 0,076161 0,076161
кадрах 3,064725 6,129450
хочешь 0,013423 0,013423
лукашенко 2,813411 22,507286
нашли 0,000000 0,000000
пляжных 0,097980 0,097980
уволит 0,076161 0,076161
дома 0,061875 0,061875
американский 0,061875 0,061875
обычную 0,013423 0,013423
пола 0,097980 0,097980
выглядит 2,445686 4,891372
внешность 0,097980 0,097980
могу 2,525729 2,525729
отца 2,813411 2,813411
трех 1,919593 1,919593
украинском 0,076161 0,076161
света 0,054808 0,054808
смотрю 5,010635 5,010635
увидеть 2,813411 2,813411
галереи 0,000000 0,000000
обратили 3,912023 3,912023
белоусов 0,076161 0,076161
скуфом 4,317488 4,317488
эмоции 0,047791 0,047791
зеленским 0,076161 0,076161
условиями 0,040822 0,081644
двум 0,076161 0,076161
вызвала 0,097980 0,097980
сети 0,090654 0,090654
военнослужащим 0,076161 0,076161
победы 3,401197 3,401197
читайте 0,040822 0,040822
сыне 5,010635 5,010635
сына 3,218876 6,437752
байконур 0,097980 0,097980
редакциярекламаконтактыпресс 0,000000 0,000000
произошедшие 5,010635 5,010635
материалы 0,000000 0,000000
екнуло 5,010635 5,010635
видео 0,000000 0,000000
всему 2,612740 2,612740
депутат 0,076161 0,076161
прогресс 0,097980 0,097980
россиянки 2,525729 5,051457
статьи 0,000000 0,000000
видявленияроскошьличности 2,813411 2,813411
изменилось 3,218876 3,218876
форме 0,061875 0,061875
последние 0,090654 0,090654
вовсе 3,401197 3,401197
предрекли 0,076161 0,076161
культура 0,000000 0,000000
всестильвнешний 2,813411 2,813411
некоторые 2,445686 2,445686
рунета 4,317488 4,317488
силовые 0,000000 0,000000
архив 0,000000 0,000000
дня 0,061875 0,061875
изменения 3,624341 3,624341
сша 0,040822 0,040822
среда 0,000000 0,000000
раскрытии 0,076161 0,076161
августа 3,064725 3,064725
скидки 0,047791 0,047791
сотрудников 0,076161 0,076161
эксклюзивы 0,000000 0,000000
российском 0,076161 0,076161
выражайте 0,047791 0,047791
комментарии 1,484275 1,484275
девушки 2,445686 2,445686
начались 0,068993 0,068993
парад 3,624341 7,248682
москву 2,120264 2,120264
рекомендательных 0,000000 0,000000
конфликте 0,076161 0,076161
продолжая 0,047791 0,047791
работает 0,040822 0,081644
увлекательные 0,047791 0,047791
крашем 3,401197 3,401197
переговоры 0,054808 0,054808
залысины 5,010635 15,031906
конфиденциальностиправила 0,000000 0,000000
бонусы 0,047791 0,095581
политикой 0,047791 0,047791
сердечко 5,010635 5,010635
белорусского 5,010635 5,010635
маккартни 0,097980 0,097980
жильцы 0,076161 0,076161
жизни 0,000000 0,000000
забота 0,000000 0,000000
сын 2,525729 7,577186
сбер 0,040822 0,040822
является 1,966113 1,966113
пожаловать 0,013423 0,013423
использованияполитика 0,000000 0,000000
называли 2,931194 2,931194
младший 3,912023 3,912023
николай 3,624341 3,624341
крупный 0,068993 0,068993
писали 3,218876 3,218876
николая 5,010635 10,021271
регионам 0,076161 0,076161
крупным 0,076161 0,076161
россиянок 2,302585 4,605170
это 0,020203 0,020203
туристку 0,076161 0,076161
сыновей 3,912023 3,912023
победа 0,000000 0,000000
реально 5,010635 5,010635
остались 0,061875 0,061875
две 0,033902 0,033902
мотор 0,000000 0,000000
обменивайте 0,047791 0,047791
опечатку 0,000000 0,000000
сми 0,000000 0,000000
вместе 1,514128 1,514128
красивый 4,317488 4,317488
рады 0,068993 0,068993
новости 0,000000 0,000000
войти 0,000000 0,000000
место 0,054808 0,054808
акции 0,047791 0,047791
хорошие 0,013423 0,013423
мс 0,097980 0,097980
александра 2,445686 9,782744
отключены 1,576648 1,576648
родился 3,624341 3,624341
отцом 5,010635 5,010635
медитации 0,076161 0,076161
личности 4,317488 4,317488
ради 2,371578 2,371578
летний 2,612740 5,225480
увидела 3,401197 3,401197
матерью 3,624341 3,624341
экономика 0,000000 0,000000
уход 0,076161 0,076161
почему 0,899761 0,899761
свежих 5,010635 10,021271
николаем 4,317488 4,317488
пользовательница 4,317488 4,317488
прибыл 0,083382 0,083382
увидели 3,218876 3,218876
виной 5,010635 5,010635
спецпроекты 0,000000 0,000000
нем 2,371578 2,371578
назад 1,678431 5,035292
реальный 0,013423 0,013423
игры 0,000000 0,000000
техника 0,000000 0,000000
ссср 0,000000 0,000000
году 1,373049 1,373049
пять 1,576648 4,729944
правды 0,068993 0,068993
трампа 0,054808 0,054808
тысячи 0,068993 0,068993
отвел 0,076161 0,076161
предрек 0,076161 0,076161
внимание 2,302585 2,302585
марта 0,040822 0,040822
городе 0,061875 0,061875
именно 1,875141 1,875141
марте 2,708050 2,708050
главное 0,000000 0,000000
года 0,899761 1,799523
мнение 2,813411 2,813411
реакций 0,047791 0,047791
летнего 0,097980 0,195961
заявили 0,076161 0,076161
реакции 0,047791 0,047791
мини 0,000000 0,000000
видеть 0,013423 0,013423
изнасиловал 0,076161 0,076161
врачом 4,317488 4,317488
наука 0,000000 0,000000
влюбил 2,931194 5,862388
своим 2,445686 2,445686
