зеленского 0,068993 0,068993
получила 3,401197 3,401197
перемирии 0,076161 0,076161
ру 0,000000 0,000000
банк 0,076161 0,076161
лента 0,000000 0,000000
новые 0,000000 0,000000
спорт 0,000000 0,000000
оштрафовать 5,010635 5,010635
качан 3,912023 3,912023
сферанедвижимостьгородская 1,966113 1,966113
споры 0,097980 0,097980
согласие 0,047791 0,047791
добро 0,013423 0,013423
военной 0,061875 0,061875
выражаете 0,047791 0,047791
четыре 0,040822 0,040822
жми 0,013423 0,013423
помощью 0,047791 0,047791
добра 0,013423 0,026846
принял 2,931194 2,931194
ленту 0,013423 0,013423
затопленного 0,076161 0,076161
фото 0,061875 0,123751
водой 0,061875 0,061875
применения 0,000000 0,000000
суд 1,966113 1,966113
технологиймини 0,000000 0,000000
оценивайте 0,047791 0,047791
обитания 0,000000 0,000000
ценности 0,000000 0,000000
задержала 3,401197 3,401197
рублей 1,514128 3,028255
материалам 0,047791 0,047791
конфиденциальности 0,047791 0,047791
вернуться 0,013423 0,013423
мир 0,000000 0,000000
связи 2,120264 2,120264
ваши 0,047791 0,047791
судили 5,010635 5,010635
российским 0,076161 0,076161
нажмите 0,000000 0,000000
своей 2,066196 2,066196
кирилл 2,931194 2,931194
получайте 0,047791 0,047791
погружайтесь 0,047791 0,047791
бывший 0,000000 0,000000
проблемы 0,076161 0,076161
всегосэкономикабизнесрынкикапиталсоциальная 1,966113 1,966113
накапливайте 0,047791 0,047791
интернет 0,000000 0,000000
россия 0,000000 0,000000
ооо 0,000000 0,000000
обратился 0,076161 0,076161
деактивирована 0,013423 0,013423
путешествия 0,000000 0,000000
устройства 3,624341 3,624341
данным 2,014903 2,014903
свои 0,027029 0,027029
ранее 1,003302 1,003302
придется 3,401197 3,401197
просьбе 5,010635 5,010635
структуры 0,000000 0,000000
индии 0,076161 0,076161
гид 0,076161 0,076161
хочешь 0,013423 0,013423
прежде 4,317488 4,317488
нашли 0,000000 0,000000
пляжных 0,097980 0,097980
уволит 0,076161 0,076161
дома 0,061875 0,061875
американский 0,061875 0,061875
обычную 0,013423 0,013423
пола 0,097980 0,097980
работу 1,791759 1,791759
внешность 0,097980 0,097980
полиции 2,445686 2,445686
украинском 0,076161 0,076161
света 0,054808 0,054808
своего 2,238047 2,238047
владелица 5,010635 5,010635
галереи 0,000000 0,000000
белоусов 0,076161 0,076161
эмоции 0,047791 0,047791
зеленским 0,076161 0,076161
условиями 0,040822 0,081644
двум 0,076161 0,076161
вызвала 0,097980 0,097980
сети 0,090654 0,090654
военнослужащим 0,076161 0,076161
читайте 0,040822 0,040822
полиция 2,931194 2,931194
квартиры 2,813411 2,813411
жительница 3,624341 7,248682
байконур 0,097980 0,097980
редакциярекламаконтактыпресс 0,000000 0,000000
комсомольская 4,317488 4,317488
материалы 0,000000 0,000000
россиянку 3,401197 3,401197
видео 0,000000 0,000000
российского 1,484275 1,484275
депутат 0,076161 0,076161
жительницу 4,317488 4,317488
прогресс 0,097980 0,097980
соседних 5,010635 5,010635
статьи 0,000000 0,000000
россиянка 2,612740 5,225480
форме 0,061875 0,061875
последние 0,090654 0,090654
предрекли 0,076161 0,076161
культура 0,000000 0,000000
обсудить 0,456758 0,456758
летняя 2,177422 2,177422
силовые 0,000000 0,000000
архив 0,000000 0,000000
фиктивно 5,010635 5,010635
тысяч 1,427116 1,427116
дня 0,061875 0,061875
сша 0,040822 0,040822
районе 2,708050 2,708050
недвижимость 3,401197 3,401197
среда 0,000000 0,000000
раскрытии 0,076161 0,076161
редактор 0,567984 0,567984
тыс 4,317488 4,317488
скидки 0,047791 0,047791
сотрудников 0,076161 0,076161
эксклюзивы 0,000000 0,000000
российском 0,076161 0,076161
выражайте 0,047791 0,047791
иностранцев 3,912023 7,824046
начались 0,068993 0,068993
рудничном 5,010635 5,010635
поплатилась 3,624341 7,248682
мигрантов 3,624341 18,121705
рекомендательных 0,000000 0,000000
конфликте 0,076161 0,076161
климат 1,919593 1,919593
продолжая 0,047791 0,047791
работает 0,040822 0,040822
камчатского 5,010635 5,010635
увлекательные 0,047791 0,047791
средаклимат 1,966113 1,966113
прописала 5,010635 10,021271
оплатить 3,912023 3,912023
переговоры 0,054808 0,054808
конфиденциальностиправила 0,000000 0,000000
бонусы 0,047791 0,095581
знакомого 5,010635 5,010635
квартире 3,218876 12,875503
политикой 0,047791 0,047791
маккартни 0,097980 0,097980
жильцы 0,076161 0,076161
пономарев 4,317488 4,317488
жизни 0,000000 0,000000
забота 0,000000 0,000000
сбер 0,040822 0,040822
пожаловать 0,013423 0,013423
использованияполитика 0,000000 0,000000
штраф 4,317488 8,634976
крупный 0,068993 0,068993
регионам 0,076161 0,076161
сообщает 2,120264 2,120264
находится 2,371578 2,371578
крупным 0,076161 0,076161
это 0,020203 0,020203
туристку 0,076161 0,076161
нужна 2,813411 2,813411
победа 0,000000 0,000000
этим 2,302585 2,302585
остались 0,061875 0,061875
две 0,033902 0,033902
мотор 0,000000 0,000000
обменивайте 0,047791 0,047791
опечатку 0,000000 0,000000
сми 0,000000 0,000000
петропавловска 5,010635 5,010635
аналогичное 5,010635 5,010635
рады 0,068993 0,068993
зарегистрировала 3,624341 14,497364
мужа 3,064725 3,064725
стран 2,302585 2,302585
новости 0,000000 0,000000
войти 0,000000 0,000000
место 0,054808 0,054808
акции 0,047791 0,047791
хорошие 0,013423 0,013423
собственницу 5,010635 5,010635
мс 0,097980 0,097980
решение 2,302585 2,302585
александра 2,445686 2,445686
медитации 0,076161 0,076161
преступление 3,218876 3,218876
собственнице 5,010635 5,010635
экономика 0,000000 0,000000
регистрация 5,010635 5,010635
уход 0,076161 0,076161
которая 1,875141 1,875141
попалась 4,317488 4,317488
прибыл 0,083382 0,083382
жил 4,317488 4,317488
спецпроекты 0,000000 0,000000
жилье 3,912023 3,912023
реальный 0,013423 0,013423
игры 0,000000 0,000000
техника 0,000000 0,000000
ссср 0,000000 0,000000
году 1,373049 1,373049
правды 0,068993 0,068993
трампа 0,054808 0,054808
тысячи 0,068993 0,068993
никто 2,302585 2,302585
отвел 0,076161 0,076161
предрек 0,076161 0,076161
города 1,714798 1,714798
марта 0,040822 0,040822
городе 0,061875 0,061875
главное 0,000000 0,000000
правда 2,014903 2,014903
реакций 0,047791 0,047791
летнего 0,097980 0,097980
заявили 0,076161 0,076161
реакции 0,047791 0,047791
мини 0,000000 0,000000
кемерова 5,010635 10,021271
экологияделовой 1,966113 1,966113
видеть 0,013423 0,013423
изнасиловал 0,076161 0,076161
наука 0,000000 0,000000
