зеленского 0,068993 0,068993
перемирии 0,076161 0,076161
ру 0,000000 0,000000
банк 0,076161 0,076161
лента 0,000000 0,000000
новые 0,000000 0,000000
пробираются 5,010635 5,010635
росгвардии 5,010635 5,010635
спорт 0,000000 0,000000
секторе 5,010635 5,010635
карты 2,931194 2,931194
подозреваемых 3,912023 3,912023
споры 0,097980 0,097980
согласие 0,047791 0,047791
добро 0,013423 0,013423
военной 0,061875 0,061875
выражаете 0,047791 0,047791
четыре 0,040822 0,040822
сотрудники 2,066196 2,066196
жми 0,013423 0,013423
помощью 0,047791 0,047791
врываются 5,010635 5,010635
пол 3,401197 3,401197
добра 0,013423 0,026846
ленту 0,013423 0,013423
помещение 4,317488 4,317488
затопленного 0,076161 0,076161
фото 0,061875 0,061875
водой 0,061875 0,061875
применения 0,000000 0,000000
технологиймини 0,000000 0,000000
лечь 5,010635 5,010635
оценивайте 0,047791 0,047791
обитания 0,000000 0,000000
задержанными 5,010635 5,010635
ценности 0,000000 0,000000
спецслужбыпреступная 2,525729 2,525729
рублей 1,514128 1,514128
материалам 0,047791 0,047791
конфиденциальности 0,047791 0,047791
вернуться 0,013423 0,013423
мир 0,000000 0,000000
ваши 0,047791 0,047791
российским 0,076161 0,076161
нажмите 0,000000 0,000000
судкриминалполиция 2,525729 2,525729
получайте 0,047791 0,047791
ролик 4,317488 4,317488
погружайтесь 0,047791 0,047791
росгвардией 3,624341 7,248682
бывший 0,000000 0,000000
проблемы 0,076161 0,076161
накапливайте 0,047791 0,047791
интернет 0,000000 0,000000
россия 0,000000 0,000000
ооо 0,000000 0,000000
обратился 0,076161 0,076161
денежные 4,317488 4,317488
деактивирована 0,013423 0,013423
путешествия 0,000000 0,000000
отдела 0,579818 0,579818
свои 0,027029 0,027029
средства 3,218876 3,218876
структуры 0,000000 0,000000
телефонных 3,218876 12,875503
индии 0,076161 0,076161
гид 0,076161 0,076161
кадрах 3,064725 3,064725
хочешь 0,013423 0,013423
нашли 0,000000 0,000000
пляжных 0,097980 0,097980
одной 1,514128 1,514128
снятых 4,317488 4,317488
уволит 0,076161 0,076161
дома 0,061875 0,061875
американский 0,061875 0,061875
обычную 0,013423 0,013423
пола 0,097980 0,097980
внешность 0,097980 0,097980
рождения 3,218876 3,218876
украинском 0,076161 0,076161
света 0,054808 0,054808
миллиона 1,966113 1,966113
галереи 0,000000 0,000000
белоусов 0,076161 0,076161
эмоции 0,047791 0,047791
зеленским 0,076161 0,076161
условиями 0,040822 0,081644
двум 0,076161 0,076161
вызвала 0,097980 0,097980
сети 0,090654 0,090654
военнослужащим 0,076161 0,076161
изъяли 3,401197 3,401197
читайте 0,040822 0,040822
брата 2,525729 2,525729
байконур 0,097980 0,097980
редакциярекламаконтактыпресс 0,000000 0,000000
материалы 0,000000 0,000000
всем 1,966113 1,966113
видео 0,000000 0,000000
депутат 0,076161 0,076161
жесткие 3,401197 3,401197
прогресс 0,097980 0,097980
статьи 0,000000 0,000000
размере 3,624341 3,624341
форме 0,061875 0,061875
последние 0,090654 0,090654
предрекли 0,076161 0,076161
культура 0,000000 0,000000
обсудить 0,456758 0,456758
силовые 0,000000 0,000000
архив 0,000000 0,000000
среду 2,931194 2,931194
дня 0,061875 0,061875
сша 0,040822 0,040822
опубликовал 3,401197 3,401197
приказывают 5,010635 5,010635
среда 0,000000 0,000000
раскрытии 0,076161 0,076161
редактор 0,567984 0,567984
скидки 0,047791 0,047791
сотрудников 0,076161 0,076161
диски 4,317488 4,317488
эксклюзивы 0,000000 0,000000
российском 0,076161 0,076161
выражайте 0,047791 0,047791
сим 3,624341 3,624341
начались 0,068993 0,068993
рекомендательных 0,000000 0,000000
конфликте 0,076161 0,076161
продолжая 0,047791 0,047791
работает 0,040822 0,040822
увлекательные 0,047791 0,047791
тасс 2,371578 2,371578
переговоры 0,054808 0,054808
конфиденциальностиправила 0,000000 0,000000
всеследствие 2,525729 2,525729
бонусы 0,047791 0,095581
политикой 0,047791 0,047791
маккартни 0,097980 0,097980
жильцы 0,076161 0,076161
жизни 0,000000 0,000000
забота 0,000000 0,000000
сбер 0,040822 0,040822
пожаловать 0,013423 0,013423
использованияполитика 0,000000 0,000000
телефоны 4,317488 4,317488
украинских 1,919593 5,758779
задержание 3,401197 13,604790
крупный 0,068993 0,068993
регионам 0,076161 0,076161
крупным 0,076161 0,076161
это 0,020203 0,020203
туристку 0,076161 0,076161
туле 3,912023 7,824046
победа 0,000000 0,000000
остались 0,061875 0,061875
улиц 5,010635 5,010635
две 0,033902 0,033902
мотор 0,000000 0,000000
обменивайте 0,047791 0,047791
опечатку 0,000000 0,000000
сми 0,000000 0,000000
рады 0,068993 0,068993
новости 0,000000 0,000000
войти 0,000000 0,000000
место 0,054808 0,054808
акции 0,047791 0,047791
хорошие 0,013423 0,013423
мс 0,097980 0,097980
медитации 0,076161 0,076161
экономика 0,000000 0,000000
уход 0,076161 0,076161
мошенников 2,708050 10,832201
прибыл 0,083382 0,083382
затем 1,875141 1,875141
спецпроекты 0,000000 0,000000
владимир 1,373049 1,373049
годов 2,612740 2,612740
реальный 0,013423 0,013423
игры 0,000000 0,000000
седов 4,317488 4,317488
техника 0,000000 0,000000
ссср 0,000000 0,000000
правды 0,068993 0,068993
трампа 0,054808 0,054808
тысячи 0,068993 0,068993
оказались 2,525729 2,525729
ночи 3,912023 3,912023
отвел 0,076161 0,076161
предрек 0,076161 0,076161
города 1,714798 1,714798
частном 5,010635 5,010635
видно 2,708050 2,708050
марта 0,040822 0,081644
городе 0,061875 0,061875
главное 0,000000 0,000000
реакций 0,047791 0,047791
летнего 0,097980 0,097980
заявили 0,076161 0,076161
реакции 0,047791 0,047791
мини 0,000000 0,000000
показали 2,931194 11,724775
видеть 0,013423 0,013423
изнасиловал 0,076161 0,076161
пособников 3,401197 13,604790
наука 0,000000 0,000000
