перемирии 0,076161 0,076161
ру 0,000000 0,000000
банк 0,076161 0,076161
рф 1,514128 4,542383
артиллерии 3,218876 3,218876
новые 0,000000 0,000000
разведка 3,401197 3,401197
указал 2,525729 2,525729
согласие 0,047791 0,047791
добро 0,013423 0,013423
выражаете 0,047791 0,047791
север 3,912023 3,912023
помощью 0,047791 0,047791
долго 2,612740 2,612740
перемирия 2,445686 2,445686
добра 0,013423 0,026846
человек 1,249435 2,498870
частности 2,525729 2,525729
фото 0,061875 0,185626
бронированных 4,317488 4,317488
силы 2,177422 2,177422
марина 4,317488 4,317488
ракетных 3,624341 3,624341
разговор 1,791759 3,583519
водой 0,061875 0,061875
взаимном 3,218876 3,218876
технологиймини 0,000000 0,000000
экс 2,066196 2,066196
оценивайте 0,047791 0,047791
течение 2,120264 2,120264
область 2,238047 13,428279
тактическим 5,010635 5,010635
инженерные 3,912023 7,824046
конфиденциальности 0,047791 0,047791
белгородскую 2,612740 13,063700
мир 0,000000 0,000000
бронетехнику 5,010635 5,010635
пунктов 2,813411 2,813411
населенных 2,813411 2,813411
нажмите 0,000000 0,000000
получайте 0,047791 0,047791
погружайтесь 0,047791 0,047791
бывший 0,000000 0,000000
время 0,762140 0,762140
проблемы 0,076161 0,076161
накапливайте 0,047791 0,047791
оперативно 4,317488 8,634976
штурмовики 3,218876 3,218876
ооо 0,000000 0,000000
деактивирована 0,013423 0,013423
путешествия 0,000000 0,000000
часов 1,643339 1,643339
существование 3,218876 3,218876
госграницы 5,010635 5,010635
провокация 2,708050 5,416100
также 0,762140 0,762140
госграницу 5,010635 10,021271
структуры 0,000000 0,000000
параллельмоя 2,177422 2,177422
индии 0,076161 0,076161
действиях 3,912023 3,912023
хочешь 0,013423 0,013423
нашли 0,000000 0,000000
обычную 0,013423 0,013423
украине 1,139434 3,418303
пограничного 4,317488 4,317488
территорию 2,612740 2,612740
украинском 0,076161 0,076161
света 0,054808 0,054808
первую 2,238047 2,238047
киевского 3,401197 3,401197
украины 1,021651 3,064954
курской 1,832581 5,497744
галереи 0,000000 0,000000
армейской 5,010635 5,010635
белоусов 0,076161 0,076161
военкоры 3,912023 7,824046
боевых 3,064725 3,064725
воспользовался 5,010635 5,010635
условиями 0,040822 0,081644
киеве 2,813411 2,813411
нейтральной 5,010635 5,010635
минобороны 1,966113 7,864451
дональд 2,238047 2,238047
читайте 0,040822 0,040822
киева 2,612740 7,838220
нападения 3,401197 3,401197
потерял 3,218876 6,437752
разминирования 5,010635 5,010635
редакциярекламаконтактыпресс 0,000000 0,000000
сторону 2,708050 2,708050
ракетным 5,010635 5,010635
видео 0,000000 0,000000
вклиниться 3,912023 7,824046
машины 2,612740 5,225480
существенных 4,317488 4,317488
часть 1,919593 1,919593
путина 1,514128 1,514128
скопления 5,010635 5,010635
мог 2,302585 2,302585
белгородской 2,931194 8,793581
залпового 4,317488 4,317488
последние 0,090654 0,090654
областью 5,010635 5,010635
предрекли 0,076161 0,076161
задействовать 5,010635 10,021271
обсудить 0,456758 0,456758
владимира 2,445686 2,445686
архив 0,000000 0,000000
части 2,014903 2,014903
сша 0,040822 0,122466
лидер 1,919593 1,919593
машин 3,064725 3,064725
районе 2,708050 2,708050
карта 3,401197 3,401197
среда 0,000000 0,000000
канала 3,401197 3,401197
негативный 3,912023 3,912023
раскрытии 0,076161 0,076161
сюжетатаки 3,912023 3,912023
скидки 0,047791 0,047791
авиационных 4,317488 8,634976
политологи 3,401197 3,401197
эксклюзивы 0,000000 0,000000
российском 0,076161 0,076161
названо 2,813411 2,813411
выражайте 0,047791 0,047791
секрет 2,612740 2,612740
леса 3,218876 3,218876
русской 3,624341 3,624341
российской 2,014903 2,014903
атаки 2,177422 2,177422
конфликте 0,076161 0,076161
продолжая 0,047791 0,047791
конфликта 1,919593 3,839186
тяжелыми 3,912023 3,912023
утром 2,612740 2,612740
провели 2,066196 4,132393
прикрытия 5,010635 5,010635
конфиденциальностиправила 0,000000 0,000000
бонусы 0,047791 0,095581
москвы 1,832581 1,832581
политикой 0,047791 0,047791
комплексом 5,010635 5,010635
отражались 5,010635 5,010635
жильцы 0,076161 0,076161
трубы 3,218876 3,218876
перейти 3,064725 3,064725
жизни 0,000000 0,000000
солистка 3,218876 3,218876
операции 1,714798 1,714798
украинских 1,919593 1,919593
одним 1,966113 1,966113
разграждения 3,912023 3,912023
дональда 2,177422 2,177422
результате 2,238047 4,476093
назвало 4,317488 4,317488
фаб 4,317488 4,317488
операция 2,708050 2,708050
туристку 0,076161 0,076161
это 0,020203 0,040405
украинские 2,525729 2,525729
войск 2,931194 2,931194
энергетической 2,445686 2,445686
объектам 2,525729 2,525729
отведенных 4,317488 4,317488
западной 3,624341 3,624341
две 0,033902 0,033902
мотор 0,000000 0,000000
обменивайте 0,047791 0,047791
действовали 3,064725 3,064725
выдвинулись 5,010635 5,010635
подразделения 3,218876 3,218876
отказе 3,064725 3,064725
выдвинул 4,317488 4,317488
опубликована 3,401197 3,401197
новости 0,000000 0,000000
войти 0,000000 0,000000
демидовка 3,401197 3,401197
противнику 3,624341 3,624341
хорошие 0,013423 0,013423
беседы 2,813411 2,813411
медитации 0,076161 0,076161
блогеры 3,624341 3,624341
небольшого 4,317488 4,317488
нанесено 5,010635 5,010635
системами 4,317488 8,634976
уход 0,076161 0,076161
обиде 3,401197 3,401197
данную 4,317488 4,317488
почему 0,899761 0,899761
выхода 2,525729 2,525729
активизации 5,010635 5,010635
прилесье 3,624341 3,624341
государственной 3,624341 3,624341
могли 2,371578 2,371578
области 1,399717 8,398304
затем 1,875141 1,875141
спецпроекты 0,000000 0,000000
баскова 3,401197 3,401197
искандер 4,317488 4,317488
танк 3,912023 3,912023
путин 1,203973 3,611918
торнадо 5,010635 5,010635
игры 0,000000 0,000000
техника 0,000000 0,000000
ссср 0,000000 0,000000
среагировать 5,010635 5,010635
огнеметными 5,010635 5,010635
пять 1,576648 3,153296
трампа 0,054808 0,164425
техники 2,813411 2,813411
идти 2,813411 2,813411
отвел 0,076161 0,076161
высшем 2,612740 5,225480
марта 0,040822 0,326576
продолжался 3,912023 3,912023
ответ 2,177422 2,177422
главное 0,000000 0,000000
реакций 0,047791 0,047791
подтвердили 3,064725 3,064725
реакции 0,047791 0,047791
мини 0,000000 0,000000
противника 3,064725 3,064725
изнасиловал 0,076161 0,076161
пережила 3,401197 3,401197
российско 3,218876 3,218876
вторгнуться 2,931194 5,862388
группировки 2,931194 2,931194
совина 4,317488 4,317488
федерации 3,624341 3,624341
зеленского 0,068993 0,137986
ключевых 2,931194 2,931194
автомобиль 3,218876 3,218876
лента 0,000000 0,000000
огнем 3,624341 3,624341
поддержал 2,525729 2,525729
спорт 0,000000 0,000000
ряд 2,813411 2,813411
военном 3,218876 3,218876
переговорами 4,317488 4,317488
пытались 2,708050 5,416100
военной 0,061875 0,123751
четыре 0,040822 0,040822
недоговороспособность 4,317488 4,317488
моментов 5,010635 5,010635
жми 0,013423 0,013423
сумской 2,813411 2,813411
отчитались 4,317488 4,317488
состава 3,624341 3,624341
ленту 0,013423 0,013423
затопленного 0,076161 0,076161
курская 3,624341 3,624341
россии 0,425668 2,128339
применения 0,000000 0,000000
обитания 0,000000 0,000000
ценности 0,000000 0,000000
опасно 2,813411 2,813411
материалам 0,047791 0,047791
российские 1,678431 3,356862
впервые 1,919593 1,919593
вернуться 0,013423 0,013423
ваши 0,047791 0,047791
российским 0,076161 0,076161
подошел 3,401197 3,401197
угрозой 2,931194 2,931194
предположительно 5,010635 5,010635
личного 3,401197 3,401197
прекращению 3,064725 3,064725
интернет 0,000000 0,000000
россия 0,000000 0,000000
атак 2,931194 5,862388
сутки 2,931194 2,931194
обратился 0,076161 0,076161
вскрытым 5,010635 5,010635
объяснило 2,931194 5,862388
бронемашинах 5,010635 5,010635
свои 0,027029 0,027029
рассказала 1,919593 1,919593
гид 0,076161 0,076161
уволит 0,076161 0,076161
американских 2,371578 2,371578
дома 0,061875 0,061875
американский 0,061875 0,123751
телефонный 2,525729 2,525729
использовали 3,912023 3,912023
проиграет 3,218876 3,218876
прекращении 2,238047 2,238047
отражении 4,317488 4,317488
применено 5,010635 5,010635
дронами 3,912023 3,912023
сообщило 3,401197 3,401197
зеленский 1,714798 1,714798
авиацией 4,317488 4,317488
двух 1,678431 3,356862
танках 5,010635 5,010635
составили 3,912023 3,912023
направлении 2,813411 2,813411
эмоции 0,047791 0,047791
зеленским 0,076161 0,076161
двум 0,076161 0,076161
снегопадом 5,010635 5,010635
военнослужащим 0,076161 0,076161
кроме 1,427116 1,427116
обменялись 3,401197 3,401197
московскому 3,218876 3,218876
мирное 2,931194 2,931194
выведенные 5,010635 5,010635
материалы 0,000000 0,000000
войска 2,931194 5,862388
депутат 0,076161 0,076161
мировую 3,064725 3,064725
чему 2,708050 2,708050
статьи 0,000000 0,000000
ходе 1,791759 1,791759
позиций 3,064725 3,064725
позиции 2,302585 2,302585
контакты 2,302585 2,302585
форме 0,061875 0,061875
культура 0,000000 0,000000
происшествия 3,064725 3,064725
сообщили 2,177422 2,177422
силовые 0,000000 0,000000
режима 2,525729 2,525729
дня 0,061875 0,061875
мнениями 3,218876 3,218876
сорвана 3,624341 3,624341
удалось 1,714798 3,429597
редактор 0,567984 0,567984
сотрудников 0,076161 0,076161
границе 2,813411 2,813411
миража 3,401197 3,401197
теме 1,514128 3,028255
фон 3,624341 3,624341
дней 1,791759 1,791759
сил 1,791759 3,583519
начались 0,068993 0,068993
предложение 2,302585 4,605170
вооруженных 2,014903 2,014903
рекомендательных 0,000000 0,000000
работает 0,040822 0,040822
увлекательные 0,047791 0,047791
противник 3,624341 10,873023
переговоры 0,054808 0,109616
обстреливались 5,010635 5,010635
инициативу 3,401197 3,401197
будущее 2,612740 2,612740
времени 1,919593 1,919593
отрк 5,010635 5,010635
выглядят 2,813411 2,813411
забота 0,000000 0,000000
сбер 0,040822 0,040822
пожаловать 0,013423 0,013423
использованияполитика 0,000000 0,000000
ведущие 2,931194 2,931194
реактивными 5,010635 5,010635
трамп 1,484275 4,452824
который 1,272966 1,272966
инфраструктуры 2,445686 2,445686
пересечь 3,912023 3,912023
крупный 0,068993 0,068993
регионам 0,076161 0,076161
знает 2,612740 2,612740
крупным 0,076161 0,076161
рсзо 5,010635 5,010635
семь 2,813411 2,813411
победа 0,000000 0,000000
потери 3,064725 3,064725
узнала 4,317488 4,317488
остались 0,061875 0,061875
страна 1,714798 1,714798
президент 1,347074 1,347074
опечатку 0,000000 0,000000
руководители 3,218876 3,218876
сми 0,000000 0,000000
создать 2,612740 2,612740
президентов 2,708050 2,708050
жить 2,177422 2,177422
ночной 3,912023 3,912023
рады 0,068993 0,068993
ударов 2,302585 6,907755
место 0,054808 0,054808
акции 0,047791 0,047791
вклинения 5,010635 5,010635
ведомстве 2,931194 2,931194
накануне 2,238047 4,476093
задействованы 4,317488 4,317488
попытки 2,302585 6,907755
благодаря 2,238047 2,238047
москвой 3,218876 3,218876
рисков 3,912023 3,912023
экономика 0,000000 0,000000
весны 4,317488 4,317488
успеха 2,525729 2,525729
государств 3,218876 3,218876
бомб 3,912023 3,912023
украинского 2,445686 2,445686
киев 2,708050 2,708050
уровне 2,371578 4,743156
российская 2,525729 2,525729
осуществили 5,010635 5,010635
десанта 3,218876 3,218876
владимир 1,373049 1,373049
военных 1,966113 1,966113
переговоров 1,714798 3,429597
реальный 0,013423 0,013423
попытку 3,624341 3,624341
полосе 5,010635 5,010635
всу 1,373049 19,222688
правды 0,068993 0,068993
тысячи 0,068993 0,068993
нежелание 3,912023 3,912023
оккупации 2,612740 2,612740
хочет 1,966113 1,966113
предрек 0,076161 0,076161
участка 3,912023 3,912023
городе 0,061875 0,061875
огня 1,678431 3,356862
информации 1,919593 1,919593
границы 3,218876 6,437752
заявили 0,076161 0,076161
провокацией 5,010635 5,010635
местам 3,912023 3,912023
видеть 0,013423 0,013423
умпк 5,010635 5,010635
наука 0,000000 0,000000
