зеленского 0,068993 0,068993
перемирии 0,076161 0,076161
проблемам 5,010635 5,010635
ру 0,000000 0,000000
банк 0,076161 0,076161
святость 3,912023 7,824046
лента 0,000000 0,000000
новые 0,000000 0,000000
жалобы 5,010635 5,010635
спорт 0,000000 0,000000
купил 4,317488 4,317488
реорганизации 5,010635 5,010635
споры 0,097980 0,097980
согласие 0,047791 0,047791
добро 0,013423 0,013423
военной 0,061875 0,061875
выражаете 0,047791 0,047791
четыре 0,040822 0,040822
сицилийскую 5,010635 5,010635
менее 2,014903 2,014903
декабря 2,120264 2,120264
протяжении 3,912023 3,912023
жми 0,013423 0,013423
стало 1,181994 1,181994
помощью 0,047791 0,047791
исчезновении 5,010635 5,010635
друг 2,238047 2,238047
омерты 5,010635 5,010635
итальянских 3,912023 3,912023
добра 0,013423 0,026846
преступного 3,912023 7,824046
ленту 0,013423 0,013423
перехватах 5,010635 5,010635
затопленного 0,076161 0,076161
криминальных 5,010635 5,010635
фото 0,061875 0,123751
лет 0,967584 0,967584
ленты 1,678431 1,678431
проблемах 2,445686 4,891372
стали 1,514128 1,514128
водой 0,061875 0,061875
применения 0,000000 0,000000
технологиймини 0,000000 0,000000
оценивайте 0,047791 0,047791
обитания 0,000000 0,000000
сделал 2,120264 2,120264
ценности 0,000000 0,000000
сообществом 2,708050 2,708050
пытки 4,317488 4,317488
назвал 1,347074 1,347074
материалам 0,047791 0,047791
конфиденциальности 0,047791 0,047791
вернуться 0,013423 0,013423
мир 0,000000 0,000000
самому 3,401197 3,401197
ваши 0,047791 0,047791
российским 0,076161 0,076161
нажмите 0,000000 0,000000
получайте 0,047791 0,047791
погружайтесь 0,047791 0,047791
бывший 0,000000 0,000000
проблемы 0,076161 0,076161
накапливайте 0,047791 0,047791
интернет 0,000000 0,000000
россия 0,000000 0,000000
страхе 3,624341 3,624341
ооо 0,000000 0,000000
обратился 0,076161 0,076161
усилиям 5,010635 5,010635
деактивирована 0,013423 0,013423
законы 4,317488 4,317488
путешествия 0,000000 0,000000
свои 0,027029 0,027029
ранее 1,003302 1,003302
подарок 4,317488 4,317488
европы 2,445686 2,445686
жаловался 4,317488 4,317488
речи 5,010635 5,010635
новых 2,014903 2,014903
структуры 0,000000 0,000000
индии 0,076161 0,076161
гид 0,076161 0,076161
хочешь 0,013423 0,013423
нашли 0,000000 0,000000
пляжных 0,097980 0,097980
уволит 0,076161 0,076161
дома 0,061875 0,061875
американский 0,061875 0,061875
обычную 0,013423 0,013423
пола 0,097980 0,097980
разрушаться 5,010635 5,010635
внешность 0,097980 0,097980
жизниэксклюзив 5,010635 5,010635
украинском 0,076161 0,076161
света 0,054808 0,054808
прокомментировал 3,064725 3,064725
вселюдизвериедапроисшествияперсонысчастливчикианомалии 2,813411 2,813411
галереи 0,000000 0,000000
белоусов 0,076161 0,076161
эмоции 0,047791 0,047791
принцессу 5,010635 5,010635
приговор 4,317488 4,317488
стукачи 5,010635 5,010635
зеленским 0,076161 0,076161
принцессе 5,010635 5,010635
планомерных 5,010635 5,010635
улицах 4,317488 4,317488
условиями 0,040822 0,081644
двум 0,076161 0,076161
вызвала 0,097980 0,097980
подорвать 5,010635 5,010635
сети 0,090654 0,090654
военнослужащим 0,076161 0,076161
облава 3,912023 3,912023
таинственного 5,010635 5,010635
читайте 0,040822 0,040822
италии 3,218876 6,437752
байконур 0,097980 0,097980
прошла 3,064725 3,064725
отдает 5,010635 5,010635
редакциярекламаконтактыпресс 0,000000 0,000000
люди 1,966113 3,932226
материалы 0,000000 0,000000
объяснил 2,120264 2,120264
святы 5,010635 5,010635
видео 0,000000 0,000000
щедрый 5,010635 5,010635
похитить 4,317488 4,317488
сильно 2,445686 2,445686
эксперт 2,371578 2,371578
депутат 0,076161 0,076161
вышел 2,708050 2,708050
прогресс 0,097980 0,097980
статьи 0,000000 0,000000
коза 2,931194 8,793581
разрушение 3,912023 3,912023
форме 0,061875 0,061875
принимали 4,317488 4,317488
последние 0,090654 0,090654
предрекли 0,076161 0,076161
держит 5,010635 5,010635
культура 0,000000 0,000000
обсудить 0,456758 0,456758
друга 2,525729 2,525729
силовые 0,000000 0,000000
никита 3,064725 3,064725
архив 0,000000 0,000000
жалки 5,010635 5,010635
босс 3,624341 3,624341
дня 0,061875 0,061875
сша 0,040822 0,040822
властей 2,931194 2,931194
вынесли 3,624341 3,624341
причиной 2,813411 2,813411
удалось 1,714798 1,714798
сообщалось 2,931194 2,931194
среда 0,000000 0,000000
усилий 3,912023 3,912023
раскрытии 0,076161 0,076161
хотел 2,931194 2,931194
наркобарону 5,010635 5,010635
прежние 5,010635 5,010635
скидки 0,047791 0,047791
сотрудников 0,076161 0,076161
внутри 2,445686 7,337058
многие 1,714798 3,429597
джанкарло 3,912023 3,912023
эксклюзивы 0,000000 0,000000
российском 0,076161 0,076161
выражайте 0,047791 0,047791
теме 1,514128 1,514128
преемственность 5,010635 5,010635
нидерланды 5,010635 5,010635
начались 0,068993 0,068993
полицейских 3,624341 3,624341
рекомендательных 0,000000 0,000000
конфликте 0,076161 0,076161
продолжая 0,047791 0,047791
работает 0,040822 0,040822
увлекательные 0,047791 0,047791
святой 3,912023 3,912023
далее 2,708050 2,708050
лентой 2,371578 2,371578
переговоры 0,054808 0,054808
конфиденциальностиправила 0,000000 0,000000
бонусы 0,047791 0,095581
политикой 0,047791 0,047791
глазах 2,931194 2,931194
маккартни 0,097980 0,097980
признали 2,177422 2,177422
ненадежные 5,010635 5,010635
жильцы 0,076161 0,076161
жизни 0,000000 0,000000
скором 3,624341 3,624341
забота 0,000000 0,000000
сбер 0,040822 0,040822
является 1,966113 1,966113
пожаловать 0,013423 0,013423
использованияполитика 0,000000 0,000000
веке 2,445686 2,445686
боссов 3,912023 3,912023
октября 2,931194 2,931194
наркомафия 5,010635 5,010635
потерю 2,612740 2,612740
григорий 3,912023 3,912023
поколений 3,218876 6,437752
который 1,272966 1,272966
романо 3,912023 7,824046
старых 3,401197 6,802395
крупный 0,068993 0,068993
идет 2,177422 2,177422
регионам 0,076161 0,076161
находится 2,371578 2,371578
крупным 0,076161 0,076161
туристку 0,076161 0,076161
это 0,020203 0,040405
легендарным 2,612740 2,612740
нидерландов 4,317488 4,317488
поколения 3,912023 3,912023
победа 0,000000 0,000000
самой 2,525729 2,525729
исследователь 3,624341 3,624341
потери 3,064725 3,064725
остались 0,061875 0,061875
этих 2,371578 2,371578
две 0,033902 0,033902
мотор 0,000000 0,000000
обменивайте 0,047791 0,047791
опечатку 0,000000 0,000000
сми 0,000000 0,000000
собеседника 3,912023 3,912023
сицилийской 2,708050 10,832201
опасному 5,010635 5,010635
рады 0,068993 0,068993
периоде 5,010635 5,010635
голландии 5,010635 5,010635
сдавать 3,624341 3,624341
новости 0,000000 0,000000
войти 0,000000 0,000000
место 0,054808 0,054808
акции 0,047791 0,047791
хорошие 0,013423 0,013423
устраивает 3,624341 3,624341
мс 0,097980 0,097980
рассказал 1,272966 3,818897
начали 1,427116 2,854233
историк 2,931194 14,655969
медитации 0,076161 0,076161
сообщества 4,317488 4,317488
преступным 2,708050 2,708050
благодаря 2,238047 2,238047
убивает 4,317488 4,317488
участие 2,612740 2,612740
мира 1,576648 1,576648
экономика 0,000000 0,000000
остров 3,624341 3,624341
уход 0,076161 0,076161
почему 0,899761 1,799523
влияния 2,302585 4,605170
смогли 2,525729 2,525729
савин 3,624341 3,624341
молодых 3,401197 3,401197
прибыл 0,083382 0,083382
спецпроекты 0,000000 0,000000
уверен 2,612740 2,612740
ностра 2,931194 8,793581
уровень 2,813411 2,813411
тайвань 4,317488 4,317488
военных 1,966113 1,966113
реальный 0,013423 0,013423
игры 0,000000 0,000000
февраля 1,272966 2,545931
техника 0,000000 0,000000
ссср 0,000000 0,000000
властям 3,912023 3,912023
мафия 2,931194 2,931194
правды 0,068993 0,068993
мафию 3,912023 3,912023
трампа 0,054808 0,054808
мнению 2,302585 2,302585
тысячи 0,068993 0,068993
босса 5,010635 5,010635
боссы 2,708050 2,708050
отвел 0,076161 0,076161
предрек 0,076161 0,076161
оказалась 2,302585 2,302585
марта 0,040822 0,081644
городе 0,061875 0,061875
главное 0,000000 0,000000
года 0,899761 0,899761
нового 2,371578 2,371578
реакций 0,047791 0,047791
летнего 0,097980 0,097980
заявили 0,076161 0,076161
прядко 3,912023 7,824046
реакции 0,047791 0,047791
мини 0,000000 0,000000
традиции 3,401197 3,401197
традиций 3,912023 7,824046
видеть 0,013423 0,013423
беседе 2,445686 2,445686
изнасиловал 0,076161 0,076161
угрожает 3,624341 3,624341
очень 1,347074 4,041221
мафиози 3,912023 7,824046
мафии 2,708050 13,540251
наркокартеля 4,317488 4,317488
наука 0,000000 0,000000
крупнейшая 4,317488 4,317488
