зеленского 0,068993 0,137986
щигарева 5,010635 5,010635
перемирии 0,076161 0,076161
ру 0,000000 0,000000
банк 0,076161 0,076161
лента 0,000000 0,000000
урегулированию 2,708050 2,708050
новые 0,000000 0,000000
спорт 0,000000 0,000000
стал 1,203973 3,611918
заявил 1,098612 1,098612
споры 0,097980 0,097980
согласие 0,047791 0,047791
добро 0,013423 0,013423
военной 0,061875 0,061875
выражаете 0,047791 0,047791
четыре 0,040822 0,040822
жми 0,013423 0,013423
помощью 0,047791 0,047791
приехал 2,612740 2,612740
отправлюсь 5,010635 5,010635
добра 0,013423 0,026846
человек 1,249435 1,249435
ленту 0,013423 0,013423
затопленного 0,076161 0,076161
масштабную 4,317488 4,317488
фото 0,061875 0,123751
силы 2,177422 2,177422
известный 3,064725 6,129450
водой 0,061875 0,061875
дронов 2,177422 6,532266
сложности 3,624341 3,624341
россии 0,425668 0,425668
применения 0,000000 0,000000
технологиймини 0,000000 0,000000
оценивайте 0,047791 0,047791
обитания 0,000000 0,000000
ценности 0,000000 0,000000
песков 3,218876 3,218876
взявший 5,010635 5,010635
материалам 0,047791 0,047791
конфиденциальности 0,047791 0,047791
вернуться 0,013423 0,013423
мир 0,000000 0,000000
ваши 0,047791 0,047791
российским 0,076161 0,152323
нажмите 0,000000 0,000000
получайте 0,047791 0,047791
своем 1,919593 1,919593
президента 1,455287 1,455287
поделился 2,931194 2,931194
погружайтесь 0,047791 0,047791
бывший 0,000000 0,000000
проблемы 0,076161 0,076161
накапливайте 0,047791 0,047791
россия 0,000000 0,000000
интернет 0,000000 0,000000
записывать 3,624341 3,624341
ооо 0,000000 0,000000
обратился 0,076161 0,076161
деактивирована 0,013423 0,013423
путешествия 0,000000 0,000000
свои 0,027029 0,027029
фридманжурналист 5,010635 5,010635
ранее 1,003302 1,003302
поговорить 5,010635 5,010635
структуры 0,000000 0,000000
индии 0,076161 0,076161
гид 0,076161 0,076161
хочешь 0,013423 0,013423
нашли 0,000000 0,000000
пляжных 0,097980 0,097980
лидером 2,813411 2,813411
уволит 0,076161 0,076161
дмитрий 2,371578 2,371578
дома 0,061875 0,061875
американский 0,061875 0,185626
обычную 0,013423 0,013423
пола 0,097980 0,097980
украине 1,139434 1,139434
массированная 3,401197 3,401197
внешность 0,097980 0,097980
дронами 3,912023 3,912023
пытаться 4,317488 4,317488
представитель 2,120264 2,120264
трех 1,919593 1,919593
украину 2,302585 2,302585
зеленский 1,714798 1,714798
украинском 0,076161 0,076161
света 0,054808 0,054808
кремля 3,401197 3,401197
мирному 4,317488 4,317488
украины 1,021651 2,043302
галереи 0,000000 0,000000
белоусов 0,076161 0,076161
эмоции 0,047791 0,047791
отбила 5,010635 5,010635
зеленским 0,076161 0,076161
условиями 0,040822 0,081644
двум 0,076161 0,076161
вызвала 0,097980 0,097980
подробностями 3,912023 3,912023
сети 0,090654 0,090654
ситуациях 4,317488 4,317488
военнослужащим 0,076161 0,076161
читайте 0,040822 0,040822
владимиром 2,931194 2,931194
байконур 0,097980 0,097980
планах 3,912023 3,912023
редакциярекламаконтактыпресс 0,000000 0,000000
материалы 0,000000 0,000000
видео 0,000000 0,000000
самую 3,401197 3,401197
блогер 3,401197 3,401197
депутат 0,076161 0,076161
маргарита 3,912023 3,912023
прогресс 0,097980 0,097980
статьи 0,000000 0,000000
путина 1,514128 1,514128
форме 0,061875 0,061875
последние 0,090654 0,090654
журналист 2,931194 5,862388
предрекли 0,076161 0,076161
похожих 4,317488 4,317488
случилась 5,010635 5,010635
культура 0,000000 0,000000
силовые 0,000000 0,000000
владимира 2,445686 2,445686
архив 0,000000 0,000000
дня 0,061875 0,061875
сша 0,040822 0,040822
вторник 3,218876 3,218876
удалось 1,714798 1,714798
среда 0,000000 0,000000
саудовскую 5,010635 5,010635
раскрытии 0,076161 0,076161
скидки 0,047791 0,047791
сотрудников 0,076161 0,076161
вооруженные 2,708050 2,708050
опасных 5,010635 5,010635
эксклюзивы 0,000000 0,000000
российском 0,076161 0,076161
москве 1,791759 5,375278
выражайте 0,047791 0,047791
комментарии 1,484275 1,484275
атакой 4,317488 4,317488
ездил 3,624341 3,624341
атака 3,064725 6,129450
начались 0,068993 0,068993
побывал 3,912023 3,912023
атаки 2,177422 6,532266
москву 2,120264 4,240527
рекомендательных 0,000000 0,000000
конфликте 0,076161 0,076161
продолжая 0,047791 0,047791
атаку 2,931194 2,931194
работает 0,040822 0,040822
сорвать 2,931194 2,931194
конфликта 1,919593 1,919593
увлекательные 0,047791 0,047791
эта 2,120264 2,120264
порядке 2,813411 2,813411
переговоры 0,054808 0,054808
близко 3,912023 3,912023
конфиденциальностиправила 0,000000 0,000000
бонусы 0,047791 0,095581
политикой 0,047791 0,047791
маккартни 0,097980 0,097980
тому 2,612740 2,612740
спасти 3,912023 3,912023
жильцы 0,076161 0,076161
жизни 0,000000 0,000000
забота 0,000000 0,000000
сбер 0,040822 0,040822
пожаловать 0,013423 0,013423
использованияполитика 0,000000 0,000000
украинских 1,919593 1,919593
крупный 0,068993 0,068993
регионам 0,076161 0,076161
заявлявший 5,010635 5,010635
крупным 0,076161 0,076161
это 0,020203 0,020203
туристку 0,076161 0,076161
победа 0,000000 0,000000
остались 0,061875 0,061875
две 0,033902 0,033902
мотор 0,000000 0,000000
обменивайте 0,047791 0,047791
опечатку 0,000000 0,000000
самое 2,612740 2,612740
взять 3,401197 3,401197
сми 0,000000 0,000000
нахожусь 4,317488 4,317488
рады 0,068993 0,068993
новости 0,000000 0,000000
войти 0,000000 0,000000
место 0,054808 0,054808
акции 0,047791 0,047791
хорошие 0,013423 0,013423
мс 0,097980 0,097980
отключены 1,576648 1,576648
медитации 0,076161 0,076161
тенденцию 3,912023 3,912023
месту 3,624341 3,624341
аравию 5,010635 5,010635
начала 1,832581 1,832581
экономика 0,000000 0,000000
минимум 3,064725 3,064725
уход 0,076161 0,076161
радиофактчекинг 3,218876 3,218876
киев 2,708050 2,708050
прибыл 0,083382 0,083382
спецпроекты 0,000000 0,000000
аккаунте 3,401197 3,401197
ночь 2,708050 2,708050
путиным 1,966113 5,898339
реальный 0,013423 0,013423
игры 0,000000 0,000000
спецоперации 3,912023 3,912023
техника 0,000000 0,000000
ссср 0,000000 0,000000
всу 1,373049 2,746098
правды 0,068993 0,068993
трампа 0,054808 0,054808
тысячи 0,068993 0,068993
официальный 3,064725 3,064725
фридман 5,010635 15,031906
отвел 0,076161 0,076161
происходит 2,014903 2,014903
предрек 0,076161 0,076161
марта 0,040822 0,081644
городе 0,061875 0,061875
общей 4,317488 4,317488
главное 0,000000 0,000000
лекс 5,010635 15,031906
планировавший 5,010635 5,010635
интервью 2,525729 12,628643
реакций 0,047791 0,047791
летнего 0,097980 0,097980
заявили 0,076161 0,076161
реакции 0,047791 0,047791
мини 0,000000 0,000000
скоро 3,064725 3,064725
реакция 2,612740 2,612740
свидетелем 3,064725 9,194175
видеть 0,013423 0,013423
изнасиловал 0,076161 0,076161
очень 1,347074 1,347074
выпустили 3,064725 3,064725
наука 0,000000 0,000000
бпла 2,931194 8,793581
