аслана 3,624341 3,624341
ру 0,000000 0,000000
банк 0,076161 0,076161
день 1,544899 1,544899
стал 1,203973 3,611918
департамента 3,218876 3,218876
заявил 1,098612 3,295837
согласие 0,047791 0,047791
ельцина 3,912023 3,912023
сотрудники 2,066196 2,066196
похищенные 4,317488 4,317488
взялись 3,401197 3,401197
какими 3,218876 3,218876
бывшего 2,445686 7,337058
таких 2,177422 2,177422
фото 0,061875 0,061875
лес 3,912023 3,912023
лет 0,967584 6,773088
взрыв 3,912023 3,912023
водой 0,061875 0,061875
оказалось 2,177422 2,177422
суд 1,966113 5,898339
структур 3,912023 3,912023
технологиймини 0,000000 0,000000
охотившихся 5,010635 5,010635
искуплении 5,010635 5,010635
студент 3,624341 3,624341
ачинска 3,912023 7,824046
неугодных 3,912023 3,912023
назвал 1,347074 1,347074
делу 3,624341 10,873023
конфиденциальности 0,047791 0,047791
связи 2,120264 2,120264
водителя 5,010635 5,010635
сотрудника 3,912023 3,912023
нажмите 0,000000 0,000000
несовершеннолетних 4,317488 4,317488
драки 5,010635 5,010635
получайте 0,047791 0,047791
девочкой 4,317488 4,317488
дело 2,120264 4,240527
своем 1,919593 1,919593
выявленных 5,010635 5,010635
пожизненного 5,010635 5,010635
врага 3,401197 3,401197
проблемы 0,076161 0,228484
данных 2,931194 2,931194
убийство 4,317488 8,634976
дела 2,813411 2,813411
крови 2,931194 2,931194
путешествия 0,000000 0,000000
ачинске 4,317488 17,269952
очистить 4,317488 4,317488
главный 2,708050 2,708050
данные 2,612740 5,225480
съемной 4,317488 4,317488
откажешься 3,912023 3,912023
наемники 5,010635 5,010635
отрезать 3,624341 3,624341
приговоры 3,912023 3,912023
индии 0,076161 0,076161
украина 1,832581 1,832581
паника 5,010635 5,010635
офицера 5,010635 5,010635
жестокой 5,010635 5,010635
нашли 0,000000 0,000000
взыскать 5,010635 5,010635
стрелявшим 5,010635 5,010635
территорий 3,401197 6,802395
коррупционеров 5,010635 5,010635
свободы 3,624341 3,624341
украине 1,139434 2,278869
россиянин 3,218876 9,656627
украину 2,302585 4,605170
гражданам 4,317488 4,317488
миллиона 1,966113 1,966113
украинском 0,076161 0,076161
света 0,054808 0,054808
кремля 3,401197 3,401197
украины 1,021651 2,043302
нашла 3,624341 3,624341
курской 1,832581 5,497744
пытался 2,708050 5,416100
белоусов 0,076161 0,076161
приговор 4,317488 4,317488
знакомую 5,010635 5,010635
изнасиловавшего 5,010635 5,010635
условиями 0,040822 0,081644
подробности 2,238047 4,476093
школьного 4,317488 4,317488
арестовал 4,317488 4,317488
отказался 2,708050 2,708050
отказ 3,401197 3,401197
читайте 0,040822 0,040822
арестом 3,401197 3,401197
массового 3,912023 3,912023
недвижимостью 5,010635 10,021271
получил 2,120264 8,481054
пожизненно 4,317488 4,317488
раскрыли 2,302585 4,605170
байконур 0,097980 0,097980
осудили 4,317488 17,269952
министерств 5,010635 5,010635
женой 3,064725 3,064725
экстремистских 5,010635 5,010635
найденная 5,010635 5,010635
супругов 3,624341 3,624341
комика 3,064725 12,258901
россиянки 2,525729 5,051457
громким 5,010635 5,010635
приревновал 5,010635 5,010635
приговорили 5,010635 5,010635
россиянка 2,612740 5,225480
сотрудниках 4,317488 4,317488
колокольчик 5,010635 5,010635
последние 0,090654 0,090654
журналист 2,931194 2,931194
предрекли 0,076161 0,076161
выплатами 5,010635 5,010635
бежать 3,401197 3,401197
природных 5,010635 5,010635
архив 0,000000 0,000000
миграции 4,317488 4,317488
стороне 3,912023 3,912023
своевременно 3,912023 3,912023
сша 0,040822 0,081644
колумбийские 5,010635 5,010635
подорвавшего 5,010635 5,010635
лесу 3,912023 3,912023
приведет 2,525729 2,525729
раскрытии 0,076161 0,076161
следствие 2,813411 2,813411
гендиректора 5,010635 5,010635
внучка 5,010635 5,010635
лнр 4,317488 4,317488
король 3,912023 3,912023
российском 0,076161 0,609291
внучку 4,317488 4,317488
коррупционеры 5,010635 5,010635
российской 2,014903 4,029806
бочках 5,010635 5,010635
наркокартели 5,010635 5,010635
врач 2,445686 2,445686
росгвардейцы 3,624341 3,624341
известность 5,010635 5,010635
федеральном 5,010635 5,010635
незаконной 3,912023 3,912023
сутенеров 3,624341 3,624341
запорожце 5,010635 5,010635
цикла 2,813411 5,626821
следствию 5,010635 5,010635
ноября 2,525729 15,154372
выплатить 5,010635 5,010635
попросили 3,624341 3,624341
бонусы 0,047791 0,095581
боях 2,813411 2,813411
схватках 5,010635 5,010635
стрельбу 5,010635 5,010635
подарил 3,624341 3,624341
жильцы 0,076161 0,076161
охотились 3,401197 3,401197
окраине 5,010635 5,010635
жизни 0,000000 0,000000
силовики 3,624341 3,624341
решать 4,317488 4,317488
зоне 3,624341 10,873023
похищенную 5,010635 15,031906
паруса 5,010635 10,021271
нужны 3,912023 3,912023
украинских 1,919593 3,839186
ликвидировал 3,624341 3,624341
средств 2,931194 2,931194
условный 5,010635 5,010635
украинским 2,813411 2,813411
туристку 0,076161 0,076161
украинские 2,525729 5,051457
спецпроект 5,010635 10,021271
чеченских 3,624341 3,624341
украинский 2,612740 5,225480
помог 3,401197 3,401197
гоши 5,010635 5,010635
алые 5,010635 10,021271
курить 3,401197 3,401197
изучить 5,010635 5,010635
подростка 3,912023 3,912023
мотор 0,000000 0,000000
обменивайте 0,047791 0,047791
незнакомку 5,010635 5,010635
искам 5,010635 5,010635
бокса 4,317488 8,634976
миллионы 2,445686 2,445686
супругу 5,010635 5,010635
хорошие 0,013423 0,013423
пытавших 5,010635 5,010635
терроризма 4,317488 4,317488
блогеры 3,624341 3,624341
вербовке 5,010635 5,010635
идеально 3,912023 3,912023
почему 0,899761 2,699284
нарушений 5,010635 5,010635
совершать 3,624341 3,624341
воевать 4,317488 4,317488
вербует 3,912023 3,912023
прибыл 0,083382 0,083382
объединений 3,624341 3,624341
области 1,399717 4,199152
могла 2,708050 2,708050
несовершеннолетней 5,010635 5,010635
назад 1,678431 3,356862
список 2,708050 2,708050
полмиллиона 2,931194 2,931194
ссср 0,000000 0,000000
российскую 3,401197 10,203592
готовят 3,912023 7,824046
нашел 2,612740 2,612740
рецидивиста 5,010635 5,010635
жестокие 4,317488 4,317488
штурмовиков 3,624341 3,624341
убил 4,317488 4,317488
отсидевшему 5,010635 5,010635
немцова 5,010635 5,010635
главной 3,064725 3,064725
главное 0,000000 0,000000
риска 3,218876 3,218876
дедом 5,010635 5,010635
повысить 4,317488 4,317488
летнего 0,097980 0,097980
мине 3,218876 9,656627
мини 0,000000 0,000000
роскошной 4,317488 8,634976
спецслужбы 2,525729 15,154372
армена 5,010635 5,010635
угрожает 3,624341 3,624341
изнасиловал 0,076161 0,076161
сбросившего 5,010635 5,010635
коррупционных 5,010635 5,010635
федерации 3,624341 7,248682
обмане 3,912023 3,912023
создают 3,624341 3,624341
росгвардия 4,317488 4,317488
объединиться 5,010635 5,010635
спорт 0,000000 0,000000
наркотиков 3,912023 3,912023
арестантов 5,010635 5,010635
радиостанцию 4,317488 4,317488
споры 0,097980 0,097980
охотившуюся 5,010635 5,010635
военной 0,061875 0,123751
четыре 0,040822 0,040822
камеры 3,218876 6,437752
стало 1,181994 2,363988
продать 3,912023 7,824046
глава 1,643339 1,643339
главу 3,912023 11,736069
доставили 2,708050 2,708050
крае 4,317488 4,317488
схеме 3,912023 3,912023
взятку 5,010635 5,010635
охватила 5,010635 5,010635
обитания 0,000000 0,000000
российские 1,678431 1,678431
передал 3,624341 3,624341
инфоцыганка 5,010635 5,010635
женщины 2,066196 4,132393
российским 0,076161 0,152323
пребывания 3,624341 3,624341
судкриминалполиция 2,525729 2,525729
российский 1,484275 1,484275
президента 1,455287 1,455287
крыло 5,010635 5,010635
запрещенные 5,010635 5,010635
интернет 0,000000 0,000000
пошутивший 3,401197 3,401197
извинениями 5,010635 5,010635
обратился 0,076161 0,076161
россиянину 3,912023 3,912023
закрытого 4,317488 4,317488
россиянина 3,064725 15,323626
платить 3,218876 3,218876
гид 0,076161 0,076161
киллеры 4,317488 4,317488
отчим 5,010635 5,010635
работе 1,791759 1,791759
дома 0,061875 0,061875
куценко 5,010635 5,010635
пола 0,097980 0,097980
алабая 5,010635 5,010635
работу 1,791759 1,791759
роста 2,708050 2,708050
росте 3,401197 6,802395
похищенной 4,317488 8,634976
пообещал 3,912023 3,912023
отошел 5,010635 5,010635
пожизненный 5,010635 10,021271
исполнителей 4,317488 4,317488
пожизненные 3,912023 3,912023
эмоции 0,047791 0,047791
казны 5,010635 5,010635
наказание 3,912023 3,912023
военную 2,813411 2,813411
дрон 3,624341 3,624341
братства 5,010635 5,010635
сети 0,090654 0,181309
работы 1,455287 1,455287
миллионов 1,791759 1,791759
военнослужащим 0,076161 0,076161
художников 3,912023 3,912023
принудительного 4,317488 4,317488
подозреваемой 5,010635 5,010635
старые 3,624341 3,624341
бороться 2,708050 2,708050
прогремел 5,010635 5,010635
останина 3,218876 6,437752
брата 2,525729 2,525729
вора 4,317488 4,317488
спецназ 3,218876 3,218876
едут 4,317488 4,317488
конфискации 5,010635 5,010635
материалы 0,000000 0,000000
депутат 0,076161 0,076161
мировую 3,064725 3,064725
вербуют 3,912023 3,912023
войне 3,064725 3,064725
статьи 0,000000 0,000000
украинцы 2,931194 2,931194
избиения 3,912023 3,912023
убьем 3,912023 3,912023
пошутившего 3,218876 9,656627
культура 0,000000 0,000000
сообщили 2,177422 2,177422
виновным 4,317488 4,317488
хищений 5,010635 5,010635
отправили 2,708050 2,708050
избил 5,010635 5,010635
грешников 5,010635 5,010635
отношении 1,791759 1,791759
возбудили 3,912023 7,824046
шереметьево 5,010635 5,010635
дадим 3,912023 3,912023
получить 2,238047 2,238047
язык 3,624341 3,624341
элитном 5,010635 5,010635
колонии 3,064725 18,388351
пропала 3,064725 3,064725
следить 3,401197 3,401197
летней 2,708050 2,708050
работает 0,040822 0,040822
увлекательные 0,047791 0,047791
предостерег 4,317488 4,317488
заповедные 5,010635 5,010635
нацпроекты 5,010635 5,010635
переговоры 0,054808 0,054808
террористов 3,218876 3,218876
яды 4,317488 4,317488
квартире 3,218876 3,218876
год 1,714798 1,714798
маккартни 0,097980 0,097980
ингушетии 4,317488 4,317488
международный 3,624341 3,624341
сбер 0,040822 0,040822
фсб 2,931194 14,655969
использованияполитика 0,000000 0,000000
кассетный 5,010635 5,010635
пробива 3,401197 3,401197
задержание 3,401197 6,802395
крупный 0,068993 0,068993
пенсионерку 3,912023 3,912023
тратой 4,317488 4,317488
регионам 0,076161 0,076161
крупным 0,076161 0,076161
коррупционное 3,624341 3,624341
прислали 3,064725 3,064725
стране 2,177422 2,177422
остались 0,061875 0,123751
сегодня 1,643339 1,643339
причастно 5,010635 5,010635
острые 5,010635 5,010635
мвд 3,912023 3,912023
тылу 3,064725 3,064725
вместе 1,514128 1,514128
битве 4,317488 4,317488
стен 5,010635 5,010635
расправился 3,912023 3,912023
рады 0,068993 0,068993
лечения 3,401197 3,401197
мошенники 2,931194 2,931194
обысками 4,317488 4,317488
придут 3,401197 3,401197
взорвали 3,218876 3,218876
военным 2,708050 2,708050
акции 0,047791 0,047791
рассказал 1,272966 2,545931
домогательств 5,010635 5,010635
ради 2,371578 7,114734
необычные 5,010635 5,010635
бойцов 2,525729 2,525729
истории 1,966113 1,966113
бомжей 5,010635 5,010635
неонацисты 4,317488 4,317488
пинок 5,010635 5,010635
лишить 5,010635 5,010635
пьяного 4,317488 4,317488
экономика 0,000000 0,000000
центре 2,525729 2,525729
попал 2,445686 2,445686
бухгалтера 5,010635 5,010635
устроившей 5,010635 5,010635
организации 2,708050 2,708050
главная 3,218876 3,218876
террора 4,317488 4,317488
школы 3,218876 3,218876
российская 2,525729 2,525729
школе 3,624341 3,624341
военных 1,966113 3,932226
командир 3,218876 3,218876
потребовал 3,912023 3,912023
реальный 0,013423 0,026846
наемников 3,624341 3,624341
тысячи 0,068993 0,068993
активов 3,401197 3,401197
санитар 5,010635 5,010635
бабушкой 5,010635 5,010635
отравителя 5,010635 5,010635
митволь 5,010635 5,010635
бою 3,218876 3,218876
террористе 5,010635 5,010635
предрек 0,076161 0,076161
фронте 3,218876 3,218876
фильм 2,813411 2,813411
дикая 5,010635 5,010635
заявили 0,076161 0,152323
показания 3,064725 3,064725
попала 3,401197 3,401197
родители 4,317488 4,317488
мстительный 5,010635 5,010635
видеть 0,013423 0,013423
решают 4,317488 4,317488
артемовск 5,010635 5,010635
шпион 5,010635 5,010635
комик 2,931194 2,931194
второе 3,624341 3,624341
семье 2,931194 2,931194
попало 3,401197 3,401197
заменил 5,010635 5,010635
активно 2,708050 2,708050
предстоит 3,624341 3,624341
пенсионеров 4,317488 8,634976
жертв 3,912023 3,912023
получила 3,401197 6,802395
минприроды 5,010635 5,010635
перемирии 0,076161 0,076161
банду 5,010635 5,010635
радиотехнической 3,624341 3,624341
новые 0,000000 0,000000
выйти 2,813411 2,813411
получили 2,813411 5,626821
добро 0,013423 0,013423
выражаете 0,047791 0,047791
политики 2,525729 2,525729
пойти 4,317488 4,317488
помощью 0,047791 0,047791
решили 3,064725 3,064725
уголовное 3,624341 3,624341
защищенность 5,010635 5,010635
добра 0,013423 0,026846
населения 2,708050 2,708050
политика 1,576648 1,576648
находившегося 5,010635 5,010635
силу 3,401197 3,401197
самары 5,010635 10,021271
экс 2,066196 2,066196
оценивайте 0,047791 0,047791
х 2,177422 4,354844
любви 3,218876 3,218876
какие 1,875141 5,625423
исполнения 4,317488 4,317488
земля 3,218876 3,218876
заключенных 3,624341 3,624341
тюрьмы 4,317488 8,634976
прокурорам 5,010635 5,010635
мир 0,000000 0,000000
обеспечить 3,624341 3,624341
террористических 3,624341 7,248682
агрессивнее 5,010635 5,010635
погружайтесь 0,047791 0,047791
вагнер 4,317488 4,317488
росгвардией 3,624341 3,624341
бывший 0,000000 0,000000
пособника 3,624341 3,624341
накапливайте 0,047791 0,047791
бывших 3,624341 3,624341
страхе 3,624341 3,624341
ооо 0,000000 0,000000
деактивирована 0,013423 0,013423
похитители 4,317488 4,317488
петербурга 3,912023 3,912023
структуры 0,000000 0,000000
бойцы 2,525729 2,525729
подземелья 5,010635 5,010635
убили 3,401197 3,401197
призвал 2,931194 2,931194
хочешь 0,013423 0,013423
обсуждать 3,218876 3,218876
пляжных 0,097980 0,097980
обычную 0,013423 0,013423
водоем 5,010635 5,010635
попадают 2,931194 2,931194
внешность 0,097980 0,097980
возрождение 3,912023 3,912023
сумму 3,624341 3,624341
получившим 5,010635 5,010635
полиции 2,445686 7,337058
вечный 5,010635 5,010635
спецслужбам 4,317488 4,317488
закрытие 3,218876 3,218876
галереи 0,000000 0,000000
наряда 4,317488 4,317488
мест 3,912023 3,912023
угрозами 4,317488 4,317488
раненых 5,010635 5,010635
минобороны 1,966113 3,932226
замдиректора 5,010635 5,010635
полицию 3,624341 3,624341
диверсии 3,624341 10,873023
сизо 3,912023 3,912023
родителям 3,064725 6,129450
вражде 3,912023 3,912023
выжженной 5,010635 5,010635
редакциярекламаконтактыпресс 0,000000 0,000000
люди 1,966113 1,966113
летнюю 3,401197 3,401197
опроса 4,317488 4,317488
видео 0,000000 0,000000
контрабанду 4,317488 4,317488
масхадова 3,624341 3,624341
сумку 3,912023 3,912023
подорвавшегося 3,401197 6,802395
солдат 3,064725 3,064725
остро 4,317488 4,317488
убегавшего 5,010635 5,010635
чвк 5,010635 5,010635
школьницы 3,624341 10,873023
московский 4,317488 4,317488
школьницу 4,317488 17,269952
заказное 5,010635 5,010635
летняя 2,177422 2,177422
букмекер 5,010635 5,010635
московских 5,010635 5,010635
вынесли 3,624341 3,624341
тяготах 5,010635 5,010635
школьница 3,064725 9,194175
среда 0,000000 0,000000
собственность 3,912023 3,912023
мошенниками 3,401197 3,401197
певца 3,624341 3,624341
боеприпас 5,010635 5,010635
среди 1,714798 1,714798
скидки 0,047791 0,047791
пришли 2,931194 2,931194
задержан 3,624341 7,248682
эксклюзивы 0,000000 0,000000
убивал 5,010635 5,010635
москве 1,791759 1,791759
таможенники 5,010635 5,010635
выражайте 0,047791 0,047791
чиновник 3,624341 7,248682
возле 3,912023 3,912023
москву 2,120264 2,120264
конфликте 0,076161 0,076161
пропавшая 4,317488 8,634976
смерть 2,612740 2,612740
продолжая 0,047791 0,047791
большом 3,401197 3,401197
рынок 2,177422 4,354844
ичкерии 3,624341 3,624341
начальника 3,218876 3,218876
конфиденциальностиправила 0,000000 0,000000
всеследствие 2,525729 2,525729
москвы 1,832581 1,832581
следователи 3,624341 3,624341
политикой 0,047791 0,047791
высокопоставленный 4,317488 4,317488
подмосковья 3,912023 3,912023
операции 1,714798 1,714798
хранят 5,010635 5,010635
харькова 5,010635 5,010635
участникам 5,010635 5,010635
работать 2,120264 2,120264
агент 3,912023 3,912023
повидали 5,010635 5,010635
подземном 5,010635 5,010635
натравившая 5,010635 5,010635
кого 2,708050 2,708050
это 0,020203 0,080811
миллиарда 3,912023 3,912023
принуждают 3,912023 3,912023
массовые 3,912023 3,912023
генпрокурор 5,010635 30,063812
покушении 3,064725 6,129450
две 0,033902 0,033902
обманули 3,912023 3,912023
тяга 3,912023 3,912023
связаны 4,317488 4,317488
детей 2,177422 4,354844
террористами 4,317488 4,317488
бориса 3,401197 3,401197
французу 5,010635 5,010635
сентября 2,708050 2,708050
новости 0,000000 0,000000
войти 0,000000 0,000000
саркисяна 5,010635 5,010635
выкупа 3,624341 7,248682
салона 4,317488 4,317488
медитации 0,076161 0,076161
кпп 4,317488 4,317488
регионе 2,302585 13,815511
особо 3,624341 3,624341
записала 5,010635 5,010635
ответил 3,064725 3,064725
уход 0,076161 0,076161
бурой 5,010635 5,010635
защите 4,317488 4,317488
новой 2,612740 2,612740
мошенников 2,708050 5,416100
шпионаж 5,010635 5,010635
земли 3,218876 3,218876
земле 3,218876 3,218876
пропавшей 3,912023 7,824046
просчетах 5,010635 5,010635
спецпроекты 0,000000 0,000000
курировал 5,010635 5,010635
первым 2,238047 4,476093
путин 1,203973 6,019864
правонарушений 5,010635 5,010635
беспилотников 3,218876 3,218876
офицер 2,813411 2,813411
изнасиловать 5,010635 5,010635
внесли 3,624341 3,624341
игры 0,000000 0,000000
февраля 1,272966 14,002622
техника 0,000000 0,000000
кладбища 3,064725 3,064725
пять 1,576648 3,153296
главного 2,612740 2,612740
трампа 0,054808 0,054808
вступлению 5,010635 5,010635
дел 3,064725 3,064725
немало 3,912023 3,912023
отвел 0,076161 0,076161
происходит 2,014903 2,014903
марта 0,040822 0,244932
собеседованиях 3,624341 3,624341
срок 2,612740 15,676440
реакций 0,047791 0,047791
похищении 5,010635 5,010635
реакции 0,047791 0,047791
массово 2,371578 2,371578
увольнения 3,624341 3,624341
показали 2,931194 5,862388
пособников 3,401197 6,802395
самым 1,966113 1,966113
самые 1,832581 3,665163
зеленского 0,068993 0,068993
боевое 4,317488 4,317488
мчс 4,317488 4,317488
лента 0,000000 0,000000
черным 4,317488 4,317488
тюремной 5,010635 5,010635
одиноких 4,317488 4,317488
сфере 2,813411 5,626821
борьбе 3,401197 3,401197
экстремистких 3,624341 3,624341
фонбета 5,010635 5,010635
жми 0,013423 0,013423
переходе 5,010635 5,010635
появились 1,875141 3,750282
ленту 0,013423 0,013423
затопленного 0,076161 0,076161
черных 3,624341 7,248682
давлении 5,010635 5,010635
ленты 1,678431 3,356862
сама 2,813411 2,813411
оружие 2,813411 2,813411
россии 0,425668 9,790360
применения 0,000000 0,000000
задержали 2,302585 20,723266
ценности 0,000000 0,000000
спецслужбыпреступная 2,525729 2,525729
задержала 3,401197 10,203592
рублей 1,514128 10,598894
поняла 3,218876 3,218876
материалам 0,047791 0,047791
известно 1,297063 6,485316
мужчин 2,371578 2,371578
вернуться 0,013423 0,013423
ваши 0,047791 0,047791
стратегических 3,401197 3,401197
чужое 5,010635 5,010635
расстреляли 5,010635 5,010635
сво 2,445686 7,337058
нужду 5,010635 5,010635
россия 0,000000 0,000000
дотянется 5,010635 5,010635
конца 2,708050 2,708050
инвалида 2,931194 8,793581
расправы 5,010635 5,010635
вопросы 2,120264 2,120264
лидера 2,302585 2,302585
свои 0,027029 0,081086
обезвредила 5,010635 5,010635
января 1,791759 12,542316
рассказала 1,919593 1,919593
расправе 5,010635 5,010635
плен 2,931194 2,931194
генпрокуратуры 3,401197 3,401197
оружием 3,064725 3,064725
телефонных 3,218876 9,656627
поручил 2,931194 5,862388
уголовных 4,317488 4,317488
уволит 0,076161 0,076161
инвалидом 3,401197 3,401197
американский 0,061875 0,061875
сроки 3,064725 3,064725
причину 3,218876 3,218876
сервисы 3,064725 3,064725
отца 2,813411 2,813411
знаменитых 3,624341 3,624341
возвращены 5,010635 5,010635
обязали 5,010635 5,010635
специальной 3,401197 3,401197
справить 5,010635 5,010635
двух 1,678431 1,678431
смогут 3,064725 3,064725
тысячах 5,010635 5,010635
давать 3,064725 3,064725
зеленским 0,076161 0,076161
подходят 3,624341 3,624341
двум 0,076161 0,076161
вызвала 0,097980 0,097980
мэра 2,612740 5,225480
следователям 5,010635 5,010635
жк 5,010635 10,021271
днр 4,317488 12,952464
российского 1,484275 4,452824
растрате 5,010635 10,021271
чему 2,708050 5,416100
призывы 4,317488 4,317488
прогресс 0,097980 0,097980
аферистов 3,401197 3,401197
жителям 3,912023 3,912023
врагом 4,317488 4,317488
пути 2,445686 2,445686
форме 0,061875 0,061875
автобуса 5,010635 5,010635
силовые 0,000000 0,000000
нато 3,624341 3,624341
советский 2,708050 2,708050
дня 0,061875 0,061875
силовых 3,401197 3,401197
полицейские 3,624341 3,624341
операторов 3,912023 3,912023
сотрудников 0,076161 0,152323
службы 2,525729 10,102915
бездомных 4,317488 4,317488
риелтором 5,010635 5,010635
потребовали 2,708050 2,708050
границу 3,218876 3,218876
начались 0,068993 0,068993
мальчика 3,912023 3,912023
полицейскими 5,010635 5,010635
участников 3,064725 3,064725
рекомендательных 0,000000 0,000000
риелторов 5,010635 10,021271
тело 3,218876 3,218876
вмф 3,064725 3,064725
попался 5,010635 5,010635
попытался 2,931194 5,862388
гособоронзаказ 5,010635 5,010635
противник 3,624341 3,624341
красноярском 3,064725 6,129450
недвижимости 3,912023 3,912023
россиян 1,714798 3,429597
нацпроектов 5,010635 5,010635
законсервировали 4,317488 4,317488
тела 3,064725 3,064725
зарабатывала 5,010635 5,010635
глазах 2,931194 2,931194
признали 2,177422 2,177422
забота 0,000000 0,000000
пожаловать 0,013423 0,013423
уличной 4,317488 4,317488
турции 3,401197 3,401197
тайны 4,317488 4,317488
граждан 3,912023 3,912023
таксиста 3,912023 3,912023
кошмаром 5,010635 5,010635
криминалу 5,010635 5,010635
охраняемых 5,010635 5,010635
госизмене 3,624341 3,624341
криминал 3,401197 3,401197
россиянок 2,302585 2,302585
победа 0,000000 0,000000
выплатят 5,010635 5,010635
привести 2,708050 2,708050
поджигателем 5,010635 5,010635
прохожего 5,010635 5,010635
психологическом 5,010635 5,010635
сепаратистов 3,624341 3,624341
опечатку 0,000000 0,000000
отравления 4,317488 4,317488
сми 0,000000 0,000000
ненависть 5,010635 5,010635
набирает 5,010635 5,010635
будем 2,612740 2,612740
забрали 4,317488 4,317488
несколько 1,347074 1,347074
миллионеры 5,010635 5,010635
органах 3,912023 3,912023
место 0,054808 0,054808
армении 5,010635 5,010635
мс 0,097980 0,097980
начали 1,427116 1,427116
преступление 3,218876 6,437752
генпрокуратуре 3,401197 17,005987
ученицы 5,010635 5,010635
поисках 3,401197 3,401197
преступлении 4,317488 4,317488
месть 5,010635 5,010635
преступлений 3,218876 6,437752
розыске 4,317488 4,317488
отряда 3,401197 3,401197
совращение 5,010635 5,010635
невзоровых 3,624341 3,624341
московском 4,317488 4,317488
хватает 3,624341 3,624341
учительнице 5,010635 5,010635
откупиться 5,010635 5,010635
мужчину 3,624341 3,624341
столицы 4,317488 4,317488
попытку 3,624341 3,624341
возмутились 3,064725 3,064725
количестве 3,912023 3,912023
мужчина 2,371578 2,371578
заподозрили 5,010635 5,010635
году 1,373049 2,746098
всу 1,373049 4,119147
правды 0,068993 0,068993
годами 3,064725 3,064725
угрожавшего 5,010635 5,010635
правоохранителю 5,010635 5,010635
шторм 3,912023 3,912023
города 1,714798 1,714798
оказалась 2,302585 2,302585
пресекли 5,010635 5,010635
терактам 4,317488 4,317488
знакомом 4,317488 4,317488
городе 0,061875 0,123751
убийствам 5,010635 5,010635
годам 3,912023 3,912023
суда 3,624341 3,624341
держал 5,010635 5,010635
вся 2,612740 2,612740
вербовать 3,912023 3,912023
миллион 3,064725 3,064725
наука 0,000000 0,000000
предприятий 3,912023 3,912023
спч 3,401197 3,401197
изрезанное 5,010635 5,010635
мошенниках 5,010635 5,010635
погиб 3,218876 3,218876
осужденных 4,317488 4,317488
