зеленского 0,068993 0,068993
перемирии 0,076161 0,076161
ру 0,000000 0,000000
банк 0,076161 0,076161
улыбки 4,317488 4,317488
лента 0,000000 0,000000
виниры 5,010635 5,010635
новые 0,000000 0,000000
спорт 0,000000 0,000000
публикует 4,317488 4,317488
заявил 1,098612 1,098612
споры 0,097980 0,097980
согласие 0,047791 0,047791
добро 0,013423 0,013423
военной 0,061875 0,061875
выражаете 0,047791 0,047791
четыре 0,040822 0,040822
жми 0,013423 0,013423
помощью 0,047791 0,047791
добра 0,013423 0,026846
ленту 0,013423 0,013423
затопленного 0,076161 0,076161
фото 0,061875 0,123751
данного 3,912023 3,912023
водой 0,061875 0,061875
применения 0,000000 0,000000
технологиймини 0,000000 0,000000
оценивайте 0,047791 0,047791
обитания 0,000000 0,000000
ценности 0,000000 0,000000
рублей 1,514128 4,542383
материалам 0,047791 0,047791
конфиденциальности 0,047791 0,047791
вернуться 0,013423 0,013423
мир 0,000000 0,000000
общая 4,317488 4,317488
ваши 0,047791 0,047791
российским 0,076161 0,076161
нажмите 0,000000 0,000000
зубов 3,401197 13,604790
получайте 0,047791 0,047791
российский 1,484275 1,484275
погружайтесь 0,047791 0,047791
бывший 0,000000 0,000000
проблемы 0,076161 0,076161
накапливайте 0,047791 0,047791
аверина 5,010635 5,010635
интернет 0,000000 0,000000
россия 0,000000 0,000000
ооо 0,000000 0,000000
обратился 0,076161 0,076161
деактивирована 0,013423 0,013423
путешествия 0,000000 0,000000
свои 0,027029 0,027029
соответствующий 4,317488 4,317488
новых 2,014903 8,059612
структуры 0,000000 0,000000
индии 0,076161 0,076161
гид 0,076161 0,076161
хочешь 0,013423 0,013423
нашли 0,000000 0,000000
пляжных 0,097980 0,097980
цена 4,317488 4,317488
уволит 0,076161 0,076161
дома 0,061875 0,061875
американский 0,061875 0,061875
обычную 0,013423 0,013423
пола 0,097980 0,097980
внешность 0,097980 0,097980
стоматолог 5,010635 5,010635
украинском 0,076161 0,076161
света 0,054808 0,054808
миллиона 1,966113 3,932226
коронки 5,010635 5,010635
исполнителя 3,912023 3,912023
галереи 0,000000 0,000000
белоусов 0,076161 0,076161
эмоции 0,047791 0,047791
зеленским 0,076161 0,076161
условиями 0,040822 0,081644
двум 0,076161 0,076161
продемонстрировал 4,317488 4,317488
вызвала 0,097980 0,097980
люблю 3,912023 3,912023
сети 0,090654 0,090654
военнослужащим 0,076161 0,076161
миллионов 1,791759 1,791759
составила 3,912023 7,824046
читайте 0,040822 0,040822
вид 2,813411 2,813411
басты 5,010635 5,010635
байконур 0,097980 0,097980
обновил 5,010635 5,010635
цвета 3,401197 3,401197
редакциярекламаконтактыпресс 0,000000 0,000000
материалы 0,000000 0,000000
видео 0,000000 0,000000
депутат 0,076161 0,076161
вышел 2,708050 2,708050
прогресс 0,097980 0,097980
статьи 0,000000 0,000000
раскрыла 2,708050 2,708050
видявленияроскошьличности 2,813411 2,813411
форме 0,061875 0,061875
последние 0,090654 0,090654
предрекли 0,076161 0,076161
алиной 5,010635 5,010635
культура 0,000000 0,000000
всестильвнешний 2,813411 2,813411
обсудить 0,456758 0,456758
силовые 0,000000 0,000000
архив 0,000000 0,000000
шляпу 5,010635 5,010635
дня 0,061875 0,061875
сша 0,040822 0,040822
резцы 5,010635 5,010635
выше 3,064725 3,064725
певец 3,624341 7,248682
среда 0,000000 0,000000
раскрытии 0,076161 0,076161
обновляю 5,010635 5,010635
скидки 0,047791 0,047791
сотрудников 0,076161 0,076161
эксклюзивы 0,000000 0,000000
российском 0,076161 0,076161
выражайте 0,047791 0,047791
комментарий 4,317488 4,317488
начались 0,068993 0,068993
врач 2,445686 2,445686
ноябре 2,813411 2,813411
рекомендательных 0,000000 0,000000
конфликте 0,076161 0,076161
продолжая 0,047791 0,047791
работает 0,040822 0,040822
кусаться 5,010635 5,010635
увлекательные 0,047791 0,047791
риа 1,272966 1,272966
екатерина 2,708050 8,124151
звездач 5,010635 5,010635
переговоры 0,054808 0,054808
митя 3,624341 10,873023
пиджак 5,010635 5,010635
конфиденциальностиправила 0,000000 0,000000
бонусы 0,047791 0,095581
политикой 0,047791 0,047791
маккартни 0,097980 0,097980
чеснокова 5,010635 5,010635
жильцы 0,076161 0,076161
жизни 0,000000 0,000000
забота 0,000000 0,000000
сбер 0,040822 0,040822
пожаловать 0,013423 0,013423
использованияполитика 0,000000 0,000000
поэтому 1,966113 1,966113
крупный 0,068993 0,068993
раскрыл 2,177422 6,532266
регионам 0,076161 0,076161
крупным 0,076161 0,076161
туристку 0,076161 0,076161
это 0,020203 0,040405
которых 1,678431 1,678431
признался 3,624341 7,248682
победа 0,000000 0,000000
стоматологом 5,010635 5,010635
остались 0,061875 0,061875
две 0,033902 0,033902
мотор 0,000000 0,000000
обменивайте 0,047791 0,047791
опечатку 0,000000 0,000000
сми 0,000000 0,000000
случая 4,317488 4,317488
белого 2,302585 2,302585
выбрал 3,912023 3,912023
группы 2,238047 2,238047
виниров 5,010635 5,010635
рады 0,068993 0,068993
новости 0,000000 0,000000
войти 0,000000 0,000000
место 0,054808 0,054808
свет 3,401197 3,401197
акции 0,047791 0,047791
хорошие 0,013423 0,013423
кулаевой 5,010635 5,010635
мс 0,097980 0,097980
медитации 0,076161 0,076161
гнатолог 5,010635 5,010635
летний 2,612740 2,612740
экономика 0,000000 0,000000
канал 2,813411 2,813411
уход 0,076161 0,076161
периодически 3,218876 3,218876
фомин 3,624341 18,121705
ортопед 5,010635 5,010635
прибыл 0,083382 0,083382
внешний 3,064725 3,064725
звезда 2,612740 5,225480
спецпроекты 0,000000 0,000000
реальный 0,013423 0,013423
игры 0,000000 0,000000
техника 0,000000 0,000000
ссср 0,000000 0,000000
правды 0,068993 0,068993
ештокина 5,010635 5,010635
трампа 0,054808 0,054808
тысячи 0,068993 0,068993
артист 3,912023 3,912023
обновленной 5,010635 5,010635
отвел 0,076161 0,076161
рубашку 5,010635 5,010635
предрек 0,076161 0,076161
марта 0,040822 0,040822
городе 0,061875 0,061875
главное 0,000000 0,000000
зубы 2,813411 2,813411
года 0,899761 0,899761
реакций 0,047791 0,047791
летнего 0,097980 0,097980
стоимость 2,371578 14,229468
заявили 0,076161 0,076161
реакции 0,047791 0,047791
мини 0,000000 0,000000
заявила 2,612740 2,612740
исполнительно 5,010635 5,010635
видеть 0,013423 0,013423
изнасиловал 0,076161 0,076161
наука 0,000000 0,000000
достигать 5,010635 5,010635
своим 2,445686 2,445686
