зеленского 0,068993 0,068993
перемирии 0,076161 0,076161
ру 0,000000 0,000000
банк 0,076161 0,076161
вредные 3,624341 10,873023
лента 0,000000 0,000000
образ 2,525729 2,525729
новые 0,000000 0,000000
объяснила 3,064725 3,064725
спорт 0,000000 0,000000
содержат 3,912023 3,912023
кевин 5,010635 5,010635
споры 0,097980 0,097980
пиво 4,317488 4,317488
нагрузку 5,010635 5,010635
согласие 0,047791 0,047791
добро 0,013423 0,013423
некоторых 2,708050 2,708050
военной 0,061875 0,061875
выражаете 0,047791 0,047791
четыре 0,040822 0,040822
декабря 2,120264 2,120264
жми 0,013423 0,013423
помощью 0,047791 0,047791
людей 1,455287 1,455287
какими 3,218876 3,218876
добра 0,013423 0,026846
углеводы 5,010635 5,010635
словам 1,272966 3,818897
снижению 5,010635 5,010635
ленту 0,013423 0,013423
затопленного 0,076161 0,076161
фото 0,061875 0,123751
десертами 5,010635 5,010635
желудочно 4,317488 4,317488
похудеть 4,317488 4,317488
водой 0,061875 0,061875
железа 5,010635 5,010635
кишечного 4,317488 4,317488
сочетать 5,010635 15,031906
применения 0,000000 0,000000
технологиймини 0,000000 0,000000
всепитание 3,401197 3,401197
оценивайте 0,047791 0,047791
обитания 0,000000 0,000000
желудке 5,010635 5,010635
ценности 0,000000 0,000000
усиленный 5,010635 5,010635
картофель 3,624341 7,248682
хлебом 3,624341 3,624341
морган 5,010635 5,010635
напротив 5,010635 5,010635
дольше 3,912023 7,824046
желудка 5,010635 5,010635
материалам 0,047791 0,047791
головного 5,010635 5,010635
конфиденциальности 0,047791 0,047791
вернуться 0,013423 0,013423
мир 0,000000 0,000000
ваши 0,047791 0,047791
российским 0,076161 0,076161
кофеин 5,010635 5,010635
опасна 4,317488 4,317488
нажмите 0,000000 0,000000
видах 5,010635 5,010635
сужает 5,010635 5,010635
лисица 5,010635 5,010635
получайте 0,047791 0,047791
гликемический 5,010635 5,010635
спиртному 5,010635 5,010635
гастроэнтеролог 3,912023 15,648092
университетском 5,010635 5,010635
стол 4,317488 4,317488
плюсах 5,010635 5,010635
погружайтесь 0,047791 0,047791
профессора 3,401197 3,401197
рецепты 5,010635 5,010635
бывший 0,000000 0,000000
проблемы 0,076161 0,076161
накапливайте 0,047791 0,047791
веса 4,317488 4,317488
интернет 0,000000 0,000000
россия 0,000000 0,000000
переизбыток 5,010635 5,010635
ооо 0,000000 0,000000
обратился 0,076161 0,076161
деактивирована 0,013423 0,013423
рассказали 1,919593 1,919593
путешествия 0,000000 0,000000
отдела 0,579818 0,579818
свои 0,027029 0,027029
чечевицей 5,010635 5,010635
вредных 3,624341 3,624341
ранее 1,003302 1,003302
рассказала 1,919593 1,919593
также 0,762140 0,762140
структуры 0,000000 0,000000
тяжелому 5,010635 5,010635
индии 0,076161 0,076161
гид 0,076161 0,076161
оказывает 5,010635 5,010635
хочешь 0,013423 0,013423
нашли 0,000000 0,000000
пляжных 0,097980 0,097980
работе 1,791759 1,791759
усваивать 5,010635 5,010635
присутствующий 5,010635 5,010635
уволит 0,076161 0,076161
органы 3,912023 3,912023
сладкими 5,010635 5,010635
дома 0,061875 0,061875
американский 0,061875 0,061875
обычную 0,013423 0,013423
пола 0,097980 0,097980
перечислила 5,010635 5,010635
внутренние 3,912023 3,912023
выпить 5,010635 5,010635
внешность 0,097980 0,097980
сосудорасширяющее 5,010635 5,010635
употреблять 5,010635 5,010635
марша 5,010635 5,010635
украинском 0,076161 0,076161
света 0,054808 0,054808
шоколада 4,317488 4,317488
продукта 5,010635 5,010635
галереи 0,000000 0,000000
продуктов 2,445686 2,445686
белоусов 0,076161 0,076161
эмоции 0,047791 0,047791
зеленским 0,076161 0,076161
блюд 3,912023 3,912023
индекс 4,317488 4,317488
однако 1,249435 1,249435
питание 2,931194 2,931194
условиями 0,040822 0,081644
двум 0,076161 0,076161
кофеином 5,010635 5,010635
сочетании 4,317488 4,317488
вызвала 0,097980 0,097980
сети 0,090654 0,090654
военнослужащим 0,076161 0,076161
похмельный 4,317488 4,317488
читайте 0,040822 0,040822
кроме 1,427116 2,854233
байконур 0,097980 0,097980
редакциярекламаконтактыпресс 0,000000 0,000000
оба 3,912023 3,912023
материалы 0,000000 0,000000
похмелью 5,010635 5,010635
видео 0,000000 0,000000
способствуют 5,010635 5,010635
депутат 0,076161 0,076161
прогресс 0,097980 0,097980
статьи 0,000000 0,000000
простые 3,912023 3,912023
добавила 4,317488 4,317488
танин 5,010635 5,010635
форме 0,061875 0,061875
последние 0,090654 0,090654
предрекли 0,076161 0,076161
культура 0,000000 0,000000
обсудить 0,456758 0,456758
силовые 0,000000 0,000000
архив 0,000000 0,000000
шоколад 4,317488 4,317488
дня 0,061875 0,061875
вздутие 5,010635 5,010635
валерия 3,624341 3,624341
сша 0,040822 0,040822
комбинация 5,010635 5,010635
тошноты 5,010635 5,010635
названы 2,445686 4,891372
среда 0,000000 0,000000
дрожжи 5,010635 5,010635
раскрытии 0,076161 0,076161
августа 3,064725 3,064725
непереработанным 5,010635 5,010635
редактор 0,567984 0,567984
лондона 5,010635 5,010635
скидки 0,047791 0,047791
сотрудников 0,076161 0,076161
повышает 3,912023 3,912023
эксклюзивы 0,000000 0,000000
российском 0,076161 0,076161
выражайте 0,047791 0,047791
теме 1,514128 1,514128
сонуход 3,401197 3,401197
скачкам 5,010635 5,010635
меню 2,931194 2,931194
начались 0,068993 0,068993
врач 2,445686 7,337058
содержится 4,317488 4,317488
рекомендательных 0,000000 0,000000
конфликте 0,076161 0,076161
закуски 3,624341 10,873023
продолжая 0,047791 0,047791
слизистую 5,010635 5,010635
работает 0,040822 0,040822
увлекательные 0,047791 0,047791
усиливает 5,010635 5,010635
организма 3,912023 3,912023
алкоголю 3,624341 7,248682
алкоголя 3,912023 7,824046
тракта 4,317488 4,317488
фри 5,010635 10,021271
большое 2,813411 2,813411
алкоголь 3,401197 13,604790
алкоголем 3,912023 7,824046
переговоры 0,054808 0,054808
конфиденциальностиправила 0,000000 0,000000
бонусы 0,047791 0,095581
политикой 0,047791 0,047791
вызывает 3,624341 3,624341
маккартни 0,097980 0,097980
бесполезен 5,010635 5,010635
тому 2,612740 2,612740
сердцебиению 5,010635 5,010635
жильцы 0,076161 0,076161
жизни 0,000000 0,000000
продуктах 5,010635 5,010635
забота 0,000000 0,000000
сбер 0,040822 0,040822
приводя 5,010635 5,010635
пожаловать 0,013423 0,013423
использованияполитика 0,000000 0,000000
нужно 1,791759 1,791759
одним 1,966113 1,966113
колледже 5,010635 5,010635
обезвоживание 4,317488 4,317488
крупный 0,068993 0,068993
закусывать 5,010635 5,010635
регионам 0,076161 0,076161
например 1,791759 1,791759
крупным 0,076161 0,076161
синдром 4,317488 4,317488
туристку 0,076161 0,076161
это 0,020203 0,080811
отметила 3,401197 3,401197
призвала 3,401197 3,401197
победа 0,000000 0,000000
привести 2,708050 2,708050
пища 5,010635 5,010635
рост 2,302585 2,302585
остались 0,061875 0,061875
этих 2,371578 2,371578
назвала 2,931194 2,931194
две 0,033902 0,033902
приступам 5,010635 5,010635
мотор 0,000000 0,000000
обменивайте 0,047791 0,047791
опечатку 0,000000 0,000000
содержащаяся 5,010635 5,010635
сми 0,000000 0,000000
антюфеева 5,010635 10,021271
такое 2,014903 2,014903
антюфеевой 5,010635 5,010635
отказа 3,064725 3,064725
рады 0,068993 0,068993
хорошему 5,010635 5,010635
новости 0,000000 0,000000
войти 0,000000 0,000000
место 0,054808 0,054808
поступает 4,317488 4,317488
акции 0,047791 0,047791
хорошие 0,013423 0,013423
трезвый 5,010635 5,010635
гепатологии 5,010635 5,010635
мс 0,097980 0,097980
александра 2,445686 2,445686
медитации 0,076161 0,076161
мур 4,317488 4,317488
нарушения 3,912023 3,912023
раздражать 5,010635 5,010635
бобовыми 5,010635 5,010635
экономика 0,000000 0,000000
грибка 5,010635 5,010635
щавелевая 5,010635 5,010635
уход 0,076161 0,076161
почему 0,899761 0,899761
фасолью 5,010635 5,010635
кровь 3,624341 3,624341
мешает 4,317488 4,317488
вино 4,317488 4,317488
известиями 5,010635 5,010635
вине 5,010635 5,010635
вызвать 3,624341 3,624341
прибыл 0,083382 0,083382
спецпроекты 0,000000 0,000000
соленая 5,010635 5,010635
количество 1,966113 1,966113
действие 3,912023 3,912023
сну 4,317488 4,317488
мозга 4,317488 4,317488
реальный 0,013423 0,013423
игры 0,000000 0,000000
желающих 4,317488 4,317488
желание 3,218876 3,218876
техника 0,000000 0,000000
ссср 0,000000 0,000000
сосуды 3,912023 3,912023
правды 0,068993 0,068993
трампа 0,054808 0,054808
собойокружающее 3,401197 3,401197
тысячи 0,068993 0,068993
живота 4,317488 4,317488
самых 1,609438 1,609438
давления 3,064725 3,064725
сон 3,912023 3,912023
остается 2,708050 2,708050
отвел 0,076161 0,076161
предрек 0,076161 0,076161
здоровьеотношения 3,401197 3,401197
воспаление 5,010635 5,010635
марта 0,040822 0,040822
городе 0,061875 0,061875
главное 0,000000 0,000000
способствует 4,317488 4,317488
кислота 5,010635 5,010635
провоцируя 5,010635 10,021271
реакций 0,047791 0,047791
летнего 0,097980 0,097980
заявили 0,076161 0,076161
реакции 0,047791 0,047791
мини 0,000000 0,000000
видеть 0,013423 0,013423
беседе 2,445686 2,445686
изнасиловал 0,076161 0,076161
учащенному 5,010635 5,010635
стоит 1,791759 1,791759
самым 1,966113 1,966113
наука 0,000000 0,000000
продуктами 4,317488 8,634976
пространствоментальное 3,401197 3,401197
самые 1,832581 5,497744
