ру 0,000000 0,000000
банк 0,076161 0,076161
обнаружил 3,624341 3,624341
день 1,544899 1,544899
криптовалютный 5,010635 5,010635
испорченный 5,010635 5,010635
найти 2,525729 2,525729
стал 1,203973 3,611918
обматерила 5,010635 5,010635
предупредила 3,624341 3,624341
вокруг 2,525729 5,051457
заявил 1,098612 1,098612
согласие 0,047791 0,047791
людей 1,455287 2,910574
одно 2,813411 2,813411
долге 5,010635 5,010635
обратно 3,401197 3,401197
липкое 5,010635 5,010635
влюбился 5,010635 5,010635
тв 3,912023 3,912023
дубай 4,317488 4,317488
больная 4,317488 4,317488
десятилетий 3,064725 3,064725
фото 0,061875 0,061875
санкций 2,302585 2,302585
лет 0,967584 1,935168
обжорство 5,010635 5,010635
появилась 2,445686 4,891372
водой 0,061875 0,061875
заявления 3,912023 3,912023
европейской 4,317488 4,317488
технологиймини 0,000000 0,000000
уезжать 5,010635 5,010635
назвал 1,347074 5,388295
собчак 4,317488 4,317488
недееспособной 5,010635 5,010635
кибератаку 5,010635 5,010635
конфиденциальности 0,047791 0,047791
всемирная 5,010635 5,010635
запад 2,525729 2,525729
весь 1,966113 5,898339
звезду 4,317488 4,317488
нажмите 0,000000 0,000000
ярче 5,010635 5,010635
получайте 0,047791 0,047791
деле 2,238047 2,238047
проблемы 0,076161 0,152323
жители 2,302585 2,302585
камерой 4,317488 4,317488
записывать 3,624341 3,624341
популярен 5,010635 5,010635
путешествия 0,000000 0,000000
быстрое 4,317488 4,317488
часов 1,643339 1,643339
главный 2,708050 2,708050
предсказания 3,064725 3,064725
создали 3,624341 3,624341
имени 2,708050 5,416100
индивидуальным 5,010635 5,010635
сидят 3,624341 3,624341
индии 0,076161 0,076161
такер 5,010635 5,010635
нашли 0,000000 0,000000
одной 1,514128 1,514128
зрителей 3,401197 3,401197
лучшее 4,317488 4,317488
украине 1,139434 4,557737
обвинили 5,010635 5,010635
украину 2,302585 4,605170
аспирантов 5,010635 5,010635
нацией 5,010635 5,010635
бесстрашным 5,010635 5,010635
украинском 0,076161 0,076161
изменение 3,624341 7,248682
света 0,054808 0,109616
украины 1,021651 1,021651
курском 3,064725 3,064725
продление 5,010635 5,010635
перепугал 5,010635 5,010635
белоусов 0,076161 0,076161
кукла 5,010635 5,010635
протоколы 5,010635 5,010635
отправителя 5,010635 5,010635
условиями 0,040822 0,081644
могут 1,455287 1,455287
читайте 0,040822 0,040822
кремле 2,708050 2,708050
раскрыли 2,302585 4,605170
нападения 3,401197 3,401197
уничтожает 4,317488 4,317488
байконур 0,097980 0,097980
сайтах 5,010635 5,010635
угодно 3,624341 3,624341
ближайшие 3,064725 3,064725
совет 3,064725 3,064725
секса 3,401197 3,401197
свобода 5,010635 5,010635
покое 5,010635 5,010635
ступню 5,010635 5,010635
говорит 2,014903 2,014903
последние 0,090654 0,090654
журналист 2,931194 11,724775
предрекли 0,076161 0,152323
телеведущая 5,010635 10,021271
способности 3,624341 3,624341
архив 0,000000 0,000000
триумф 4,317488 4,317488
изменения 3,624341 3,624341
сша 0,040822 0,449042
объедаясь 5,010635 5,010635
интернета 4,317488 4,317488
раскрытии 0,076161 0,076161
сравнил 3,912023 3,912023
создает 3,624341 3,624341
кредиты 4,317488 4,317488
подсаживаются 5,010635 5,010635
кредита 3,912023 3,912023
король 3,912023 3,912023
хрюша 5,010635 5,010635
российском 0,076161 0,152323
качество 3,401197 3,401197
мефедроновая 4,317488 4,317488
столько 2,525729 2,525729
такая 2,931194 2,931194
сметать 5,010635 5,010635
журналиста 5,010635 5,010635
интернете 3,401197 3,401197
предпринимателем 5,010635 5,010635
инаугурации 5,010635 5,010635
разоблачить 5,010635 5,010635
помогите 5,010635 5,010635
мага 5,010635 5,010635
интернету 4,317488 4,317488
юмористом 5,010635 5,010635
цикла 2,813411 8,440232
попросила 3,912023 3,912023
провели 2,066196 6,198589
бонусы 0,047791 0,095581
солнца 4,317488 4,317488
поимке 5,010635 5,010635
страшно 3,401197 3,401197
обманывать 5,010635 5,010635
жильцы 0,076161 0,076161
железная 5,010635 5,010635
молчание 5,010635 5,010635
систему 2,708050 2,708050
жизни 0,000000 0,000000
оформления 3,218876 3,218876
слова 2,177422 2,177422
телеканале 5,010635 5,010635
туристку 0,076161 0,076161
диктатуру 5,010635 5,010635
возникли 3,218876 3,218876
помог 3,401197 3,401197
курить 3,401197 3,401197
мотор 0,000000 0,000000
обменивайте 0,047791 0,047791
катастрофа 3,624341 3,624341
детское 5,010635 5,010635
анфисой 5,010635 5,010635
диагностировать 5,010635 5,010635
талантов 5,010635 5,010635
занимались 3,912023 3,912023
жизнь 1,544899 4,634698
уничтожить 3,064725 3,064725
хорошие 0,013423 0,013423
россиянам 2,525729 15,154372
оставленный 5,010635 5,010635
наркотик 5,010635 15,031906
блогеры 3,624341 3,624341
хакеры 5,010635 15,031906
мира 1,576648 1,576648
закрыли 4,317488 4,317488
местом 3,218876 3,218876
ведении 5,010635 5,010635
почему 0,899761 8,097853
прибыл 0,083382 0,083382
болезни 3,064725 3,064725
буду 4,317488 4,317488
желание 3,218876 3,218876
ссср 0,000000 0,000000
пытается 2,177422 2,177422
разъяснили 3,912023 3,912023
пожаловался 3,401197 3,401197
неприязнь 5,010635 5,010635
активных 3,401197 3,401197
расследование 3,064725 3,064725
идеальной 5,010635 5,010635
именно 1,875141 1,875141
сиял 5,010635 5,010635
главное 0,000000 0,000000
культовым 4,317488 4,317488
интервью 2,525729 2,525729
летнего 0,097980 0,097980
мини 0,000000 0,000000
макрона 3,624341 3,624341
раскрыть 3,624341 3,624341
зиганул 5,010635 5,010635
свидетелем 3,064725 3,064725
изнасиловал 0,076161 0,076161
угрожает 3,624341 3,624341
стоит 1,791759 1,791759
операцией 3,912023 3,912023
похвалили 5,010635 5,010635
гробовое 5,010635 5,010635
обмана 3,624341 7,248682
популярные 3,064725 3,064725
похвалила 3,624341 3,624341
спорт 0,000000 0,000000
схемы 3,218876 6,437752
защититься 2,931194 5,862388
шок 5,010635 5,010635
военное 3,624341 3,624341
споры 0,097980 0,097980
пытались 2,708050 2,708050
шоу 2,813411 11,253643
сбоя 5,010635 5,010635
военной 0,061875 0,061875
четыре 0,040822 0,081644
стало 1,181994 1,181994
ведущая 3,624341 3,624341
двойную 5,010635 5,010635
обещают 4,317488 4,317488
здоровьем 3,624341 3,624341
камеру 3,401197 3,401197
схему 5,010635 5,010635
матом 5,010635 5,010635
известный 3,064725 3,064725
дуров 4,317488 4,317488
корчевникова 5,010635 5,010635
обитания 0,000000 0,000000
женщине 2,612740 2,612740
появился 2,445686 2,445686
популярного 3,912023 7,824046
впервые 1,919593 1,919593
просьбы 5,010635 5,010635
чемпионат 3,912023 3,912023
российским 0,076161 0,076161
опровергли 3,401197 3,401197
магазин 3,401197 3,401197
рак 2,931194 5,862388
оставить 3,401197 3,401197
головной 5,010635 5,010635
российский 1,484275 1,484275
сражаться 4,317488 4,317488
долгожителей 5,010635 5,010635
израиле 3,912023 3,912023
кермит 3,912023 3,912023
портящих 5,010635 5,010635
саммите 5,010635 5,010635
сгубило 5,010635 5,010635
боялся 2,931194 5,862388
интернет 0,000000 0,000000
обратился 0,076161 0,076161
превращении 4,317488 4,317488
оладушек 5,010635 5,010635
европы 2,445686 7,337058
доме 2,014903 2,014903
популярный 3,064725 6,129450
премьера 3,218876 3,218876
гид 0,076161 0,076161
доказательства 3,912023 3,912023
перечислили 3,912023 3,912023
работе 1,791759 1,791759
повышающей 5,010635 5,010635
игорь 3,064725 3,064725
дома 0,061875 0,061875
пола 0,097980 0,097980
четырежды 5,010635 5,010635
работу 1,791759 1,791759
истерикой 5,010635 5,010635
европу 3,624341 3,624341
неизвестном 5,010635 5,010635
европа 2,525729 5,051457
российских 1,576648 3,153296
эмоции 0,047791 0,047791
успешности 5,010635 5,010635
запретить 2,931194 2,931194
голую 5,010635 5,010635
работы 1,455287 1,455287
сети 0,090654 0,181309
миллионов 1,791759 1,791759
военнослужащим 0,076161 0,076161
предлагающих 5,010635 5,010635
лебедев 3,912023 3,912023
материалы 0,000000 0,000000
объяснил 2,120264 2,120264
пользу 3,218876 6,437752
депутат 0,076161 0,152323
ядерной 3,064725 3,064725
захватил 5,010635 5,010635
рискуют 4,317488 4,317488
статьи 0,000000 0,000000
уехавший 4,317488 4,317488
больницу 3,401197 3,401197
солнцем 4,317488 4,317488
россией 2,120264 2,120264
брать 3,064725 3,064725
контакты 2,302585 2,302585
культура 0,000000 0,000000
тактику 4,317488 4,317488
врача 3,912023 3,912023
отправили 2,708050 2,708050
отношении 1,791759 1,791759
ограничение 5,010635 5,010635
удалось 1,714798 1,714798
позе 3,912023 3,912023
неизвестными 5,010635 5,010635
фанатов 4,317488 8,634976
престарелых 5,010635 5,010635
поколением 5,010635 5,010635
работает 0,040822 0,040822
новая 2,612740 2,612740
увлекательные 0,047791 0,047791
организма 3,912023 3,912023
переговоры 0,054808 0,219233
героем 3,064725 3,064725
итальянцев 5,010635 5,010635
маккартни 0,097980 0,097980
разгневала 5,010635 5,010635
мессенджером 5,010635 5,010635
мать 2,813411 2,813411
сбер 0,040822 0,040822
фсб 2,931194 2,931194
использованияполитика 0,000000 0,000000
лечении 3,912023 3,912023
взорвала 5,010635 5,010635
освещать 5,010635 5,010635
ведущий 3,401197 3,401197
истерию 5,010635 5,010635
победивший 5,010635 5,010635
трамп 1,484275 2,968550
дрожит 3,064725 6,129450
крупный 0,068993 0,068993
чума 4,317488 4,317488
регионам 0,076161 0,076161
малоизученного 4,317488 4,317488
крупным 0,076161 0,076161
российскими 2,813411 2,813411
замолчать 5,010635 5,010635
огурец 5,010635 5,010635
советского 2,371578 2,371578
призвавшего 5,010635 5,010635
самом 2,014903 4,029806
россияне 1,919593 1,919593
стране 2,177422 2,177422
миротворцев 3,912023 3,912023
остались 0,061875 0,061875
жена 3,624341 7,248682
ток 5,010635 5,010635
мвд 3,912023 3,912023
оттуда 3,401197 3,401197
маск 3,624341 3,624341
госдумы 2,813411 2,813411
страны 1,455287 2,910574
пообещала 3,912023 3,912023
депутата 3,912023 3,912023
рады 0,068993 0,068993
страну 2,612740 2,612740
лечения 3,401197 3,401197
зависимости 2,813411 2,813411
мошенники 2,931194 5,862388
акции 0,047791 0,047791
отправить 3,218876 6,437752
сильнейшую 5,010635 5,010635
рассказал 1,272966 2,545931
рязани 5,010635 5,010635
трупы 5,010635 5,010635
дети 3,912023 3,912023
истории 1,966113 5,898339
телешоу 5,010635 10,021271
экономика 0,000000 0,000000
единой 5,010635 5,010635
попал 2,445686 2,445686
союза 2,302585 2,302585
неочевидный 4,317488 4,317488
вступила 5,010635 5,010635
значного 5,010635 5,010635
звезда 2,612740 5,225480
гоблин 5,010635 5,010635
касторового 5,010635 5,010635
напиток 5,010635 5,010635
танцора 3,912023 3,912023
рискованным 5,010635 5,010635
военных 1,966113 1,966113
реальный 0,013423 0,013423
семью 3,624341 3,624341
возмутило 5,010635 5,010635
тысячи 0,068993 0,068993
избегать 3,401197 3,401197
бьет 3,401197 3,401197
участник 5,010635 10,021271
предрек 0,076161 0,076161
банковскую 5,010635 5,010635
цитатой 4,317488 4,317488
совок 5,010635 5,010635
западная 4,317488 4,317488
запое 5,010635 5,010635
рекорды 3,218876 3,218876
жителей 1,966113 3,932226
заявили 0,076161 0,228484
наркотика 3,912023 3,912023
дерьмо 5,010635 5,010635
скрывать 3,912023 3,912023
опасный 3,218876 9,656627
сериала 3,401197 3,401197
париже 4,317488 4,317488
риск 3,401197 3,401197
видеть 0,013423 0,013423
обогащение 5,010635 5,010635
способ 2,371578 4,743156
комик 2,931194 2,931194
илон 3,912023 3,912023
убежища 4,317488 4,317488
перемирии 0,076161 0,152323
очищения 5,010635 5,010635
карту 3,912023 3,912023
новые 0,000000 0,000000
ответила 3,064725 3,064725
оценил 2,612740 2,612740
удивили 3,912023 3,912023
угону 3,912023 3,912023
растерял 5,010635 5,010635
получили 2,813411 2,813411
добро 0,013423 0,013423
выражаете 0,047791 0,047791
крупнейшую 5,010635 5,010635
доступ 3,064725 6,129450
помощью 0,047791 0,047791
планов 3,912023 3,912023
эпидемия 3,218876 6,437752
заметил 2,612740 2,612740
мид 3,064725 3,064725
пропал 3,218876 3,218876
помощь 2,177422 2,177422
карлсон 5,010635 15,031906
поют 5,010635 5,010635
добра 0,013423 0,026846
расплакался 5,010635 5,010635
неожиданную 5,010635 5,010635
китае 4,317488 4,317488
преследователе 5,010635 5,010635
оценивайте 0,047791 0,047791
х 2,177422 2,177422
любви 3,218876 3,218876
какие 1,875141 1,875141
звезд 3,064725 3,064725
интимном 5,010635 5,010635
бросить 3,912023 3,912023
каким 2,525729 2,525729
страха 3,064725 6,129450
опасного 3,912023 3,912023
мир 0,000000 0,000000
бросил 5,010635 5,010635
экстремального 5,010635 5,010635
орешника 3,624341 3,624341
ограничили 5,010635 5,010635
участница 5,010635 5,010635
горла 5,010635 5,010635
погружайтесь 0,047791 0,047791
абсолютно 3,064725 3,064725
практика 3,912023 3,912023
бывший 0,000000 0,000000
время 0,762140 0,762140
конец 2,612740 2,612740
прославляющая 5,010635 5,010635
странное 4,317488 4,317488
накапливайте 0,047791 0,047791
дубайский 5,010635 5,010635
выигрыша 5,010635 5,010635
страхе 3,624341 3,624341
ооо 0,000000 0,000000
деактивирована 0,013423 0,013423
уроке 5,010635 5,010635
кражу 4,317488 4,317488
структуры 0,000000 0,000000
город 2,445686 2,445686
хочешь 0,013423 0,013423
носить 3,624341 3,624341
пляжных 0,097980 0,097980
журналистка 5,010635 5,010635
обычную 0,013423 0,013423
внешность 0,097980 0,097980
дудя 5,010635 5,010635
попросил 2,931194 5,862388
работой 3,624341 3,624341
телевидения 5,010635 5,010635
такера 5,010635 5,010635
совершили 3,912023 3,912023
закрытие 3,218876 6,437752
американцы 3,912023 3,912023
галереи 0,000000 0,000000
продуктов 2,445686 2,445686
симоньян 5,010635 10,021271
отсутствии 3,912023 3,912023
миллиард 3,912023 3,912023
порядок 3,624341 3,624341
антироссийских 3,218876 3,218876
аморальным 5,010635 5,010635
ждал 3,064725 3,064725
прокомментировали 3,401197 3,401197
болью 4,317488 4,317488
британских 5,010635 5,010635
вихорьков 5,010635 5,010635
редакциярекламаконтактыпресс 0,000000 0,000000
выросшем 5,010635 5,010635
видео 0,000000 0,000000
мясников 5,010635 15,031906
домашнего 5,010635 5,010635
захватила 4,317488 4,317488
простым 5,010635 5,010635
путина 1,514128 4,542383
ресурсах 5,010635 5,010635
реалити 5,010635 5,010635
простаты 5,010635 5,010635
неизвестного 5,010635 5,010635
одного 2,177422 2,177422
чеховой 5,010635 5,010635
петросяна 5,010635 5,010635
наслаждаться 5,010635 5,010635
долларов 2,708050 2,708050
летняя 2,177422 2,177422
больных 4,317488 4,317488
заставляет 5,010635 5,010635
разгаре 5,010635 5,010635
названы 2,445686 2,445686
среда 0,000000 0,000000
делать 1,966113 1,966113
задолго 4,317488 4,317488
восхитились 3,624341 3,624341
человеком 3,401197 3,401197
мошенниками 3,401197 3,401197
скидки 0,047791 0,047791
пришли 2,931194 2,931194
эксклюзивы 0,000000 0,000000
придумали 3,218876 3,218876
выражайте 0,047791 0,047791
секрет 2,612740 2,612740
атаки 2,177422 2,177422
сказала 4,317488 4,317488
началась 2,813411 2,813411
москву 2,120264 2,120264
превращает 4,317488 4,317488
конфликте 0,076161 0,076161
смерть 2,612740 2,612740
названа 2,931194 5,862388
позже 1,919593 1,919593
продолжая 0,047791 0,047791
конфликта 1,919593 1,919593
рынок 2,177422 2,177422
полок 5,010635 5,010635
проекторах 5,010635 5,010635
лезгинки 5,010635 5,010635
результаты 2,371578 2,371578
дал 2,238047 2,238047
деньги 2,014903 2,014903
возвращение 3,401197 3,401197
конфиденциальностиправила 0,000000 0,000000
отправят 5,010635 5,010635
политикой 0,047791 0,047791
потрясла 5,010635 5,010635
телеканалами 5,010635 5,010635
анонсируют 5,010635 5,010635
операции 1,714798 1,714798
мефедрон 5,010635 15,031906
агент 3,912023 3,912023
раскрыл 2,177422 2,177422
христианского 5,010635 5,010635
дебилов 5,010635 5,010635
бывшая 3,912023 3,912023
помирить 5,010635 5,010635
легендарным 2,612740 2,612740
это 0,020203 0,101014
легендарный 3,401197 6,802395
прямом 3,912023 3,912023
разговоре 2,708050 2,708050
ошарашило 5,010635 5,010635
назвала 2,931194 5,862388
две 0,033902 0,033902
ком 5,010635 5,010635
жестокого 3,912023 3,912023
новую 3,624341 3,624341
назвали 2,238047 11,190233
справиться 3,218876 3,218876
поверг 5,010635 5,010635
пошлые 5,010635 5,010635
ванги 3,064725 3,064725
бориса 3,401197 3,401197
неприятный 4,317488 4,317488
отказа 3,064725 3,064725
подтвердил 3,218876 3,218876
новости 0,000000 0,000000
разговора 1,609438 1,609438
ссора 3,912023 3,912023
войти 0,000000 0,000000
первых 2,612740 2,612740
медитации 0,076161 0,076161
радио 3,912023 3,912023
обычных 3,624341 3,624341
предстоящего 3,624341 3,624341
уход 0,076161 0,076161
уловок 5,010635 5,010635
урганта 5,010635 5,010635
артемия 3,401197 3,401197
мошенников 2,708050 8,124151
вернулся 2,371578 2,371578
радиофактчекинг 3,218876 3,218876
белом 2,371578 2,371578
карлсона 5,010635 5,010635
ними 2,525729 2,525729
говорят 2,371578 4,743156
просит 3,912023 3,912023
спецпроекты 0,000000 0,000000
артемий 3,401197 3,401197
путин 1,203973 3,611918
увидев 5,010635 5,010635
первые 2,371578 2,371578
действий 2,813411 2,813411
путиным 1,966113 1,966113
игры 0,000000 0,000000
февраля 1,272966 11,456691
техника 0,000000 0,000000
пять 1,576648 1,576648
нейросети 3,912023 3,912023
пропавший 5,010635 5,010635
политиков 5,010635 5,010635
трампа 0,054808 0,274041
песни 4,317488 4,317488
кавказ 4,317488 4,317488
отвел 0,076161 0,076161
происходит 2,014903 4,029806
бомбардировкой 5,010635 5,010635
марта 0,040822 2,367676
несусветной 5,010635 5,010635
журналистам 3,401197 3,401197
похищение 3,912023 3,912023
реакций 0,047791 0,047791
показала 2,612740 2,612740
реакции 0,047791 0,047791
массово 2,371578 2,371578
теневых 5,010635 5,010635
реакция 2,612740 2,612740
самым 1,966113 1,966113
самые 1,832581 1,832581
зеленского 0,068993 0,137986
уверены 3,624341 3,624341
ад 3,912023 3,912023
секретные 5,010635 5,010635
вырваться 4,317488 4,317488
лента 0,000000 0,000000
приучали 5,010635 5,010635
партию 3,912023 3,912023
лебедева 3,624341 3,624341
лягушонок 5,010635 5,010635
пришельцами 3,064725 3,064725
жми 0,013423 0,013423
юбки 5,010635 5,010635
приложений 5,010635 5,010635
приехал 2,612740 5,225480
ловушкой 5,010635 5,010635
яндекса 5,010635 5,010635
ленту 0,013423 0,013423
затопленного 0,076161 0,076161
госпитализированного 5,010635 5,010635
дронов 2,177422 4,354844
россии 0,425668 4,682346
применения 0,000000 0,000000
током 3,912023 3,912023
ценности 0,000000 0,000000
документами 3,624341 3,624341
вел 3,912023 3,912023
признать 3,624341 7,248682
материалам 0,047791 0,047791
известно 1,297063 1,297063
восхищения 5,010635 5,010635
вернуться 0,013423 0,013423
ваши 0,047791 0,047791
западе 2,612740 7,838220
превысило 4,317488 4,317488
вопроса 3,401197 3,401197
россия 0,000000 0,000000
атак 2,931194 2,931194
россию 1,609438 4,828314
простой 3,624341 3,624341
порно 3,218876 3,218876
животного 5,010635 5,010635
свои 0,027029 0,027029
загадочного 5,010635 5,010635
объяснили 3,064725 3,064725
января 1,791759 7,167038
рассказала 1,919593 1,919593
произошло 2,445686 2,445686
смехотворными 5,010635 5,010635
неизбежна 5,010635 5,010635
уволит 0,076161 0,076161
американский 0,061875 0,185626
нашелся 5,010635 5,010635
глупостью 5,010635 5,010635
телефонные 3,064725 6,129450
заблокировать 4,317488 4,317488
составили 3,912023 3,912023
числа 3,064725 3,064725
зеленским 0,076161 0,076161
аккаунтов 3,912023 3,912023
ес 2,708050 5,416100
двум 0,076161 0,076161
телевикторинах 5,010635 5,010635
вызвала 0,097980 0,097980
число 2,014903 2,014903
причина 2,445686 4,891372
отреагировали 2,238047 2,238047
масла 3,624341 3,624341
объявили 3,401197 6,802395
ищут 3,218876 3,218876
замечательным 5,010635 5,010635
российского 1,484275 1,484275
журналюг 5,010635 5,010635
прогресс 0,097980 0,097980
размере 3,624341 3,624341
дом 2,014903 2,014903
форме 0,061875 0,061875
документы 3,624341 3,624341
пользователей 3,218876 6,437752
поток 3,401197 3,401197
венгрии 3,912023 3,912023
воцарилось 5,010635 5,010635
силовые 0,000000 0,000000
шоколад 4,317488 4,317488
даркнете 5,010635 10,021271
нато 3,624341 3,624341
всемирной 4,317488 4,317488
тысяч 1,427116 1,427116
дня 0,061875 0,061875
популярности 3,624341 3,624341
советские 3,218876 3,218876
петросян 5,010635 5,010635
ведущего 5,010635 5,010635
молодежь 3,912023 3,912023
вынесенном 5,010635 5,010635
крали 5,010635 5,010635
сотрудников 0,076161 0,076161
ургант 5,010635 10,021271
попыток 3,912023 3,912023
сюрприз 4,317488 4,317488
молодежи 3,401197 3,401197
криптовалют 5,010635 5,010635
паутины 5,010635 5,010635
начались 0,068993 0,068993
предложение 2,302585 2,302585
рекомендательных 0,000000 0,000000
госуслугах 5,010635 5,010635
здоровье 2,708050 2,708050
россиян 1,714798 10,288791
паутина 5,010635 5,010635
машине 3,401197 3,401197
награду 4,317488 4,317488
забота 0,000000 0,000000
пожаловать 0,013423 0,013423
турции 3,401197 3,401197
кофе 3,912023 3,912023
двое 3,624341 3,624341
британского 3,912023 3,912023
планы 2,813411 2,813411
призвали 2,708050 2,708050
россиянок 2,302585 2,302585
иноагентом 4,317488 8,634976
могущественные 5,010635 5,010635
победа 0,000000 0,000000
телефону 2,931194 2,931194
случае 1,875141 1,875141
придумают 5,010635 5,010635
известная 3,624341 3,624341
опечатку 0,000000 0,000000
сми 0,000000 0,000000
доктор 3,624341 10,873023
америке 3,912023 3,912023
иван 3,064725 3,064725
несколько 1,347074 1,347074
место 0,054808 0,054808
сна 4,317488 4,317488
мс 0,097980 0,097980
начали 1,427116 2,854233
местном 4,317488 4,317488
начала 1,832581 1,832581
крайне 3,401197 3,401197
каждый 2,066196 2,066196
пушкина 5,010635 5,010635
виртуально 5,010635 5,010635
сервисов 3,912023 3,912023
появление 3,624341 3,624341
эфире 4,317488 12,952464
нами 3,218876 3,218876
русская 3,912023 3,912023
взбудоражили 3,064725 3,064725
переговоров 1,714798 1,714798
обменяли 5,010635 5,010635
месте 2,371578 2,371578
мозге 5,010635 5,010635
мужчина 2,371578 4,743156
слепакова 5,010635 5,010635
всу 1,373049 1,373049
правды 0,068993 0,068993
достойное 3,912023 3,912023
состоялась 4,317488 4,317488
телеведущий 4,317488 8,634976
появления 3,218876 3,218876
сотни 2,066196 2,066196
инсульта 4,317488 4,317488
сравнила 4,317488 4,317488
городе 0,061875 0,123751
возможность 2,066196 2,066196
пуки 5,010635 5,010635
пресса 3,624341 3,624341
пугающем 5,010635 5,010635
правда 2,014903 2,014903
подсела 5,010635 5,010635
дурова 5,010635 5,010635
мефедрона 4,317488 4,317488
заплакала 5,010635 5,010635
ножами 5,010635 5,010635
малышева 5,010635 15,031906
вся 2,612740 5,225480
наука 0,000000 0,000000
