готов 3,401197 3,401197
перемирии 0,076161 0,152323
ру 0,000000 0,000000
банк 0,076161 0,076161
новые 0,000000 0,000000
перемирие 2,931194 2,931194
карты 2,931194 2,931194
телефонном 5,010635 5,010635
заявил 1,098612 1,098612
ситуации 2,014903 2,014903
согласие 0,047791 0,047791
добро 0,013423 0,013423
выражаете 0,047791 0,047791
помощью 0,047791 0,047791
заявлении 5,010635 10,021271
подчеркнул 2,525729 2,525729
конфликт 3,218876 12,875503
предложить 4,317488 4,317488
перемирия 2,445686 2,445686
добра 0,013423 0,026846
человек 1,249435 1,249435
должны 2,066196 2,066196
частности 2,525729 5,051457
перемирию 3,401197 3,401197
фото 0,061875 0,247502
политика 1,576648 1,576648
марина 4,317488 4,317488
осуществлен 4,317488 4,317488
водой 0,061875 0,061875
моментах 5,010635 5,010635
жеста 2,525729 2,525729
начнутся 4,317488 4,317488
взаимном 3,218876 3,218876
технологиймини 0,000000 0,000000
оценивайте 0,047791 0,047791
созвонились 3,912023 3,912023
сотрудничества 3,401197 3,401197
двусторонних 3,912023 3,912023
назвал 1,347074 2,694147
конфиденциальности 0,047791 0,047791
мир 0,000000 0,000000
пройти 2,931194 2,931194
полного 3,624341 3,624341
нажмите 0,000000 0,000000
прекращен 5,010635 5,010635
получайте 0,047791 0,047791
погружайтесь 0,047791 0,047791
бывший 0,000000 0,000000
время 0,762140 0,762140
проблемы 0,076161 0,076161
востоке 3,401197 3,401197
накапливайте 0,047791 0,047791
телефонного 2,066196 2,066196
национальной 2,813411 2,813411
ооо 0,000000 0,000000
деактивирована 0,013423 0,013423
путешествия 0,000000 0,000000
часов 1,643339 1,643339
корме 5,010635 5,010635
также 0,762140 3,048560
структуры 0,000000 0,000000
индии 0,076161 0,076161
кризиса 3,912023 3,912023
хочешь 0,013423 0,013423
нашли 0,000000 0,000000
пляжных 0,097980 0,097980
подчеркивается 5,010635 5,010635
обратил 3,624341 3,624341
обычную 0,013423 0,013423
сильные 2,708050 2,708050
понимания 3,624341 3,624341
украине 1,139434 7,976040
внешность 0,097980 0,097980
сюжетмобилизация 5,010635 5,010635
украинском 0,076161 0,076161
света 0,054808 0,054808
кремля 3,401197 3,401197
начать 2,445686 2,445686
киевского 3,401197 3,401197
часа 2,371578 2,371578
украинской 3,064725 3,064725
курской 1,832581 3,665163
свете 5,010635 5,010635
галереи 0,000000 0,000000
установлением 5,010635 5,010635
мирных 2,525729 2,525729
белоусов 0,076161 0,076161
вдобавок 3,912023 3,912023
контексте 3,218876 3,218876
условиями 0,040822 0,081644
дональд 2,238047 6,714140
усилиями 3,912023 3,912023
шагами 5,010635 5,010635
читайте 0,040822 0,040822
ключевое 5,010635 5,010635
киева 2,612740 2,612740
киеву 2,931194 2,931194
стороны 1,643339 1,643339
байконур 0,097980 0,097980
редакциярекламаконтактыпресс 0,000000 0,000000
всем 1,966113 1,966113
видео 0,000000 0,000000
длился 3,912023 3,912023
помощи 2,302585 4,605170
путина 1,514128 1,514128
американскими 4,317488 4,317488
завершить 4,317488 4,317488
последние 0,090654 0,090654
предрекли 0,076161 0,076161
обсудить 0,456758 0,456758
архив 0,000000 0,000000
среду 2,931194 2,931194
помимо 2,813411 2,813411
сша 0,040822 0,204110
первыми 3,912023 3,912023
лидер 1,919593 1,919593
избежать 3,218876 3,218876
всеполитикаобществопроисшествияконфликтыпреступность 2,014903 2,014903
среда 0,000000 0,000000
раскрытии 0,076161 0,076161
руках 3,401197 3,401197
качестве 2,302585 2,302585
администрации 3,624341 3,624341
скидки 0,047791 0,047791
хоккейные 3,401197 3,401197
постоянного 4,317488 4,317488
эксклюзивы 0,000000 0,000000
российском 0,076161 0,076161
выражайте 0,047791 0,047791
москва 2,302585 2,302585
секрет 2,612740 2,612740
российской 2,014903 2,014903
конфликте 0,076161 0,076161
выразили 4,317488 4,317488
продолжая 0,047791 0,047791
конфликта 1,919593 7,678371
игроки 4,317488 4,317488
достигли 3,624341 3,624341
энергетике 4,317488 8,634976
должен 2,371578 11,857890
дал 2,238047 2,238047
провели 2,066196 4,132393
ноября 2,525729 2,525729
конфиденциальностиправила 0,000000 0,000000
бонусы 0,047791 0,095581
москвы 1,832581 1,832581
политикой 0,047791 0,047791
матчи 3,401197 3,401197
команду 2,708050 2,708050
глуп 5,010635 5,010635
котором 2,238047 2,238047
жильцы 0,076161 0,076161
стабильности 3,912023 3,912023
лидерами 3,912023 3,912023
жизни 0,000000 0,000000
операции 1,714798 1,714798
нужно 1,791759 1,791759
обозначил 3,624341 3,624341
немедленно 5,010635 5,010635
туристку 0,076161 0,076161
это 0,020203 0,040405
энергетической 2,445686 2,445686
украинский 2,612740 5,225480
две 0,033902 0,033902
вашингтон 2,813411 2,813411
ответственности 3,624341 3,624341
мотор 0,000000 0,000000
обменивайте 0,047791 0,047791
начинаться 5,010635 5,010635
отказе 3,064725 3,064725
белого 2,302585 4,605170
уничтожить 3,064725 3,064725
тематику 5,010635 5,010635
новости 0,000000 0,000000
разговора 1,609438 1,609438
войти 0,000000 0,000000
ближнем 4,317488 4,317488
миру 2,371578 2,371578
хорошие 0,013423 0,013423
нхл 3,624341 3,624341
медитации 0,076161 0,076161
наладить 3,912023 3,912023
мире 1,919593 1,919593
мира 1,576648 3,153296
американскому 5,010635 5,010635
уход 0,076161 0,076161
почему 0,899761 0,899761
могли 2,371578 2,371578
обоюдная 5,010635 5,010635
прибыл 0,083382 0,083382
заинтересованность 4,317488 4,317488
области 1,399717 2,799435
спецпроекты 0,000000 0,000000
ответит 3,912023 3,912023
путин 1,203973 13,243701
игры 0,000000 0,000000
техника 0,000000 0,000000
ссср 0,000000 0,000000
состоянии 2,813411 2,813411
трампа 0,054808 0,109616
отвел 0,076161 0,076161
общее 2,931194 2,931194
марта 0,040822 0,163288
против 1,791759 1,791759
континентальной 5,010635 5,010635
главное 0,000000 0,000000
мнение 2,813411 2,813411
реакций 0,047791 0,047791
летнего 0,097980 0,097980
реакции 0,047791 0,047791
мини 0,000000 0,000000
изнасиловал 0,076161 0,076161
распространения 3,401197 3,401197
ближневосточную 5,010635 5,010635
совина 4,317488 4,317488
закончиться 5,010635 5,010635
зеленского 0,068993 0,068993
ключевых 2,931194 2,931194
лента 0,000000 0,000000
другими 2,931194 2,931194
главы 2,302585 6,907755
урегулирования 3,064725 3,064725
нормализации 3,912023 3,912023
диалог 3,064725 3,064725
поддержал 2,525729 5,051457
спорт 0,000000 0,000000
ключевым 3,912023 3,912023
споры 0,097980 0,097980
военной 0,061875 0,123751
четыре 0,040822 0,040822
остановить 2,708050 2,708050
вооружений 4,317488 4,317488
жми 0,013423 0,013423
моментом 5,010635 5,010635
глава 1,643339 1,643339
ленту 0,013423 0,013423
недоговороспособностью 4,317488 4,317488
затопленного 0,076161 0,076161
являются 2,931194 2,931194
взаимодействие 3,624341 3,624341
кхл 3,624341 3,624341
пресс 2,708050 2,708050
россии 0,425668 3,405343
применения 0,000000 0,000000
тяжелораненых 3,218876 3,218876
организовать 3,624341 3,624341
обитания 0,000000 0,000000
ценности 0,000000 0,000000
цели 2,371578 2,371578
полное 3,624341 3,624341
материалам 0,047791 0,047791
лидеры 3,218876 6,437752
вернуться 0,013423 0,013423
ваши 0,047791 0,047791
стратегических 3,401197 3,401197
мирными 5,010635 5,010635
очередь 2,177422 2,177422
российским 0,076161 0,152323
байден 4,317488 4,317488
сво 2,445686 2,445686
российский 1,484275 1,484275
необходимо 2,120264 2,120264
нормализация 4,317488 4,317488
президенту 3,401197 3,401197
прекращения 2,371578 9,486312
давно 2,445686 4,891372
пункты 3,912023 3,912023
доброй 2,525729 2,525729
интернет 0,000000 0,000000
россия 0,000000 0,000000
обратился 0,076161 0,076161
свои 0,027029 0,027029
израиль 5,010635 5,010635
января 1,791759 1,791759
президенты 2,931194 5,862388
гид 0,076161 0,076161
уволит 0,076161 0,076161
необходимость 3,064725 6,129450
дома 0,061875 0,185626
американский 0,061875 0,061875
пола 0,097980 0,097980
проиграет 3,218876 3,218876
третьей 5,010635 5,010635
телефонные 3,064725 3,064725
прекращение 2,813411 8,440232
отношения 2,525729 5,051457
зеленский 1,714798 1,714798
смогут 3,064725 3,064725
двух 1,678431 3,356862
руководства 3,912023 3,912023
миром 5,010635 5,010635
эмоции 0,047791 0,047791
направлений 3,912023 3,912023
зеленским 0,076161 0,076161
указали 3,064725 3,064725
необходимости 3,401197 3,401197
двум 0,076161 0,076161
вызвала 0,097980 0,097980
кризис 3,624341 3,624341
сети 0,090654 0,090654
военнослужащим 0,076161 0,076161
знать 3,401197 3,401197
кроме 1,427116 2,854233
выражена 5,010635 5,010635
пленных 3,624341 3,624341
умен 5,010635 5,010635
обменялись 3,401197 3,401197
войны 1,791759 1,791759
материалы 0,000000 0,000000
депутат 0,076161 0,076161
мобилизацию 3,912023 3,912023
прогресс 0,097980 0,097980
статьи 0,000000 0,000000
ходе 1,791759 1,791759
спектр 3,624341 3,624341
дом 2,014903 2,014903
форме 0,061875 0,061875
отмечается 2,371578 4,743156
культура 0,000000 0,000000
реализации 3,624341 3,624341
пасхе 5,010635 5,010635
добросовестными 3,401197 3,401197
силовые 0,000000 0,000000
иран 3,912023 3,912023
обмен 3,401197 3,401197
дня 0,061875 0,061875
мнениями 3,218876 3,218876
отношений 2,708050 5,416100
мировой 2,445686 2,445686
редактор 0,567984 0,567984
море 2,931194 2,931194
сотрудников 0,076161 0,076161
теме 1,514128 3,028255
сил 1,791759 1,791759
дней 1,791759 3,583519
начались 0,068993 0,068993
оказаться 3,401197 3,401197
согласились 3,218876 3,218876
сторонами 3,912023 3,912023
вооруженных 2,014903 2,014903
рекомендательных 0,000000 0,000000
связанные 3,912023 3,912023
около 1,678431 1,678431
признала 3,912023 3,912023
работает 0,040822 0,040822
служба 3,624341 3,624341
подчеркнули 3,624341 3,624341
увлекательные 0,047791 0,047791
риа 1,272966 1,272966
нормализовать 3,912023 7,824046
технические 3,912023 3,912023
белый 2,525729 2,525729
переговоры 0,054808 0,274041
предложения 3,218876 3,218876
инициативу 3,401197 3,401197
прочного 5,010635 10,021271
маккартни 0,097980 0,097980
забота 0,000000 0,000000
сбер 0,040822 0,040822
пожаловать 0,013423 0,013423
использованияполитика 0,000000 0,000000
перспективы 2,931194 2,931194
трамп 1,484275 14,842748
идею 2,931194 5,862388
воли 2,302585 2,302585
крупный 0,068993 0,068993
которым 2,708050 2,708050
регионам 0,076161 0,076161
знает 2,612740 2,612740
крупным 0,076161 0,076161
российскими 2,813411 2,813411
победа 0,000000 0,000000
странами 3,624341 3,624341
искренними 5,010635 5,010635
обсуждая 5,010635 5,010635
думал 3,401197 3,401197
остались 0,061875 0,061875
президент 1,347074 1,347074
опечатку 0,000000 0,000000
сразу 2,066196 2,066196
сми 0,000000 0,000000
страны 1,455287 1,455287
американской 3,912023 3,912023
ночной 3,912023 3,912023
рады 0,068993 0,068993
ударов 2,302585 4,605170
стран 2,302585 6,907755
лиги 4,317488 8,634976
инфраструктуре 2,445686 4,891372
военным 2,708050 2,708050
место 0,054808 0,054808
выступила 3,401197 3,401197
акции 0,047791 0,047791
соответствующую 3,912023 3,912023
мс 0,097980 0,097980
обращением 5,010635 5,010635
начале 2,177422 2,177422
каковы 4,317488 4,317488
формате 3,624341 3,624341
пленными 2,813411 2,813411
участие 2,612740 2,612740
экономика 0,000000 0,000000
успеха 2,525729 2,525729
государств 3,218876 6,437752
черном 3,064725 3,064725
экономике 3,401197 3,401197
намерен 3,624341 3,624341
обеспечение 5,010635 5,010635
украинского 2,445686 4,891372
преступления 3,624341 3,624341
владимир 1,373049 1,373049
переговоров 1,714798 1,714798
хоккейной 5,010635 10,021271
реальный 0,013423 0,013423
безопасности 2,177422 2,177422
достижения 2,931194 2,931194
всу 1,373049 4,119147
правды 0,068993 0,068993
завершении 3,624341 3,624341
тысячи 0,068993 0,068993
хочет 1,966113 3,932226
предрек 0,076161 0,076161
внимание 2,302585 2,302585
перевооружение 4,317488 4,317488
условие 3,218876 3,218876
городе 0,061875 0,061875
взаимовыгодного 5,010635 5,010635
огня 1,678431 3,356862
возможность 2,066196 2,066196
завершиться 4,317488 4,317488
жителей 1,966113 1,966113
заявили 0,076161 0,076161
передаст 3,064725 3,064725
встречи 2,525729 2,525729
завершения 3,912023 3,912023
принять 3,218876 3,218876
особой 4,317488 4,317488
видеть 0,013423 0,013423
выяснилось 2,371578 2,371578
договорились 2,612740 10,450960
игроками 3,912023 3,912023
наука 0,000000 0,000000
обсудили 2,931194 5,862388
взаимодействовать 3,624341 3,624341
рассматривая 5,010635 5,010635
установления 4,317488 4,317488
