перемирии 0,076161 0,076161
ру 0,000000 0,000000
банк 0,076161 0,076161
лучшая 4,317488 4,317488
данилов 5,010635 25,053176
новые 0,000000 0,000000
называемые 3,912023 3,912023
найти 2,525729 2,525729
юаневые 5,010635 5,010635
переток 5,010635 5,010635
паевые 5,010635 5,010635
сферанедвижимостьгородская 1,966113 1,966113
клиенты 3,912023 3,912023
ситуации 2,014903 2,014903
ставка 5,010635 15,031906
согласие 0,047791 0,047791
добро 0,013423 0,013423
некоторых 2,708050 2,708050
выражаете 0,047791 0,047791
акционеров 3,912023 3,912023
помощью 0,047791 0,047791
ставки 3,624341 25,370387
важным 3,624341 3,624341
готовность 3,218876 3,218876
добра 0,013423 0,026846
человек 1,249435 1,249435
увереннее 4,317488 4,317488
те 1,919593 1,919593
фондов 4,317488 4,317488
фото 0,061875 0,371252
санкций 2,302585 2,302585
полгода 2,612740 5,225480
лет 0,967584 2,902752
использованием 3,624341 3,624341
политике 4,317488 4,317488
такие 2,120264 2,120264
водой 0,061875 0,061875
технологиймини 0,000000 0,000000
оценивайте 0,047791 0,047791
вычеты 5,010635 5,010635
какие 1,875141 3,750282
скачать 5,010635 5,010635
счетами 5,010635 5,010635
возможностей 3,218876 3,218876
кредитной 5,010635 5,010635
складывается 5,010635 5,010635
конфиденциальности 0,047791 0,047791
мир 0,000000 0,000000
технологичный 5,010635 5,010635
нажмите 0,000000 0,000000
мосбирже 5,010635 10,021271
получайте 0,047791 0,047791
мосбиржи 5,010635 10,021271
дивидендная 5,010635 5,010635
погружайтесь 0,047791 0,047791
выбирают 5,010635 5,010635
бывший 0,000000 0,000000
время 0,762140 1,524280
проблемы 0,076161 0,076161
всегосэкономикабизнесрынкикапиталсоциальная 1,966113 1,966113
накапливайте 0,047791 0,047791
полугодии 5,010635 5,010635
позволят 3,912023 3,912023
котировки 5,010635 5,010635
ооо 0,000000 0,000000
деактивирована 0,013423 0,013423
путешествия 0,000000 0,000000
новичкам 5,010635 5,010635
отправится 3,912023 3,912023
также 0,762140 1,524280
структуры 0,000000 0,000000
опытные 3,624341 3,624341
автоследования 5,010635 5,010635
сергей 2,708050 10,832201
индии 0,076161 0,076161
призвал 2,931194 2,931194
хочешь 0,013423 0,013423
вложено 5,010635 5,010635
нашли 0,000000 0,000000
пляжных 0,097980 0,097980
обычную 0,013423 0,013423
легко 2,813411 2,813411
украине 1,139434 1,139434
внешность 0,097980 0,097980
вырасти 3,401197 3,401197
украинском 0,076161 0,076161
света 0,054808 0,054808
миллиона 1,966113 1,966113
начать 2,445686 2,445686
изменение 3,624341 3,624341
первую 2,238047 2,238047
ставок 5,010635 5,010635
доходностью 5,010635 5,010635
полагают 3,912023 3,912023
галереи 0,000000 0,000000
ключевой 4,317488 12,952464
счету 3,624341 3,624341
белоусов 0,076161 0,076161
цб 5,010635 5,010635
счет 2,931194 5,862388
условиями 0,040822 0,081644
банковским 3,624341 7,248682
пошли 3,064725 3,064725
продукты 2,931194 2,931194
могут 1,455287 5,821149
читайте 0,040822 0,040822
байконур 0,097980 0,097980
редакциярекламаконтактыпресс 0,000000 0,000000
дают 2,813411 2,813411
видео 0,000000 0,000000
поддержку 2,813411 2,813411
вперед 2,931194 2,931194
существенный 5,010635 5,010635
пополнять 5,010635 5,010635
доступны 4,317488 8,634976
ликвидности 5,010635 5,010635
говорит 2,014903 4,029806
последние 0,090654 0,090654
предрекли 0,076161 0,076161
оптимальную 5,010635 10,021271
момент 1,714798 5,144395
обсудить 0,456758 0,456758
рассчитывать 3,912023 3,912023
архив 0,000000 0,000000
комфортнее 5,010635 5,010635
геополитический 4,317488 4,317488
фондовый 3,912023 3,912023
текущего 5,010635 5,010635
комбинацию 5,010635 10,021271
клиента 3,624341 3,624341
сша 0,040822 0,081644
конкретного 3,912023 3,912023
среда 0,000000 0,000000
инструментов 3,912023 3,912023
финансовом 4,317488 4,317488
раскрытии 0,076161 0,076161
среди 1,714798 5,144395
скидки 0,047791 0,047791
налог 5,010635 5,010635
эксклюзивы 0,000000 0,000000
российском 0,076161 0,076161
выражайте 0,047791 0,047791
максимума 5,010635 5,010635
конфликте 0,076161 0,076161
климат 1,919593 1,919593
продолжая 0,047791 0,047791
отдельные 3,401197 3,401197
конфликта 1,919593 1,919593
средаклимат 1,966113 1,966113
рынок 2,177422 6,532266
невыразительной 5,010635 5,010635
пика 5,010635 5,010635
отдачу 5,010635 5,010635
конфиденциальностиправила 0,000000 0,000000
дисконт 5,010635 5,010635
бонусы 0,047791 0,095581
политикой 0,047791 0,047791
замещающие 5,010635 5,010635
наоборот 2,813411 2,813411
увеличивать 4,317488 4,317488
жильцы 0,076161 0,076161
фактором 4,317488 4,317488
жизни 0,000000 0,000000
процента 2,813411 2,813411
подытоживает 5,010635 5,010635
достаточно 2,813411 2,813411
вырост 5,010635 5,010635
десятки 2,931194 2,931194
потенциал 3,624341 3,624341
средств 2,931194 2,931194
возможно 2,813411 2,813411
иис 5,010635 5,010635
достигла 4,317488 8,634976
вкладам 3,624341 18,121705
туристку 0,076161 0,076161
это 0,020203 0,121216
миллиарда 3,912023 7,824046
ограничено 5,010635 5,010635
рост 2,302585 4,605170
долгосрочным 5,010635 5,010635
две 0,033902 0,033902
шанса 4,317488 4,317488
снижаются 3,912023 3,912023
вполне 2,813411 2,813411
мотор 0,000000 0,000000
обменивайте 0,047791 0,047791
удачный 5,010635 10,021271
геополитического 5,010635 5,010635
пошел 2,931194 2,931194
новости 0,000000 0,000000
войти 0,000000 0,000000
хорошие 0,013423 0,013423
достиг 3,912023 3,912023
дальше 2,612740 2,612740
инвесторам 5,010635 10,021271
медитации 0,076161 0,076161
первых 2,612740 2,612740
мире 1,919593 1,919593
прибавил 5,010635 5,010635
риску 5,010635 5,010635
вышло 3,912023 3,912023
текущую 5,010635 5,010635
защита 3,912023 3,912023
причем 2,708050 2,708050
уход 0,076161 0,076161
директор 2,612740 2,612740
восстановление 4,317488 4,317488
опытом 3,912023 3,912023
инфляции 5,010635 10,021271
окно 4,317488 4,317488
добавить 3,912023 3,912023
убедились 4,317488 4,317488
умудренным 5,010635 5,010635
прибыл 0,083382 0,083382
готовиться 3,624341 3,624341
инструменты 4,317488 4,317488
значит 3,218876 3,218876
рынке 2,708050 8,124151
спецпроекты 0,000000 0,000000
примеру 3,218876 3,218876
разумно 4,317488 4,317488
феврале 2,525729 2,525729
рынка 2,612740 5,225480
компонентов 4,317488 4,317488
первые 2,371578 2,371578
игры 0,000000 0,000000
эксперты 2,813411 5,626821
вложений 5,010635 10,021271
техника 0,000000 0,000000
ссср 0,000000 0,000000
максимизировать 5,010635 5,010635
корпоративное 5,010635 5,010635
трампа 0,054808 0,054808
предпочтения 3,912023 3,912023
открыть 3,624341 3,624341
самых 1,609438 1,609438
привлекательную 5,010635 5,010635
отвел 0,076161 0,076161
аналитики 5,010635 5,010635
высшем 2,612740 2,612740
общее 2,931194 2,931194
марта 0,040822 0,040822
кредитным 5,010635 5,010635
главное 0,000000 0,000000
сохраняется 5,010635 5,010635
реакций 0,047791 0,047791
летнего 0,097980 0,097980
реакции 0,047791 0,047791
мини 0,000000 0,000000
компаний 2,525729 10,102915
компании 2,014903 2,014903
зафиксировать 4,317488 8,634976
экологияделовой 1,966113 1,966113
охлаждению 4,317488 4,317488
изнасиловал 0,076161 0,076161
инвестиционному 5,010635 5,010635
зеленского 0,068993 0,068993
позволяют 3,624341 7,248682
входят 5,010635 5,010635
уверены 3,624341 3,624341
снижаться 3,624341 7,248682
сильной 4,317488 4,317488
ценные 4,317488 8,634976
лента 0,000000 0,000000
распределить 3,912023 3,912023
урегулирования 3,064725 3,064725
спорт 0,000000 0,000000
отечественных 3,401197 6,802395
потребительское 5,010635 5,010635
месяц 2,525729 2,525729
споры 0,097980 0,097980
последует 5,010635 5,010635
военной 0,061875 0,061875
объем 3,624341 3,624341
четыре 0,040822 0,040822
приложение 3,912023 3,912023
жми 0,013423 0,013423
возможности 2,238047 4,476093
сохранить 2,525729 5,051457
основной 3,624341 3,624341
снижения 3,401197 10,203592
ленту 0,013423 0,013423
советники 5,010635 5,010635
ценных 5,010635 10,021271
затопленного 0,076161 0,076161
индивидуальному 5,010635 5,010635
являются 2,931194 2,931194
фиксировать 4,317488 8,634976
чувствуют 3,912023 3,912023
персональный 5,010635 5,010635
россии 0,425668 2,128339
применения 0,000000 0,000000
готовые 3,912023 3,912023
зарабатывать 3,624341 3,624341
обитания 0,000000 0,000000
ожидания 3,624341 3,624341
ценности 0,000000 0,000000
повышенную 4,317488 4,317488
цели 2,371578 4,743156
облигациями 5,010635 5,010635
рублей 1,514128 3,028255
важно 2,302585 2,302585
материалам 0,047791 0,047791
доходность 5,010635 25,053176
снижение 3,218876 3,218876
вернуться 0,013423 0,013423
ваши 0,047791 0,047791
российским 0,076161 0,076161
процентов 1,875141 7,500564
очередь 2,177422 2,177422
упустить 5,010635 5,010635
инвестора 5,010635 10,021271
российский 1,484275 1,484275
купонные 5,010635 5,010635
обеспечивает 3,401197 3,401197
фондовом 5,010635 5,010635
актуальными 5,010635 5,010635
интернет 0,000000 0,000000
россия 0,000000 0,000000
го 2,302585 2,302585
обратился 0,076161 0,076161
конца 2,708050 2,708050
грамотный 5,010635 5,010635
рассказали 1,919593 1,919593
сокращать 5,010635 5,010635
купоном 5,010635 10,021271
бирже 5,010635 5,010635
свои 0,027029 0,027029
инвестиционных 5,010635 10,021271
платить 3,218876 3,218876
гид 0,076161 0,076161
холдинге 4,317488 4,317488
долю 5,010635 5,010635
уволит 0,076161 0,076161
зашит 5,010635 5,010635
облигациях 5,010635 5,010635
дома 0,061875 0,061875
поступают 5,010635 5,010635
американский 0,061875 0,061875
пола 0,097980 0,097980
сроки 3,064725 3,064725
услуги 4,317488 4,317488
диалога 3,912023 3,912023
роста 2,708050 2,708050
двух 1,678431 1,678431
облигациям 5,010635 5,010635
помогают 2,813411 2,813411
собственные 3,912023 3,912023
российских 1,576648 1,576648
скорее 2,708050 2,708050
проконсультироваться 5,010635 5,010635
инструментах 5,010635 5,010635
первого 2,612740 2,612740
суммарно 5,010635 5,010635
эмоции 0,047791 0,047791
зеленским 0,076161 0,076161
индекс 4,317488 8,634976
пока 1,678431 1,678431
двум 0,076161 0,076161
вызвала 0,097980 0,097980
нередко 5,010635 5,010635
число 2,014903 2,014903
работы 1,455287 1,455287
сети 0,090654 0,181309
военнослужащим 0,076161 0,076161
миллионов 1,791759 1,791759
адекватным 5,010635 5,010635
замедления 5,010635 5,010635
поясняет 4,317488 4,317488
фонды 5,010635 5,010635
щедрых 5,010635 5,010635
доходных 5,010635 5,010635
рекордных 4,317488 4,317488
перешло 4,317488 4,317488
доход 2,931194 5,862388
надежности 5,010635 5,010635
фондового 5,010635 10,021271
случаях 3,401197 3,401197
эмитентов 5,010635 15,031906
материалы 0,000000 0,000000
гунеев 5,010635 5,010635
впереди 3,624341 3,624341
эксперт 2,371578 2,371578
депутат 0,076161 0,076161
облигаций 5,010635 5,010635
облигации 5,010635 30,063812
бизнес 2,612740 2,612740
прогресс 0,097980 0,097980
статьи 0,000000 0,000000
бумаг 5,010635 5,010635
форме 0,061875 0,061875
составляет 3,401197 6,802395
намного 4,317488 4,317488
валютную 5,010635 5,010635
культура 0,000000 0,000000
денежно 5,010635 5,010635
силовые 0,000000 0,000000
банках 5,010635 5,010635
дня 0,061875 0,061875
инвестпортфель 5,010635 10,021271
любое 5,010635 5,010635
хорош 5,010635 5,010635
бумагах 5,010635 5,010635
фиксированным 5,010635 10,021271
демонтажа 5,010635 5,010635
бумаги 4,317488 21,587441
позволяет 2,612740 2,612740
сотрудников 0,076161 0,076161
получить 2,238047 2,238047
многие 1,714798 1,714798
компонент 4,317488 4,317488
дивидендов 5,010635 5,010635
план 3,624341 3,624341
начались 0,068993 0,068993
покупка 5,010635 5,010635
сервис 3,218876 3,218876
долгосрочной 5,010635 5,010635
качеством 5,010635 5,010635
рекомендательных 0,000000 0,000000
около 1,678431 1,678431
разворот 5,010635 5,010635
ловить 4,317488 4,317488
надолго 3,401197 3,401197
работает 0,040822 0,040822
увлекательные 0,047791 0,047791
риа 1,272966 1,272966
бкс 5,010635 25,053176
исключать 4,317488 4,317488
переговоры 0,054808 0,054808
депозитам 5,010635 5,010635
маккартни 0,097980 0,097980
региональной 4,317488 4,317488
забота 0,000000 0,000000
сбер 0,040822 0,040822
брокерский 5,010635 5,010635
пожаловать 0,013423 0,013423
использованияполитика 0,000000 0,000000
перспективы 2,931194 2,931194
ключевая 5,010635 15,031906
бонды 5,010635 5,010635
квартал 5,010635 5,010635
которые 1,181994 3,545982
портфеле 5,010635 5,010635
который 1,272966 1,272966
поэтому 1,966113 1,966113
шаги 3,218876 3,218876
корпоративные 5,010635 5,010635
крупный 0,068993 0,068993
которым 2,708050 2,708050
регионам 0,076161 0,076161
знает 2,612740 2,612740
например 1,791759 1,791759
инвестиций 3,401197 17,005987
крупным 0,076161 0,076161
выпущенные 3,912023 3,912023
перспектива 3,912023 3,912023
признаки 4,317488 4,317488
победа 0,000000 0,000000
подобрать 5,010635 5,010635
перспективе 5,010635 5,010635
постепенное 4,317488 4,317488
надежных 5,010635 5,010635
самой 2,525729 2,525729
корпоративных 5,010635 5,010635
идеи 2,813411 2,813411
динамики 3,912023 3,912023
остались 0,061875 0,061875
сегодня 1,643339 3,286679
взамен 5,010635 5,010635
случае 1,875141 1,875141
улучшить 3,912023 3,912023
опечатку 0,000000 0,000000
самое 2,612740 2,612740
сми 0,000000 0,000000
триллионов 5,010635 5,010635
отмечают 3,401197 3,401197
позитивна 5,010635 5,010635
выплаты 5,010635 5,010635
вниз 3,401197 6,802395
брокерскими 5,010635 5,010635
сбережений 5,010635 5,010635
важен 4,317488 4,317488
геополитика 5,010635 5,010635
налоговые 5,010635 5,010635
рады 0,068993 0,068993
несколько 1,347074 2,694147
место 0,054808 0,054808
решений 3,218876 3,218876
начало 3,624341 3,624341
акции 0,047791 0,238953
акций 3,912023 15,648092
риском 4,317488 4,317488
мс 0,097980 0,097980
годовых 5,010635 5,010635
кредитование 5,010635 5,010635
начали 1,427116 4,281349
свежие 5,010635 5,010635
фона 4,317488 4,317488
улучшения 3,624341 3,624341
начала 1,832581 3,665163
крайне 3,401197 3,401197
стоимости 5,010635 5,010635
фоне 2,813411 2,813411
экономика 0,000000 0,000000
приходится 3,624341 3,624341
каждый 2,066196 2,066196
экономике 3,401197 3,401197
делает 3,401197 3,401197
финансовых 3,912023 3,912023
финансовым 5,010635 5,010635
низким 5,010635 5,010635
советником 5,010635 5,010635
решения 2,302585 2,302585
уровне 2,371578 2,371578
финансовые 4,317488 4,317488
нем 2,371578 2,371578
уровень 2,813411 2,813411
финансовый 3,912023 3,912023
дохода 4,317488 4,317488
физлиц 5,010635 5,010635
реальный 0,013423 0,013423
привлекают 3,624341 3,624341
году 1,373049 1,373049
правды 0,068993 0,068993
тысячи 0,068993 0,068993
активов 3,401197 3,401197
целесообразно 4,317488 4,317488
еврооблигаций 5,010635 5,010635
статистике 5,010635 5,010635
используя 3,401197 3,401197
остается 2,708050 5,416100
порядка 3,064725 3,064725
предрек 0,076161 0,076161
городе 0,061875 0,061875
возможность 2,066196 4,132393
года 0,899761 4,498807
фундаментальную 5,010635 5,010635
диверсификацию 5,010635 5,010635
высоких 3,624341 3,624341
втором 3,912023 3,912023
заявили 0,076161 0,076161
начинается 3,624341 7,248682
повышения 4,317488 4,317488
инвесторов 5,010635 15,031906
своих 2,177422 2,177422
видеть 0,013423 0,013423
очень 1,347074 1,347074
высокие 3,624341 3,624341
наука 0,000000 0,000000
высокий 2,931194 8,793581
подбор 5,010635 5,010635
своим 2,445686 2,445686
второй 2,066196 2,066196
вкладов 5,010635 5,010635
заранее 3,624341 3,624341
