среда 0,000000 0,000000
нашли 0,000000 0,000000
ру 0,000000 0,000000
лента 0,000000 0,000000
новые 0,000000 0,000000
эксклюзивы 0,000000 0,000000
спорт 0,000000 0,000000
экономика 0,000000 0,000000
выйти 2,813411 2,813411
показать 2,708050 2,708050
рекомендательных 0,000000 0,000000
галереи 0,000000 0,000000
спецпроекты 0,000000 0,000000
конфиденциальностиправила 0,000000 0,000000
закладкисберспасибо 5,010635 5,010635
игры 0,000000 0,000000
кабинет 4,317488 4,317488
техника 0,000000 0,000000
ссср 0,000000 0,000000
применения 0,000000 0,000000
жизни 0,000000 0,000000
технологиймини 0,000000 0,000000
забота 0,000000 0,000000
использованияполитика 0,000000 0,000000
обитания 0,000000 0,000000
ценности 0,000000 0,000000
редакциярекламаконтактыпресс 0,000000 0,000000
материалы 0,000000 0,000000
видео 0,000000 0,000000
читателя 5,010635 5,010635
мир 0,000000 0,000000
рекомендациисервисыпрофиль 5,010635 5,010635
нажмите 0,000000 0,000000
статьи 0,000000 0,000000
победа 0,000000 0,000000
главное 0,000000 0,000000
бывший 0,000000 0,000000
культура 0,000000 0,000000
загрузка 3,064725 3,064725
мини 0,000000 0,000000
интернет 0,000000 0,000000
россия 0,000000 0,000000
мотор 0,000000 0,000000
опечатку 0,000000 0,000000
сми 0,000000 0,000000
силовые 0,000000 0,000000
ооо 0,000000 0,000000
архив 0,000000 0,000000
путешествия 0,000000 0,000000
наука 0,000000 0,000000
структуры 0,000000 0,000000
новости 0,000000 0,000000
войти 0,000000 0,000000
