перемирии 0,076161 0,076161
медицинской 5,010635 5,010635
ру 0,000000 0,000000
банк 0,076161 0,076161
девять 3,064725 3,064725
день 1,544899 1,544899
патология 5,010635 5,010635
новые 0,000000 0,000000
реки 4,317488 4,317488
таисия 5,010635 5,010635
заболеваний 4,317488 8,634976
патологии 4,317488 4,317488
жуткие 3,912023 3,912023
поражает 3,401197 3,401197
патологий 5,010635 5,010635
воронцова 5,010635 5,010635
стаж 5,010635 5,010635
кучу 5,010635 5,010635
включение 5,010635 5,010635
согласие 0,047791 0,047791
добро 0,013423 0,013423
расширена 5,010635 5,010635
искусственная 4,317488 12,952464
выражаете 0,047791 0,047791
трясло 5,010635 5,010635
диабетом 5,010635 5,010635
доступ 3,064725 3,064725
помощью 0,047791 0,095581
эпидемия 3,218876 3,218876
людей 1,455287 4,365862
майорова 5,010635 5,010635
чувствовал 3,912023 7,824046
добра 0,013423 0,026846
человек 1,249435 4,997741
должны 2,066196 2,066196
словам 1,272966 3,818897
месяцев 2,708050 2,708050
заболевание 3,912023 11,736069
те 1,919593 1,919593
концентрация 5,010635 5,010635
е 3,401197 3,401197
фото 0,061875 0,309377
силы 2,177422 2,177422
лет 0,967584 1,935168
болезнями 5,010635 5,010635
л 5,010635 5,010635
появилась 2,445686 2,445686
поставили 3,912023 3,912023
вплоть 3,624341 3,624341
долгие 4,317488 8,634976
такие 2,120264 2,120264
водой 0,061875 0,061875
санкт 3,218876 6,437752
ухудшение 3,912023 3,912023
относятся 4,317488 4,317488
технологиймини 0,000000 0,000000
оценивайте 0,047791 0,047791
медикаментам 4,317488 4,317488
редкость 5,010635 5,010635
фиброз 5,010635 5,010635
предпосылок 5,010635 5,010635
стикс 5,010635 5,010635
каким 2,525729 2,525729
пор 2,238047 2,238047
мальгавко 5,010635 5,010635
диагноз 5,010635 5,010635
пятое 5,010635 5,010635
пожилые 5,010635 5,010635
почки 5,010635 10,021271
конфиденциальности 0,047791 0,047791
жителю 5,010635 5,010635
мир 0,000000 0,000000
понимают 4,317488 4,317488
лекарства 3,912023 11,736069
льготе 5,010635 5,010635
креатинина 5,010635 10,021271
нажмите 0,000000 0,000000
необходимым 5,010635 5,010635
протекает 5,010635 10,021271
получайте 0,047791 0,047791
житель 4,317488 4,317488
своем 1,919593 1,919593
слабость 5,010635 15,031906
погосовой 5,010635 5,010635
деле 2,238047 2,238047
погружайтесь 0,047791 0,047791
обосновать 5,010635 5,010635
слишком 2,371578 2,371578
сморщиваются 5,010635 5,010635
бывший 0,000000 0,000000
время 0,762140 2,286420
проблемы 0,076161 0,533130
стадиях 5,010635 10,021271
накапливайте 0,047791 0,047791
единственные 5,010635 5,010635
ооо 0,000000 0,000000
деактивирована 0,013423 0,013423
крови 2,931194 14,655969
путешествия 0,000000 0,000000
хроническая 5,010635 10,021271
часов 1,643339 3,286679
отдела 0,579818 0,579818
данным 2,014903 2,014903
петербурга 3,912023 7,824046
недуге 5,010635 5,010635
мощным 5,010635 5,010635
проблема 3,064725 3,064725
режим 2,931194 2,931194
главных 2,445686 2,445686
развивается 5,010635 5,010635
также 0,762140 2,286420
нефрологи 5,010635 10,021271
почками 3,401197 17,005987
структуры 0,000000 0,000000
параллельмоя 2,177422 2,177422
индии 0,076161 0,076161
диализа 5,010635 5,010635
хочешь 0,013423 0,013423
нашли 0,000000 0,000000
пляжных 0,097980 0,097980
одной 1,514128 3,028255
одном 2,525729 2,525729
диагностируется 5,010635 5,010635
обычную 0,013423 0,013423
девятом 5,010635 5,010635
реанимации 3,401197 6,802395
внешность 0,097980 0,097980
рассказывает 2,612740 2,612740
успокоиться 5,010635 5,010635
диализу 5,010635 5,010635
украинском 0,076161 0,076161
света 0,054808 0,109616
чудодейственным 5,010635 5,010635
часа 2,371578 2,371578
однажды 3,624341 3,624341
ковида 5,010635 5,010635
глюкозы 5,010635 10,021271
здравоохранения 4,317488 8,634976
прежнему 3,064725 3,064725
галереи 0,000000 0,000000
отсутствие 3,401197 3,401197
международного 3,912023 3,912023
редкие 4,317488 4,317488
подбирать 4,317488 4,317488
белоусов 0,076161 0,076161
карману 5,010635 5,010635
задача 3,912023 3,912023
хотя 2,445686 2,445686
делают 4,317488 4,317488
однако 1,249435 2,498870
почка 5,010635 20,042541
условиями 0,040822 0,081644
почечные 5,010635 5,010635
подробности 2,238047 2,238047
тяжелые 3,401197 3,401197
полчаса 3,912023 3,912023
могут 1,455287 2,910574
читайте 0,040822 0,040822
чувствую 3,624341 3,624341
относится 3,401197 3,401197
выявлять 5,010635 10,021271
байконур 0,097980 0,097980
редакциярекламаконтактыпресс 0,000000 0,000000
революция 4,317488 4,317488
снижает 4,317488 4,317488
всей 2,238047 2,238047
узнает 3,401197 3,401197
входит 3,624341 3,624341
стационара 5,010635 10,021271
видео 0,000000 0,000000
председателя 3,401197 3,401197
высокая 3,912023 3,912023
выявить 5,010635 5,010635
врачей 3,218876 3,218876
евдокимова 5,010635 5,010635
перечисляет 5,010635 5,010635
препаратов 3,912023 11,736069
лишь 2,238047 4,476093
объясняет 3,218876 6,437752
проживает 5,010635 5,010635
заявку 3,912023 3,912023
фгбу 5,010635 5,010635
нему 3,218876 3,218876
говорит 2,014903 6,044709
кстати 3,401197 3,401197
эффективные 5,010635 5,010635
последние 0,090654 0,181309
предрекли 0,076161 0,076161
часто 2,525729 10,102915
обсудить 0,456758 0,456758
некоторые 2,445686 2,445686
архив 0,000000 0,000000
препараты 3,624341 3,624341
пациентов 5,010635 5,010635
таблетки 5,010635 5,010635
больных 4,317488 4,317488
своевременно 3,912023 3,912023
сша 0,040822 0,040822
разбитым 5,010635 5,010635
процесс 2,931194 2,931194
судороги 4,317488 4,317488
больничном 5,010635 5,010635
питался 5,010635 10,021271
злоупотреблять 5,010635 5,010635
выше 3,064725 3,064725
пересдавал 5,010635 5,010635
помогут 3,912023 3,912023
артериальное 5,010635 5,010635
среда 0,000000 0,000000
делать 1,966113 1,966113
взрослых 3,218876 3,218876
раскрытии 0,076161 0,076161
белка 5,010635 5,010635
скидки 0,047791 0,047791
российское 3,401197 3,401197
специфических 5,010635 5,010635
травматичные 5,010635 5,010635
берегу 3,912023 3,912023
живет 3,218876 3,218876
эксклюзивы 0,000000 0,000000
российском 0,076161 0,076161
выражайте 0,047791 0,047791
качество 3,401197 3,401197
комплексно 5,010635 5,010635
чужим 5,010635 5,010635
врач 2,445686 2,445686
выписки 5,010635 5,010635
интернете 3,401197 3,401197
конфликте 0,076161 0,076161
чреваты 5,010635 5,010635
хбп 5,010635 5,010635
продолжая 0,047791 0,047791
эта 2,120264 4,240527
переболел 5,010635 5,010635
затормозить 5,010635 5,010635
деньги 2,014903 2,014903
лице 4,317488 4,317488
тасс 2,371578 2,371578
значимых 5,010635 5,010635
проблемными 5,010635 5,010635
нефрологии 5,010635 10,021271
конфиденциальностиправила 0,000000 0,000000
бонусы 0,047791 0,095581
почек 4,317488 64,762322
политикой 0,047791 0,047791
жильцы 0,076161 0,076161
жизни 0,000000 0,000000
решать 4,317488 4,317488
умирают 5,010635 5,010635
показал 3,624341 3,624341
нужно 1,791759 1,791759
симптомов 5,010635 15,031906
усыхают 5,010635 5,010635
группе 3,218876 3,218876
питаться 4,317488 4,317488
раньше 2,371578 7,114734
действуют 5,010635 5,010635
медицинских 3,912023 3,912023
группа 2,813411 5,626821
погосова 5,010635 10,021271
туристку 0,076161 0,076161
это 0,020203 0,242432
четырехлетний 5,010635 5,010635
гулять 5,010635 5,010635
скрытно 5,010635 15,031906
большинство 2,708050 5,416100
факторов 3,912023 3,912023
рост 2,302585 2,302585
длилась 5,010635 5,010635
группой 3,624341 3,624341
научно 4,317488 4,317488
шлаков 5,010635 5,010635
этих 2,371578 2,371578
две 0,033902 0,033902
половины 5,010635 5,010635
мотор 0,000000 0,000000
обменивайте 0,047791 0,047791
искал 3,912023 7,824046
осталась 3,624341 3,624341
инфаркта 3,912023 3,912023
замечает 4,317488 4,317488
жизнь 1,544899 3,089799
ковидом 5,010635 5,010635
используется 5,010635 5,010635
диабет 4,317488 4,317488
пошел 2,931194 2,931194
новости 0,000000 0,000000
войти 0,000000 0,000000
кардиологии 5,010635 5,010635
статинов 5,010635 5,010635
хорошие 0,013423 0,013423
каждого 3,218876 12,875503
россиянам 2,525729 2,525729
медитации 0,076161 0,076161
питьевой 4,317488 4,317488
возраст 3,912023 3,912023
доведет 5,010635 5,010635
лекарств 3,401197 3,401197
пенициллина 5,010635 5,010635
мира 1,576648 1,576648
терапевту 4,317488 4,317488
причем 2,708050 2,708050
считать 2,445686 2,445686
нефропротекторы 5,010635 5,010635
включить 5,010635 5,010635
уход 0,076161 0,076161
хорошего 3,401197 3,401197
почему 0,899761 1,799523
наблюдалась 4,317488 4,317488
профилактики 4,317488 4,317488
мкмоль 5,010635 5,010635
диабетическая 5,010635 5,010635
добавить 3,912023 3,912023
государственной 3,624341 3,624341
прибыл 0,083382 0,083382
подозревают 5,010635 5,010635
анализа 5,010635 10,021271
значит 3,218876 6,437752
программа 3,624341 3,624341
спецпроекты 0,000000 0,000000
профилактике 4,317488 4,317488
болезни 3,064725 18,388351
танк 3,912023 3,912023
помогает 3,218876 3,218876
очищают 5,010635 5,010635
программу 3,912023 3,912023
болезнь 4,317488 30,222417
список 2,708050 5,416100
игры 0,000000 0,000000
эксперты 2,813411 5,626821
продавались 4,317488 4,317488
техника 0,000000 0,000000
ссср 0,000000 0,000000
продлить 3,624341 3,624341
методы 3,912023 3,912023
узнают 5,010635 10,021271
программы 3,218876 3,218876
пять 1,576648 1,576648
норма 5,010635 5,010635
нефропротектором 5,010635 5,010635
анализы 5,010635 10,021271
трампа 0,054808 0,054808
практически 2,525729 5,051457
ошибка 5,010635 5,010635
летального 4,317488 4,317488
смертности 5,010635 5,010635
недорогие 5,010635 5,010635
приезжает 5,010635 5,010635
целевой 5,010635 5,010635
норме 5,010635 5,010635
бегал 4,317488 8,634976
наблюдательного 5,010635 5,010635
отвел 0,076161 0,076161
распространенность 5,010635 5,010635
поры 5,010635 5,010635
происходит 2,014903 2,014903
ртутного 5,010635 5,010635
марта 0,040822 0,040822
именно 1,875141 1,875141
другие 1,714798 1,714798
общество 2,612740 5,225480
главное 0,000000 0,000000
общем 3,401197 3,401197
масштабе 5,010635 5,010635
риска 3,218876 3,218876
реакций 0,047791 0,047791
летнего 0,097980 0,097980
большие 2,813411 2,813411
реакции 0,047791 0,047791
событий 2,708050 2,708050
общества 3,218876 3,218876
прогрессирует 4,317488 4,317488
мини 0,000000 0,000000
других 1,576648 1,576648
активным 3,912023 3,912023
наблюдали 4,317488 4,317488
состоянию 3,218876 3,218876
привыкнуть 5,010635 5,010635
трансплантация 5,010635 15,031906
состояния 3,624341 3,624341
неделю 3,401197 6,802395
изнасиловал 0,076161 0,076161
стоит 1,791759 1,791759
образом 2,066196 2,066196
неспецифичны 5,010635 5,010635
выписали 4,317488 4,317488
директора 4,317488 4,317488
приводит 3,401197 3,401197
зеленского 0,068993 0,068993
направили 3,912023 3,912023
гватемала 5,010635 5,010635
болезней 3,912023 7,824046
определение 5,010635 5,010635
утверждают 3,912023 3,912023
лента 0,000000 0,000000
длится 3,401197 3,401197
хронически 5,010635 5,010635
спорт 0,000000 0,000000
прошлом 3,624341 7,248682
споры 0,097980 0,097980
военной 0,061875 0,061875
четыре 0,040822 0,081644
всемирную 5,010635 5,010635
жми 0,013423 0,013423
аппарате 5,010635 5,010635
сигареты 3,912023 7,824046
отеки 5,010635 5,010635
чазова 5,010635 5,010635
пятая 4,317488 4,317488
осени 4,317488 4,317488
сбор 3,912023 3,912023
моче 4,317488 4,317488
само 3,624341 3,624341
правило 3,401197 3,401197
гранина 5,010635 5,010635
нестероидные 5,010635 5,010635
появились 1,875141 1,875141
терминальной 5,010635 5,010635
ленту 0,013423 0,013423
затопленного 0,076161 0,076161
накопившихся 5,010635 5,010635
остаются 3,064725 3,064725
проблемах 2,445686 2,445686
объяснения 4,317488 4,317488
ленты 1,678431 1,678431
давление 2,813411 14,067054
россии 0,425668 0,851336
применения 0,000000 0,000000
обезболивающие 5,010635 5,010635
альтернативные 3,912023 3,912023
обитания 0,000000 0,000000
наша 3,912023 3,912023
ценности 0,000000 0,000000
высокое 3,912023 7,824046
первая 2,371578 2,371578
поможет 3,401197 3,401197
материалам 0,047791 0,047791
шило 4,317488 21,587441
стремиться 3,912023 3,912023
мужчин 2,371578 2,371578
популярного 3,912023 3,912023
анализов 5,010635 5,010635
диагностике 5,010635 5,010635
вернуться 0,013423 0,013423
ваши 0,047791 0,047791
российским 0,076161 0,076161
процентов 1,875141 3,750282
случайная 5,010635 5,010635
свободно 4,317488 4,317488
пациентам 4,317488 4,317488
предлагают 4,317488 4,317488
диагностика 5,010635 5,010635
симптомы 4,317488 8,634976
необходимо 2,120264 2,120264
постоянная 4,317488 4,317488
пациент 5,010635 5,010635
соблюдать 3,912023 3,912023
человека 2,177422 4,354844
профессора 3,401197 3,401197
своему 3,624341 3,624341
просто 1,678431 1,678431
профессор 4,317488 8,634976
снижать 4,317488 4,317488
интернет 0,000000 0,000000
россия 0,000000 0,000000
настоящая 3,624341 3,624341
функции 3,912023 3,912023
обратился 0,076161 0,076161
лечить 3,912023 7,824046
шесть 2,525729 2,525729
выписанные 5,010635 5,010635
доктора 3,912023 3,912023
замечают 5,010635 5,010635
свои 0,027029 0,027029
столба 5,010635 5,010635
россиянина 3,064725 12,258901
поверил 5,010635 5,010635
гид 0,076161 0,076161
европе 2,813411 2,813411
злоупотреблял 4,317488 4,317488
причине 5,010635 5,010635
работе 1,791759 1,791759
уволит 0,076161 0,076161
повышенное 5,010635 10,021271
органы 3,912023 3,912023
дома 0,061875 0,061875
словно 4,317488 4,317488
правильно 2,813411 8,440232
американский 0,061875 0,061875
пола 0,097980 0,097980
героиня 5,010635 5,010635
добивается 4,317488 4,317488
нефрологов 5,010635 10,021271
недооценивали 5,010635 5,010635
способствующих 5,010635 5,010635
причины 2,612740 2,612740
другом 2,931194 2,931194
двух 1,678431 1,678431
влияют 3,218876 3,218876
десятого 3,624341 14,497364
тяжело 2,931194 2,931194
процедуры 4,317488 8,634976
скорее 2,708050 8,124151
терапия 5,010635 5,010635
виды 4,317488 4,317488
эмоции 0,047791 0,047791
зеленским 0,076161 0,076161
подписей 5,010635 5,010635
пока 1,678431 1,678431
двум 0,076161 0,076161
вызвала 0,097980 0,097980
встречается 5,010635 5,010635
очищает 5,010635 5,010635
гемодиализе 5,010635 5,010635
сети 0,090654 0,090654
военнослужащим 0,076161 0,076161
миллионов 1,791759 3,583519
произошел 3,912023 3,912023
артериальная 5,010635 5,010635
требуется 3,401197 3,401197
принимают 3,912023 3,912023
неправильно 5,010635 5,010635
кроме 1,427116 1,427116
доцента 5,010635 5,010635
остальные 3,624341 3,624341
ассоциации 3,624341 3,624341
умер 2,708050 2,708050
хроническими 4,317488 4,317488
каждая 3,624341 3,624341
пациенты 5,010635 10,021271
материалы 0,000000 0,000000
гемодиализ 5,010635 10,021271
российского 1,484275 1,484275
впереди 3,624341 3,624341
депутат 0,076161 0,076161
прогресс 0,097980 0,097980
статьи 0,000000 0,000000
марафона 5,010635 5,010635
похудения 3,912023 3,912023
больницу 3,401197 3,401197
тактики 5,010635 5,010635
многими 5,010635 5,010635
форме 0,061875 0,061875
составляет 3,401197 3,401197
материале 2,120264 2,120264
включая 3,064725 3,064725
культура 0,000000 0,000000
настоящее 3,624341 3,624341
силовые 0,000000 0,000000
врачи 3,064725 3,064725
валерий 3,912023 7,824046
несмотря 2,120264 6,360791
всемирной 4,317488 4,317488
сахарным 5,010635 5,010635
тысяч 1,427116 1,427116
пройдет 2,931194 2,931194
дня 0,061875 0,061875
артериального 4,317488 4,317488
аптеках 5,010635 5,010635
социально 5,010635 5,010635
осложнений 5,010635 5,010635
современных 3,624341 3,624341
валерия 3,624341 3,624341
протекать 5,010635 5,010635
аналитической 5,010635 5,010635
сахарный 5,010635 5,010635
ранних 4,317488 8,634976
многим 3,218876 3,218876
нефролог 4,317488 4,317488
редактор 0,567984 0,567984
позволяет 2,612740 2,612740
сотрудников 0,076161 0,076161
получить 2,238047 2,238047
многие 1,714798 3,429597
выявления 5,010635 5,010635
начались 0,068993 0,068993
съедает 5,010635 5,010635
призвана 4,317488 4,317488
аппаратом 5,010635 5,010635
явных 5,010635 10,021271
низкое 5,010635 5,010635
следить 3,401197 3,401197
сих 2,302585 2,302585
рекомендательных 0,000000 0,000000
мгмсу 5,010635 5,010635
работает 0,040822 0,040822
увлекательные 0,047791 0,047791
риа 1,272966 2,545931
революцией 5,010635 5,010635
заместителя 3,912023 3,912023
анализ 5,010635 5,010635
вроде 3,064725 3,064725
прорыв 3,624341 3,624341
алкоголем 3,912023 3,912023
переговоры 0,054808 0,054808
антибиотиков 5,010635 5,010635
россиян 1,714798 1,714798
противовоспалительные 5,010635 5,010635
раза 2,525729 2,525729
ежедневно 3,624341 3,624341
инициативу 3,401197 3,401197
времени 1,919593 1,919593
поздно 3,218876 3,218876
маккартни 0,097980 0,097980
упаковка 5,010635 5,010635
лечение 4,317488 4,317488
совета 2,445686 2,445686
отрицания 5,010635 5,010635
забота 0,000000 0,000000
сбер 0,040822 0,040822
является 1,966113 3,932226
пожаловать 0,013423 0,013423
использованияполитика 0,000000 0,000000
лечении 3,912023 3,912023
стараться 4,317488 4,317488
диализ 4,317488 8,634976
которые 1,181994 3,545982
нервозность 4,317488 4,317488
который 1,272966 1,272966
постоянный 3,218876 3,218876
поэтому 1,966113 1,966113
органами 3,218876 3,218876
наталья 3,401197 3,401197
крупный 0,068993 0,068993
идет 2,177422 2,177422
никаких 2,813411 2,813411
регионам 0,076161 0,076161
например 1,791759 3,583519
спал 5,010635 5,010635
крупным 0,076161 0,076161
советуют 4,317488 4,317488
нмицк 5,010635 5,010635
победа 0,000000 0,000000
семаглутид 5,010635 5,010635
самом 2,014903 2,014903
открытием 5,010635 5,010635
думал 3,401197 6,802395
россияне 1,919593 1,919593
стране 2,177422 2,177422
остались 0,061875 0,061875
страна 1,714798 3,429597
нарушаются 5,010635 5,010635
считают 3,064725 3,064725
обязательной 5,010635 5,010635
опечатку 0,000000 0,000000
той 2,931194 2,931194
самое 2,612740 2,612740
случаи 4,317488 4,317488
сразу 2,066196 2,066196
сми 0,000000 0,000000
лекарствами 5,010635 5,010635
инфаркт 5,010635 10,021271
профилактической 5,010635 5,010635
страны 1,455287 1,455287
пытаюсь 5,010635 5,010635
системным 5,010635 5,010635
мероприятиях 5,010635 5,010635
случая 4,317488 4,317488
случаю 4,317488 4,317488
рады 0,068993 0,068993
создание 2,813411 2,813411
долгое 3,624341 3,624341
лечения 3,401197 3,401197
наны 5,010635 5,010635
иван 3,064725 9,194175
несколько 1,347074 4,041221
мм 5,010635 10,021271
место 0,054808 0,054808
примерно 2,813411 5,626821
акции 0,047791 0,047791
десяти 3,624341 3,624341
очистки 4,317488 4,317488
утрам 5,010635 10,021271
весом 4,317488 4,317488
оптимальный 5,010635 5,010635
мс 0,097980 0,097980
исходе 5,010635 5,010635
развитию 3,912023 3,912023
необратим 5,010635 5,010635
получилось 3,912023 3,912023
переместится 5,010635 5,010635
сидел 4,317488 8,634976
экономика 0,000000 0,000000
подала 3,624341 3,624341
совершенно 2,813411 2,813411
центре 2,525729 2,525729
осложнениями 5,010635 5,010635
хронической 5,010635 10,021271
анна 3,912023 3,912023
организацию 3,912023 3,912023
безусловно 2,708050 2,708050
нана 5,010635 5,010635
которая 1,875141 3,750282
кровь 3,624341 7,248682
страдающих 4,317488 4,317488
сонливость 5,010635 5,010635
называют 2,931194 2,931194
манипуляции 5,010635 5,010635
искусственной 5,010635 5,010635
организации 2,708050 2,708050
организаций 4,317488 4,317488
дорогие 4,317488 8,634976
отсутствуют 5,010635 5,010635
ранней 4,317488 4,317488
независимо 5,010635 5,010635
поддерживают 5,010635 5,010635
подчеркивает 3,912023 11,736069
количество 1,966113 1,966113
мочевины 4,317488 4,317488
уровень 2,813411 8,440232
гипертония 5,010635 15,031906
либо 1,919593 3,839186
беспокоит 5,010635 5,010635
исхода 3,912023 3,912023
годы 2,302585 4,605170
реальный 0,013423 0,013423
месте 2,371578 2,371578
редко 3,624341 3,624341
треть 5,010635 5,010635
пойдет 3,624341 7,248682
тревога 4,317488 4,317488
сосуды 3,912023 7,824046
инвалидности 5,010635 5,010635
году 1,373049 2,746098
правды 0,068993 0,068993
облегчит 5,010635 5,010635
молодой 3,218876 6,437752
тысячи 0,068993 0,068993
диспансеризации 5,010635 10,021271
статистика 4,317488 4,317488
нефротоксичными 5,010635 5,010635
возрасте 3,064725 3,064725
кафедры 3,912023 3,912023
давления 3,064725 6,129450
сравнила 4,317488 4,317488
предрек 0,076161 0,076161
принимать 3,912023 3,912023
распространенное 5,010635 5,010635
оказалась 2,302585 2,302585
алексей 1,919593 1,919593
нефропатия 5,010635 5,010635
статистику 5,010635 10,021271
гипертонии 5,010635 5,010635
городе 0,061875 0,061875
уровня 3,401197 6,802395
болел 4,317488 4,317488
генерального 4,317488 4,317488
года 0,899761 1,799523
рассосется 5,010635 5,010635
стадии 3,912023 7,824046
ивана 5,010635 5,010635
следует 2,302585 2,302585
жителей 1,966113 1,966113
заявили 0,076161 0,076161
бюджета 5,010635 5,010635
принять 3,218876 3,218876
постоянно 2,525729 5,051457
сериала 3,401197 3,401197
ногах 3,624341 7,248682
видеть 0,013423 0,013423
очень 1,347074 2,694147
выяснилось 2,371578 2,371578
минздрава 4,317488 4,317488
ивану 5,010635 5,010635
наука 0,000000 0,000000
стадия 5,010635 10,021271
