получила 3,401197 3,401197
перемирии 0,076161 0,076161
слух 5,010635 5,010635
ру 0,000000 0,000000
банк 0,076161 0,076161
инстанции 4,317488 4,317488
новые 0,000000 0,000000
креста 5,010635 5,010635
согласие 0,047791 0,047791
добро 0,013423 0,013423
разрушен 5,010635 5,010635
выражаете 0,047791 0,047791
воду 3,401197 3,401197
помощью 0,047791 0,095581
контролируемым 5,010635 5,010635
людей 1,455287 1,455287
обратно 3,401197 3,401197
помощь 2,177422 2,177422
одни 3,624341 3,624341
сообщил 1,791759 1,791759
таких 2,177422 2,177422
добра 0,013423 0,026846
должны 2,066196 2,066196
словам 1,272966 3,818897
встретятся 3,912023 3,912023
фото 0,061875 0,185626
полгода 2,612740 2,612740
связь 2,813411 5,626821
водой 0,061875 0,061875
осколочную 5,010635 5,010635
раздался 5,010635 5,010635
технологиймини 0,000000 0,000000
нога 5,010635 5,010635
оценивайте 0,047791 0,047791
область 2,238047 4,476093
тяжелым 3,401197 6,802395
вторжения 3,912023 7,824046
населенным 4,317488 4,317488
корреспондентом 4,317488 4,317488
конфиденциальности 0,047791 0,047791
перевезти 5,010635 5,010635
войсками 3,624341 3,624341
мир 0,000000 0,000000
жившего 5,010635 5,010635
нажмите 0,000000 0,000000
получайте 0,047791 0,047791
пунктом 3,912023 3,912023
километрах 3,912023 3,912023
погружайтесь 0,047791 0,047791
бывший 0,000000 0,000000
время 0,762140 1,524280
проблемы 0,076161 0,076161
жители 2,302585 2,302585
накапливайте 0,047791 0,047791
курскую 3,624341 7,248682
ооо 0,000000 0,000000
ранен 3,912023 3,912023
деактивирована 0,013423 0,013423
путешествия 0,000000 0,000000
отдела 0,579818 0,579818
данным 2,014903 2,014903
обеспечены 5,010635 5,010635
новым 2,708050 2,708050
территории 1,919593 1,919593
также 0,762140 2,286420
структуры 0,000000 0,000000
параллельмоя 2,177422 2,177422
индии 0,076161 0,076161
бойцы 2,525729 7,577186
призвал 2,931194 2,931194
хочешь 0,013423 0,013423
нашли 0,000000 0,000000
пляжных 0,097980 0,097980
родственников 3,624341 3,624341
билась 5,010635 5,010635
задачу 3,624341 3,624341
обычную 0,013423 0,013423
сильные 2,708050 2,708050
украине 1,139434 3,418303
внешность 0,097980 0,097980
снова 2,813411 11,253643
территорию 2,612740 2,612740
прилет 5,010635 5,010635
сначала 2,445686 4,891372
украину 2,302585 6,907755
украинском 0,076161 0,076161
света 0,054808 0,054808
своего 2,238047 2,238047
украины 1,021651 2,043302
курской 1,832581 10,995489
курском 3,064725 3,064725
питанием 5,010635 5,010635
галереи 0,000000 0,000000
белоусов 0,076161 0,076161
однако 1,249435 3,748306
условиями 0,040822 0,081644
минобороны 1,966113 1,966113
могут 1,455287 1,455287
читайте 0,040822 0,040822
помогала 3,912023 3,912023
получил 2,120264 4,240527
тишина 5,010635 5,010635
потерял 3,218876 3,218876
байконур 0,097980 0,097980
родные 3,624341 3,624341
прооперировали 5,010635 10,021271
редакциярекламаконтактыпресс 0,000000 0,000000
дают 2,813411 2,813411
видео 0,000000 0,000000
десятков 3,912023 3,912023
нескольких 2,708050 2,708050
бойцами 4,317488 4,317488
последние 0,090654 0,090654
предрекли 0,076161 0,076161
вернулись 3,401197 3,401197
обсудить 0,456758 0,456758
плену 4,317488 4,317488
последним 3,624341 3,624341
помочь 2,708050 2,708050
архив 0,000000 0,000000
эвакуация 4,317488 8,634976
сша 0,040822 0,040822
лидер 1,919593 3,839186
властей 2,931194 2,931194
района 4,317488 8,634976
отписки 5,010635 5,010635
среда 0,000000 0,000000
раскрытии 0,076161 0,076161
скидки 0,047791 0,047791
эксклюзивы 0,000000 0,000000
российском 0,076161 0,076161
выражайте 0,047791 0,047791
нейрохирург 5,010635 5,010635
зрение 4,317488 4,317488
российской 2,014903 2,014903
конфликте 0,076161 0,076161
продолжая 0,047791 0,047791
армии 2,612740 2,612740
интернету 4,317488 4,317488
длиной 4,317488 4,317488
утром 2,612740 7,838220
конфиденциальностиправила 0,000000 0,000000
бонусы 0,047791 0,095581
политикой 0,047791 0,047791
жильцы 0,076161 0,076161
жизни 0,000000 0,000000
операции 1,714798 3,429597
подразделений 5,010635 5,010635
находилась 5,010635 5,010635
нужно 1,791759 1,791759
украинских 1,919593 1,919593
красного 5,010635 5,010635
украинским 2,813411 2,813411
обращение 4,317488 4,317488
туристку 0,076161 0,076161
это 0,020203 0,040405
украинские 2,525729 2,525729
войск 2,931194 2,931194
украинский 2,612740 2,612740
бойцам 3,912023 3,912023
две 0,033902 0,033902
мотор 0,000000 0,000000
обменивайте 0,047791 0,047791
оперативной 2,177422 2,177422
номера 5,010635 5,010635
начнется 3,401197 3,401197
жизнь 1,544899 1,544899
сдаться 3,624341 3,624341
атакующих 5,010635 5,010635
брат 4,317488 4,317488
новости 0,000000 0,000000
войти 0,000000 0,000000
связались 5,010635 5,010635
хорошие 0,013423 0,013423
медитации 0,076161 0,076161
первых 2,612740 2,612740
оказывают 4,317488 4,317488
вывезенные 5,010635 5,010635
судьбе 4,317488 8,634976
выполняют 3,401197 3,401197
судьба 3,218876 3,218876
годом 3,401197 3,401197
память 3,401197 3,401197
увидела 3,401197 3,401197
сошла 5,010635 5,010635
сестры 3,624341 3,624341
уход 0,076161 0,076161
почему 0,899761 0,899761
обстрела 5,010635 5,010635
власти 1,919593 1,919593
идут 2,525729 2,525729
жив 4,317488 12,952464
прибыл 0,083382 0,083382
области 1,399717 8,398304
спецпроекты 0,000000 0,000000
мостом 4,317488 4,317488
отрядов 5,010635 5,010635
путин 1,203973 1,203973
ребята 3,064725 3,064725
первые 2,371578 4,743156
ночь 2,708050 2,708050
эвакуироваться 5,010635 5,010635
игры 0,000000 0,000000
февраля 1,272966 1,272966
техника 0,000000 0,000000
ссср 0,000000 0,000000
трампа 0,054808 0,054808
минут 2,445686 2,445686
практически 2,525729 2,525729
кисть 4,317488 4,317488
подвал 3,624341 7,248682
отвел 0,076161 0,076161
марта 0,040822 0,326576
общество 2,612740 2,612740
главное 0,000000 0,000000
потеряла 3,624341 7,248682
хуторе 5,010635 10,021271
реакций 0,047791 0,047791
летнего 0,097980 0,293941
реакции 0,047791 0,047791
находятся 2,708050 5,416100
мини 0,000000 0,000000
подтвердило 5,010635 5,010635
изнасиловал 0,076161 0,076161
оккупацией 5,010635 5,010635
гарантированы 4,317488 4,317488
пережили 4,317488 4,317488
зеленского 0,068993 0,068993
ленте 2,931194 2,931194
лента 0,000000 0,000000
ранение 5,010635 10,021271
штурм 3,912023 3,912023
спорт 0,000000 0,000000
споры 0,097980 0,097980
окружения 3,064725 3,064725
сумах 3,401197 6,802395
военной 0,061875 0,061875
четыре 0,040822 0,040822
заверил 3,624341 3,624341
жми 0,013423 0,013423
тяжелое 3,401197 3,401197
получившего 4,317488 4,317488
появились 1,875141 1,875141
ленту 0,013423 0,013423
затопленного 0,076161 0,076161
наши 2,177422 2,177422
тетя 4,317488 4,317488
некоторое 3,218876 3,218876
россии 0,425668 1,277003
применения 0,000000 0,000000
интерната 3,912023 3,912023
обитания 0,000000 0,000000
ценности 0,000000 0,000000
женщина 2,813411 5,626821
вс 2,371578 2,371578
материалам 0,047791 0,047791
известно 1,297063 1,297063
вернуться 0,013423 0,013423
ваши 0,047791 0,047791
спасли 3,401197 10,203592
российским 0,076161 0,076161
очередь 2,177422 2,177422
процентов 1,875141 1,875141
сообщают 3,218876 3,218876
беженцев 3,912023 3,912023
российский 1,484275 1,484275
попавшим 4,317488 4,317488
январе 2,813411 2,813411
человека 2,177422 2,177422
шести 2,445686 2,445686
рану 5,010635 5,010635
узнать 3,624341 3,624341
спустя 1,832581 1,832581
интернет 0,000000 0,000000
россия 0,000000 0,000000
го 2,302585 4,605170
россию 1,609438 1,609438
спать 4,317488 4,317488
обратился 0,076161 0,076161
сестра 4,317488 8,634976
свои 0,027029 0,054057
рассказала 1,919593 3,839186
колмаков 5,010635 5,010635
плен 2,931194 2,931194
россиянина 3,064725 15,323626
варвара 3,218876 3,218876
знаю 3,624341 3,624341
гид 0,076161 0,076161
произошло 2,445686 2,445686
сестре 5,010635 5,010635
военнослужащих 3,401197 3,401197
уволит 0,076161 0,076161
дома 0,061875 0,061875
американский 0,061875 0,061875
пола 0,097980 0,097980
зеленский 1,714798 1,714798
сообщения 3,218876 3,218876
тяжело 2,931194 2,931194
отдать 3,401197 3,401197
освобождена 4,317488 8,634976
спасавшиеся 5,010635 5,010635
эмоции 0,047791 0,047791
сантиметров 3,912023 3,912023
необходим 5,010635 5,010635
мессенджере 4,317488 4,317488
зеленским 0,076161 0,076161
неизвестной 4,317488 4,317488
числе 1,714798 1,714798
двум 0,076161 0,076161
вызвала 0,097980 0,097980
сети 0,090654 0,090654
военнослужащим 0,076161 0,152323
контроль 2,445686 2,445686
сообщение 3,401197 3,401197
испытывает 5,010635 5,010635
брата 2,525729 2,525729
жительница 3,624341 3,624341
перешло 4,317488 4,317488
везде 3,912023 3,912023
материалы 0,000000 0,000000
сумы 4,317488 8,634976
остальных 3,912023 7,824046
настаивает 3,912023 3,912023
депутат 0,076161 0,076161
повреждена 5,010635 5,010635
прогресс 0,097980 0,097980
статьи 0,000000 0,000000
ранением 3,624341 7,248682
дни 2,931194 2,931194
контакты 2,302585 2,302585
форме 0,061875 0,061875
ума 3,624341 3,624341
культура 0,000000 0,000000
отправителям 5,010635 5,010635
сообщили 2,177422 4,354844
силовые 0,000000 0,000000
бомбардировке 5,010635 5,010635
суджанского 4,317488 8,634976
севастюк 5,010635 15,031906
окружении 3,912023 3,912023
дня 0,061875 0,061875
окружение 3,064725 3,064725
августе 3,064725 6,129450
опубликовал 3,401197 3,401197
больнице 4,317488 8,634976
удалось 1,714798 1,714798
специалистов 3,218876 3,218876
августа 3,064725 9,194175
ольга 3,912023 7,824046
редактор 0,567984 0,567984
сотрудников 0,076161 0,076161
получить 2,238047 2,238047
спустили 3,624341 7,248682
теме 1,514128 1,514128
дней 1,791759 1,791759
сил 1,791759 1,791759
начались 0,068993 0,068993
пропали 4,317488 4,317488
вооруженных 2,014903 2,014903
рекомендательных 0,000000 0,000000
около 1,678431 3,356862
горналь 4,317488 4,317488
братом 4,317488 8,634976
работает 0,040822 0,081644
увлекательные 0,047791 0,047791
приказ 3,401197 3,401197
луценко 5,010635 35,074447
переговоры 0,054808 0,054808
россиян 1,714798 3,429597
спасенного 5,010635 5,010635
живущая 5,010635 5,010635
маккартни 0,097980 0,097980
обратиться 3,624341 3,624341
забота 0,000000 0,000000
сбер 0,040822 0,040822
является 1,966113 1,966113
пожаловать 0,013423 0,013423
использованияполитика 0,000000 0,000000
которые 1,181994 2,363988
крупный 0,068993 0,068993
регионам 0,076161 0,076161
крупным 0,076161 0,076161
оставила 4,317488 4,317488
наступила 5,010635 5,010635
российскими 2,813411 2,813411
победа 0,000000 0,000000
судже 2,931194 2,931194
россияне 1,919593 1,919593
остались 0,061875 0,061875
суджи 3,064725 3,064725
телефона 3,624341 3,624341
страна 1,714798 1,714798
президент 1,347074 1,347074
опечатку 0,000000 0,000000
сми 0,000000 0,000000
содействии 4,317488 4,317488
вместе 1,514128 1,514128
разрушенной 5,010635 5,010635
спасение 2,371578 2,371578
рады 0,068993 0,068993
несколько 1,347074 2,694147
суджа 5,010635 15,031906
рухнули 5,010635 5,010635
место 0,054808 0,054808
акции 0,047791 0,047791
мс 0,097980 0,097980
рассказал 1,272966 1,272966
начали 1,427116 1,427116
село 3,401197 3,401197
связалась 5,010635 5,010635
начале 2,177422 4,354844
военные 2,371578 2,371578
экономика 0,000000 0,000000
сергея 3,624341 7,248682
села 3,218876 3,218876
покидают 4,317488 4,317488
задействовано 3,912023 3,912023
смогли 2,525729 2,525729
суджей 3,064725 6,129450
вывезли 3,218876 9,656627
историю 2,525729 2,525729
украинского 2,445686 4,891372
история 2,238047 2,238047
школы 3,218876 3,218876
боли 3,624341 3,624341
медицинскую 4,317488 4,317488
владимир 1,373049 2,746098
мужчину 3,624341 3,624341
кошечкина 3,624341 3,624341
бои 2,813411 2,813411
реальный 0,013423 0,013423
правая 5,010635 10,021271
мужчины 2,525729 2,525729
знала 5,010635 5,010635
мужчина 2,371578 2,371578
севастюкжительница 5,010635 5,010635
всу 1,373049 16,476590
правды 0,068993 0,068993
страдает 3,912023 3,912023
достойное 3,912023 3,912023
тысячи 0,068993 0,137986
курских 5,010635 5,010635
интернат 5,010635 10,021271
давления 3,064725 3,064725
остается 2,708050 2,708050
предрек 0,076161 0,076161
города 1,714798 5,144395
городе 0,061875 0,061875
повышенного 5,010635 5,010635
года 0,899761 2,699284
информации 1,919593 1,919593
помогли 2,931194 2,931194
жителей 1,966113 1,966113
видеозвонок 5,010635 5,010635
заявили 0,076161 0,076161
информацию 2,612740 5,225480
видеть 0,013423 0,013423
заверяет 5,010635 5,010635
короткое 5,010635 5,010635
наука 0,000000 0,000000
второе 3,624341 3,624341
