зеленского 0,068993 0,068993
перемирии 0,076161 0,076161
ру 0,000000 0,000000
банк 0,076161 0,076161
лента 0,000000 0,000000
аэропорт 3,218876 3,218876
новые 0,000000 0,000000
спорт 0,000000 0,000000
стал 1,203973 1,203973
пилоты 3,912023 3,912023
споры 0,097980 0,097980
согласие 0,047791 0,047791
добро 0,013423 0,013423
военной 0,061875 0,061875
выражаете 0,047791 0,047791
четыре 0,040822 0,040822
жми 0,013423 0,013423
рейс 3,912023 3,912023
помощью 0,047791 0,047791
рейсе 3,624341 14,497364
решили 3,064725 3,064725
цюрихе 5,010635 5,010635
сообщил 1,791759 1,791759
добра 0,013423 0,026846
уборных 5,010635 5,010635
ленту 0,013423 0,013423
затопленного 0,076161 0,076161
доставили 2,708050 2,708050
фото 0,061875 0,123751
цюриха 5,010635 10,021271
одеяло 5,010635 5,010635
водой 0,061875 0,061875
перелета 5,010635 5,010635
применения 0,000000 0,000000
технологиймини 0,000000 0,000000
оценивайте 0,047791 0,047791
обитания 0,000000 0,000000
ценности 0,000000 0,000000
материалам 0,047791 0,047791
конфиденциальности 0,047791 0,047791
вернуться 0,013423 0,026846
мир 0,000000 0,000000
ваши 0,047791 0,047791
российским 0,076161 0,076161
нажмите 0,000000 0,000000
задержкой 5,010635 5,010635
получайте 0,047791 0,047791
погружайтесь 0,047791 0,047791
бывший 0,000000 0,000000
время 0,762140 0,762140
проблемы 0,076161 0,076161
накапливайте 0,047791 0,047791
интернет 0,000000 0,000000
россия 0,000000 0,000000
благополучно 4,317488 4,317488
ооо 0,000000 0,000000
обратился 0,076161 0,076161
деактивирована 0,013423 0,013423
путешествия 0,000000 0,000000
часов 1,643339 1,643339
отдела 0,579818 0,579818
свои 0,027029 0,027029
ранее 1,003302 1,003302
структуры 0,000000 0,000000
индии 0,076161 0,076161
гид 0,076161 0,076161
хочешь 0,013423 0,013423
нашли 0,000000 0,000000
пляжных 0,097980 0,097980
уволит 0,076161 0,076161
дома 0,061875 0,061875
унитаз 4,317488 4,317488
американский 0,061875 0,061875
обычную 0,013423 0,013423
пола 0,097980 0,097980
внешность 0,097980 0,097980
украинском 0,076161 0,076161
света 0,054808 0,054808
всероссиямирсобытияпроисшествиямнения 3,401197 3,401197
галереи 0,000000 0,000000
белоусов 0,076161 0,076161
эмоции 0,047791 0,047791
зеленским 0,076161 0,076161
лайнер 4,317488 4,317488
условиями 0,040822 0,081644
двум 0,076161 0,076161
швейцарского 5,010635 5,010635
вызвала 0,097980 0,097980
сети 0,090654 0,090654
военнослужащим 0,076161 0,076161
сел 3,624341 3,624341
читайте 0,040822 0,040822
канализации 5,010635 5,010635
байконур 0,097980 0,097980
редакциярекламаконтактыпресс 0,000000 0,000000
материалы 0,000000 0,000000
видео 0,000000 0,000000
депутат 0,076161 0,076161
прогресс 0,097980 0,097980
самолета 3,218876 3,218876
статьи 0,000000 0,000000
самолет 3,401197 3,401197
форме 0,061875 0,061875
последние 0,090654 0,090654
предрекли 0,076161 0,076161
отмечается 2,371578 2,371578
культура 0,000000 0,000000
обсудить 0,456758 0,456758
силовые 0,000000 0,000000
архив 0,000000 0,000000
находился 3,218876 3,218876
дня 0,061875 0,061875
проливом 5,010635 5,010635
курс 3,912023 3,912023
сша 0,040822 0,081644
причиной 2,813411 2,813411
среда 0,000000 0,000000
раскрытии 0,076161 0,076161
редактор 0,567984 0,567984
скидки 0,047791 0,047791
сотрудников 0,076161 0,076161
выполнял 4,317488 4,317488
эксклюзивы 0,000000 0,000000
часового 5,010635 5,010635
российском 0,076161 0,076161
выражайте 0,047791 0,047791
неисправных 5,010635 5,010635
засор 5,010635 5,010635
борт 3,912023 3,912023
начались 0,068993 0,068993
рекомендательных 0,000000 0,000000
конфликте 0,076161 0,076161
продолжая 0,047791 0,047791
работает 0,040822 0,040822
увлекательные 0,047791 0,047791
переговоры 0,054808 0,054808
конфиденциальностиправила 0,000000 0,000000
бонусы 0,047791 0,095581
политикой 0,047791 0,047791
маккартни 0,097980 0,097980
жильцы 0,076161 0,076161
жизни 0,000000 0,000000
забота 0,000000 0,000000
сбер 0,040822 0,040822
пожаловать 0,013423 0,013423
использованияполитика 0,000000 0,000000
портал 3,912023 3,912023
половина 3,064725 12,258901
туалеты 5,010635 5,010635
крупный 0,068993 0,068993
засорил 5,010635 5,010635
смыл 5,010635 5,010635
регионам 0,076161 0,076161
ла 3,912023 3,912023
крупным 0,076161 0,076161
туристку 0,076161 0,076161
это 0,020203 0,040405
победа 0,000000 0,000000
остались 0,061875 0,061875
атлантику 3,624341 10,873023
две 0,033902 0,033902
пассажирском 3,624341 7,248682
вашингтон 2,813411 5,626821
штаты 4,317488 4,317488
мотор 0,000000 0,000000
обменивайте 0,047791 0,047791
опечатку 0,000000 0,000000
сми 0,000000 0,000000
рады 0,068993 0,068993
новости 0,000000 0,000000
войти 0,000000 0,000000
место 0,054808 0,054808
примерно 2,813411 2,813411
акции 0,047791 0,047791
хорошие 0,013423 0,013423
мс 0,097980 0,097980
вышла 2,371578 9,486312
медитации 0,076161 0,076161
марк 3,912023 3,912023
экономика 0,000000 0,000000
уход 0,076161 0,076161
строя 3,401197 13,604790
пассажирский 3,912023 3,912023
прибыл 0,083382 0,083382
спецпроекты 0,000000 0,000000
сменил 4,317488 4,317488
реальный 0,013423 0,013423
игры 0,000000 0,000000
техника 0,000000 0,000000
ссср 0,000000 0,000000
пять 1,576648 1,576648
правды 0,068993 0,068993
одежду 3,912023 3,912023
успенский 5,010635 5,010635
трампа 0,054808 0,054808
минут 2,445686 2,445686
тысячи 0,068993 0,068993
вылета 5,010635 5,010635
отвел 0,076161 0,076161
пассажир 4,317488 4,317488
предрек 0,076161 0,076161
марта 0,040822 0,081644
городе 0,061875 0,061875
главное 0,000000 0,000000
манш 5,010635 5,010635
реакций 0,047791 0,047791
летнего 0,097980 0,097980
заявили 0,076161 0,076161
реакции 0,047791 0,047791
мини 0,000000 0,000000
видеть 0,013423 0,013423
изнасиловал 0,076161 0,076161
пассажиров 4,317488 4,317488
наука 0,000000 0,000000
туалетов 3,624341 14,497364
