зеленского 0,068993 0,068993
перемирии 0,076161 0,076161
ру 0,000000 0,000000
уиткоффа 5,010635 5,010635
банк 0,076161 0,076161
добавил 2,445686 2,445686
лента 0,000000 0,000000
новые 0,000000 0,000000
спорт 0,000000 0,000000
переговорах 2,612740 2,612740
заявил 1,098612 1,098612
споры 0,097980 0,097980
приказа 2,813411 2,813411
согласие 0,047791 0,047791
добро 0,013423 0,013423
военной 0,061875 0,061875
выражаете 0,047791 0,047791
четыре 0,040822 0,040822
жми 0,013423 0,013423
помощью 0,047791 0,047791
добросовестно 5,010635 20,042541
сообщил 1,791759 3,583519
добра 0,013423 0,026846
словам 1,272966 2,545931
ленту 0,013423 0,013423
беспилотники 2,813411 2,813411
затопленного 0,076161 0,076161
фото 0,061875 0,123751
политика 1,576648 1,576648
данного 3,912023 3,912023
водой 0,061875 0,061875
дронов 2,177422 2,177422
россии 0,425668 1,277003
применения 0,000000 0,000000
технологиймини 0,000000 0,000000
действовать 3,912023 3,912023
оценивайте 0,047791 0,047791
обитания 0,000000 0,000000
ценности 0,000000 0,000000
назвал 1,347074 2,694147
материалам 0,047791 0,047791
российские 1,678431 1,678431
конфиденциальности 0,047791 0,047791
вернуться 0,013423 0,013423
мир 0,000000 0,000000
ваши 0,047791 0,047791
российским 0,076161 0,076161
принятых 4,317488 4,317488
нажмите 0,000000 0,000000
получайте 0,047791 0,047791
российский 1,484275 1,484275
действует 3,624341 10,873023
своем 1,919593 1,919593
президента 1,455287 1,455287
погружайтесь 0,047791 0,047791
бывший 0,000000 0,000000
время 0,762140 0,762140
проблемы 0,076161 0,076161
накапливайте 0,047791 0,047791
телефонного 2,066196 2,066196
интернет 0,000000 0,000000
россия 0,000000 0,000000
уведомила 5,010635 5,010635
ооо 0,000000 0,000000
обратился 0,076161 0,076161
деактивирована 0,013423 0,013423
путешествия 0,000000 0,000000
отдела 0,579818 0,579818
свои 0,027029 0,027029
ранее 1,003302 1,003302
также 0,762140 0,762140
структуры 0,000000 0,000000
индии 0,076161 0,076161
гид 0,076161 0,076161
хочешь 0,013423 0,013423
нашли 0,000000 0,000000
пляжных 0,097980 0,097980
лидером 2,813411 2,813411
уволит 0,076161 0,076161
дома 0,061875 0,061875
американский 0,061875 0,061875
обычную 0,013423 0,013423
пола 0,097980 0,097980
американским 3,064725 3,064725
украине 1,139434 3,418303
внешность 0,097980 0,097980
намерении 3,912023 3,912023
украинском 0,076161 0,076161
света 0,054808 0,054808
украины 1,021651 1,021651
российских 1,576648 1,576648
галереи 0,000000 0,000000
белоусов 0,076161 0,076161
эмоции 0,047791 0,047791
зеленским 0,076161 0,076161
условиями 0,040822 0,081644
двум 0,076161 0,076161
мытарева 3,912023 3,912023
вызвала 0,097980 0,097980
сети 0,090654 0,090654
военнослужащим 0,076161 0,076161
читайте 0,040822 0,040822
сбитии 5,010635 5,010635
байконур 0,097980 0,097980
редакциярекламаконтактыпресс 0,000000 0,000000
сторону 2,708050 5,416100
материалы 0,000000 0,000000
уиткофф 3,218876 6,437752
видео 0,000000 0,000000
войска 2,931194 2,931194
депутат 0,076161 0,076161
прогресс 0,097980 0,097980
статьи 0,000000 0,000000
нескольких 2,708050 2,708050
путина 1,514128 1,514128
форме 0,061875 0,061875
последние 0,090654 0,090654
предрекли 0,076161 0,076161
культура 0,000000 0,000000
обсудить 0,456758 0,456758
силовые 0,000000 0,000000
добросовестными 3,401197 6,802395
архив 0,000000 0,000000
дня 0,061875 0,061875
верить 4,317488 4,317488
сша 0,040822 0,081644
лидер 1,919593 1,919593
всеполитикаобществопроисшествияконфликтыпреступность 2,014903 2,014903
среда 0,000000 0,000000
летевших 4,317488 4,317488
раскрытии 0,076161 0,076161
редактор 0,567984 0,567984
скидки 0,047791 0,047791
сотрудников 0,076161 0,076161
эксклюзивы 0,000000 0,000000
российском 0,076161 0,076161
выражайте 0,047791 0,047791
москва 2,302585 2,302585
начались 0,068993 0,068993
рекомендательных 0,000000 0,000000
спецпосланник 2,931194 17,587163
конфликте 0,076161 0,076161
стив 3,218876 3,218876
продолжая 0,047791 0,047791
работает 0,040822 0,040822
увлекательные 0,047791 0,047791
переговоры 0,054808 0,054808
объектов 3,912023 3,912023
конфиденциальностиправила 0,000000 0,000000
бонусы 0,047791 0,095581
политикой 0,047791 0,047791
маккартни 0,097980 0,097980
верит 4,317488 4,317488
отметил 1,791759 1,791759
жильцы 0,076161 0,076161
жизни 0,000000 0,000000
забота 0,000000 0,000000
сбер 0,040822 0,040822
пожаловать 0,013423 0,013423
использованияполитика 0,000000 0,000000
крупный 0,068993 0,068993
дональда 2,177422 2,177422
результате 2,238047 2,238047
регионам 0,076161 0,076161
крупным 0,076161 0,076161
выпущенные 3,912023 3,912023
это 0,020203 0,020203
туристку 0,076161 0,076161
победа 0,000000 0,000000
остались 0,061875 0,061875
две 0,033902 0,033902
президент 1,347074 1,347074
вашингтон 2,813411 2,813411
мотор 0,000000 0,000000
обменивайте 0,047791 0,047791
опечатку 0,000000 0,000000
сми 0,000000 0,000000
рады 0,068993 0,068993
новости 0,000000 0,000000
разговора 1,609438 1,609438
войти 0,000000 0,000000
место 0,054808 0,054808
решений 3,218876 3,218876
акции 0,047791 0,047791
хорошие 0,013423 0,013423
мс 0,097980 0,097980
медитации 0,076161 0,076161
уничтожили 3,218876 3,218876
действия 2,302585 4,605170
экономика 0,000000 0,000000
уход 0,076161 0,076161
рамках 2,371578 2,371578
прибыл 0,083382 0,083382
спецпроекты 0,000000 0,000000
склонен 5,010635 5,010635
путин 1,203973 1,203973
владимир 1,373049 1,373049
переговоров 1,714798 1,714798
реальный 0,013423 0,013423
игры 0,000000 0,000000
техника 0,000000 0,000000
ссср 0,000000 0,000000
правды 0,068993 0,068993
трампа 0,054808 0,219233
тысячи 0,068993 0,068993
отвел 0,076161 0,076161
предрек 0,076161 0,076161
марта 0,040822 0,040822
городе 0,061875 0,061875
главное 0,000000 0,000000
елизавета 3,912023 3,912023
интервью 2,525729 2,525729
реакций 0,047791 0,047791
летнего 0,097980 0,097980
заявили 0,076161 0,076161
реакции 0,047791 0,047791
мини 0,000000 0,000000
видеть 0,013423 0,013423
изнасиловал 0,076161 0,076161
трампу 2,612740 2,612740
наука 0,000000 0,000000
