перемирии 0,076161 0,076161
ру 0,000000 0,000000
банк 0,076161 0,076161
рф 1,514128 1,514128
артиллерии 3,218876 3,218876
новые 0,000000 0,000000
согласие 0,047791 0,047791
добро 0,013423 0,013423
выражаете 0,047791 0,047791
помощью 0,047791 0,047791
добра 0,013423 0,026846
человек 1,249435 1,249435
те 1,919593 1,919593
одна 1,875141 1,875141
поставило 5,010635 5,010635
фото 0,061875 0,247502
уточняется 3,218876 3,218876
такие 2,120264 2,120264
водой 0,061875 0,061875
технологиймини 0,000000 0,000000
оценивайте 0,047791 0,047791
дополнительные 4,317488 4,317488
оказался 2,708050 2,708050
заключенных 3,624341 7,248682
удары 2,931194 2,931194
конфиденциальности 0,047791 0,047791
мир 0,000000 0,000000
нажмите 0,000000 0,000000
получайте 0,047791 0,047791
заключенные 5,010635 5,010635
социальные 4,317488 4,317488
погружайтесь 0,047791 0,047791
бывший 0,000000 0,000000
проблемы 0,076161 0,076161
предоставили 5,010635 5,010635
накапливайте 0,047791 0,047791
волнует 4,317488 4,317488
командование 3,912023 7,824046
штурмовики 3,218876 3,218876
ооо 0,000000 0,000000
деактивирована 0,013423 0,013423
летом 3,401197 3,401197
путешествия 0,000000 0,000000
отдела 0,579818 0,579818
данным 2,014903 2,014903
бывшие 3,912023 3,912023
также 0,762140 2,286420
республики 3,401197 3,401197
структуры 0,000000 0,000000
индии 0,076161 0,076161
бойцы 2,525729 2,525729
действиях 3,912023 3,912023
хочешь 0,013423 0,013423
украина 1,832581 1,832581
нашли 0,000000 0,000000
пляжных 0,097980 0,097980
обычную 0,013423 0,013423
украине 1,139434 2,278869
вдовы 5,010635 5,010635
уничтожено 4,317488 4,317488
внешность 0,097980 0,097980
десант 3,912023 3,912023
украинском 0,076161 0,076161
света 0,054808 0,054808
сбежали 4,317488 4,317488
штурмы 5,010635 5,010635
соединением 5,010635 5,010635
украины 1,021651 5,108256
украинской 3,064725 3,064725
уничтожение 4,317488 4,317488
задачи 2,931194 5,862388
галереи 0,000000 0,000000
алехин 5,010635 5,010635
пытался 2,708050 2,708050
белоусов 0,076161 0,076161
боевых 3,064725 3,064725
украинское 5,010635 5,010635
призывников 4,317488 4,317488
подписали 4,317488 4,317488
условиями 0,040822 0,081644
областях 4,317488 4,317488
уходят 4,317488 4,317488
элитная 4,317488 4,317488
минобороны 1,966113 3,932226
могут 1,455287 1,455287
читайте 0,040822 0,040822
байконур 0,097980 0,097980
угодно 3,624341 3,624341
редакциярекламаконтактыпресс 0,000000 0,000000
выросло 4,317488 4,317488
видео 0,000000 0,000000
геннадий 3,912023 7,824046
часть 1,919593 3,839186
лишь 2,238047 2,238047
должность 2,931194 2,931194
обороны 2,525729 2,525729
последние 0,090654 0,090654
предрекли 0,076161 0,076161
момент 1,714798 1,714798
архив 0,000000 0,000000
штурмовые 5,010635 5,010635
военная 3,218876 3,218876
сша 0,040822 0,040822
среда 0,000000 0,000000
обратившихся 5,010635 5,010635
раскрытии 0,076161 0,076161
среди 1,714798 3,429597
структурах 4,317488 4,317488
скидки 0,047791 0,047791
мужчинами 3,624341 3,624341
эксклюзивы 0,000000 0,000000
российском 0,076161 0,076161
выражайте 0,047791 0,047791
женщинами 3,912023 3,912023
отмечалось 4,317488 4,317488
сравнению 3,912023 3,912023
конфликте 0,076161 0,076161
скала 5,010635 5,010635
радой 5,010635 5,010635
продолжая 0,047791 0,047791
спрыгнуть 5,010635 5,010635
армии 2,612740 5,225480
опасность 3,401197 3,401197
верховной 3,624341 3,624341
конфиденциальностиправила 0,000000 0,000000
отмечали 3,912023 3,912023
бонусы 0,047791 0,095581
политикой 0,047791 0,047791
жильцы 0,076161 0,076161
жизни 0,000000 0,000000
контингента 4,317488 4,317488
смертельную 5,010635 5,010635
стать 1,875141 1,875141
украинских 1,919593 1,919593
селом 5,010635 5,010635
обращений 5,010635 5,010635
рекрутинга 5,010635 5,010635
назвало 4,317488 4,317488
равные 5,010635 5,010635
группа 2,813411 2,813411
гончарова 3,912023 3,912023
туристку 0,076161 0,076161
украинские 2,525729 2,525729
это 0,020203 0,161622
закон 4,317488 4,317488
рост 2,302585 2,302585
группу 3,401197 20,407184
разговоре 2,708050 2,708050
процент 3,218876 3,218876
две 0,033902 0,033902
мотор 0,000000 0,000000
обменивайте 0,047791 0,047791
оперативной 2,177422 2,177422
подразделения 3,218876 6,437752
бросило 5,010635 5,010635
группы 2,238047 2,238047
бросили 4,317488 4,317488
новости 0,000000 0,000000
контингенте 5,010635 5,010635
войти 0,000000 0,000000
хорошие 0,013423 0,013423
заталкивают 5,010635 5,010635
отключены 1,576648 1,576648
дезертирство 4,317488 4,317488
медитации 0,076161 0,076161
уничтожили 3,218876 3,218876
годом 3,401197 3,401197
уход 0,076161 0,076161
почему 0,899761 0,899761
идут 2,525729 2,525729
штурмового 5,010635 5,010635
полка 3,912023 3,912023
несет 3,624341 3,624341
прибыл 0,083382 0,083382
женскую 3,912023 3,912023
спецпроекты 0,000000 0,000000
гарантии 3,624341 3,624341
покровск 5,010635 5,010635
действий 2,813411 2,813411
игры 0,000000 0,000000
техника 0,000000 0,000000
ссср 0,000000 0,000000
трампа 0,054808 0,054808
техники 2,813411 2,813411
штурмовиков 3,624341 25,370387
набирать 5,010635 5,010635
отвел 0,076161 0,076161
марта 0,040822 0,081644
главное 0,000000 0,000000
поближе 4,317488 4,317488
прошлого 2,813411 2,813411
удивлению 3,912023 3,912023
реакций 0,047791 0,047791
летнего 0,097980 0,097980
реакции 0,047791 0,047791
находятся 2,708050 2,708050
мини 0,000000 0,000000
составляют 5,010635 5,010635
изнасиловал 0,076161 0,076161
силах 3,624341 3,624341
спешиться 5,010635 5,010635
зеленского 0,068993 0,068993
бригада 4,317488 4,317488
охоте 5,010635 5,010635
лента 0,000000 0,000000
экипаж 3,912023 3,912023
формулировка 5,010635 5,010635
спорт 0,000000 0,000000
развалилась 4,317488 4,317488
выполнять 4,317488 4,317488
споры 0,097980 0,097980
военной 0,061875 0,061875
четыре 0,040822 0,040822
остановить 2,708050 2,708050
жми 0,013423 0,013423
никого 3,624341 3,624341
бегут 4,317488 4,317488
десантом 5,010635 5,010635
приехал 2,612740 2,612740
женский 3,218876 3,218876
министерство 3,218876 3,218876
женским 4,317488 8,634976
ленту 0,013423 0,013423
затопленного 0,076161 0,076161
минюст 5,010635 5,010635
являются 2,931194 2,931194
женщин 2,302585 23,025851
дронов 2,177422 2,177422
россии 0,425668 0,425668
применения 0,000000 0,000000
привело 3,218876 3,218876
станислав 3,218876 3,218876
обитания 0,000000 0,000000
ценности 0,000000 0,000000
принятый 5,010635 5,010635
вс 2,371578 2,371578
материалам 0,047791 0,047791
российские 1,678431 3,356862
известно 1,297063 1,297063
мужчин 2,371578 2,371578
вернуться 0,013423 0,013423
имеют 2,931194 2,931194
ваши 0,047791 0,047791
женщины 2,066196 8,264785
российским 0,076161 0,076161
процентов 1,875141 1,875141
просто 1,678431 5,035292
предусматривает 5,010635 5,010635
интернет 0,000000 0,000000
россия 0,000000 0,000000
го 2,302585 2,302585
обратился 0,076161 0,076161
свои 0,027029 0,027029
пытаются 2,931194 2,931194
января 1,791759 1,791759
гид 0,076161 0,076161
уволит 0,076161 0,076161
дома 0,061875 0,061875
американский 0,061875 0,061875
пола 0,097980 0,097980
уничтожен 3,912023 3,912023
накрыли 3,912023 11,736069
заключили 5,010635 5,010635
российских 1,576648 1,576648
числа 3,064725 3,064725
направлении 2,813411 5,626821
эмоции 0,047791 0,047791
зеленским 0,076161 0,076161
азия 2,525729 2,525729
двум 0,076161 0,076161
константинополь 5,010635 5,010635
вызвала 0,097980 0,097980
число 2,014903 4,029806
сети 0,090654 0,090654
военнослужащим 0,076161 0,076161
дно 3,624341 3,624341
доставить 4,317488 4,317488
массовой 5,010635 5,010635
материалы 0,000000 0,000000
мобилизации 3,401197 6,802395
численности 4,317488 4,317488
отдельного 5,010635 5,010635
эксперт 2,371578 4,743156
депутат 0,076161 0,076161
добавили 3,912023 3,912023
прогресс 0,097980 0,097980
алехинвоенный 5,010635 5,010635
статьи 0,000000 0,000000
позиции 2,302585 2,302585
форме 0,061875 0,061875
полковник 3,401197 6,802395
культура 0,000000 0,000000
красильников 3,624341 3,624341
силовые 0,000000 0,000000
несмотря 2,120264 2,120264
набор 3,218876 3,218876
тысяч 1,427116 1,427116
черновицкой 5,010635 5,010635
дня 0,061875 0,061875
женском 5,010635 5,010635
силовых 3,401197 3,401197
редактор 0,567984 0,567984
сотрудников 0,076161 0,076161
службы 2,525729 2,525729
многие 1,714798 1,714798
строки 5,010635 5,010635
теме 1,514128 1,514128
комментарии 1,484275 1,484275
сил 1,791759 3,583519
начались 0,068993 0,068993
ряды 4,317488 4,317488
получено 5,010635 5,010635
алина 3,624341 3,624341
вооруженных 2,014903 6,044709
рекомендательных 0,000000 0,000000
военкомы 5,010635 5,010635
сделать 2,371578 4,743156
работает 0,040822 0,040822
увлекательные 0,047791 0,047791
военного 3,401197 3,401197
уклонисты 5,010635 5,010635
риа 1,272966 1,272966
обещает 4,317488 4,317488
массовое 4,317488 4,317488
переговоры 0,054808 0,054808
службу 3,218876 3,218876
права 3,912023 3,912023
маккартни 0,097980 0,097980
контракт 3,912023 7,824046
забота 0,000000 0,000000
сбер 0,040822 0,040822
пожаловать 0,013423 0,013423
использованияполитика 0,000000 0,000000
который 1,272966 1,272966
граждан 3,912023 3,912023
крупный 0,068993 0,068993
служат 5,010635 5,010635
регионам 0,076161 0,076161
передовой 3,912023 7,824046
например 1,791759 1,791759
крупным 0,076161 0,076161
которых 1,678431 1,678431
победа 0,000000 0,000000
красноармейском 3,401197 13,604790
самой 2,525729 2,525729
потери 3,064725 3,064725
отмечал 3,624341 3,624341
остались 0,061875 0,061875
четверть 4,317488 4,317488
южнодонецком 5,010635 5,010635
опечатку 0,000000 0,000000
сми 0,000000 0,000000
цифры 3,624341 3,624341
страны 1,455287 1,455287
вместе 1,514128 1,514128
потерь 5,010635 5,010635
рады 0,068993 0,068993
несколько 1,347074 1,347074
место 0,054808 0,054808
акции 0,047791 0,047791
десяти 3,624341 3,624341
центры 3,912023 3,912023
мс 0,097980 0,097980
ведомстве 2,931194 2,931194
начали 1,427116 1,427116
военные 2,371578 4,743156
попытке 3,912023 3,912023
количеству 3,624341 3,624341
военный 2,525729 2,525729
бойцов 2,525729 2,525729
всеприбалтикаукраинабелоруссиямолдавиязакавказьесредняя 2,525729 2,525729
экономика 0,000000 0,000000
участии 4,317488 4,317488
основная 4,317488 4,317488
ведомства 2,931194 2,931194
рамках 2,371578 2,371578
которая 1,875141 3,750282
хмельницкой 5,010635 5,010635
украинского 2,445686 2,445686
служащих 3,912023 3,912023
националистов 5,010635 5,010635
бой 3,401197 6,802395
реальный 0,013423 0,013423
название 3,218876 3,218876
тернопольской 5,010635 5,010635
карьерный 5,010635 5,010635
категорий 5,010635 5,010635
запаса 3,912023 7,824046
всу 1,373049 19,222688
правды 0,068993 0,068993
украинок 5,010635 5,010635
тысячи 0,068993 0,137986
статистика 4,317488 4,317488
порядка 3,064725 3,064725
предрек 0,076161 0,076161
сообщал 3,912023 3,912023
оказалась 2,302585 2,302585
городе 0,061875 0,061875
года 0,899761 0,899761
информации 1,919593 1,919593
попали 3,218876 3,218876
кандидатов 5,010635 5,010635
заявили 0,076161 0,076161
информацию 2,612740 2,612740
видеть 0,013423 0,013423
высокие 3,624341 3,624341
наука 0,000000 0,000000
осужденных 4,317488 4,317488
