перемирии 0,076161 0,076161
ру 0,000000 0,000000
австрии 5,010635 5,010635
личный 5,010635 5,010635
банк 0,076161 0,076161
оснащение 3,624341 3,624341
новый 1,966113 1,966113
автономной 5,010635 5,010635
новые 0,000000 0,000000
сталину 5,010635 5,010635
ухудшения 4,317488 4,317488
оценил 2,612740 2,612740
заявил 1,098612 1,098612
астронавты 5,010635 5,010635
воды 3,064725 3,064725
согласие 0,047791 0,047791
добро 0,013423 0,013423
выражаете 0,047791 0,047791
запуска 4,317488 4,317488
заметили 3,401197 3,401197
су 3,912023 7,824046
помощью 0,047791 0,047791
открытый 3,624341 3,624341
одно 2,813411 2,813411
возможное 3,064725 3,064725
скорого 4,317488 4,317488
александр 1,832581 1,832581
добра 0,013423 0,026846
производство 4,317488 8,634976
видеоигр 5,010635 5,010635
фото 0,061875 0,061875
лет 0,967584 5,805504
й 2,612740 2,612740
рекламой 5,010635 5,010635
иностранным 3,218876 3,218876
долгие 4,317488 4,317488
водой 0,061875 0,061875
оказалось 2,177422 2,177422
средство 4,317488 4,317488
технологиймини 0,000000 0,000000
оценивайте 0,047791 0,047791
ангары 5,010635 5,010635
лунного 3,912023 3,912023
назван 2,931194 8,793581
землю 3,064725 3,064725
времен 3,218876 3,218876
каким 2,525729 2,525729
пор 2,238047 2,238047
конфиденциальности 0,047791 0,047791
мир 0,000000 0,000000
нажмите 0,000000 0,000000
орешника 3,624341 3,624341
русский 3,624341 3,624341
получайте 0,047791 0,047791
орбиту 4,317488 4,317488
этап 5,010635 5,010635
погружайтесь 0,047791 0,047791
сыра 5,010635 5,010635
слишком 2,371578 2,371578
бывший 0,000000 0,000000
начнет 3,912023 3,912023
проблемы 0,076161 0,076161
россиикосмосоружиеисторияздоровьебудущеетехникагаджетыигрысофт 3,064725 3,064725
накапливайте 0,047791 0,047791
позволят 3,912023 3,912023
ооо 0,000000 0,000000
деактивирована 0,013423 0,013423
акула 5,010635 5,010635
путешествия 0,000000 0,000000
средства 3,218876 3,218876
мощный 5,010635 5,010635
фруктов 3,218876 3,218876
турецкий 5,010635 5,010635
флот 3,912023 3,912023
уязвимом 5,010635 5,010635
учениях 5,010635 5,010635
структуры 0,000000 0,000000
индии 0,076161 0,076161
хочешь 0,013423 0,013423
демонстратора 5,010635 5,010635
пляжных 0,097980 0,097980
нашли 0,000000 0,000000
состоит 3,912023 3,912023
задачу 3,624341 3,624341
застревании 5,010635 5,010635
обычную 0,013423 0,013423
восемь 3,064725 3,064725
украине 1,139434 1,139434
лучшей 2,813411 2,813411
внешность 0,097980 0,097980
могу 2,525729 2,525729
зависимость 3,912023 3,912023
северный 3,401197 3,401197
мкс 4,317488 21,587441
украинском 0,076161 0,076161
света 0,054808 0,054808
борей 4,317488 4,317488
анонса 5,010635 5,010635
украины 1,021651 1,021651
мороз 3,624341 3,624341
победить 2,931194 2,931194
галереи 0,000000 0,000000
белоусов 0,076161 0,076161
расскажет 3,624341 3,624341
должности 3,912023 3,912023
условиями 0,040822 0,081644
лазерную 5,010635 5,010635
сколько 2,525729 5,051457
изменить 3,401197 3,401197
могут 1,455287 1,455287
читайте 0,040822 0,040822
успешному 5,010635 5,010635
определен 3,912023 3,912023
платформу 5,010635 5,010635
машину 3,912023 3,912023
дешевый 5,010635 10,021271
обмена 2,813411 2,813411
здоровья 2,813411 2,813411
нападения 3,401197 3,401197
байконур 0,097980 0,195961
базе 3,401197 6,802395
получим 4,317488 4,317488
революцию 5,010635 5,010635
получит 2,813411 2,813411
редакциярекламаконтактыпресс 0,000000 0,000000
угрожал 5,010635 5,010635
представлен 4,317488 4,317488
разрешила 5,010635 5,010635
изолированы 5,010635 5,010635
видео 0,000000 0,000000
ошибся 5,010635 5,010635
захватили 4,317488 4,317488
взломали 5,010635 5,010635
лунной 5,010635 5,010635
самолет 3,401197 3,401197
хакеров 4,317488 4,317488
авангарда 5,010635 5,010635
последние 0,090654 0,090654
экипажи 4,317488 4,317488
предрекли 0,076161 0,076161
выпустить 3,401197 3,401197
решил 2,708050 2,708050
способен 3,624341 7,248682
луны 3,912023 3,912023
эра 4,317488 4,317488
обвинил 3,624341 3,624341
архив 0,000000 0,000000
препараты 3,624341 3,624341
британии 4,317488 4,317488
испытали 5,010635 5,010635
сша 0,040822 0,367398
макеты 5,010635 5,010635
орбитальной 5,010635 5,010635
всенаукав 3,064725 3,064725
названы 2,445686 2,445686
вторая 2,813411 2,813411
выпуска 5,010635 5,010635
среда 0,000000 0,000000
освобождение 3,912023 3,912023
калифорнии 3,912023 3,912023
пуска 5,010635 5,010635
заказчику 5,010635 5,010635
хотел 2,931194 2,931194
раскрытии 0,076161 0,076161
ракете 5,010635 5,010635
байдена 3,401197 3,401197
скидки 0,047791 0,047791
пришли 2,931194 2,931194
исчезнет 3,912023 3,912023
эксклюзивы 0,000000 0,000000
застрявшие 5,010635 5,010635
скорректировали 5,010635 5,010635
названо 2,813411 2,813411
российском 0,076161 0,076161
выражайте 0,047791 0,047791
российской 2,014903 2,014903
стретта 5,010635 5,010635
подавления 5,010635 5,010635
вели 3,401197 3,401197
главком 3,401197 3,401197
началась 2,813411 2,813411
мощного 5,010635 5,010635
дороже 5,010635 5,010635
конфликте 0,076161 0,076161
ракеты 3,218876 12,875503
названа 2,931194 2,931194
финальную 5,010635 5,010635
жестокость 5,010635 5,010635
продолжая 0,047791 0,047791
рынок 2,177422 2,177422
большой 2,371578 2,371578
лучший 2,525729 2,525729
полеты 3,624341 3,624341
пуску 4,317488 4,317488
складной 4,317488 4,317488
опасность 3,401197 3,401197
провели 2,066196 2,066196
ноября 2,525729 2,525729
конфиденциальностиправила 0,000000 0,000000
зону 3,624341 3,624341
бонусы 0,047791 0,095581
политикой 0,047791 0,047791
усилие 5,010635 5,010635
кольца 5,010635 5,010635
фильтр 5,010635 5,010635
орлан 5,010635 5,010635
непрерывные 5,010635 5,010635
жильцы 0,076161 0,076161
систему 2,708050 2,708050
портативный 4,317488 4,317488
армия 2,708050 5,416100
жизни 0,000000 0,000000
операции 1,714798 1,714798
умные 3,912023 3,912023
зоне 3,624341 3,624341
старение 5,010635 5,010635
военкоров 5,010635 5,010635
глухим 5,010635 5,010635
интерес 3,624341 3,624341
станцию 3,912023 3,912023
станция 3,624341 3,624341
счастьем 5,010635 5,010635
десятки 2,931194 2,931194
экспедиции 3,912023 3,912023
смерти 2,445686 2,445686
китайцы 5,010635 5,010635
красная 3,401197 6,802395
огонь 3,401197 3,401197
объявил 2,813411 2,813411
туристку 0,076161 0,076161
это 0,020203 0,080811
раскрыт 3,912023 3,912023
скафандров 3,912023 3,912023
станет 2,708050 2,708050
обзоры 5,010635 5,010635
группу 3,401197 3,401197
помог 3,401197 3,401197
современном 3,912023 3,912023
будапешт 5,010635 5,010635
две 0,033902 0,033902
определили 3,624341 3,624341
мотор 0,000000 0,000000
обнаружена 4,317488 4,317488
обменивайте 0,047791 0,047791
массовых 4,317488 4,317488
назвали 2,238047 2,238047
детей 2,177422 2,177422
убить 4,317488 4,317488
эффект 3,912023 3,912023
батареи 3,912023 3,912023
тигров 5,010635 5,010635
станции 3,624341 3,624341
новости 0,000000 0,000000
войти 0,000000 0,000000
хорошие 0,013423 0,013423
учеными 5,010635 5,010635
симуляцию 5,010635 5,010635
окон 5,010635 5,010635
вышла 2,371578 2,371578
спутниковый 4,317488 4,317488
медитации 0,076161 0,076161
покорение 4,317488 4,317488
мира 1,576648 1,576648
превосходства 5,010635 5,010635
прибытием 5,010635 5,010635
воздействие 3,624341 3,624341
риски 3,401197 3,401197
уход 0,076161 0,076161
принтер 5,010635 5,010635
почему 0,899761 0,899761
радий 5,010635 5,010635
похудением 5,010635 5,010635
эволюции 4,317488 8,634976
земле 3,218876 3,218876
увидели 3,218876 3,218876
прибыл 0,083382 0,166763
тариф 4,317488 4,317488
ведьмака 5,010635 5,010635
спецпроекты 0,000000 0,000000
рынка 2,612740 2,612740
первым 2,238047 2,238047
окажется 3,624341 3,624341
испугались 5,010635 5,010635
шли 3,401197 3,401197
путин 1,203973 1,203973
первые 2,371578 2,371578
назад 1,678431 6,713723
первый 1,832581 3,665163
игры 0,000000 0,000000
февраля 1,272966 8,910760
техника 0,000000 0,000000
ссср 0,000000 0,000000
заказали 3,912023 3,912023
фашисты 4,317488 4,317488
доступен 3,624341 3,624341
французских 3,912023 3,912023
марсе 4,317488 4,317488
заразили 5,010635 5,010635
трампа 0,054808 0,054808
техники 2,813411 2,813411
отправились 3,624341 3,624341
германии 2,177422 2,177422
смартфонам 5,010635 5,010635
жестокие 4,317488 4,317488
искусственный 5,010635 5,010635
кадры 2,371578 2,371578
помешал 5,010635 5,010635
полету 4,317488 4,317488
компания 2,371578 4,743156
отвел 0,076161 0,076161
рэб 4,317488 4,317488
экспонатом 5,010635 5,010635
приблизил 5,010635 5,010635
деградации 3,624341 3,624341
марта 0,040822 2,041100
против 1,791759 1,791759
главное 0,000000 0,000000
риска 3,218876 3,218876
музея 3,912023 3,912023
раскрыто 4,317488 8,634976
срок 2,612740 5,225480
реакций 0,047791 0,047791
летнего 0,097980 0,097980
показала 2,612740 2,612740
реакции 0,047791 0,047791
потеряли 3,912023 7,824046
мини 0,000000 0,000000
вымираний 5,010635 5,010635
технологий 3,064725 3,064725
испытания 3,624341 3,624341
суток 3,401197 3,401197
раскрыта 3,401197 6,802395
изнасиловал 0,076161 0,076161
самый 2,525729 7,577186
отстыковкой 5,010635 5,010635
стоит 1,791759 3,583519
техас 5,010635 5,010635
нацистских 5,010635 5,010635
успешно 2,813411 2,813411
боевое 4,317488 4,317488
зеленского 0,068993 0,068993
швеции 5,010635 5,010635
налить 5,010635 5,010635
продолжение 3,218876 3,218876
блуд 5,010635 5,010635
ад 3,912023 3,912023
лента 0,000000 0,000000
спутников 3,912023 7,824046
неожиданная 3,401197 3,401197
экзоскелет 5,010635 5,010635
выявлена 3,624341 3,624341
спорт 0,000000 0,000000
атомная 4,317488 4,317488
успешном 3,912023 3,912023
куб 5,010635 5,010635
споры 0,097980 0,097980
пиво 4,317488 4,317488
военной 0,061875 0,061875
четыре 0,040822 0,040822
интеллект 5,010635 5,010635
жми 0,013423 0,013423
стало 1,181994 2,363988
авокадо 5,010635 5,010635
главу 3,912023 3,912023
вертолетов 4,317488 4,317488
компьютеров 5,010635 5,010635
появились 1,875141 1,875141
ленту 0,013423 0,013423
затопленного 0,076161 0,076161
юрий 2,813411 2,813411
приложения 3,624341 3,624341
исследуемую 5,010635 5,010635
применение 4,317488 4,317488
дронов 2,177422 4,354844
выявлены 5,010635 5,010635
космос 2,931194 2,931194
россии 0,425668 2,554007
применения 0,000000 0,000000
замедляющие 5,010635 5,010635
обитания 0,000000 0,000000
сделал 2,120264 2,120264
ценности 0,000000 0,000000
передадут 4,317488 4,317488
появился 2,445686 2,445686
перенесет 5,010635 5,010635
вс 2,371578 2,371578
материалам 0,047791 0,047791
российские 1,678431 1,678431
лагерях 5,010635 5,010635
известно 1,297063 2,594126
впервые 1,919593 1,919593
вернуться 0,013423 0,013423
ваши 0,047791 0,047791
российским 0,076161 0,076161
запада 2,708050 2,708050
спутниками 5,010635 5,010635
российский 1,484275 1,484275
сво 2,445686 7,337058
отключения 5,010635 5,010635
человека 2,177422 4,354844
прекращения 2,371578 2,371578
взяла 5,010635 5,010635
спустя 1,832581 1,832581
интернет 0,000000 0,000000
россия 0,000000 0,000000
россию 1,609438 1,609438
солнечные 5,010635 5,010635
космонавтика 4,317488 4,317488
обратился 0,076161 0,076161
лучшему 4,317488 4,317488
рассказали 1,919593 5,758779
эффективное 5,010635 5,010635
устройства 3,624341 3,624341
свой 2,177422 2,177422
свои 0,027029 0,027029
европы 2,445686 2,445686
января 1,791759 5,375278
антарктиде 5,010635 10,021271
оружием 3,064725 3,064725
гид 0,076161 0,076161
уволит 0,076161 0,076161
дома 0,061875 0,061875
американский 0,061875 0,061875
запомнился 5,010635 5,010635
пола 0,097980 0,097980
великий 4,317488 4,317488
выглядит 2,445686 2,445686
причину 3,218876 3,218876
особенность 5,010635 5,010635
представил 3,401197 3,401197
российских 1,576648 1,576648
кресел 3,912023 3,912023
первого 2,612740 2,612740
солдаты 3,624341 3,624341
перекусов 4,317488 4,317488
эмоции 0,047791 0,047791
китайской 3,912023 3,912023
абрамсов 5,010635 5,010635
зеленским 0,076161 0,076161
ход 3,624341 7,248682
ес 2,708050 2,708050
двум 0,076161 0,076161
самого 2,525729 2,525729
вызвала 0,097980 0,097980
сети 0,090654 0,090654
работы 1,455287 1,455287
военнослужащим 0,076161 0,076161
миллионов 1,791759 1,791759
причина 2,445686 7,337058
консоль 5,010635 5,010635
борисов 3,624341 3,624341
вырастет 5,010635 5,010635
вид 2,813411 2,813411
затаившиеся 5,010635 5,010635
объявила 4,317488 4,317488
польза 3,401197 3,401197
планах 3,912023 3,912023
войны 1,791759 3,583519
материалы 0,000000 0,000000
положении 3,218876 3,218876
крону 4,317488 4,317488
игровую 5,010635 5,010635
российского 1,484275 4,452824
покинуть 5,010635 5,010635
депутат 0,076161 0,076161
поставил 4,317488 4,317488
вышел 2,708050 2,708050
данными 4,317488 4,317488
рака 3,624341 3,624341
защитой 4,317488 4,317488
прогресс 0,097980 0,195961
статьи 0,000000 0,000000
пво 3,401197 6,802395
звуковой 5,010635 5,010635
европейская 4,317488 4,317488
крыш 5,010635 5,010635
маска 4,317488 4,317488
форме 0,061875 0,061875
шведской 5,010635 5,010635
культура 0,000000 0,000000
проверили 3,912023 3,912023
пандемии 4,317488 4,317488
силовые 0,000000 0,000000
современным 3,401197 3,401197
нато 3,624341 3,624341
советский 2,708050 2,708050
пушки 5,010635 5,010635
дня 0,061875 0,123751
советские 3,218876 3,218876
многоразовой 5,010635 5,010635
обманывающие 4,317488 4,317488
готовыми 4,317488 4,317488
ракетоносцы 5,010635 5,010635
смартфона 3,912023 3,912023
пуск 3,912023 3,912023
компьютеры 4,317488 4,317488
мировой 2,445686 4,891372
сотрудников 0,076161 0,076161
перенасыщении 5,010635 5,010635
сил 1,791759 1,791759
возмутил 5,010635 5,010635
начались 0,068993 0,068993
цивилизации 5,010635 5,010635
фактор 3,912023 3,912023
домов 3,912023 3,912023
сих 2,302585 2,302585
разработали 4,317488 4,317488
рекомендательных 0,000000 0,000000
работает 0,040822 0,040822
новая 2,612740 2,612740
увлекательные 0,047791 0,047791
испытает 5,010635 5,010635
здоровье 2,708050 2,708050
вмф 3,064725 3,064725
прорыв 3,624341 3,624341
бомбу 5,010635 5,010635
роскосмоса 3,401197 3,401197
переговоры 0,054808 0,054808
повлияло 3,912023 7,824046
год 1,714798 1,714798
лунная 5,010635 5,010635
маккартни 0,097980 0,097980
признали 2,177422 2,177422
портов 4,317488 4,317488
влияющие 5,010635 5,010635
забота 0,000000 0,000000
сбер 0,040822 0,040822
пожаловать 0,013423 0,013423
использованияполитика 0,000000 0,000000
забыли 4,317488 4,317488
трамп 1,484275 1,484275
крупный 0,068993 0,068993
найдена 4,317488 4,317488
регионам 0,076161 0,076161
крупным 0,076161 0,076161
дроны 3,401197 10,203592
леонов 3,624341 3,624341
легких 4,317488 4,317488
победа 0,000000 0,000000
коллег 3,064725 6,129450
представила 5,010635 10,021271
ученого 4,317488 4,317488
космическая 3,912023 7,824046
созданию 3,912023 3,912023
остались 0,061875 0,061875
вместо 2,708050 2,708050
тайна 4,317488 4,317488
орла 3,912023 3,912023
опечатку 0,000000 0,000000
самое 2,612740 2,612740
сми 0,000000 0,000000
создать 2,612740 2,612740
маск 3,624341 7,248682
понять 2,525729 2,525729
важен 4,317488 4,317488
рады 0,068993 0,068993
интриги 5,010635 5,010635
создании 3,064725 3,064725
факторы 4,317488 4,317488
страну 2,612740 2,612740
астронавтов 4,317488 4,317488
скафандра 3,912023 7,824046
неожиданный 3,912023 3,912023
гитлера 4,317488 4,317488
апреле 4,317488 4,317488
развития 2,612740 5,225480
место 0,054808 0,054808
акции 0,047791 0,047791
пиндосы 5,010635 5,010635
миссия 3,624341 3,624341
мс 0,097980 0,489902
освоил 5,010635 5,010635
изменится 2,813411 2,813411
получилось 3,912023 3,912023
начала 1,832581 1,832581
подводных 3,624341 3,624341
скафандр 4,317488 4,317488
экономика 0,000000 0,000000
смартфонов 3,912023 3,912023
союза 2,302585 6,907755
бомб 3,912023 3,912023
смартфон 4,317488 8,634976
десять 3,064725 3,064725
долголетие 5,010635 5,010635
ученые 2,813411 5,626821
ужас 3,624341 3,624341
напал 3,912023 3,912023
венере 4,317488 4,317488
миссии 4,317488 4,317488
освободил 5,010635 5,010635
испугалась 5,010635 5,010635
ученый 3,912023 7,824046
норвегия 5,010635 5,010635
нем 2,371578 2,371578
влияние 2,371578 4,743156
военных 1,966113 1,966113
бои 2,813411 2,813411
мозга 4,317488 8,634976
пользователям 3,401197 3,401197
реальный 0,013423 0,013423
название 3,218876 3,218876
году 1,373049 1,373049
общаться 3,912023 3,912023
всу 1,373049 4,119147
завершении 3,624341 3,624341
правды 0,068993 0,068993
атомную 4,317488 4,317488
тысячи 0,068993 0,068993
гнила 5,010635 5,010635
байконуре 4,317488 4,317488
появления 3,218876 3,218876
невозможно 2,708050 2,708050
бою 3,218876 3,218876
предрек 0,076161 0,076161
оценила 5,010635 5,010635
алексей 1,919593 1,919593
городе 0,061875 0,061875
создадут 5,010635 5,010635
выпускать 3,912023 3,912023
отремонтировать 5,010635 5,010635
уникальный 3,218876 3,218876
динозавров 5,010635 5,010635
заявили 0,076161 0,076161
подморозить 5,010635 5,010635
калашников 5,010635 10,021271
помогла 3,912023 3,912023
опасный 3,218876 3,218876
запустили 3,401197 3,401197
компьютера 4,317488 4,317488
оценили 2,525729 7,577186
видеть 0,013423 0,013423
компьютере 3,624341 3,624341
запустила 3,218876 3,218876
способ 2,371578 2,371578
ожирения 3,912023 3,912023
наука 0,000000 0,000000
модернизацию 5,010635 5,010635
бпла 2,931194 2,931194
второй 2,066196 4,132393
науки 4,317488 4,317488
