зеленского 0,068993 0,068993
перемирии 0,076161 0,076161
ру 0,000000 0,000000
банк 0,076161 0,076161
лента 0,000000 0,000000
инстанции 4,317488 4,317488
посольство 5,010635 5,010635
новые 0,000000 0,000000
лебедева 3,624341 10,873023
спорт 0,000000 0,000000
заявил 1,098612 1,098612
споры 0,097980 0,097980
согласие 0,047791 0,047791
добро 0,013423 0,013423
военной 0,061875 0,061875
выражаете 0,047791 0,047791
четыре 0,040822 0,040822
жми 0,013423 0,013423
пришлось 2,371578 2,371578
трудности 3,912023 7,824046
помощью 0,047791 0,047791
лесото 5,010635 15,031906
добра 0,013423 0,026846
вообще 2,813411 2,813411
министерство 3,218876 3,218876
словам 1,272966 1,272966
ленту 0,013423 0,013423
затопленного 0,076161 0,076161
фото 0,061875 0,061875
проблемах 2,445686 2,445686
водой 0,061875 0,061875
применения 0,000000 0,000000
технологиймини 0,000000 0,000000
оценивайте 0,047791 0,047791
обитания 0,000000 0,000000
ценности 0,000000 0,000000
документами 3,624341 14,497364
визу 5,010635 5,010635
материалам 0,047791 0,047791
конфиденциальности 0,047791 0,047791
полной 3,401197 3,401197
вернуться 0,013423 0,013423
мир 0,000000 0,000000
ваши 0,047791 0,047791
российским 0,076161 0,152323
нажмите 0,000000 0,000000
соцсети 3,401197 3,401197
получайте 0,047791 0,047791
необходимые 5,010635 5,010635
погружайтесь 0,047791 0,047791
речь 2,525729 2,525729
бывший 0,000000 0,000000
тебе 3,401197 3,401197
проблемы 0,076161 0,228484
накапливайте 0,047791 0,047791
россия 0,000000 0,000000
интернет 0,000000 0,000000
ооо 0,000000 0,000000
обратился 0,076161 0,076161
деактивирована 0,013423 0,013423
путешествия 0,000000 0,000000
отдела 0,579818 0,579818
свои 0,027029 0,027029
ранее 1,003302 1,003302
государстве 4,317488 4,317488
структуры 0,000000 0,000000
индии 0,076161 0,076161
гид 0,076161 0,076161
хочешь 0,013423 0,013423
нашли 0,000000 0,000000
пляжных 0,097980 0,097980
одной 1,514128 4,542383
уволит 0,076161 0,076161
дома 0,061875 0,061875
американский 0,061875 0,061875
обычную 0,013423 0,013423
пола 0,097980 0,097980
внешность 0,097980 0,097980
королевстве 4,317488 4,317488
африканской 5,010635 5,010635
украинском 0,076161 0,076161
света 0,054808 0,054808
галереи 0,000000 0,000000
белоусов 0,076161 0,076161
итоге 2,708050 2,708050
эмоции 0,047791 0,047791
зеленским 0,076161 0,076161
иди 3,912023 3,912023
условиями 0,040822 0,081644
двум 0,076161 0,076161
вызвала 0,097980 0,097980
подробности 2,238047 2,238047
сети 0,090654 0,090654
военнослужащим 0,076161 0,076161
въездного 5,010635 5,010635
контроля 2,371578 2,371578
анклаве 5,010635 5,010635
читайте 0,040822 0,040822
мария 2,525729 2,525729
байконур 0,097980 0,097980
штампы 5,010635 5,010635
редакциярекламаконтактыпресс 0,000000 0,000000
попасть 3,912023 3,912023
лебедев 3,912023 15,648092
материалы 0,000000 0,000000
юар 3,912023 3,912023
видео 0,000000 0,000000
блогер 3,401197 6,802395
депутат 0,076161 0,076161
документов 3,912023 3,912023
прогресс 0,097980 0,097980
статьи 0,000000 0,000000
штампа 5,010635 10,021271
самолет 3,401197 3,401197
форме 0,061875 0,061875
нелегально 5,010635 5,010635
последние 0,090654 0,090654
предрекли 0,076161 0,076161
проставить 5,010635 5,010635
культура 0,000000 0,000000
обсудить 0,456758 0,456758
силовые 0,000000 0,000000
архив 0,000000 0,000000
паспорте 5,010635 5,010635
дня 0,061875 0,061875
выпускали 5,010635 5,010635
сша 0,040822 0,040822
среда 0,000000 0,000000
раскрытии 0,076161 0,076161
выпуске 5,010635 5,010635
редактор 0,567984 0,567984
скидки 0,047791 0,047791
вспомнил 4,317488 8,634976
сотрудников 0,076161 0,076161
эксклюзивы 0,000000 0,000000
российском 0,076161 0,076161
выражайте 0,047791 0,047791
английское 5,010635 5,010635
начались 0,068993 0,068993
рекомендательных 0,000000 0,000000
конфликте 0,076161 0,076161
продолжая 0,047791 0,047791
работает 0,040822 0,040822
чувак 5,010635 5,010635
увлекательные 0,047791 0,047791
зато 2,931194 2,931194
переговоры 0,054808 0,054808
новостей 3,624341 3,624341
конфиденциальностиправила 0,000000 0,000000
документ 3,624341 3,624341
получать 3,064725 3,064725
бонусы 0,047791 0,095581
политикой 0,047791 0,047791
маккартни 0,097980 0,097980
признали 2,177422 2,177422
обратиться 3,624341 3,624341
жильцы 0,076161 0,076161
жизни 0,000000 0,000000
забота 0,000000 0,000000
сбер 0,040822 0,040822
пожаловать 0,013423 0,013423
использованияполитика 0,000000 0,000000
нужно 1,791759 1,791759
выезде 5,010635 5,010635
крупный 0,068993 0,068993
идет 2,177422 2,177422
раскрыл 2,177422 2,177422
регионам 0,076161 0,076161
крупным 0,076161 0,076161
туристку 0,076161 0,076161
это 0,020203 0,040405
дизайнер 4,317488 8,634976
победа 0,000000 0,000000
возникли 3,218876 12,875503
находишься 5,010635 5,010635
стране 2,177422 4,354844
остались 0,061875 0,061875
две 0,033902 0,033902
мотор 0,000000 0,000000
обменивайте 0,047791 0,047791
опечатку 0,000000 0,000000
сми 0,000000 0,000000
обзора 5,010635 5,010635
страны 1,455287 2,910574
большакова 3,912023 3,912023
рады 0,068993 0,068993
страну 2,612740 2,612740
новости 0,000000 0,000000
войти 0,000000 0,000000
прохождения 3,912023 3,912023
место 0,054808 0,054808
акции 0,047791 0,047791
хорошие 0,013423 0,013423
мс 0,097980 0,097980
рассказал 1,272966 3,818897
медитации 0,076161 0,076161
разрешение 5,010635 5,010635
экономика 0,000000 0,000000
уход 0,076161 0,076161
попал 2,445686 4,891372
почему 0,899761 0,899761
артемия 3,401197 6,802395
недействительным 5,010635 5,010635
радиофактчекинг 3,218876 3,218876
проблем 2,445686 2,445686
паспортом 5,010635 5,010635
поставленного 5,010635 5,010635
прибыл 0,083382 0,083382
программе 3,624341 3,624341
говорят 2,371578 2,371578
вконтакте 5,010635 5,010635
спецпроекты 0,000000 0,000000
артемий 3,401197 6,802395
реальный 0,013423 0,013423
игры 0,000000 0,000000
месте 2,371578 2,371578
кадр 2,302585 2,302585
техника 0,000000 0,000000
ссср 0,000000 0,000000
доступном 5,010635 5,010635
правды 0,068993 0,068993
трампа 0,054808 0,054808
тысячи 0,068993 0,068993
получай 5,010635 5,010635
отвел 0,076161 0,076161
предрек 0,076161 0,076161
марта 0,040822 0,040822
городе 0,061875 0,061875
главное 0,000000 0,000000
паспортного 5,010635 5,010635
реакций 0,047791 0,047791
летнего 0,097980 0,097980
заявили 0,076161 0,076161
реакции 0,047791 0,047791
блогера 4,317488 4,317488
мини 0,000000 0,000000
видеть 0,013423 0,013423
изнасиловал 0,076161 0,076161
выпустили 3,064725 3,064725
вылетом 5,010635 5,010635
наука 0,000000 0,000000
какое 2,612740 2,612740
