зеленского 0,068993 0,068993
очередного 4,317488 4,317488
перемирии 0,076161 0,076161
ру 0,000000 0,000000
формуле 3,401197 6,802395
банк 0,076161 0,076161
лента 0,000000 0,000000
новый 1,966113 1,966113
государствами 3,912023 3,912023
новые 0,000000 0,000000
спорт 0,000000 0,000000
передала 5,010635 5,010635
споры 0,097980 0,097980
согласие 0,047791 0,047791
добро 0,013423 0,013423
военной 0,061875 0,061875
выражаете 0,047791 0,047791
четыре 0,040822 0,040822
жми 0,013423 0,013423
помощью 0,047791 0,047791
помощь 2,177422 2,177422
сообщил 1,791759 1,791759
добра 0,013423 0,026846
ленту 0,013423 0,013423
затопленного 0,076161 0,076161
фото 0,061875 0,123751
психологическую 5,010635 5,010635
водой 0,061875 0,061875
россии 0,425668 0,851336
жеста 2,525729 7,577186
применения 0,000000 0,000000
лысяков 3,912023 3,912023
технологиймини 0,000000 0,000000
тяжелораненых 3,218876 9,656627
оценивайте 0,047791 0,047791
обитания 0,000000 0,000000
ценности 0,000000 0,000000
материалам 0,047791 0,047791
конфиденциальности 0,047791 0,047791
вернуться 0,013423 0,013423
мир 0,000000 0,000000
ваши 0,047791 0,047791
российским 0,076161 0,076161
бойца 3,064725 3,064725
нажмите 0,000000 0,000000
получайте 0,047791 0,047791
российский 1,484275 1,484275
погружайтесь 0,047791 0,047791
бывший 0,000000 0,000000
время 0,762140 0,762140
проблемы 0,076161 0,076161
накапливайте 0,047791 0,047791
телефонного 2,066196 2,066196
интернет 0,000000 0,000000
россия 0,000000 0,000000
доброй 2,525729 7,577186
россию 1,609438 1,609438
ооо 0,000000 0,000000
обратился 0,076161 0,076161
деактивирована 0,013423 0,013423
состоялся 2,931194 2,931194
путешествия 0,000000 0,000000
отдела 0,579818 0,579818
свои 0,027029 0,027029
территории 1,919593 1,919593
также 0,762140 1,524280
республики 3,401197 3,401197
структуры 0,000000 0,000000
параллельмоя 2,177422 2,177422
индии 0,076161 0,076161
гид 0,076161 0,076161
хочешь 0,013423 0,013423
нашли 0,000000 0,000000
пляжных 0,097980 0,097980
уволит 0,076161 0,076161
дома 0,061875 0,061875
американский 0,061875 0,061875
обычную 0,013423 0,013423
пола 0,097980 0,097980
украине 1,139434 1,139434
внешность 0,097980 0,097980
намерении 3,912023 3,912023
украинском 0,076161 0,076161
света 0,054808 0,054808
передаче 3,912023 3,912023
украины 1,021651 3,064954
галереи 0,000000 0,000000
белоусов 0,076161 0,076161
эмоции 0,047791 0,047791
зеленским 0,076161 0,076161
условиями 0,040822 0,081644
двум 0,076161 0,076161
вызвала 0,097980 0,097980
отчиталось 3,064725 9,194175
сети 0,090654 0,090654
военнослужащим 0,076161 0,076161
минобороны 1,966113 7,864451
читайте 0,040822 0,040822
киеву 2,931194 5,862388
обмена 2,813411 2,813411
владимиром 2,931194 2,931194
байконур 0,097980 0,097980
прошла 3,064725 3,064725
редакциярекламаконтактыпресс 0,000000 0,000000
материалы 0,000000 0,000000
видео 0,000000 0,000000
трампом 2,525729 2,525729
депутат 0,076161 0,076161
прогресс 0,097980 0,097980
статьи 0,000000 0,000000
ходе 1,791759 3,583519
форме 0,061875 0,061875
последние 0,090654 0,090654
предрекли 0,076161 0,076161
культура 0,000000 0,000000
двумя 2,931194 2,931194
обсудить 0,456758 0,456758
силовые 0,000000 0,000000
обмен 3,401197 10,203592
архив 0,000000 0,000000
процедура 3,624341 3,624341
дня 0,061875 0,061875
константин 2,813411 2,813411
военнопленных 5,010635 5,010635
сша 0,040822 0,081644
лидер 1,919593 1,919593
среда 0,000000 0,000000
раскрытии 0,076161 0,076161
редактор 0,567984 0,567984
скидки 0,047791 0,047791
сотрудников 0,076161 0,076161
эксклюзивы 0,000000 0,000000
беларусь 5,010635 5,010635
российском 0,076161 0,076161
выражайте 0,047791 0,047791
сил 1,791759 1,791759
масштабный 3,624341 7,248682
москва 2,302585 2,302585
начались 0,068993 0,068993
освобожденные 5,010635 5,010635
передать 3,401197 3,401197
вооруженных 2,014903 2,014903
рекомендательных 0,000000 0,000000
конфликте 0,076161 0,076161
позже 1,919593 1,919593
продолжая 0,047791 0,047791
работает 0,040822 0,040822
безвозмездно 5,010635 5,010635
подчеркнули 3,624341 3,624341
увлекательные 0,047791 0,047791
риа 1,272966 1,272966
павел 2,708050 2,708050
переговоры 0,054808 0,054808
конфиденциальностиправила 0,000000 0,000000
бонусы 0,047791 0,095581
политикой 0,047791 0,047791
маккартни 0,097980 0,097980
жильцы 0,076161 0,076161
необходимую 5,010635 5,010635
жизни 0,000000 0,000000
забота 0,000000 0,000000
сбер 0,040822 0,040822
реабилитации 4,317488 4,317488
пожаловать 0,013423 0,013423
использованияполитика 0,000000 0,000000
воли 2,302585 6,907755
крупный 0,068993 0,068993
регионам 0,076161 0,076161
крупным 0,076161 0,076161
это 0,020203 0,020203
туристку 0,076161 0,076161
победа 0,000000 0,000000
россияне 1,919593 1,919593
президентом 2,813411 5,626821
доставят 4,317488 4,317488
остались 0,061875 0,061875
две 0,033902 0,033902
страна 1,714798 1,714798
мотор 0,000000 0,000000
обменивайте 0,047791 0,047791
опечатку 0,000000 0,000000
сми 0,000000 0,000000
выполнении 2,931194 8,793581
рады 0,068993 0,068993
лечения 3,401197 3,401197
новости 0,000000 0,000000
разговора 1,609438 1,609438
войти 0,000000 0,000000
прохождения 3,912023 3,912023
место 0,054808 0,054808
акции 0,047791 0,047791
хорошие 0,013423 0,013423
мс 0,097980 0,097980
ведомстве 2,931194 2,931194
беседы 2,813411 2,813411
медитации 0,076161 0,076161
жзл 3,401197 3,401197
пленными 2,813411 8,440232
обещанного 3,064725 9,194175
бойцов 2,525729 2,525729
экономика 0,000000 0,000000
прошел 2,371578 2,371578
уход 0,076161 0,076161
прибыл 0,083382 0,083382
получают 2,931194 2,931194
спецпроекты 0,000000 0,000000
медицинскую 4,317488 4,317488
путин 1,203973 1,203973
лисицын 4,317488 4,317488
предыдущий 4,317488 4,317488
путиным 1,966113 5,898339
реальный 0,013423 0,013423
игры 0,000000 0,000000
февраля 1,272966 1,272966
техника 0,000000 0,000000
ссср 0,000000 0,000000
всу 1,373049 2,746098
правды 0,068993 0,068993
трампа 0,054808 0,054808
тысячи 0,068993 0,068993
украиной 2,708050 2,708050
отвел 0,076161 0,076161
предрек 0,076161 0,076161
марта 0,040822 0,081644
городе 0,061875 0,061875
общество 2,612740 2,612740
главное 0,000000 0,000000
заявило 3,218876 3,218876
реакций 0,047791 0,047791
летнего 0,097980 0,097980
заявили 0,076161 0,076161
реакции 0,047791 0,047791
находятся 2,708050 2,708050
мини 0,000000 0,000000
анонсировал 2,813411 2,813411
дональдом 3,624341 3,624341
видеть 0,013423 0,013423
изнасиловал 0,076161 0,076161
наука 0,000000 0,000000
