зеленского 0,068993 0,068993
перемирии 0,076161 0,076161
ру 0,000000 0,000000
банк 0,076161 0,076161
лента 0,000000 0,000000
главы 2,302585 2,302585
новые 0,000000 0,000000
запускаются 5,010635 5,010635
спорт 0,000000 0,000000
указал 2,525729 2,525729
споры 0,097980 0,097980
согласие 0,047791 0,047791
добро 0,013423 0,013423
подлодок 5,010635 10,021271
военной 0,061875 0,309377
выражаете 0,047791 0,047791
четыре 0,040822 0,040822
жми 0,013423 0,013423
праздником 4,317488 4,317488
помощью 0,047791 0,047791
мирового 5,010635 5,010635
глава 1,643339 1,643339
добра 0,013423 0,026846
женским 4,317488 4,317488
ленту 0,013423 0,013423
затопленного 0,076161 0,076161
фото 0,061875 0,061875
политика 1,576648 1,576648
стали 1,514128 1,514128
водой 0,061875 0,061875
пресс 2,708050 2,708050
россии 0,425668 0,851336
применения 0,000000 0,000000
технологиймини 0,000000 0,000000
оценивайте 0,047791 0,047791
обитания 0,000000 0,000000
ценности 0,000000 0,000000
цели 2,371578 2,371578
материалам 0,047791 0,047791
конфиденциальности 0,047791 0,047791
вернуться 0,013423 0,013423
мир 0,000000 0,000000
ваши 0,047791 0,047791
российским 0,076161 0,152323
нажмите 0,000000 0,000000
получайте 0,047791 0,047791
дело 2,120264 2,120264
женщинам 3,401197 3,401197
ролик 4,317488 4,317488
погружайтесь 0,047791 0,047791
бывший 0,000000 0,000000
проблемы 0,076161 0,076161
накапливайте 0,047791 0,047791
интернет 0,000000 0,000000
россия 0,000000 0,000000
ооо 0,000000 0,000000
обратился 0,076161 0,304645
деактивирована 0,013423 0,013423
путешествия 0,000000 0,000000
отдела 0,579818 0,579818
свои 0,027029 0,027029
ранее 1,003302 1,003302
структуры 0,000000 0,000000
параллельмоя 2,177422 2,177422
индии 0,076161 0,076161
гид 0,076161 0,076161
хочешь 0,013423 0,013423
нашли 0,000000 0,000000
пляжных 0,097980 0,097980
уволит 0,076161 0,076161
дома 0,061875 0,061875
американский 0,061875 0,061875
обычную 0,013423 0,013423
пола 0,097980 0,097980
украине 1,139434 1,139434
внешность 0,097980 0,097980
специальной 3,401197 3,401197
украинском 0,076161 0,076161
света 0,054808 0,054808
районах 3,401197 3,401197
задачи 2,931194 2,931194
галереи 0,000000 0,000000
видеообращение 5,010635 10,021271
белоусов 0,076161 0,609291
эмоции 0,047791 0,047791
зеленским 0,076161 0,076161
проведения 3,624341 3,624341
поздравляю 5,010635 5,010635
числе 1,714798 3,429597
условиями 0,040822 0,081644
двум 0,076161 0,076161
военную 2,813411 2,813411
алан 5,010635 5,010635
праздник 3,624341 3,624341
вызвала 0,097980 0,097980
сети 0,090654 0,090654
минобороны 1,966113 3,932226
военнослужащим 0,076161 0,380807
читайте 0,040822 0,040822
опубликовала 3,218876 3,218876
байконур 0,097980 0,097980
редакциярекламаконтактыпресс 0,000000 0,000000
материалы 0,000000 0,000000
видео 0,000000 0,000000
депутат 0,076161 0,076161
прогресс 0,097980 0,097980
россиянки 2,525729 2,525729
статьи 0,000000 0,000000
ходе 1,791759 1,791759
обороны 2,525729 2,525729
адресатами 5,010635 5,010635
форме 0,061875 0,247502
последние 0,090654 0,090654
предрекли 0,076161 0,076161
отмечается 2,371578 2,371578
культура 0,000000 0,000000
обсудить 0,456758 0,456758
силовые 0,000000 0,000000
архив 0,000000 0,000000
образцово 5,010635 5,010635
дня 0,061875 0,061875
сша 0,040822 0,040822
среда 0,000000 0,000000
раскрытии 0,076161 0,076161
редактор 0,567984 0,567984
днем 2,813411 2,813411
скидки 0,047791 0,047791
сотрудников 0,076161 0,076161
службы 2,525729 2,525729
эксклюзивы 0,000000 0,000000
российском 0,076161 0,076161
выражайте 0,047791 0,047791
начались 0,068993 0,068993
высокую 3,912023 3,912023
поражают 5,010635 5,010635
вооруженных 2,014903 2,014903
рекомендательных 0,000000 0,000000
арктики 5,010635 5,010635
конфликте 0,076161 0,076161
ракеты 3,218876 3,218876
продолжая 0,047791 0,047791
работает 0,040822 0,040822
специальную 4,317488 4,317488
служба 3,624341 3,624341
увлекательные 0,047791 0,047791
военного 3,401197 3,401197
проходящим 5,010635 5,010635
вклад 4,317488 8,634976
переговоры 0,054808 0,054808
службу 3,218876 3,218876
тяжесть 5,010635 5,010635
конфиденциальностиправила 0,000000 0,000000
бонусы 0,047791 0,095581
политикой 0,047791 0,047791
чей 4,317488 4,317488
маккартни 0,097980 0,097980
возложенные 5,010635 5,010635
экипажей 4,317488 4,317488
отметил 1,791759 5,375278
жильцы 0,076161 0,076161
международным 3,064725 3,064725
министр 2,612740 5,225480
жизни 0,000000 0,000000
операции 1,714798 1,714798
андрей 3,064725 6,129450
забота 0,000000 0,000000
сбер 0,040822 0,040822
пожаловать 0,013423 0,013423
использованияполитика 0,000000 0,000000
которые 1,181994 1,181994
который 1,272966 1,272966
подводники 5,010635 10,021271
крупный 0,068993 0,068993
регионам 0,076161 0,076161
крупным 0,076161 0,076161
подо 5,010635 5,010635
это 0,020203 0,020203
туристку 0,076161 0,076161
операцию 3,401197 3,401197
победа 0,000000 0,000000
ответственность 3,218876 3,218876
поздравил 3,064725 3,064725
остались 0,061875 0,061875
две 0,033902 0,033902
страна 1,714798 1,714798
мотор 0,000000 0,000000
обменивайте 0,047791 0,047791
опечатку 0,000000 0,000000
сми 0,000000 0,000000
рады 0,068993 0,068993
заключил 3,218876 3,218876
новости 0,000000 0,000000
отдельно 3,401197 3,401197
льдами 5,010635 5,010635
войти 0,000000 0,000000
место 0,054808 0,054808
акции 0,047791 0,047791
хорошие 0,013423 0,013423
моряки 4,317488 4,317488
мс 0,097980 0,097980
медитации 0,076161 0,076161
жзл 3,401197 3,401197
выполняют 3,401197 3,401197
океана 5,010635 5,010635
экономика 0,000000 0,000000
уход 0,076161 0,076161
ведомства 2,931194 2,931194
сердечно 3,912023 3,912023
прибыл 0,083382 0,083382
спецпроекты 0,000000 0,000000
подводников 5,010635 5,010635
обращения 4,317488 4,317488
реальный 0,013423 0,013423
игры 0,000000 0,000000
техника 0,000000 0,000000
ссср 0,000000 0,000000
правды 0,068993 0,068993
трампа 0,054808 0,054808
тысячи 0,068993 0,068993
вносят 5,010635 5,010635
отвел 0,076161 0,076161
крылатые 5,010635 5,010635
предрек 0,076161 0,076161
общее 2,931194 2,931194
калибр 5,010635 5,010635
профессиональным 5,010635 5,010635
марта 0,040822 0,081644
городе 0,061875 0,061875
записал 3,912023 7,824046
профессиональный 4,317488 4,317488
главное 0,000000 0,000000
реакций 0,047791 0,047791
летнего 0,097980 0,097980
заявили 0,076161 0,076161
реакции 0,047791 0,047791
мини 0,000000 0,000000
напомнил 2,813411 2,813411
босиков 5,010635 5,010635
видеть 0,013423 0,013423
изнасиловал 0,076161 0,076161
силах 3,624341 3,624341
наука 0,000000 0,000000
