иностранных 2,371578 2,371578
напишите 3,912023 3,912023
ру 0,000000 0,000000
банк 0,076161 0,076161
занимаются 4,317488 4,317488
стандартные 4,317488 8,634976
личных 3,401197 3,401197
день 1,544899 4,634698
называемые 3,912023 3,912023
найти 2,525729 7,577186
доверия 5,010635 5,010635
проституции 5,010635 5,010635
обетованная 5,010635 5,010635
приносила 5,010635 5,010635
см 5,010635 5,010635
согласие 0,047791 0,047791
зарплатой 5,010635 5,010635
одну 2,612740 2,612740
оказывались 5,010635 5,010635
вечернем 5,010635 5,010635
долго 2,612740 2,612740
коридору 5,010635 5,010635
людей 1,455287 2,910574
взялись 3,401197 3,401197
множество 3,401197 3,401197
какими 3,218876 3,218876
стабильный 4,317488 4,317488
та 2,813411 5,626821
таких 2,177422 10,887110
отделом 3,912023 3,912023
одна 1,875141 9,375705
девяти 3,624341 3,624341
заведение 5,010635 5,010635
фото 0,061875 0,804380
стандартных 5,010635 5,010635
выступают 3,624341 3,624341
скаут 5,010635 20,042541
полгода 2,612740 2,612740
связь 2,813411 8,440232
появилась 2,445686 2,445686
проституцию 5,010635 10,021271
такие 2,120264 4,240527
водой 0,061875 0,061875
технологиймини 0,000000 0,000000
график 3,624341 3,624341
денег 3,401197 6,802395
хостес 5,010635 45,095718
конфиденциальности 0,047791 0,047791
сутенерша 5,010635 5,010635
пройти 2,931194 2,931194
закрытыми 3,912023 3,912023
нажмите 0,000000 0,000000
изнасилование 4,317488 4,317488
получайте 0,047791 0,047791
своем 1,919593 1,919593
процесса 3,624341 3,624341
получается 3,624341 3,624341
адресу 3,912023 3,912023
отпустили 5,010635 5,010635
деле 2,238047 8,952186
буднично 5,010635 5,010635
подразумевающие 5,010635 5,010635
отмечает 2,612740 5,225480
быстро 2,813411 14,067054
проблемы 0,076161 0,076161
данных 2,931194 2,931194
дела 2,813411 2,813411
путешествия 0,000000 0,000000
часов 1,643339 3,286679
неважно 5,010635 5,010635
данным 2,014903 2,014903
находил 5,010635 5,010635
откажешься 3,912023 3,912023
ушла 3,912023 3,912023
сюрпризом 5,010635 5,010635
также 0,762140 4,572840
туда 2,813411 2,813411
индии 0,076161 0,076161
украина 1,832581 1,832581
нашли 0,000000 0,000000
одной 1,514128 1,514128
подозрительным 5,010635 5,010635
одном 2,525729 5,051457
родственников 3,624341 3,624341
пообщаться 3,624341 3,624341
завлекать 5,010635 5,010635
платья 3,624341 3,624341
подозрительных 5,010635 5,010635
вовлечением 5,010635 5,010635
рассказывает 2,612740 2,612740
подписчиков 3,912023 3,912023
языков 3,912023 3,912023
украинском 0,076161 0,076161
света 0,054808 0,054808
нашла 3,624341 7,248682
уязвимы 5,010635 5,010635
кристиной 5,010635 5,010635
построена 5,010635 10,021271
сутенер 5,010635 5,010635
приходить 3,624341 3,624341
блондинки 4,317488 4,317488
белоусов 0,076161 0,076161
небезопасно 5,010635 5,010635
размещать 5,010635 5,010635
однако 1,249435 7,496611
блондинка 5,010635 5,010635
сворачивает 5,010635 5,010635
условиями 0,040822 0,122466
ночного 5,010635 10,021271
караоке 5,010635 10,021271
арку 5,010635 5,010635
обязанностей 5,010635 10,021271
появляются 3,912023 7,824046
подробности 2,238047 4,476093
системе 3,912023 3,912023
собеседованием 5,010635 5,010635
выходные 4,317488 4,317488
чата 5,010635 5,010635
случайно 3,912023 3,912023
арки 5,010635 5,010635
могут 1,455287 10,187011
клубов 4,317488 4,317488
танцами 4,317488 4,317488
откликнулась 5,010635 5,010635
читайте 0,040822 0,040822
стороны 1,643339 1,643339
фирму 5,010635 5,010635
байконур 0,097980 0,097980
гости 5,010635 10,021271
сторону 2,708050 2,708050
иметь 3,064725 6,129450
личку 5,010635 5,010635
доверяют 5,010635 5,010635
дублировалось 5,010635 5,010635
денис 3,624341 10,873023
открыла 3,218876 3,218876
россиянки 2,525729 2,525729
часть 1,919593 1,919593
соседству 3,912023 3,912023
минуты 4,317488 4,317488
заведения 5,010635 5,010635
выход 3,064725 3,064725
устроилась 5,010635 5,010635
незнакомок 5,010635 5,010635
вербовщики 5,010635 5,010635
едва 2,177422 2,177422
ночам 4,317488 4,317488
говорит 2,014903 4,029806
последние 0,090654 0,090654
предрекли 0,076161 0,076161
общего 3,624341 3,624341
выложить 5,010635 5,010635
маскируя 5,010635 5,010635
бежать 3,401197 10,203592
синяками 5,010635 5,010635
архив 0,000000 0,000000
просят 3,912023 3,912023
фотографий 5,010635 5,010635
обувь 5,010635 5,010635
широкую 4,317488 4,317488
курс 3,912023 3,912023
личные 3,218876 6,437752
сша 0,040822 0,040822
другая 3,401197 3,401197
описание 3,624341 3,624341
групп 3,624341 3,624341
вывеска 5,010635 5,010635
интернета 4,317488 4,317488
приведет 2,525729 2,525729
раскрытии 0,076161 0,076161
рассадка 5,010635 5,010635
грубо 4,317488 4,317488
создает 3,624341 3,624341
повышает 3,912023 3,912023
номер 3,624341 3,624341
российском 0,076161 0,076161
такая 2,931194 2,931194
фейковые 5,010635 5,010635
каналы 3,218876 3,218876
федеральной 4,317488 4,317488
зайдут 5,010635 5,010635
сутенеров 3,624341 3,624341
лентой 2,371578 9,486312
сексуальными 5,010635 5,010635
прельстившись 5,010635 5,010635
приват 3,912023 7,824046
следствия 3,912023 3,912023
бонусы 0,047791 0,095581
разъяснение 5,010635 5,010635
жильцы 0,076161 0,076161
жизни 0,000000 0,000000
прямо 2,525729 5,051457
уточнения 4,317488 4,317488
нужно 1,791759 3,583519
любые 3,218876 3,218876
одним 1,966113 1,966113
всплывали 5,010635 5,010635
находится 2,371578 2,371578
стрипах 5,010635 5,010635
туристку 0,076161 0,076161
украинские 2,525729 2,525729
нужна 2,813411 5,626821
ткань 4,317488 4,317488
рост 2,302585 4,605170
наказывается 5,010635 5,010635
стримы 5,010635 5,010635
этими 3,912023 3,912023
процент 3,218876 6,437752
большего 4,317488 4,317488
мотор 0,000000 0,000000
обменивайте 0,047791 0,047791
эскорт 5,010635 10,021271
распространенных 4,317488 4,317488
понятно 3,401197 3,401197
чаевые 3,912023 3,912023
накрашенными 5,010635 5,010635
полуоткрытой 5,010635 5,010635
удобное 5,010635 5,010635
подозрительные 5,010635 5,010635
средний 3,401197 3,401197
обозначают 5,010635 5,010635
домофон 5,010635 5,010635
проходят 3,624341 3,624341
хорошие 0,013423 0,013423
улице 3,218876 3,218876
преступники 4,317488 4,317488
далеко 3,064725 6,129450
вербовки 4,317488 4,317488
шла 2,813411 2,813411
причем 2,708050 5,416100
ухода 3,912023 3,912023
чаще 2,708050 5,416100
риски 3,401197 3,401197
тренировки 3,912023 3,912023
соискательницам 5,010635 5,010635
посмотрела 5,010635 5,010635
хороший 3,912023 7,824046
интимом 5,010635 5,010635
юрфирму 5,010635 5,010635
совершать 3,624341 3,624341
обманом 3,401197 6,802395
прибыл 0,083382 0,083382
собеседовании 5,010635 5,010635
вербует 3,912023 3,912023
собеседований 5,010635 5,010635
любую 4,317488 4,317488
сутенеры 5,010635 10,021271
нарушение 3,912023 3,912023
улицы 4,317488 4,317488
продолжать 5,010635 5,010635
список 2,708050 5,416100
правозащитников 5,010635 5,010635
обслуживания 4,317488 4,317488
кадр 2,302585 2,302585
масса 3,218876 3,218876
собеседования 4,317488 12,952464
кабинет 4,317488 4,317488
ссср 0,000000 0,000000
казаков 3,624341 3,624341
готовят 3,912023 3,912023
предпочтительными 5,010635 5,010635
убедительности 5,010635 5,010635
консультировать 5,010635 5,010635
собеседование 5,010635 25,053176
обязанности 4,317488 8,634976
новичков 3,912023 3,912023
именно 1,875141 3,750282
другие 1,714798 3,429597
вовлекала 5,010635 5,010635
дверью 5,010635 5,010635
главное 0,000000 0,000000
назначили 5,010635 5,010635
похожа 3,912023 3,912023
худая 5,010635 5,010635
образов 5,010635 5,010635
летнего 0,097980 0,097980
срочно 3,401197 3,401197
спросить 5,010635 5,010635
мини 0,000000 0,000000
других 1,576648 3,153296
напрямую 3,401197 3,401197
раскрыть 3,624341 7,248682
столкнуться 4,317488 4,317488
спецслужбы 2,525729 5,051457
мессенджерах 5,010635 5,010635
свидетелем 3,064725 3,064725
приносит 4,317488 4,317488
прозвенел 5,010635 5,010635
беседе 2,445686 9,782744
изнасиловал 0,076161 0,076161
подождать 5,010635 5,010635
стоит 1,791759 3,583519
феи 5,010635 5,010635
участвовать 5,010635 5,010635
согласился 2,612740 2,612740
кандидаткам 5,010635 10,021271
отрабатывала 5,010635 5,010635
популярные 3,064725 3,064725
вести 2,708050 2,708050
позвонили 5,010635 5,010635
бар 5,010635 5,010635
спорт 0,000000 0,000000
творится 5,010635 5,010635
споры 0,097980 0,097980
шоу 2,813411 8,440232
военной 0,061875 0,061875
четыре 0,040822 0,081644
стало 1,181994 1,181994
известных 3,401197 3,401197
обещают 4,317488 4,317488
речью 5,010635 5,010635
насчитывать 5,010635 5,010635
делом 3,624341 3,624341
сохраненным 5,010635 5,010635
трогают 5,010635 5,010635
оформлять 5,010635 5,010635
основной 3,624341 3,624341
программ 5,010635 20,042541
стала 1,576648 1,576648
схема 3,912023 3,912023
стали 1,514128 7,570639
звонит 5,010635 5,010635
связанную 5,010635 5,010635
закрадываться 5,010635 5,010635
работал 2,708050 2,708050
обитания 0,000000 0,000000
нитями 5,010635 5,010635
легенда 5,010635 5,010635
отправлять 4,317488 4,317488
волнения 5,010635 5,010635
женщина 2,813411 2,813411
интересоваться 5,010635 5,010635
российские 1,678431 1,678431
официанток 5,010635 5,010635
требования 2,302585 2,302585
проходим 5,010635 5,010635
имеют 2,931194 8,793581
женщины 2,066196 6,198589
российским 0,076161 0,076161
откровенными 5,010635 5,010635
магазин 3,401197 3,401197
индустрией 5,010635 5,010635
базовые 5,010635 5,010635
предлагают 4,317488 8,634976
судкриминалполиция 2,525729 2,525729
всплывать 5,010635 5,010635
ожидании 5,010635 5,010635
паспорт 4,317488 4,317488
тех 2,120264 4,240527
шести 2,445686 2,445686
монастырь 4,317488 8,634976
спустя 1,832581 1,832581
интернет 0,000000 0,000000
сутки 2,931194 5,862388
обратился 0,076161 0,076161
шесть 2,525729 2,525729
получишь 5,010635 10,021271
хореографом 5,010635 5,010635
тревожный 5,010635 5,010635
популярных 3,218876 3,218876
версии 3,218876 3,218876
закрытого 4,317488 4,317488
требований 2,708050 2,708050
платить 3,218876 9,656627
знаю 3,624341 3,624341
моделями 5,010635 5,010635
гид 0,076161 0,076161
работе 1,791759 3,583519
прописаны 5,010635 5,010635
дома 0,061875 0,061875
юридическую 5,010635 10,021271
глаза 2,931194 2,931194
пола 0,097980 0,097980
трансляции 5,010635 5,010635
работу 1,791759 12,542316
показалось 3,624341 3,624341
руководству 3,912023 3,912023
руководство 3,401197 3,401197
сотрудник 2,813411 5,626821
спиртное 5,010635 5,010635
адрес 3,218876 3,218876
отношения 2,525729 2,525729
смутило 4,317488 4,317488
ночных 5,010635 5,010635
пообещал 3,912023 3,912023
помощника 5,010635 5,010635
работа 2,708050 5,416100
услуг 3,064725 15,323626
сеть 3,624341 3,624341
завтра 3,401197 3,401197
театр 4,317488 8,634976
первого 2,612740 2,612740
виды 4,317488 4,317488
фонда 3,401197 13,604790
работодателей 4,317488 4,317488
телефон 3,624341 3,624341
итоге 2,708050 5,416100
эмоции 0,047791 0,047791
работодателем 5,010635 5,010635
сотрудницы 5,010635 5,010635
прикрыты 5,010635 5,010635
высоком 5,010635 5,010635
становятся 3,401197 3,401197
короткие 5,010635 5,010635
дрон 3,624341 3,624341
неожиданно 4,317488 4,317488
клуб 3,624341 3,624341
потолка 4,317488 4,317488
сети 0,090654 0,453272
работы 1,455287 10,187011
военнослужащим 0,076161 0,076161
рабочего 3,218876 3,218876
комнат 4,317488 4,317488
требуется 3,401197 3,401197
короткий 3,624341 3,624341
чистыми 5,010635 5,010635
соображений 5,010635 5,010635
модератором 5,010635 5,010635
случаях 3,401197 3,401197
каждая 3,624341 3,624341
клиентом 5,010635 5,010635
материалы 0,000000 0,000000
депутат 0,076161 0,076161
жительницу 4,317488 4,317488
статьи 0,000000 0,000000
украинцы 2,931194 2,931194
каблуках 3,912023 11,736069
убьем 3,912023 3,912023
контакты 2,302585 2,302585
поначалу 3,912023 3,912023
культура 0,000000 0,000000
материала 2,931194 2,931194
срочность 5,010635 5,010635
сложных 5,010635 5,010635
набор 3,218876 3,218876
заработка 3,401197 6,802395
проституированной 5,010635 5,010635
пробного 5,010635 5,010635
клиентов 4,317488 4,317488
контакте 3,624341 3,624341
важного 3,401197 3,401197
оператор 3,912023 3,912023
удалось 1,714798 1,714798
целями 4,317488 4,317488
зависит 3,064725 3,064725
клиентами 4,317488 12,952464
оказавшихся 5,010635 5,010635
редактор 0,567984 0,567984
делить 5,010635 5,010635
дадим 3,912023 3,912023
получить 2,238047 2,238047
офисный 5,010635 5,010635
бросается 4,317488 4,317488
продавать 3,064725 3,064725
согласились 3,218876 3,218876
табу 5,010635 5,010635
разных 2,445686 4,891372
работает 0,040822 0,122466
новая 2,612740 2,612740
увлекательные 0,047791 0,047791
обратная 3,064725 3,064725
ксении 5,010635 15,031906
различные 3,401197 3,401197
образы 4,317488 4,317488
сменщица 5,010635 5,010635
порядке 2,813411 8,440232
легче 3,218876 3,218876
переговоры 0,054808 0,054808
принуждения 5,010635 10,021271
разные 3,401197 3,401197
раза 2,525729 5,051457
времени 1,919593 3,839186
маккартни 0,097980 0,097980
грамотная 5,010635 5,010635
гостей 3,401197 6,802395
сбер 0,040822 0,040822
фсб 2,931194 2,931194
использованияполитика 0,000000 0,000000
пособлазнять 5,010635 5,010635
вопросов 3,064725 3,064725
легальными 5,010635 5,010635
пробива 3,401197 3,401197
вторую 3,912023 3,912023
поэтому 1,966113 5,898339
звонок 3,912023 3,912023
показывают 4,317488 4,317488
крупный 0,068993 0,068993
неприметную 5,010635 5,010635
регионам 0,076161 0,076161
знает 2,612740 2,612740
крупным 0,076161 0,076161
откровенной 4,317488 4,317488
намекнул 5,010635 5,010635
прим 2,813411 2,813411
признался 3,624341 3,624341
нагрубила 5,010635 5,010635
самом 2,014903 4,029806
вакансией 5,010635 5,010635
остались 0,061875 0,061875
предпочтениях 5,010635 5,010635
сегодня 1,643339 4,930018
вещи 2,931194 2,931194
приехала 4,317488 4,317488
детали 2,813411 2,813411
манипулирует 5,010635 5,010635
сразу 2,066196 10,330982
семи 4,317488 4,317488
убеждать 5,010635 5,010635
тылу 3,064725 3,064725
сообществ 3,912023 3,912023
вместе 1,514128 1,514128
такое 2,014903 2,014903
пообещала 3,912023 7,824046
съемки 4,317488 4,317488
ночной 3,912023 3,912023
сопровождение 5,010635 5,010635
рады 0,068993 0,068993
заработок 4,317488 8,634976
посвященных 4,317488 4,317488
зависимости 2,813411 5,626821
рекрутерам 5,010635 5,010635
съемка 5,010635 5,010635
придут 3,401197 3,401197
лестнице 4,317488 4,317488
отдельно 3,401197 3,401197
оклад 4,317488 4,317488
акции 0,047791 0,047791
отправить 3,218876 6,437752
рассказал 1,272966 1,272966
естественно 3,624341 3,624341
висела 5,010635 5,010635
формата 3,912023 3,912023
дениса 5,010635 10,021271
считается 2,612740 5,225480
экономика 0,000000 0,000000
заработать 3,218876 6,437752
центре 2,525729 5,051457
основная 4,317488 4,317488
попал 2,445686 2,445686
любыми 5,010635 5,010635
организацию 3,912023 3,912023
консумации 5,010635 5,010635
уверенность 3,624341 3,624341
сложно 2,525729 2,525729
которая 1,875141 3,750282
проще 3,624341 3,624341
десять 3,064725 9,194175
консумация 3,912023 3,912023
вечерам 3,912023 3,912023
историю 2,525729 2,525729
секс 2,371578 28,458936
отказываться 3,624341 7,248682
волнуется 5,010635 5,010635
заставляли 5,010635 5,010635
вскоре 2,302585 2,302585
довольны 5,010635 5,010635
стойку 5,010635 5,010635
кровать 4,317488 8,634976
объявления 4,317488 12,952464
денисоператор 5,010635 15,031906
либо 1,919593 1,919593
принести 3,401197 3,401197
облике 5,010635 5,010635
реальный 0,013423 0,013423
предлагать 3,912023 3,912023
ксения 5,010635 35,074447
жизненных 5,010635 5,010635
ксению 5,010635 5,010635
общаться 3,912023 3,912023
штрафов 5,010635 5,010635
посиделками 5,010635 5,010635
тысячи 0,068993 0,206979
выйдет 5,010635 5,010635
иностранцами 4,317488 4,317488
первое 2,612740 5,225480
предрек 0,076161 0,076161
объявление 5,010635 5,010635
объявлений 4,317488 4,317488
встреча 3,218876 3,218876
фильм 2,813411 2,813411
втором 3,912023 3,912023
подходит 3,624341 7,248682
высоких 3,624341 3,624341
развитием 3,912023 3,912023
заявили 0,076161 0,076161
встрече 2,813411 2,813411
постоянно 2,525729 2,525729
попала 3,401197 3,401197
видеть 0,013423 0,013423
раскрывают 4,317488 4,317488
секретарем 3,912023 3,912023
договорились 2,612740 2,612740
семье 2,931194 2,931194
принято 3,064725 3,064725
предстоит 3,624341 7,248682
второй 2,066196 2,066196
встречать 4,317488 4,317488
условия 2,371578 4,743156
жертв 3,912023 11,736069
перемирии 0,076161 0,076161
приводить 4,317488 4,317488
вовлечение 5,010635 5,010635
новые 0,000000 0,000000
оживленной 5,010635 5,010635
частичный 5,010635 10,021271
ждет 3,401197 6,802395
карты 2,931194 2,931194
выйти 2,813411 2,813411
сомнения 5,010635 5,010635
программах 4,317488 4,317488
ответили 2,708050 2,708050
добро 0,013423 0,013423
выражаете 0,047791 0,047791
любая 3,912023 3,912023
менее 2,014903 2,014903
умение 3,064725 3,064725
помощью 0,047791 0,047791
обращала 5,010635 5,010635
полный 3,624341 10,873023
фотографиях 5,010635 5,010635
помощь 2,177422 2,177422
александр 1,832581 1,832581
первом 3,064725 3,064725
накачивали 5,010635 10,021271
готовность 3,218876 3,218876
добра 0,013423 0,026846
дресс 5,010635 5,010635
должны 2,066196 2,066196
словам 1,272966 7,637794
устраиваться 5,010635 5,010635
чатов 3,912023 7,824046
хорошими 4,317488 4,317488
расстройства 4,317488 4,317488
кому 2,708050 2,708050
параметры 4,317488 4,317488
добиться 3,401197 3,401197
секретаря 3,912023 11,736069
обещая 5,010635 5,010635
фигуру 3,912023 7,824046
коммерсантъ 2,708050 2,708050
оценивайте 0,047791 0,047791
дополнительные 4,317488 4,317488
течение 2,120264 2,120264
какие 1,875141 1,875141
потенциальных 5,010635 15,031906
упирается 5,010635 5,010635
танцовщиц 5,010635 5,010635
земля 3,218876 3,218876
конкретные 4,317488 4,317488
местоположение 4,317488 4,317488
удается 3,401197 3,401197
мир 0,000000 0,000000
понимают 4,317488 4,317488
каких 2,612740 2,612740
искать 3,064725 3,064725
сценарии 4,317488 4,317488
требовалась 5,010635 5,010635
сценарий 3,912023 3,912023
знают 3,218876 3,218876
погружайтесь 0,047791 0,047791
абсолютно 3,064725 3,064725
оплачиваемую 5,010635 5,010635
практика 3,912023 3,912023
камни 4,317488 4,317488
небольшой 3,401197 3,401197
бывший 0,000000 0,000000
время 0,762140 0,762140
тебе 3,401197 3,401197
накапливайте 0,047791 0,047791
вовлечения 5,010635 10,021271
ооо 0,000000 0,000000
говорю 5,010635 5,010635
деактивирована 0,013423 0,013423
подробно 4,317488 4,317488
отдела 0,579818 0,579818
хотят 2,708050 2,708050
встала 5,010635 5,010635
указывают 5,010635 5,010635
ранее 1,003302 1,003302
придется 3,401197 3,401197
структуры 0,000000 0,000000
хочешь 0,013423 0,040269
пляжных 0,097980 0,097980
антимониккоординатор 5,010635 15,031906
ищет 4,317488 12,952464
час 3,218876 9,656627
беспредел 5,010635 5,010635
обычную 0,013423 0,026846
соцсетях 3,624341 3,624341
туфлями 5,010635 5,010635
попадают 2,931194 2,931194
обращает 3,912023 3,912023
внешность 0,097980 0,195961
вакансиями 5,010635 5,010635
охрана 5,010635 5,010635
стандартно 5,010635 5,010635
изменено 3,912023 7,824046
полиции 2,445686 2,445686
охране 5,010635 5,010635
своего 2,238047 2,238047
трогали 5,010635 10,021271
закрытие 3,218876 3,218876
показать 2,708050 2,708050
галереи 0,000000 0,000000
кодом 5,010635 5,010635
отсутствии 3,912023 3,912023
блюд 3,912023 3,912023
угрозами 4,317488 4,317488
стажировку 5,010635 5,010635
эскортниц 5,010635 10,021271
иди 3,912023 7,824046
ничуть 4,317488 4,317488
платформе 4,317488 4,317488
вероника 3,912023 15,648092
офис 3,401197 3,401197
сексуальной 4,317488 4,317488
полчаса 3,912023 3,912023
вероники 5,010635 5,010635
преступная 4,317488 4,317488
диверсии 3,624341 7,248682
родным 5,010635 5,010635
поиске 3,912023 3,912023
родные 3,624341 3,624341
редакциярекламаконтактыпресс 0,000000 0,000000
летнюю 3,401197 3,401197
премиальных 4,317488 4,317488
видео 0,000000 0,000000
высокая 3,912023 3,912023
сумку 3,912023 3,912023
интим 5,010635 5,010635
приступать 5,010635 5,010635
сильно 2,445686 2,445686
купальников 5,010635 5,010635
антимоник 5,010635 10,021271
предложил 3,218876 3,218876
поиску 4,317488 21,587441
помощи 2,302585 2,302585
меньше 2,120264 2,120264
грамотной 5,010635 5,010635
лишь 2,238047 8,952186
представительниц 5,010635 5,010635
одного 2,177422 2,177422
приведенных 4,317488 4,317488
преимуществом 5,010635 5,010635
иллюзию 5,010635 5,010635
нужной 5,010635 5,010635
летняя 2,177422 4,354844
середине 3,218876 3,218876
поиска 3,401197 6,802395
клиента 3,624341 10,873023
подготовили 5,010635 5,010635
заинтересованы 3,912023 3,912023
коктейльные 5,010635 5,010635
вечерними 5,010635 5,010635
среда 0,000000 0,000000
делать 1,966113 3,932226
глазами 3,064725 3,064725
пришла 3,401197 3,401197
обернуться 4,317488 8,634976
офиса 4,317488 4,317488
среди 1,714798 1,714798
остаться 3,401197 3,401197
скидки 0,047791 0,047791
работницы 5,010635 5,010635
опрятная 5,010635 10,021271
девушка 3,064725 30,647251
эксклюзивы 0,000000 0,000000
становится 3,218876 6,437752
москве 1,791759 3,583519
выражайте 0,047791 0,047791
сказали 3,624341 7,248682
меню 2,931194 2,931194
девушки 2,445686 17,119802
понимаю 3,624341 3,624341
девушку 3,912023 7,824046
модерировать 5,010635 5,010635
сказала 4,317488 4,317488
конфликте 0,076161 0,076161
затонированной 5,010635 5,010635
продолжая 0,047791 0,047791
выстраивали 5,010635 5,010635
большом 3,401197 6,802395
подталкивание 5,010635 5,010635
лицо 3,624341 3,624341
рынок 2,177422 2,177422
подходящую 4,317488 4,317488
эта 2,120264 2,120264
отдельным 5,010635 5,010635
изначально 3,064725 3,064725
дал 2,238047 2,238047
деньги 2,014903 4,029806
набирал 5,010635 5,010635
которое 2,371578 2,371578
стриптиза 5,010635 5,010635
конфиденциальностиправила 0,000000 0,000000
расписывает 5,010635 5,010635
всеследствие 2,525729 2,525729
которой 2,120264 2,120264
москвы 1,832581 3,665163
политикой 0,047791 0,047791
проводят 3,912023 3,912023
начинают 5,010635 5,010635
результата 5,010635 5,010635
работать 2,120264 6,360791
угрозе 5,010635 5,010635
обучение 4,317488 4,317488
смену 3,218876 9,656627
связано 3,218876 3,218876
премиального 5,010635 10,021271
кого 2,708050 2,708050
раньше 2,371578 2,371578
которого 1,875141 1,875141
потеряет 4,317488 4,317488
это 0,020203 0,222230
выясняется 5,010635 5,010635
большинство 2,708050 2,708050
казались 3,912023 3,912023
принуждают 3,912023 3,912023
этим 2,302585 6,907755
встать 3,912023 3,912023
передаем 5,010635 5,010635
смена 3,624341 3,624341
две 0,033902 0,033902
новость 3,401197 3,401197
обманули 3,912023 7,824046
историям 5,010635 5,010635
вполне 2,813411 5,626821
неприятным 5,010635 5,010635
детей 2,177422 2,177422
доверительные 5,010635 5,010635
склонять 5,010635 5,010635
экономят 5,010635 5,010635
зашла 5,010635 10,021271
новости 0,000000 0,000000
войти 0,000000 0,000000
ковая 5,010635 5,010635
рассказываешь 3,912023 3,912023
трогать 5,010635 5,010635
отключены 1,576648 1,576648
медитации 0,076161 0,076161
салона 4,317488 8,634976
объявлениям 5,010635 5,010635
особо 3,624341 3,624341
рассказывая 5,010635 5,010635
увидела 3,401197 10,203592
вышло 3,912023 3,912023
открытого 4,317488 4,317488
сводится 4,317488 4,317488
соискательниц 5,010635 10,021271
минимум 3,064725 3,064725
уход 0,076161 0,076161
использованию 4,317488 4,317488
насилием 5,010635 5,010635
эксперта 4,317488 4,317488
программе 3,624341 3,624341
ними 2,525729 2,525729
спецпроекты 0,000000 0,000000
первым 2,238047 4,476093
действие 3,912023 3,912023
беспилотников 3,218876 3,218876
девушек 3,218876 32,188758
первые 2,371578 4,743156
ночь 2,708050 5,416100
первый 1,832581 1,832581
игры 0,000000 0,000000
рекрутеры 5,010635 15,031906
февраля 1,272966 3,818897
техника 0,000000 0,000000
обязательным 4,317488 4,317488
разбиралась 4,317488 4,317488
методы 3,912023 7,824046
мотивации 5,010635 5,010635
пять 1,576648 6,306592
трампа 0,054808 0,054808
минут 2,445686 4,891372
события 2,612740 2,612740
мнению 2,302585 2,302585
практически 2,525729 5,051457
отправились 3,624341 3,624341
помощником 4,317488 4,317488
самых 1,609438 3,218876
поскольку 2,238047 2,238047
отвел 0,076161 0,076161
компанию 3,401197 3,401197
происходит 2,014903 2,014903
размер 3,912023 3,912023
обязанностям 5,010635 5,010635
марта 0,040822 0,081644
имя 2,708050 5,416100
ответ 2,177422 2,177422
конечном 3,912023 3,912023
рассказу 3,912023 3,912023
собеседницы 5,010635 5,010635
краснодаре 5,010635 5,010635
собеседованиях 3,624341 7,248682
реакций 0,047791 0,047791
большие 2,813411 2,813411
реакции 0,047791 0,047791
массово 2,371578 2,371578
увольнения 3,624341 3,624341
компании 2,014903 2,014903
рекрутера 5,010635 10,021271
краснодара 4,317488 4,317488
продавец 3,624341 10,873023
выключаем 5,010635 5,010635
вечером 3,064725 3,064725
рекрутеру 5,010635 5,010635
работниц 5,010635 5,010635
одному 3,912023 3,912023
пережили 4,317488 4,317488
выбирать 4,317488 4,317488
собеседница 5,010635 10,021271
смен 5,010635 5,010635
зеленского 0,068993 0,068993
большей 2,813411 2,813411
ленте 2,931194 2,931194
лента 0,000000 0,000000
сферу 5,010635 5,010635
длится 3,401197 3,401197
стабильно 4,317488 4,317488
объяснила 3,064725 3,064725
сферы 3,912023 3,912023
сфера 3,912023 3,912023
рекрутер 5,010635 25,053176
суть 3,624341 3,624341
ментальные 5,010635 5,010635
находили 4,317488 4,317488
буквально 3,218876 3,218876
месяц 2,525729 5,051457
окружения 3,064725 3,064725
жми 0,013423 0,013423
позвал 3,912023 3,912023
роли 3,401197 3,401197
рекрутинговом 5,010635 5,010635
возможности 2,238047 4,476093
правило 3,401197 10,203592
ленту 0,013423 0,013423
перешла 5,010635 5,010635
затопленного 0,076161 0,076161
ленты 1,678431 8,392154
сама 2,813411 2,813411
женщин 2,302585 6,907755
столичного 5,010635 5,010635
россии 0,425668 1,277003
применения 0,000000 0,000000
задержали 2,302585 2,302585
зарабатывать 3,624341 3,624341
объяснимы 5,010635 5,010635
ценности 0,000000 0,000000
платьями 5,010635 5,010635
гарантия 5,010635 5,010635
спасло 3,218876 3,218876
спецслужбыпреступная 2,525729 2,525729
разозлилась 5,010635 5,010635
зарплата 3,912023 3,912023
третий 2,931194 5,862388
насилие 3,401197 3,401197
рублей 1,514128 18,169533
поняла 3,218876 9,656627
насилии 4,317488 8,634976
чатах 5,010635 5,010635
материалам 0,047791 0,047791
сексуальных 5,010635 5,010635
мужчин 2,371578 2,371578
требовались 4,317488 4,317488
сайте 3,401197 3,401197
вернуться 0,013423 0,013423
ваши 0,047791 0,047791
вакансиях 5,010635 5,010635
собеседуюсь 5,010635 5,010635
срочном 4,317488 8,634976
очередь 2,177422 2,177422
процентов 1,875141 5,625423
существует 2,813411 2,813411
показывает 4,317488 4,317488
зарплаты 3,218876 3,218876
речь 2,525729 7,577186
просто 1,678431 8,392154
ждут 4,317488 4,317488
вопроса 3,401197 3,401197
белгорода 5,010635 5,010635
интиму 5,010635 5,010635
россия 0,000000 0,000000
личной 3,064725 3,064725
кивает 5,010635 5,010635
используют 3,912023 11,736069
коллегой 2,525729 2,525729
вопросы 2,120264 2,120264
личном 4,317488 4,317488
свои 0,027029 0,081086
зарплате 5,010635 5,010635
рассказала 1,919593 1,919593
зарплату 3,912023 11,736069
произошло 2,445686 2,445686
затратно 5,010635 5,010635
уволит 0,076161 0,076161
студию 5,010635 5,010635
увеселительные 5,010635 5,010635
американский 0,061875 0,061875
кристине 5,010635 5,010635
администраторы 5,010635 5,010635
адекватными 5,010635 5,010635
сервисы 3,064725 6,129450
барьеров 5,010635 5,010635
задач 3,912023 3,912023
услуги 4,317488 12,952464
кристина 3,218876 3,218876
утра 3,624341 3,624341
строится 5,010635 5,010635
началось 3,218876 3,218876
участвуют 5,010635 5,010635
двух 1,678431 1,678431
вебкамщиц 5,010635 5,010635
маркетплейсов 5,010635 5,010635
трек 5,010635 5,010635
рабочий 4,317488 4,317488
психологических 4,317488 4,317488
администратора 5,010635 10,021271
явно 3,912023 3,912023
отдать 3,401197 3,401197
хитроумными 5,010635 5,010635
числа 3,064725 3,064725
зеленским 0,076161 0,076161
индустрию 5,010635 15,031906
зовут 5,010635 5,010635
собственным 4,317488 4,317488
индустрия 5,010635 10,021271
числе 1,714798 1,714798
словами 2,708050 2,708050
двум 0,076161 0,076161
вызвала 0,097980 0,097980
развлекательное 5,010635 5,010635
объяснять 3,912023 3,912023
сеи 5,010635 5,010635
ситуациях 4,317488 4,317488
открывается 5,010635 5,010635
камерам 5,010635 5,010635
контроля 2,371578 2,371578
кристину 4,317488 4,317488
индустрии 3,624341 3,624341
приватными 5,010635 5,010635
брони 5,010635 5,010635
строго 3,912023 3,912023
доход 2,931194 5,862388
управляющего 5,010635 5,010635
ищут 3,218876 6,437752
танцуют 4,317488 4,317488
устраивались 4,317488 4,317488
путь 2,931194 2,931194
безбедно 5,010635 5,010635
чему 2,708050 2,708050
прогресс 0,097980 0,097980
среднем 3,401197 3,401197
проституток 5,010635 5,010635
портрета 5,010635 5,010635
скауты 5,010635 5,010635
дом 2,014903 8,059612
позиции 2,302585 2,302585
форме 0,061875 0,061875
ксенией 5,010635 5,010635
шире 5,010635 5,010635
работодатель 5,010635 10,021271
документы 3,624341 3,624341
уходили 5,010635 5,010635
силовые 0,000000 0,000000
дверь 3,064725 12,258901
берут 4,317488 4,317488
тысяч 1,427116 19,979629
стриминговой 5,010635 5,010635
ясно 4,317488 4,317488
дня 0,061875 0,185626
забирают 5,010635 5,010635
моделей 5,010635 15,031906
способы 3,624341 3,624341
побольше 3,624341 3,624341
готовыми 4,317488 4,317488
студии 4,317488 25,904929
илона 3,912023 7,824046
оператором 4,317488 4,317488
обман 4,317488 8,634976
днем 2,813411 2,813411
полицейские 3,624341 3,624341
сотрудников 0,076161 0,076161
операторов 3,912023 3,912023
формы 3,624341 3,624341
теме 1,514128 1,514128
комментарии 1,484275 1,484275
темному 5,010635 5,010635
начались 0,068993 0,068993
оказаться 3,401197 3,401197
эстетики 5,010635 5,010635
рекомендательных 0,000000 0,000000
около 1,678431 5,035292
салон 4,317488 4,317488
танцуешь 5,010635 5,010635
заниматься 3,624341 3,624341
обещает 4,317488 4,317488
оператора 5,010635 10,021271
предложения 3,218876 3,218876
службе 4,317488 4,317488
наркотиками 3,912023 7,824046
дверей 5,010635 5,010635
вовлекают 5,010635 5,010635
поздно 3,218876 3,218876
аксессуарами 5,010635 5,010635
профиле 5,010635 5,010635
включаются 5,010635 5,010635
образах 5,010635 5,010635
забота 0,000000 0,000000
является 1,966113 1,966113
пожаловать 0,013423 0,013423
платформах 5,010635 5,010635
предложили 3,401197 3,401197
которые 1,181994 5,909969
белье 3,912023 3,912023
клубе 3,624341 7,248682
халате 5,010635 5,010635
идея 2,931194 2,931194
вебкам 5,010635 40,085082
который 1,272966 2,545931
клуба 2,931194 17,587163
кандидатку 5,010635 5,010635
администраторов 4,317488 4,317488
пострадавшей 5,010635 5,010635
напитков 5,010635 5,010635
которым 2,708050 8,124151
идет 2,177422 2,177422
например 1,791759 8,958797
криминал 3,401197 3,401197
легким 5,010635 5,010635
следующим 5,010635 5,010635
клубу 5,010635 5,010635
россиянок 2,302585 4,605170
правил 5,010635 5,010635
которых 1,678431 8,392154
располагать 5,010635 5,010635
победа 0,000000 0,000000
живут 3,624341 7,248682
привести 2,708050 2,708050
знание 5,010635 5,010635
телефону 2,931194 5,862388
красоты 5,010635 5,010635
друзья 3,401197 3,401197
промежуток 5,010635 5,010635
палей 4,317488 8,634976
рассказать 3,624341 3,624341
случае 1,875141 3,750282
продолжением 5,010635 5,010635
случай 2,931194 2,931194
отклики 5,010635 5,010635
опечатку 0,000000 0,000000
сми 0,000000 0,000000
занималась 5,010635 5,010635
попросив 5,010635 5,010635
менеджеров 4,317488 4,317488
грозят 5,010635 5,010635
понять 2,525729 5,051457
вниз 3,401197 3,401197
отклика 5,010635 5,010635
будем 2,612740 2,612740
посиделки 5,010635 5,010635
комнаты 3,624341 3,624341
несколько 1,347074 4,041221
кандидатке 5,010635 5,010635
органах 3,912023 3,912023
собой 2,014903 2,014903
место 0,054808 0,054808
мс 0,097980 0,097980
перешел 3,624341 3,624341
похожую 5,010635 5,010635
начали 1,427116 1,427116
начале 2,177422 4,354844
сообщества 4,317488 4,317488
координатор 5,010635 5,010635
попытке 3,912023 3,912023
вакансию 5,010635 15,031906
начала 1,832581 1,832581
корреспондент 2,525729 5,051457
эксплуатацией 4,317488 4,317488
выборе 5,010635 5,010635
поисках 3,401197 3,401197
вынуждают 5,010635 5,010635
черной 3,912023 3,912023
вводят 5,010635 5,010635
уходящей 5,010635 5,010635
нужную 5,010635 10,021271
каждый 2,066196 6,198589
ужасные 4,317488 4,317488
опыте 5,010635 5,010635
опыта 3,912023 3,912023
подводные 4,317488 4,317488
сервисов 3,912023 3,912023
способами 3,912023 7,824046
уровне 2,371578 2,371578
уровень 2,813411 2,813411
связавшийся 5,010635 5,010635
вакансии 5,010635 30,063812
вакансий 4,317488 4,317488
подходящие 5,010635 5,010635
мужчины 2,525729 2,525729
плане 4,317488 4,317488
безопасности 2,177422 4,354844
месте 2,371578 7,114734
количестве 3,912023 3,912023
пойдет 3,624341 3,624341
отправилась 5,010635 5,010635
судя 3,401197 3,401197
размещают 3,912023 7,824046
правды 0,068993 0,068993
этапах 5,010635 5,010635
барную 5,010635 5,010635
схемами 5,010635 5,010635
признает 3,912023 3,912023
одежды 2,931194 2,931194
невозможно 2,708050 2,708050
волосами 4,317488 4,317488
странная 4,317488 4,317488
сотни 2,066196 2,066196
попробовать 3,624341 3,624341
остается 2,708050 2,708050
хочет 1,966113 1,966113
соглашаются 5,010635 5,010635
внимание 2,302585 4,605170
города 1,714798 1,714798
видно 2,708050 8,124151
оказалась 2,302585 2,302585
преступникам 5,010635 10,021271
городе 0,061875 0,123751
бордели 5,010635 5,010635
семьей 3,912023 3,912023
эксплуатации 4,317488 4,317488
возможность 2,066196 2,066196
платьях 5,010635 5,010635
получая 5,010635 5,010635
правда 2,014903 2,014903
взгляд 3,624341 3,624341
отвечал 3,912023 3,912023
безопасный 4,317488 17,269952
пополнился 5,010635 5,010635
ошиблась 5,010635 5,010635
бордель 3,912023 3,912023
студиях 5,010635 5,010635
очень 1,347074 1,347074
вербовать 3,912023 3,912023
аудиторию 4,317488 4,317488
оказание 5,010635 10,021271
наука 0,000000 0,000000
посиделок 5,010635 5,010635
резюме 5,010635 5,010635
какое 2,612740 2,612740
никак 2,931194 2,931194
красиво 4,317488 8,634976
кандидаток 5,010635 5,010635
вечера 3,912023 3,912023
якобы 2,813411 2,813411
