замерзающих 5,010635 5,010635
хотели 3,064725 3,064725
иностранных 2,371578 2,371578
перемирии 0,076161 0,152323
ру 0,000000 0,000000
банк 0,076161 0,076161
разведки 3,401197 3,401197
марочко 5,010635 5,010635
оборона 3,912023 3,912023
мясорубку 5,010635 5,010635
желанием 4,317488 4,317488
новые 0,000000 0,000000
казак 4,317488 8,634976
газа 3,912023 3,912023
ответила 3,064725 3,064725
оценил 2,612740 2,612740
стал 1,203973 2,407946
местных 2,708050 2,708050
ответили 2,708050 2,708050
заявил 1,098612 3,295837
литва 3,912023 3,912023
согласие 0,047791 0,047791
добро 0,013423 0,013423
подписаны 5,010635 5,010635
выборах 3,401197 6,802395
выражаете 0,047791 0,047791
сражениях 5,010635 5,010635
декабря 2,120264 4,240527
су 3,912023 3,912023
красноармейске 5,010635 5,010635
помощью 0,047791 0,095581
изгнаны 5,010635 5,010635
заявление 2,445686 2,445686
уголовное 3,624341 3,624341
людей 1,455287 2,910574
преступлениях 4,317488 4,317488
конфликт 3,218876 6,437752
территориального 5,010635 5,010635
инструктора 5,010635 5,010635
сообщил 1,791759 1,791759
бывшего 2,445686 2,445686
возросшем 5,010635 5,010635
подполье 5,010635 10,021271
добра 0,013423 0,026846
ударе 3,624341 7,248682
фото 0,061875 0,061875
рискуя 3,624341 7,248682
лет 0,967584 8,708256
энергообъектам 4,317488 8,634976
двадцатикратным 5,010635 5,010635
санкции 2,612740 5,225480
готовности 4,317488 4,317488
надеется 3,912023 3,912023
грозит 3,064725 3,064725
приднестровье 5,010635 5,010635
разговор 1,791759 5,375278
танков 3,218876 3,218876
водой 0,061875 0,061875
оказалось 2,177422 2,177422
белоруссии 3,218876 12,875503
технологиймини 0,000000 0,000000
родине 3,624341 3,624341
тяжелых 3,624341 7,248682
оценивайте 0,047791 0,047791
обвинения 3,624341 3,624341
область 2,238047 4,476093
совершают 4,317488 4,317488
назвал 1,347074 2,694147
русские 3,218876 6,437752
конфиденциальности 0,047791 0,047791
белгородскую 2,612740 5,225480
отпускать 5,010635 5,010635
уникальной 5,010635 5,010635
мир 0,000000 0,000000
запад 2,525729 2,525729
генерала 4,317488 4,317488
нажмите 0,000000 0,000000
орешника 3,624341 3,624341
жизнью 3,064725 6,129450
получайте 0,047791 0,047791
дело 2,120264 2,120264
критическая 5,010635 5,010635
белорусские 5,010635 5,010635
погружайтесь 0,047791 0,047791
расследованиям 5,010635 5,010635
худшему 4,317488 4,317488
боец 4,317488 4,317488
бывший 0,000000 0,000000
проблемы 0,076161 0,076161
данных 2,931194 2,931194
жители 2,302585 2,302585
накапливайте 0,047791 0,047791
оппозиция 4,317488 4,317488
национальной 2,813411 5,626821
ооо 0,000000 0,000000
иловайск 5,010635 5,010635
вторые 5,010635 5,010635
деактивирована 0,013423 0,013423
выходить 2,931194 5,862388
путешествия 0,000000 0,000000
республика 3,912023 3,912023
прогремели 3,624341 3,624341
ситуация 2,931194 5,862388
алиеву 5,010635 5,010635
кризисе 3,912023 3,912023
резко 2,371578 2,371578
фронт 3,624341 3,624341
структуры 0,000000 0,000000
провел 2,708050 2,708050
индии 0,076161 0,076161
бойцы 2,525729 10,102915
украина 1,832581 3,665163
хочешь 0,013423 0,013423
лукашенко 2,813411 11,253643
обсуждать 3,218876 3,218876
нашли 0,000000 0,000000
пляжных 0,097980 0,097980
дерзость 5,010635 5,010635
обычную 0,013423 0,013423
вера 5,010635 5,010635
отец 2,177422 2,177422
сектор 3,912023 3,912023
украине 1,139434 19,370383
хоронить 4,317488 4,317488
внешность 0,097980 0,097980
наступил 5,010635 5,010635
украину 2,302585 4,605170
пытали 5,010635 5,010635
украинском 0,076161 0,076161
света 0,054808 0,054808
подписи 5,010635 5,010635
сбежали 4,317488 4,317488
украины 1,021651 3,064954
курской 1,832581 7,330326
подарили 3,912023 3,912023
победить 2,931194 2,931194
курском 3,064725 3,064725
часовым 5,010635 5,010635
прокомментировал 3,064725 9,194175
галереи 0,000000 0,000000
мирных 2,525729 7,577186
белоусов 0,076161 0,076161
размещении 5,010635 5,010635
условиями 0,040822 0,081644
мирный 5,010635 5,010635
киеве 2,813411 5,626821
победу 3,401197 6,802395
офис 3,401197 3,401197
пошли 3,064725 3,064725
касательно 5,010635 5,010635
элитная 4,317488 4,317488
отказался 2,708050 5,416100
могут 1,455287 1,455287
прокомментировали 3,401197 3,401197
читайте 0,040822 0,040822
кремле 2,708050 8,124151
киева 2,612740 5,225480
получил 2,120264 2,120264
повреждении 5,010635 10,021271
потерял 3,218876 3,218876
байконур 0,097980 0,097980
признавать 3,401197 3,401197
редакциярекламаконтактыпресс 0,000000 0,000000
сторону 2,708050 2,708050
поддержки 3,218876 3,218876
простых 3,912023 3,912023
видео 0,000000 0,000000
поддержку 2,813411 2,813411
ответом 4,317488 4,317488
трампом 2,525729 10,102915
солдат 3,064725 9,194175
путина 1,514128 4,542383
выход 3,064725 3,064725
последние 0,090654 0,090654
предрекли 0,076161 0,076161
чечню 4,317488 4,317488
бежать 3,401197 3,401197
обвинил 3,624341 7,248682
архив 0,000000 0,000000
военная 3,218876 3,218876
сша 0,040822 0,367398
машин 3,064725 3,064725
активности 3,401197 3,401197
причиной 2,813411 2,813411
среда 0,000000 0,000000
милитаризации 3,624341 3,624341
приведет 2,525729 2,525729
продвижение 3,064725 3,064725
глазами 3,064725 6,129450
тянется 5,010635 5,010635
раскрытии 0,076161 0,076161
сравнил 3,912023 3,912023
скидки 0,047791 0,047791
лнр 4,317488 8,634976
временах 4,317488 8,634976
эксклюзивы 0,000000 0,000000
российском 0,076161 0,076161
выражайте 0,047791 0,047791
летевшим 5,010635 5,010635
меню 2,931194 2,931194
российской 2,014903 4,029806
мобилизованных 5,010635 5,010635
одиночку 5,010635 5,010635
осколок 4,317488 4,317488
боимся 3,401197 6,802395
ввел 3,624341 3,624341
парад 3,624341 3,624341
донбассе 3,912023 15,648092
конфликте 0,076161 0,076161
днепропетровской 4,317488 4,317488
продолжая 0,047791 0,047791
закончилась 3,624341 3,624341
сопротивлялись 3,912023 3,912023
шедшей 5,010635 5,010635
комику 4,317488 4,317488
преследования 5,010635 5,010635
зеленскому 3,401197 3,401197
цикла 2,813411 8,440232
будут 1,919593 1,919593
верховной 3,624341 3,624341
конфиденциальностиправила 0,000000 0,000000
публичный 5,010635 5,010635
бонусы 0,047791 0,095581
роты 3,401197 3,401197
политикой 0,047791 0,047791
продвижении 5,010635 5,010635
авиации 3,064725 3,064725
боях 2,813411 8,440232
жильцы 0,076161 0,076161
боям 5,010635 5,010635
жизни 0,000000 0,000000
сын 2,525729 2,525729
операции 1,714798 1,714798
силовики 3,624341 3,624341
зоне 3,624341 3,624341
смены 2,931194 2,931194
школах 3,912023 3,912023
украинских 1,919593 3,839186
травмах 5,010635 5,010635
слова 2,177422 2,177422
скорой 3,912023 3,912023
пустили 5,010635 5,010635
смерти 2,445686 2,445686
вылазки 5,010635 5,010635
раскрыл 2,177422 2,177422
объявил 2,813411 5,626821
определился 5,010635 5,010635
туристку 0,076161 0,076161
это 0,020203 0,141419
обойти 3,218876 3,218876
азербайджана 5,010635 5,010635
украинский 2,612740 5,225480
группу 3,401197 6,802395
остановке 5,010635 5,010635
две 0,033902 0,033902
мотор 0,000000 0,000000
преимуществе 5,010635 5,010635
обменивайте 0,047791 0,047791
назвали 2,238047 2,238047
осталась 3,624341 3,624341
взрывы 2,931194 5,862388
катастрофа 3,624341 3,624341
убить 4,317488 4,317488
рушиться 5,010635 5,010635
держусь 5,010635 5,010635
сделки 4,317488 4,317488
сдаться 3,624341 3,624341
жизнь 1,544899 3,089799
группы 2,238047 2,238047
подтвердил 3,218876 3,218876
перевесом 4,317488 4,317488
новости 0,000000 0,000000
разговора 1,609438 1,609438
войти 0,000000 0,000000
жилых 4,317488 4,317488
душевных 5,010635 5,010635
хорошие 0,013423 0,013423
устраивает 3,624341 3,624341
вышла 2,371578 2,371578
спасет 3,624341 3,624341
непонимании 4,317488 4,317488
спецоперация 4,317488 8,634976
дезертирство 4,317488 4,317488
дороги 3,912023 3,912023
медитации 0,076161 0,076161
донецка 4,317488 4,317488
волчанске 5,010635 5,010635
замедленного 5,010635 5,010635
уничтожили 3,218876 6,437752
изменила 3,064725 3,064725
действия 2,302585 2,302585
мира 1,576648 1,576648
укрытий 5,010635 5,010635
катастрофы 3,912023 7,824046
уход 0,076161 0,152323
почему 0,899761 7,198091
власти 1,919593 1,919593
обещании 5,010635 5,010635
заключены 5,010635 5,010635
известна 3,624341 3,624341
горожан 4,317488 4,317488
обстреле 5,010635 5,010635
гнету 4,317488 4,317488
освобожденной 3,624341 3,624341
прибыл 0,083382 0,083382
воюют 3,912023 3,912023
погибших 3,912023 3,912023
посоветовали 3,401197 3,401197
области 1,399717 15,396891
тайных 5,010635 5,010635
спецпроекты 0,000000 0,000000
российскому 3,912023 3,912023
власть 2,813411 8,440232
гражданство 5,010635 5,010635
пробует 3,064725 3,064725
путин 1,203973 2,407946
сокращение 4,317488 4,317488
ополченцев 5,010635 5,010635
финляндии 3,064725 3,064725
офицер 2,813411 5,626821
назад 1,678431 10,070585
фридману 5,010635 5,010635
путиным 1,966113 1,966113
истребитель 4,317488 4,317488
игры 0,000000 0,000000
домах 4,317488 4,317488
седьмой 4,317488 4,317488
февраля 1,272966 8,910760
техника 0,000000 0,000000
ссср 0,000000 0,000000
воинская 5,010635 5,010635
сплотила 5,010635 5,010635
трампа 0,054808 0,219233
вспоминают 4,317488 8,634976
вопрос 1,832581 1,832581
сборки 4,317488 4,317488
самых 1,609438 1,609438
кадры 2,371578 2,371578
отвел 0,076161 0,076161
происходит 2,014903 2,014903
переход 3,401197 3,401197
расследование 3,064725 3,064725
главной 3,064725 3,064725
мужей 5,010635 5,010635
марта 0,040822 0,489864
против 1,791759 7,167038
наблюдении 5,010635 5,010635
донбасса 4,317488 8,634976
главное 0,000000 0,000000
группировкой 3,624341 3,624341
интервью 2,525729 2,525729
реакций 0,047791 0,047791
летнего 0,097980 0,097980
подтвердили 3,064725 3,064725
реакции 0,047791 0,047791
мини 0,000000 0,000000
запорожье 4,317488 4,317488
отбитых 5,010635 5,010635
напомнил 2,813411 2,813411
показали 2,931194 2,931194
изнасиловал 0,076161 0,076161
трампу 2,612740 2,612740
попытках 2,612740 2,612740
отвага 5,010635 5,010635
необычном 5,010635 5,010635
больших 3,624341 3,624341
беседа 3,401197 3,401197
трампе 4,317488 4,317488
зеленского 0,068993 0,482950
бригада 4,317488 4,317488
ад 3,912023 3,912023
лента 0,000000 0,000000
урегулирования 3,064725 3,064725
сквозь 2,931194 2,931194
роль 1,966113 1,966113
спорт 0,000000 0,000000
развалилась 4,317488 4,317488
алиев 5,010635 5,010635
коалиции 5,010635 5,010635
линии 2,708050 2,708050
переговорах 2,612740 5,225480
коллапсу 4,317488 4,317488
автомат 5,010635 5,010635
казахстана 5,010635 10,021271
споры 0,097980 0,097980
окружения 3,064725 3,064725
сумах 3,401197 3,401197
уголовников 4,317488 4,317488
военной 0,061875 0,061875
остановить 2,708050 5,416100
четыре 0,040822 0,040822
недоговороспособность 4,317488 4,317488
жми 0,013423 0,013423
сбу 5,010635 5,010635
стало 1,181994 1,181994
купянске 5,010635 5,010635
тяжелом 3,912023 3,912023
убивать 5,010635 5,010635
сумской 2,813411 8,440232
глава 1,643339 1,643339
возможности 2,238047 2,238047
ленту 0,013423 0,013423
стала 1,576648 1,576648
затопленного 0,076161 0,076161
остаются 3,064725 6,129450
перешли 3,401197 3,401197
дронов 2,177422 2,177422
украинская 2,612740 2,612740
россии 0,425668 7,662021
применения 0,000000 0,000000
тяжелораненых 3,218876 3,218876
колонны 4,317488 4,317488
извинения 3,912023 3,912023
советскому 3,624341 3,624341
обитания 0,000000 0,000000
сделал 2,120264 2,120264
продвигается 5,010635 5,010635
ценности 0,000000 0,000000
прорваться 2,813411 2,813411
перелом 5,010635 5,010635
первая 2,371578 2,371578
цели 2,371578 2,371578
песков 3,218876 3,218876
кракен 3,912023 3,912023
вс 2,371578 14,229468
признать 3,624341 3,624341
материалам 0,047791 0,047791
российские 1,678431 1,678431
требования 2,302585 2,302585
блиндаж 5,010635 5,010635
вернуться 0,013423 0,013423
ваши 0,047791 0,047791
саботаже 5,010635 5,010635
российским 0,076161 0,152323
контратаках 5,010635 5,010635
сво 2,445686 7,337058
президента 1,455287 4,365862
внимательном 5,010635 5,010635
тех 2,120264 2,120264
прекращения 2,371578 2,371578
просто 1,678431 1,678431
узы 5,010635 5,010635
прекращению 3,064725 3,064725
вопроса 3,401197 3,401197
интернет 0,000000 0,000000
россия 0,000000 0,000000
россию 1,609438 1,609438
собравших 5,010635 5,010635
обратился 0,076161 0,152323
рассказали 1,919593 5,758779
суверенитетов 4,317488 4,317488
обстрелами 3,624341 10,873023
свои 0,027029 0,027029
виктор 3,912023 3,912023
повлияет 5,010635 5,010635
января 1,791759 16,125835
плен 2,931194 2,931194
подвалах 4,317488 4,317488
воспитан 4,317488 8,634976
гид 0,076161 0,076161
оружия 2,813411 2,813411
наручниках 5,010635 5,010635
европе 2,813411 2,813411
назарбаева 5,010635 5,010635
ворота 5,010635 5,010635
задержанному 5,010635 5,010635
прозвучали 4,317488 4,317488
уволит 0,076161 0,076161
американских 2,371578 2,371578
поле 3,624341 3,624341
дома 0,061875 0,061875
американский 0,061875 0,061875
пола 0,097980 0,097980
уничтожен 3,912023 7,824046
прекращении 2,238047 4,476093
правый 5,010635 5,010635
трех 1,919593 1,919593
принесли 4,317488 8,634976
сообщило 3,401197 3,401197
зеленский 1,714798 36,010767
передаче 3,912023 3,912023
тактике 5,010635 5,010635
отправке 4,317488 4,317488
российских 1,576648 1,576648
эмоции 0,047791 0,047791
зеленским 0,076161 0,152323
указали 3,064725 3,064725
азия 2,525729 2,525729
необходимости 3,401197 3,401197
пленный 3,912023 3,912023
числе 1,714798 1,714798
ес 2,708050 2,708050
отреагировал 2,612740 5,225480
двум 0,076161 0,076161
неонацистской 5,010635 5,010635
газопровод 5,010635 5,010635
вызвала 0,097980 0,097980
донецкий 5,010635 5,010635
кризис 3,624341 3,624341
работы 1,455287 1,455287
сети 0,090654 0,090654
военнослужащим 0,076161 0,076161
контроль 2,445686 2,445686
психолог 3,401197 3,401197
депутатов 5,010635 5,010635
регионов 3,624341 3,624341
пленных 3,624341 3,624341
мирной 4,317488 4,317488
спецназ 3,218876 3,218876
будущих 3,624341 3,624341
днр 4,317488 12,952464
войны 1,791759 1,791759
поражении 4,317488 4,317488
избрали 5,010635 5,010635
лебедев 3,912023 3,912023
прислушаться 5,010635 5,010635
материалы 0,000000 0,000000
численности 4,317488 4,317488
войну 3,218876 6,437752
положении 3,218876 3,218876
российского 1,484275 1,484275
мобилизацию 3,912023 3,912023
договор 3,912023 3,912023
депутат 0,076161 0,304645
победит 5,010635 5,010635
прогресс 0,097980 0,097980
войне 3,064725 6,129450
победил 3,912023 7,824046
статьи 0,000000 0,000000
инцидент 3,912023 3,912023
раскола 5,010635 5,010635
расположению 5,010635 5,010635
россией 2,120264 4,240527
позиции 2,302585 2,302585
железной 5,010635 5,010635
форме 0,061875 0,123751
культура 0,000000 0,000000
крым 3,912023 3,912023
способе 4,317488 4,317488
сообщили 2,177422 8,709688
силовые 0,000000 0,000000
режима 2,525729 2,525729
объявило 4,317488 4,317488
экспертов 3,624341 3,624341
дня 0,061875 0,061875
окружение 3,064725 3,064725
энергосистемы 5,010635 5,010635
карабахе 5,010635 5,010635
продвинулись 5,010635 5,010635
пропасти 4,317488 4,317488
отношении 1,791759 1,791759
жестокими 5,010635 5,010635
возбудили 3,912023 3,912023
бомба 4,317488 4,317488
близких 3,912023 3,912023
самолетом 4,317488 4,317488
мировой 2,445686 2,445686
диверсантов 5,010635 5,010635
молдавский 5,010635 5,010635
сотрудников 0,076161 0,076161
попыток 3,912023 3,912023
границе 2,813411 5,626821
принес 3,401197 3,401197
разочаровался 4,317488 4,317488
грани 3,064725 3,064725
начались 0,068993 0,068993
нам 2,525729 2,525729
минские 5,010635 10,021271
советах 5,010635 5,010635
предложение 2,302585 4,605170
участников 3,064725 3,064725
рекомендательных 0,000000 0,000000
работает 0,040822 0,040822
увлекательные 0,047791 0,047791
массовое 4,317488 4,317488
переговоры 0,054808 0,274041
запорожьем 5,010635 5,010635
парламента 3,401197 3,401197
господа 4,317488 4,317488
маккартни 0,097980 0,097980
признали 2,177422 2,177422
увеличение 5,010635 5,010635
проникли 4,317488 4,317488
побега 5,010635 5,010635
забота 0,000000 0,000000
сбер 0,040822 0,040822
пожаловать 0,013423 0,013423
использованияполитика 0,000000 0,000000
готовится 5,010635 5,010635
шаге 4,317488 4,317488
рассчитывает 5,010635 5,010635
яром 5,010635 5,010635
трамп 1,484275 1,484275
фиолетово 5,010635 5,010635
мариуполь 5,010635 5,010635
следующих 4,317488 4,317488
инфраструктуры 2,445686 2,445686
крупный 0,068993 0,068993
регионам 0,076161 0,076161
казаки 4,317488 12,952464
крупным 0,076161 0,076161
жены 3,624341 3,624341
добровольцами 5,010635 5,010635
открывает 3,912023 3,912023
победа 0,000000 0,000000
красноармейском 3,401197 3,401197
истребителей 3,401197 3,401197
судже 2,931194 5,862388
страшнее 3,624341 7,248682
нацбата 5,010635 5,010635
президентом 2,813411 5,626821
страх 3,624341 3,624341
политический 4,317488 4,317488
стране 2,177422 2,177422
миротворцев 3,912023 3,912023
остались 0,061875 0,061875
делегации 4,317488 4,317488
зачистил 5,010635 5,010635
страна 1,714798 1,714798
идентичности 4,317488 8,634976
президент 1,347074 1,347074
детали 2,813411 2,813411
опечатку 0,000000 0,000000
суджу 3,912023 3,912023
сми 0,000000 0,000000
неизбежен 5,010635 5,010635
тылу 3,064725 3,064725
битва 3,912023 3,912023
вместе 1,514128 1,514128
будем 2,612740 2,612740
создании 3,064725 3,064725
рады 0,068993 0,206979
страну 2,612740 2,612740
ударов 2,302585 9,210340
стран 2,302585 2,302585
инфраструктуре 2,445686 2,445686
разгорелся 4,317488 4,317488
место 0,054808 0,054808
акции 0,047791 0,047791
соглашения 3,218876 6,437752
отправить 3,218876 3,218876
мс 0,097980 0,097980
рассказал 1,272966 11,456691
начали 1,427116 1,427116
снг 4,317488 4,317488
начале 2,177422 2,177422
накануне 2,238047 2,238047
харьковской 4,317488 12,952464
попытки 2,302585 2,302585
пленными 2,813411 2,813411
цеху 3,218876 3,218876
военный 2,525729 10,102915
бойцов 2,525729 5,051457
всеприбалтикаукраинабелоруссиямолдавиязакавказьесредняя 2,525729 2,525729
изменится 2,813411 2,813411
давали 2,813411 2,813411
начала 1,832581 1,832581
государству 4,317488 4,317488
раде 4,317488 4,317488
хаос 4,317488 4,317488
обменов 5,010635 5,010635
спасают 3,401197 6,802395
экономика 0,000000 0,000000
обсуждение 3,912023 7,824046
пашинян 5,010635 5,010635
выдали 4,317488 4,317488
строительству 5,010635 5,010635
некуда 5,010635 5,010635
мирного 3,218876 3,218876
киев 2,708050 2,708050
рискованные 5,010635 5,010635
подписать 5,010635 5,010635
концерты 3,912023 3,912023
дракона 2,931194 2,931194
воином 4,317488 8,634976
военных 1,966113 1,966113
переговоров 1,714798 1,714798
бои 2,813411 2,813411
умеют 5,010635 5,010635
реальный 0,013423 0,013423
армения 5,010635 5,010635
наемников 3,624341 3,624341
освобождали 5,010635 5,010635
семья 3,912023 3,912023
сдержать 2,931194 2,931194
решающим 5,010635 5,010635
году 1,373049 1,373049
всу 1,373049 34,326228
правды 0,068993 0,068993
договоренность 3,064725 3,064725
пожаловались 3,912023 3,912023
тысячи 0,068993 0,068993
украиной 2,708050 2,708050
контингент 5,010635 5,010635
сотни 2,066196 4,132393
оккупации 2,612740 2,612740
бою 3,218876 3,218876
боя 3,401197 3,401197
хочет 1,966113 1,966113
перевооружение 4,317488 4,317488
янукович 4,317488 4,317488
предрек 0,076161 0,152323
заэс 3,624341 7,248682
ополченцы 5,010635 10,021271
противниками 5,010635 5,010635
городе 0,061875 0,061875
огня 1,678431 3,356862
азербайджаном 5,010635 5,010635
сравнили 3,912023 3,912023
зубы 2,813411 2,813411
года 0,899761 1,799523
фронте 3,218876 6,437752
проникнуть 2,708050 2,708050
жителей 1,966113 7,864451
неспособность 3,401197 3,401197
передаст 3,064725 3,064725
заявили 0,076161 0,304645
договоренности 3,218876 3,218876
анонсировал 2,813411 2,813411
рок 4,317488 4,317488
обрек 4,317488 4,317488
скоро 3,064725 3,064725
невозможным 4,317488 4,317488
видеть 0,013423 0,013423
очень 1,347074 1,347074
признал 2,813411 8,440232
запустила 3,218876 3,218876
наука 0,000000 0,000000
предприятий 3,912023 3,912023
пострадавших 3,912023 3,912023
второй 2,066196 2,066196
порошенко 4,317488 12,952464
условия 2,371578 2,371578
семьи 3,624341 3,624341
