зеленского 0,068993 0,068993
перемирии 0,076161 0,076161
ру 0,000000 0,000000
банк 0,076161 0,076161
утверждают 3,912023 3,912023
рф 1,514128 1,514128
лента 0,000000 0,000000
новые 0,000000 0,000000
подкрепления 5,010635 5,010635
хутор 5,010635 5,010635
карту 3,912023 7,824046
линию 5,010635 5,010635
штурм 3,912023 3,912023
спорт 0,000000 0,000000
споры 0,097980 0,097980
согласие 0,047791 0,047791
добро 0,013423 0,013423
военной 0,061875 0,061875
выражаете 0,047791 0,047791
четыре 0,040822 0,040822
мосты 5,010635 5,010635
жми 0,013423 0,013423
помощью 0,047791 0,047791
добра 0,013423 0,026846
появились 1,875141 1,875141
ленту 0,013423 0,013423
стала 1,576648 3,153296
затопленного 0,076161 0,076161
фото 0,061875 0,061875
водой 0,061875 0,061875
применения 0,000000 0,000000
технологиймини 0,000000 0,000000
привело 3,218876 3,218876
оценивайте 0,047791 0,047791
обитания 0,000000 0,000000
ценности 0,000000 0,000000
область 2,238047 2,238047
окопов 5,010635 5,010635
цели 2,371578 2,371578
вс 2,371578 2,371578
материалам 0,047791 0,047791
российские 1,678431 3,356862
конфиденциальности 0,047791 0,047791
полной 3,401197 3,401197
впервые 1,919593 3,839186
вернуться 0,013423 0,013423
мир 0,000000 0,000000
ваши 0,047791 0,047791
российским 0,076161 0,076161
населенных 2,813411 2,813411
нажмите 0,000000 0,000000
минимальным 3,624341 3,624341
получайте 0,047791 0,047791
сво 2,445686 4,891372
погружайтесь 0,047791 0,047791
бывший 0,000000 0,000000
проблемы 0,076161 0,076161
накапливайте 0,047791 0,047791
интернет 0,000000 0,000000
россия 0,000000 0,000000
курскую 3,624341 3,624341
телеканал 3,624341 3,624341
штурмовики 3,218876 3,218876
ооо 0,000000 0,000000
обратился 0,076161 0,076161
деактивирована 0,013423 0,013423
путешествия 0,000000 0,000000
свои 0,027029 0,027029
данные 2,612740 2,612740
плен 2,931194 2,931194
административных 5,010635 5,010635
структуры 0,000000 0,000000
параллельмоя 2,177422 2,177422
индии 0,076161 0,076161
гид 0,076161 0,076161
военнослужащих 3,401197 3,401197
хочешь 0,013423 0,013423
нашли 0,000000 0,000000
пляжных 0,097980 0,097980
одной 1,514128 1,514128
уволит 0,076161 0,076161
дома 0,061875 0,061875
американский 0,061875 0,061875
паники 3,912023 3,912023
обычную 0,013423 0,013423
пола 0,097980 0,097980
кубаткин 5,010635 5,010635
внешность 0,097980 0,097980
представил 3,401197 3,401197
украинском 0,076161 0,076161
света 0,054808 0,054808
курской 1,832581 3,665163
взяли 3,218876 3,218876
российских 1,576648 1,576648
галереи 0,000000 0,000000
освобождена 4,317488 4,317488
солдаты 3,624341 3,624341
белоусов 0,076161 0,076161
военкоры 3,912023 3,912023
эмоции 0,047791 0,047791
зеленским 0,076161 0,076161
однако 1,249435 1,249435
ход 3,624341 3,624341
условиями 0,040822 0,081644
двум 0,076161 0,076161
вызвала 0,097980 0,097980
преждевременно 4,317488 4,317488
пунктах 3,624341 3,624341
сети 0,090654 0,090654
перекрыли 5,010635 5,010635
военнослужащим 0,076161 0,076161
контроль 2,445686 2,445686
темноте 5,010635 5,010635
читайте 0,040822 0,040822
случаям 5,010635 5,010635
окрестных 5,010635 5,010635
стороны 1,643339 1,643339
землей 3,912023 3,912023
байконур 0,097980 0,097980
редакциярекламаконтактыпресс 0,000000 0,000000
количеством 3,912023 3,912023
материалы 0,000000 0,000000
видео 0,000000 0,000000
войска 2,931194 2,931194
подробную 5,010635 5,010635
депутат 0,076161 0,076161
заняли 3,624341 7,248682
прогресс 0,097980 0,097980
статьи 0,000000 0,000000
часть 1,919593 1,919593
гарнизонов 5,010635 5,010635
позиций 3,064725 9,194175
позиции 2,302585 2,302585
форме 0,061875 0,061875
последние 0,090654 0,181309
предрекли 0,076161 0,076161
культура 0,000000 0,000000
дерзких 4,317488 4,317488
поток 3,401197 3,401197
силовые 0,000000 0,000000
архив 0,000000 0,000000
полотна 5,010635 5,010635
дня 0,061875 0,061875
сша 0,040822 0,040822
опорников 5,010635 5,010635
железнодорожного 4,317488 4,317488
опубликовал 3,401197 3,401197
карта 3,401197 6,802395
среда 0,000000 0,000000
говорить 3,064725 3,064725
добирались 5,010635 5,010635
раскрытии 0,076161 0,076161
сюжетатаки 3,912023 3,912023
скидки 0,047791 0,047791
кислорода 4,317488 4,317488
сотрудников 0,076161 0,076161
эксклюзивы 0,000000 0,000000
русском 3,912023 3,912023
российском 0,076161 0,076161
выражайте 0,047791 0,047791
комментарии 1,484275 1,484275
атака 3,064725 3,064725
начались 0,068993 0,068993
преодолели 5,010635 5,010635
километра 5,010635 5,010635
пробились 5,010635 5,010635
атаки 2,177422 6,532266
рекомендательных 0,000000 0,000000
конфликте 0,076161 0,076161
позже 1,919593 1,919593
продолжая 0,047791 0,047791
работает 0,040822 0,040822
увлекательные 0,047791 0,047791
эта 2,120264 2,120264
далее 2,708050 2,708050
свыше 3,401197 3,401197
переговоры 0,054808 0,054808
конфиденциальностиправила 0,000000 0,000000
бонусы 0,047791 0,095581
политикой 0,047791 0,047791
маккартни 0,097980 0,097980
жильцы 0,076161 0,076161
трубы 3,218876 12,875503
жизни 0,000000 0,000000
операции 1,714798 1,714798
забота 0,000000 0,000000
сбер 0,040822 0,040822
пожаловать 0,013423 0,013423
использованияполитика 0,000000 0,000000
украинских 1,919593 1,919593
проникла 5,010635 5,010635
неожиданностью 4,317488 4,317488
крупный 0,068993 0,068993
регионам 0,076161 0,076161
массовым 4,317488 4,317488
крупным 0,076161 0,076161
операция 2,708050 5,416100
это 0,020203 0,020203
туристку 0,076161 0,076161
победа 0,000000 0,000000
судже 2,931194 8,793581
бойцам 3,912023 3,912023
остались 0,061875 0,061875
суджи 3,064725 3,064725
штурмовикам 5,010635 5,010635
две 0,033902 0,067803
страна 1,714798 1,714798
мотор 0,000000 0,000000
обменивайте 0,047791 0,047791
опечатку 0,000000 0,000000
сми 0,000000 0,000000
оттуда 3,401197 3,401197
действовали 3,064725 3,064725
рады 0,068993 0,068993
опубликована 3,401197 3,401197
новости 0,000000 0,000000
войти 0,000000 0,000000
место 0,054808 0,054808
акции 0,047791 0,047791
хорошие 0,013423 0,013423
мс 0,097980 0,097980
отключены 1,576648 1,576648
медитации 0,076161 0,076161
бойцов 2,525729 2,525729
начала 1,832581 1,832581
экономика 0,000000 0,000000
канал 2,813411 2,813411
уход 0,076161 0,076161
выхода 2,525729 10,102915
рамках 2,371578 2,371578
прибыл 0,083382 0,083382
области 1,399717 2,799435
затем 1,875141 1,875141
спецпроекты 0,000000 0,000000
вдоль 4,317488 4,317488
десанта 3,218876 9,656627
реальный 0,013423 0,013423
игры 0,000000 0,000000
разошлись 5,010635 5,010635
кадр 2,302585 2,302585
километров 3,401197 3,401197
техника 0,000000 0,000000
ссср 0,000000 0,000000
всу 1,373049 8,238295
правды 0,068993 0,068993
трампа 0,054808 0,054808
тысячи 0,068993 0,068993
самых 1,609438 1,609438
агломерацию 5,010635 5,010635
сотни 2,066196 2,066196
оккупации 2,612740 2,612740
отвел 0,076161 0,076161
предрек 0,076161 0,076161
границах 5,010635 5,010635
марта 0,040822 0,081644
городе 0,061875 0,061875
общество 2,612740 2,612740
главное 0,000000 0,000000
начался 2,931194 2,931194
сдаче 5,010635 5,010635
зазулевка 5,010635 5,010635
хутора 5,010635 5,010635
реакций 0,047791 0,047791
летнего 0,097980 0,097980
заявили 0,076161 0,076161
реакции 0,047791 0,047791
мини 0,000000 0,000000
видеть 0,013423 0,013423
изнасиловал 0,076161 0,076161
наука 0,000000 0,000000
