предупредили 3,064725 3,064725
перемирии 0,076161 0,076161
иностранных 2,371578 7,114734
ру 0,000000 0,000000
инфляцией 5,010635 5,010635
банк 0,076161 0,152323
бензин 3,624341 3,624341
новый 1,966113 3,932226
костин 3,912023 3,912023
новые 0,000000 0,000000
редкоземельных 5,010635 5,010635
экспорт 5,010635 5,010635
ожидает 2,931194 2,931194
фекальные 5,010635 5,010635
страхом 4,317488 4,317488
северного 3,912023 3,912023
стал 1,203973 1,203973
поездку 3,401197 3,401197
си 3,912023 3,912023
сферанедвижимостьгородская 1,966113 1,966113
воды 3,064725 3,064725
согласие 0,047791 0,047791
добро 0,013423 0,013423
выражаете 0,047791 0,047791
запуска 4,317488 4,317488
сотрудники 2,066196 2,066196
кадров 3,912023 3,912023
декабря 2,120264 2,120264
забила 5,010635 5,010635
помощью 0,047791 0,095581
ставки 3,624341 3,624341
заявление 2,445686 2,445686
людей 1,455287 1,455287
полный 3,624341 3,624341
потраченная 5,010635 5,010635
политику 3,401197 3,401197
добра 0,013423 0,026846
иностранные 3,064725 3,064725
майские 5,010635 5,010635
реклама 3,064725 6,129450
фото 0,061875 0,123751
меморандум 5,010635 5,010635
санкций 2,302585 6,907755
санкции 2,612740 5,225480
психологов 5,010635 5,010635
м 2,066196 2,066196
сетей 5,010635 5,010635
водой 0,061875 0,123751
оказалось 2,177422 2,177422
технологиймини 0,000000 0,000000
миллиардер 3,624341 3,624341
оценивайте 0,047791 0,047791
повысился 5,010635 5,010635
китай 3,401197 3,401197
назван 2,931194 2,931194
владелец 3,624341 3,624341
металлах 5,010635 5,010635
превратился 4,317488 4,317488
надымили 5,010635 5,010635
назвал 1,347074 2,694147
каким 2,525729 2,525729
оно 2,445686 2,445686
ускорили 5,010635 5,010635
конфиденциальности 0,047791 0,047791
разгневанными 5,010635 5,010635
редких 4,317488 4,317488
зарплатами 5,010635 5,010635
мир 0,000000 0,000000
связи 2,120264 2,120264
нажмите 0,000000 0,000000
бесконтактной 5,010635 5,010635
своей 2,066196 2,066196
снизил 5,010635 5,010635
получайте 0,047791 0,047791
осознанного 3,912023 3,912023
опроверг 3,912023 7,824046
погружайтесь 0,047791 0,047791
стамбула 2,931194 2,931194
лукойла 5,010635 5,010635
проект 3,624341 3,624341
турецких 3,912023 3,912023
бывший 0,000000 0,000000
время 0,762140 0,762140
секреты 3,064725 3,064725
проблемы 0,076161 0,152323
всегосэкономикабизнесрынкикапиталсоциальная 1,966113 1,966113
накапливайте 0,047791 0,047791
автозапчасти 5,010635 5,010635
оон 3,218876 3,218876
ооо 0,000000 0,000000
деактивирована 0,013423 0,013423
путешествия 0,000000 0,000000
хотят 2,708050 2,708050
серьезно 3,624341 3,624341
готовить 3,064725 3,064725
потока 5,010635 5,010635
резко 2,371578 4,743156
главных 2,445686 2,445686
мебели 3,624341 3,624341
новых 2,014903 2,014903
создали 3,624341 3,624341
структуры 0,000000 0,000000
индии 0,076161 0,076161
шансов 3,401197 3,401197
город 2,445686 2,445686
хочешь 0,013423 0,013423
пляжных 0,097980 0,097980
нашли 0,000000 0,000000
одном 2,525729 2,525729
точное 3,401197 6,802395
обычную 0,013423 0,013423
организовал 3,401197 3,401197
украине 1,139434 1,139434
последствия 2,371578 2,371578
внешность 0,097980 0,097980
паводка 5,010635 5,010635
россиянин 3,218876 3,218876
выманили 4,317488 4,317488
украинском 0,076161 0,076161
миллиона 1,966113 1,966113
света 0,054808 0,109616
извинился 5,010635 5,010635
украины 1,021651 1,021651
суммы 5,010635 5,010635
упрощении 4,317488 4,317488
галереи 0,000000 0,000000
белоусов 0,076161 0,076161
последствий 3,218876 3,218876
сорудничестве 5,010635 5,010635
зарубежных 3,218876 3,218876
подписали 4,317488 4,317488
лишили 3,401197 3,401197
законопроект 3,912023 3,912023
условиями 0,040822 0,081644
поставщиком 5,010635 5,010635
банковским 3,624341 3,624341
антироссийских 3,218876 3,218876
отключили 3,912023 3,912023
перевозчика 5,010635 5,010635
читайте 0,040822 0,040822
сумма 3,401197 3,401197
квартиры 2,813411 2,813411
раскрыли 2,302585 2,302585
купить 3,401197 3,401197
байконур 0,097980 0,097980
редакциярекламаконтактыпресс 0,000000 0,000000
психотропные 5,010635 5,010635
японии 4,317488 4,317488
квартиру 3,064725 9,194175
россиянку 3,401197 3,401197
видео 0,000000 0,000000
поддержку 2,813411 2,813411
трампом 2,525729 2,525729
назло 3,064725 3,064725
машины 2,612740 7,838220
чс 5,010635 5,010635
канализацию 5,010635 5,010635
россиянки 2,525729 2,525729
раскрыла 2,708050 2,708050
миллиардера 3,401197 3,401197
затяжным 3,912023 3,912023
изменилось 3,218876 3,218876
россиянка 2,612740 2,612740
некоторым 4,317488 4,317488
последние 0,090654 0,090654
предрекли 0,076161 0,152323
московские 4,317488 4,317488
подешевеют 3,912023 3,912023
долларов 2,708050 5,416100
торгов 5,010635 5,010635
архив 0,000000 0,000000
препараты 3,624341 3,624341
электричество 3,912023 3,912023
июля 2,813411 2,813411
участием 3,401197 3,401197
посылок 3,218876 3,218876
фондовый 3,912023 3,912023
курс 3,912023 3,912023
сможет 2,445686 2,445686
клиента 3,624341 3,624341
сша 0,040822 0,163288
ценовые 5,010635 5,010635
технологию 3,912023 3,912023
названы 2,445686 7,337058
среда 0,000000 0,000000
приведет 2,525729 2,525729
раскрытии 0,076161 0,076161
скрывается 2,708050 2,708050
скидки 0,047791 0,047791
российское 3,401197 3,401197
кредиты 4,317488 4,317488
сблизит 5,010635 5,010635
рассады 4,317488 4,317488
эксклюзивы 0,000000 0,000000
придумали 3,218876 3,218876
мечты 4,317488 8,634976
москве 1,791759 1,791759
российском 0,076161 0,609291
выражайте 0,047791 0,047791
эльдорадо 5,010635 5,010635
российской 2,014903 4,029806
торги 5,010635 5,010635
турецкая 5,010635 5,010635
столько 2,525729 2,525729
неизлечимо 3,401197 3,401197
думают 3,912023 3,912023
ввел 3,624341 3,624341
мигрантов 3,624341 3,624341
москву 2,120264 2,120264
банкротства 4,317488 4,317488
конфликте 0,076161 0,076161
рискует 3,912023 3,912023
климат 1,919593 1,919593
названа 2,931194 2,931194
продолжая 0,047791 0,047791
стульях 5,010635 5,010635
влиять 3,624341 3,624341
выглядеть 3,624341 3,624341
средаклимат 1,966113 1,966113
автокредиты 5,010635 5,010635
рынок 2,177422 4,354844
предсказали 5,010635 5,010635
эта 2,120264 4,240527
потопы 5,010635 5,010635
бросают 2,931194 2,931194
длиной 4,317488 4,317488
пожаловалась 4,317488 4,317488
надежды 5,010635 5,010635
центробанк 5,010635 5,010635
бренды 3,912023 3,912023
ноября 2,525729 7,577186
конфиденциальностиправила 0,000000 0,000000
попросили 3,624341 3,624341
бонусы 0,047791 0,095581
политикой 0,047791 0,047791
планете 3,624341 3,624341
филиппа 3,064725 3,064725
жильцы 0,076161 0,152323
жизни 0,000000 0,000000
удержать 2,708050 2,708050
нефть 5,010635 5,010635
минфина 3,624341 3,624341
скорое 4,317488 4,317488
стать 1,875141 1,875141
работать 2,120264 2,120264
обрушения 4,317488 4,317488
серыми 5,010635 5,010635
банков 4,317488 4,317488
крупного 4,317488 4,317488
раньше 2,371578 2,371578
вкладам 3,624341 3,624341
туристку 0,076161 0,076161
это 0,020203 0,080811
минфин 3,624341 3,624341
подготовке 3,624341 3,624341
рост 2,302585 2,302585
площадкой 3,912023 3,912023
процент 3,218876 3,218876
упал 3,912023 3,912023
остановки 3,401197 3,401197
бабкиной 5,010635 5,010635
две 0,033902 0,101705
мтс 5,010635 5,010635
вряд 2,612740 2,612740
мотор 0,000000 0,000000
обменивайте 0,047791 0,047791
светит 3,912023 3,912023
назвали 2,238047 8,952186
справиться 3,218876 3,218876
гигант 5,010635 5,010635
рассмотрела 4,317488 4,317488
зарегистрировала 3,624341 3,624341
цен 3,624341 3,624341
новости 0,000000 0,000000
войти 0,000000 0,000000
европейские 3,064725 6,129450
хорошие 0,013423 0,013423
больную 3,401197 3,401197
россиянам 2,525729 5,051457
спроса 4,317488 4,317488
медитации 0,076161 0,076161
регионе 2,302585 2,302585
особых 3,624341 3,624341
вывели 3,624341 3,624341
иномаркам 5,010635 5,010635
улицу 3,912023 3,912023
уход 0,076161 0,076161
финансов 4,317488 4,317488
почему 0,899761 3,599046
спросу 5,010635 5,010635
мошенников 2,708050 2,708050
вина 4,317488 4,317488
инфляцию 5,010635 5,010635
нелегального 5,010635 5,010635
обманом 3,401197 3,401197
готовиться 3,624341 3,624341
увидели 3,218876 3,218876
прибыл 0,083382 0,083382
пробуждение 5,010635 5,010635
рынке 2,708050 2,708050
спецпроекты 0,000000 0,000000
начал 2,445686 2,445686
первым 2,238047 2,238047
путин 1,203973 3,611918
рекордно 4,317488 4,317488
нефтяники 3,912023 3,912023
путиным 1,966113 1,966113
усомнился 3,912023 3,912023
игры 0,000000 0,000000
февраля 1,272966 5,091863
техника 0,000000 0,000000
ссср 0,000000 0,000000
отсрочить 3,624341 3,624341
бизнеса 2,931194 2,931194
трампа 0,054808 0,219233
инн 3,218876 3,218876
приобрести 4,317488 4,317488
авито 3,624341 3,624341
пытается 2,177422 2,177422
усидеть 3,912023 3,912023
оказались 2,525729 2,525729
наследстве 3,624341 3,624341
отвел 0,076161 0,076161
лиры 5,010635 15,031906
возвращения 2,445686 2,445686
ослаблении 5,010635 5,010635
марта 0,040822 0,530686
против 1,791759 5,375278
марте 2,708050 2,708050
главное 0,000000 0,000000
аферисты 4,317488 4,317488
изношенные 5,010635 5,010635
срок 2,612740 2,612740
реакций 0,047791 0,047791
летнего 0,097980 0,097980
садоводов 3,624341 3,624341
реакции 0,047791 0,047791
отказалась 3,912023 3,912023
мини 0,000000 0,000000
капитал 5,010635 5,010635
компаний 2,525729 5,051457
компании 2,014903 2,014903
увольнений 3,064725 3,064725
экологияделовой 1,966113 1,966113
лира 5,010635 5,010635
изнасиловал 0,076161 0,076161
технологический 3,912023 3,912023
жертвой 3,624341 3,624341
пишут 4,317488 4,317488
зеленского 0,068993 0,137986
снижаться 3,624341 3,624341
производителей 3,401197 3,401197
погоды 4,317488 4,317488
популярные 3,064725 3,064725
обмана 3,624341 3,624341
лента 0,000000 0,000000
доллара 4,317488 4,317488
спорят 5,010635 5,010635
спорт 0,000000 0,000000
защититься 2,931194 2,931194
разработать 3,218876 3,218876
цзиньпина 5,010635 5,010635
выбрали 3,912023 3,912023
захотели 4,317488 12,952464
споры 0,097980 0,097980
автомобили 3,218876 3,218876
военной 0,061875 0,061875
значимости 3,218876 3,218876
четыре 0,040822 0,122466
жми 0,013423 0,013423
стало 1,181994 1,181994
жилого 5,010635 5,010635
вырос 3,912023 3,912023
преобразить 4,317488 4,317488
спрогнозировать 5,010635 5,010635
электронных 5,010635 5,010635
цирк 4,317488 4,317488
глава 1,643339 1,643339
возможности 2,238047 2,238047
сохранить 2,525729 2,525729
заменой 3,912023 3,912023
край 3,401197 3,401197
ленту 0,013423 0,013423
деревни 4,317488 4,317488
затопленного 0,076161 0,152323
сверхдержавы 5,010635 5,010635
фальсификата 5,010635 5,010635
схеме 3,912023 3,912023
проблемах 2,445686 2,445686
колготки 3,624341 3,624341
стали 1,514128 1,514128
россии 0,425668 6,810685
применения 0,000000 0,000000
лишился 2,931194 5,862388
сбыта 4,317488 4,317488
обитания 0,000000 0,000000
сделал 2,120264 2,120264
ожидания 3,624341 7,248682
ценности 0,000000 0,000000
лишились 5,010635 5,010635
появился 2,445686 2,445686
высокой 3,401197 3,401197
потребления 3,624341 3,624341
песков 3,218876 3,218876
рублей 1,514128 1,514128
материалам 0,047791 0,047791
российские 1,678431 1,678431
столкнулась 3,218876 3,218876
требования 2,302585 2,302585
известно 1,297063 1,297063
диагностики 5,010635 5,010635
снижение 3,218876 3,218876
вернуться 0,013423 0,053692
ваши 0,047791 0,047791
майнинга 5,010635 5,010635
российским 0,076161 0,152323
магазины 5,010635 5,010635
снега 4,317488 4,317488
российский 1,484275 5,937099
глобальной 3,624341 3,624341
сво 2,445686 2,445686
волна 2,612740 2,612740
аптеки 5,010635 5,010635
певица 3,912023 3,912023
напомнили 4,317488 4,317488
интернет 0,000000 0,000000
россия 0,000000 0,000000
повысил 3,912023 3,912023
россию 1,609438 6,437752
сутки 2,931194 5,862388
китайским 5,010635 5,010635
прихода 3,912023 7,824046
обратился 0,076161 0,076161
биржи 5,010635 5,010635
свои 0,027029 0,054057
объяснили 3,064725 3,064725
запасов 5,010635 5,010635
европы 2,445686 2,445686
легендарную 5,010635 5,010635
биржа 5,010635 5,010635
назвать 3,912023 3,912023
столкнулся 3,064725 3,064725
панаме 5,010635 5,010635
гид 0,076161 0,076161
поручил 2,931194 2,931194
перечислили 3,912023 3,912023
вулканов 5,010635 5,010635
уволит 0,076161 0,152323
дома 0,061875 0,247502
американский 0,061875 0,123751
пола 0,097980 0,097980
сроки 3,064725 3,064725
дождей 5,010635 5,010635
инфляционные 5,010635 5,010635
отца 2,813411 2,813411
киркорова 3,218876 3,218876
росте 3,401197 3,401197
зеленский 1,714798 1,714798
рыба 4,317488 4,317488
страшные 4,317488 4,317488
потоп 4,317488 4,317488
запрет 4,317488 4,317488
двух 1,678431 1,678431
аналогов 3,401197 3,401197
пао 5,010635 5,010635
российских 1,576648 1,576648
человечеству 4,317488 4,317488
эмоции 0,047791 0,047791
ипотеку 5,010635 10,021271
отелей 4,317488 4,317488
зеленским 0,076161 0,076161
запретить 2,931194 2,931194
пока 1,678431 1,678431
работников 3,624341 3,624341
передачу 4,317488 4,317488
ес 2,708050 2,708050
двум 0,076161 0,152323
работники 2,813411 2,813411
вызвала 0,097980 0,097980
число 2,014903 4,029806
требует 3,912023 3,912023
работы 1,455287 2,910574
сети 0,090654 0,090654
американские 2,931194 2,931194
военнослужащим 0,076161 0,076161
сообщение 3,401197 3,401197
сбербанк 5,010635 5,010635
мэра 2,612740 2,612740
сигарет 3,912023 3,912023
ростом 3,624341 3,624341
рекордных 4,317488 4,317488
доход 2,931194 2,931194
температур 4,317488 4,317488
миллионами 3,218876 3,218876
дешевле 4,317488 4,317488
москвичи 3,912023 3,912023
материалы 0,000000 0,000000
российского 1,484275 1,484275
весеннего 3,624341 3,624341
ущерб 3,912023 3,912023
пользу 3,218876 3,218876
депутат 0,076161 0,076161
спрос 3,912023 7,824046
дефицитом 5,010635 5,010635
чему 2,708050 2,708050
прогресс 0,097980 0,097980
статьи 0,000000 0,000000
проблемами 3,218876 3,218876
беднеет 5,010635 5,010635
турагентств 5,010635 5,010635
брать 3,064725 3,064725
форме 0,061875 0,061875
счетчика 4,317488 4,317488
культура 0,000000 0,000000
акционерами 5,010635 5,010635
способе 4,317488 4,317488
экспортеров 5,010635 5,010635
силовые 0,000000 0,000000
пройдет 2,931194 2,931194
введенных 3,064725 6,129450
дня 0,061875 0,123751
способы 3,624341 3,624341
трубопроводов 5,010635 5,010635
железнодорожного 4,317488 4,317488
честь 3,064725 3,064725
азиатские 4,317488 4,317488
спрогнозировали 5,010635 5,010635
покупке 3,624341 3,624341
полтора 3,401197 3,401197
днем 2,813411 2,813411
колоссальной 5,010635 5,010635
сотрудников 0,076161 0,152323
начальству 3,064725 3,064725
светофор 5,010635 5,010635
поставки 3,401197 3,401197
катастрофам 5,010635 5,010635
начались 0,068993 0,068993
продавать 3,064725 3,064725
поплатилась 3,624341 3,624341
великобритании 2,813411 2,813411
участников 3,064725 3,064725
дали 2,525729 2,525729
рекомендательных 0,000000 0,000000
криптовалютой 5,010635 5,010635
работает 0,040822 0,040822
увлекательные 0,047791 0,047791
снизились 5,010635 5,010635
обращать 5,010635 5,010635
переговоры 0,054808 0,054808
разгневали 5,010635 5,010635
россиян 1,714798 8,573992
раза 2,525729 2,525729
квартире 3,218876 3,218876
год 1,714798 1,714798
пошлин 3,624341 7,248682
тепла 4,317488 4,317488
маккартни 0,097980 0,097980
талого 5,010635 5,010635
предложила 3,401197 3,401197
портов 4,317488 4,317488
распродажа 3,912023 3,912023
забота 0,000000 0,000000
сбер 0,040822 0,081644
пожаловать 0,013423 0,013423
использованияполитика 0,000000 0,000000
резкий 4,317488 4,317488
потенциального 4,317488 4,317488
турции 3,401197 6,802395
инфраструктуру 5,010635 5,010635
постоянные 4,317488 4,317488
миллиардов 3,912023 3,912023
трамп 1,484275 4,452824
старых 3,401197 3,401197
планы 2,813411 2,813411
покупателя 5,010635 5,010635
стремительно 3,912023 3,912023
крупный 0,068993 0,137986
призвали 2,708050 2,708050
глобальному 5,010635 5,010635
регионам 0,076161 0,152323
механизмы 3,064725 3,064725
выставку 3,624341 3,624341
полмесяца 5,010635 5,010635
крупным 0,076161 0,152323
месяца 2,813411 2,813411
победа 0,000000 0,000000
загара 5,010635 5,010635
возврату 3,624341 3,624341
самой 2,525729 2,525729
россияне 1,919593 1,919593
советы 3,064725 3,064725
поздравил 3,064725 3,064725
остались 0,061875 0,123751
четверть 4,317488 4,317488
известная 3,624341 3,624341
опечатку 0,000000 0,000000
сми 0,000000 0,000000
маск 3,624341 7,248682
цифра 3,624341 7,248682
страны 1,455287 4,365862
спасение 2,371578 2,371578
ахмедова 3,912023 3,912023
рады 0,068993 0,068993
роснефть 5,010635 5,010635
мошенники 2,931194 8,793581
задержания 4,317488 4,317488
место 0,054808 0,054808
акции 0,047791 0,047791
приостановила 4,317488 4,317488
мс 0,097980 0,097980
алтайский 3,912023 3,912023
начали 1,427116 1,427116
москвичам 5,010635 5,010635
венецию 5,010635 5,010635
ради 2,371578 2,371578
убивает 4,317488 4,317488
фоне 2,813411 5,626821
экономика 0,000000 0,000000
счетчиков 5,010635 5,010635
самозапрета 5,010635 5,010635
заработать 3,218876 3,218876
концерта 4,317488 4,317488
использовать 2,612740 2,612740
госдуме 3,218876 3,218876
обменом 5,010635 5,010635
смогли 2,525729 2,525729
экономики 3,624341 7,248682
госдума 3,912023 3,912023
онлайн 3,401197 3,401197
получится 3,624341 3,624341
ученые 2,813411 2,813411
почта 5,010635 5,010635
упала 3,624341 3,624341
отказываться 3,624341 3,624341
решения 2,302585 2,302585
давней 5,010635 5,010635
российская 2,525729 2,525729
турецкой 5,010635 10,021271
праздники 3,912023 3,912023
мести 3,064725 3,064725
реальный 0,013423 0,013423
воспользовались 5,010635 5,010635
правды 0,068993 0,068993
пожаловались 3,912023 7,824046
тысячи 0,068993 0,137986
официальный 3,064725 3,064725
санкциями 4,317488 4,317488
одежды 2,931194 2,931194
сотни 2,066196 2,066196
перевооружении 5,010635 5,010635
бьет 3,401197 6,802395
рейсы 3,912023 3,912023
хочет 1,966113 1,966113
продажи 3,401197 3,401197
внимание 2,302585 2,302585
предрек 0,076161 0,076161
городе 0,061875 0,371252
показаний 5,010635 5,010635
подорожали 5,010635 5,010635
года 0,899761 0,899761
евросоюза 3,401197 3,401197
правда 2,014903 2,014903
рекорды 3,218876 6,437752
жителей 1,966113 1,966113
уникальный 3,218876 3,218876
заявили 0,076161 0,076161
металлов 5,010635 5,010635
гаджет 3,401197 3,401197
попала 3,401197 3,401197
запустили 3,401197 6,802395
оборудование 4,317488 4,317488
заявила 2,612740 2,612740
отличаются 5,010635 5,010635
лужники 5,010635 5,010635
видеть 0,013423 0,013423
способ 2,371578 4,743156
высокий 2,931194 5,862388
наука 0,000000 0,000000
покинули 5,010635 5,010635
илон 3,912023 7,824046
внедрили 4,317488 4,317488
обсуждения 3,401197 3,401197
подсчитали 5,010635 5,010635
второй 2,066196 2,066196
