зеленского 0,068993 0,068993
перемирии 0,076161 0,076161
ру 0,000000 0,000000
банк 0,076161 0,076161
играет 3,218876 3,218876
лента 0,000000 0,000000
новые 0,000000 0,000000
неожиданная 3,401197 6,802395
роль 1,966113 1,966113
спорт 0,000000 0,000000
выявлена 3,624341 7,248682
навязчивый 5,010635 5,010635
поражает 3,401197 3,401197
выраженное 5,010635 5,010635
ухудшению 4,317488 4,317488
споры 0,097980 0,097980
согласие 0,047791 0,047791
добро 0,013423 0,013423
военной 0,061875 0,061875
выражаете 0,047791 0,047791
четыре 0,040822 0,040822
авторы 5,010635 5,010635
звон 5,010635 5,010635
жми 0,013423 0,013423
кроется 3,912023 3,912023
помощью 0,047791 0,047791
доказывают 5,010635 5,010635
вызывающего 5,010635 5,010635
добра 0,013423 0,026846
населения 2,708050 2,708050
человек 1,249435 1,249435
ленту 0,013423 0,013423
затопленного 0,076161 0,076161
фото 0,061875 0,123751
водой 0,061875 0,061875
вероятность 4,317488 12,952464
исследование 3,624341 3,624341
применения 0,000000 0,000000
технологиймини 0,000000 0,000000
тяжелых 3,624341 3,624341
результатам 3,624341 3,624341
оценивайте 0,047791 0,047791
определить 3,912023 3,912023
обитания 0,000000 0,000000
медикаментам 4,317488 4,317488
ценности 0,000000 0,000000
материалам 0,047791 0,047791
конфиденциальности 0,047791 0,047791
снижение 3,218876 3,218876
вернуться 0,013423 0,013423
мир 0,000000 0,000000
связи 2,120264 2,120264
ваши 0,047791 0,047791
лекарства 3,912023 3,912023
российским 0,076161 0,076161
процентов 1,875141 9,375705
нажмите 0,000000 0,000000
слуха 5,010635 5,010635
исследования 3,624341 7,248682
существует 2,813411 2,813411
получайте 0,047791 0,047791
погружайтесь 0,047791 0,047791
серьезному 5,010635 5,010635
употребление 4,317488 12,952464
бывший 0,000000 0,000000
проблемы 0,076161 0,076161
россиикосмосоружиеисторияздоровьебудущеетехникагаджетыигрысофт 3,064725 3,064725
накапливайте 0,047791 0,047791
интернет 0,000000 0,000000
россия 0,000000 0,000000
ооо 0,000000 0,000000
обратился 0,076161 0,076161
деактивирована 0,013423 0,013423
выявленные 5,010635 5,010635
путешествия 0,000000 0,000000
отдела 0,579818 0,579818
свои 0,027029 0,027029
данный 3,064725 3,064725
фруктов 3,218876 16,094379
специфического 5,010635 5,010635
данные 2,612740 2,612740
также 0,762140 0,762140
структуры 0,000000 0,000000
индии 0,076161 0,076161
гид 0,076161 0,076161
уменьшает 5,010635 5,010635
хочешь 0,013423 0,013423
нашли 0,000000 0,000000
пляжных 0,097980 0,097980
уволит 0,076161 0,076161
дома 0,061875 0,061875
следственную 5,010635 5,010635
американский 0,061875 0,061875
обычную 0,013423 0,013423
пола 0,097980 0,097980
внешность 0,097980 0,097980
зависимость 3,912023 3,912023
прямую 5,010635 5,010635
молочных 5,010635 10,021271
украинском 0,076161 0,076161
света 0,054808 0,054808
выводу 3,624341 3,624341
полагают 3,912023 3,912023
клетки 5,010635 5,010635
галереи 0,000000 0,000000
продуктов 2,445686 7,337058
белоусов 0,076161 0,076161
эмоции 0,047791 0,047791
зеленским 0,076161 0,076161
однако 1,249435 1,249435
питание 2,931194 2,931194
кофеина 5,010635 10,021271
условиями 0,040822 0,081644
двум 0,076161 0,076161
вызвала 0,097980 0,097980
шум 4,317488 4,317488
сети 0,090654 0,090654
осторожностью 5,010635 5,010635
военнослужащим 0,076161 0,076161
слуховых 5,010635 5,010635
причина 2,445686 2,445686
читайте 0,040822 0,040822
польза 3,401197 6,802395
байконур 0,097980 0,097980
редакциярекламаконтактыпресс 0,000000 0,000000
любителей 3,624341 3,624341
случаях 3,401197 3,401197
терапии 5,010635 5,010635
графская 5,010635 5,010635
сопровождается 5,010635 5,010635
материалы 0,000000 0,000000
снизить 3,401197 6,802395
видео 0,000000 0,000000
депутат 0,076161 0,076161
сосудистую 5,010635 5,010635
прогресс 0,097980 0,097980
статьи 0,000000 0,000000
причинно 5,010635 5,010635
проблемами 3,218876 3,218876
форме 0,061875 0,061875
последние 0,090654 0,090654
предрекли 0,076161 0,076161
отмечается 2,371578 2,371578
свойствах 5,010635 5,010635
культура 0,000000 0,000000
момент 1,714798 1,714798
часто 2,525729 2,525729
обсудить 0,456758 0,456758
силовые 0,000000 0,000000
архив 0,000000 0,000000
тревожностью 5,010635 5,010635
тысяч 1,427116 1,427116
дня 0,061875 0,061875
сша 0,040822 0,040822
помогут 3,912023 3,912023
всенаукав 3,064725 3,064725
важную 3,624341 3,624341
качества 3,218876 3,218876
среда 0,000000 0,000000
тиннитус 5,010635 5,010635
нервные 5,010635 5,010635
клетчатки 4,317488 8,634976
противовоспалительных 4,317488 4,317488
раскрытии 0,076161 0,076161
редактор 0,567984 0,567984
скидки 0,047791 0,047791
сотрудников 0,076161 0,076161
аппаратов 5,010635 5,010635
пришли 2,931194 2,931194
планеты 3,218876 3,218876
эксклюзивы 0,000000 0,000000
российском 0,076161 0,076161
выражайте 0,047791 0,047791
начались 0,068993 0,068993
рекомендательных 0,000000 0,000000
около 1,678431 1,678431
конфликте 0,076161 0,076161
продолжая 0,047791 0,047791
сном 4,317488 4,317488
работает 0,040822 0,040822
увлекательные 0,047791 0,047791
здоровье 2,708050 2,708050
екатерина 2,708050 2,708050
проанализировав 5,010635 5,010635
переговоры 0,054808 0,054808
конфиденциальностиправила 0,000000 0,000000
бонусы 0,047791 0,095581
политикой 0,047791 0,047791
ушах 5,010635 5,010635
маккартни 0,097980 0,097980
жильцы 0,076161 0,076161
систему 2,708050 2,708050
лечение 4,317488 4,317488
жизни 0,000000 0,000000
забота 0,000000 0,000000
сбер 0,040822 0,040822
пожаловать 0,013423 0,013423
использованияполитика 0,000000 0,000000
крупный 0,068993 0,068993
регионам 0,076161 0,076161
механизмы 3,064725 3,064725
крупным 0,076161 0,076161
это 0,020203 0,020203
туристку 0,076161 0,076161
победа 0,000000 0,000000
привести 2,708050 2,708050
остались 0,061875 0,061875
этих 2,371578 2,371578
две 0,033902 0,033902
взрослого 5,010635 5,010635
мотор 0,000000 0,000000
обменивайте 0,047791 0,047791
опечатку 0,000000 0,000000
сми 0,000000 0,000000
отмечают 3,401197 3,401197
опубликовано 4,317488 4,317488
рады 0,068993 0,068993
новости 0,000000 0,000000
войти 0,000000 0,000000
место 0,054808 0,054808
развития 2,612740 7,838220
акции 0,047791 0,047791
хорошие 0,013423 0,013423
мс 0,097980 0,097980
медитации 0,076161 0,076161
относиться 3,218876 3,218876
экономика 0,000000 0,000000
рациона 4,317488 4,317488
сводится 4,317488 4,317488
уход 0,076161 0,076161
влияния 2,302585 2,302585
использованию 4,317488 4,317488
наиболее 3,218876 3,218876
ученые 2,813411 5,626821
прибыл 0,083382 0,083382
спецпроекты 0,000000 0,000000
влиянии 4,317488 4,317488
реальный 0,013423 0,013423
депрессией 5,010635 5,010635
игры 0,000000 0,000000
тиннитуса 5,010635 20,042541
развитие 3,401197 3,401197
ссср 0,000000 0,000000
техника 0,000000 0,000000
регулярное 4,317488 4,317488
правды 0,068993 0,068993
трампа 0,054808 0,054808
тысячи 0,068993 0,068993
отвел 0,076161 0,076161
предрек 0,076161 0,076161
марта 0,040822 0,040822
городе 0,061875 0,061875
гул 5,010635 5,010635
главное 0,000000 0,000000
риска 3,218876 3,218876
следует 2,302585 2,302585
реакций 0,047791 0,047791
летнего 0,097980 0,097980
заявили 0,076161 0,076161
реакции 0,047791 0,047791
мини 0,000000 0,000000
дальнейшие 3,624341 3,624341
поведенческой 5,010635 5,010635
состояния 3,624341 7,248682
видеть 0,013423 0,013423
изнасиловал 0,076161 0,076161
положительном 5,010635 5,010635
наука 0,000000 0,000000
предупреждают 5,010635 5,010635
такому 3,624341 3,624341
антиоксидантных 5,010635 5,010635
точнее 5,010635 5,010635
