зеленского 0,068993 0,068993
перемирии 0,076161 0,076161
ру 0,000000 0,000000
банк 0,076161 0,076161
рф 1,514128 1,514128
лента 0,000000 0,000000
прошедших 5,010635 5,010635
новые 0,000000 0,000000
перемирие 2,931194 2,931194
спорт 0,000000 0,000000
суть 3,624341 3,624341
ответили 2,708050 5,416100
углублялся 5,010635 5,010635
заявил 1,098612 2,197225
споры 0,097980 0,097980
зампред 5,010635 5,010635
согласие 0,047791 0,047791
добро 0,013423 0,013423
военной 0,061875 0,061875
выражаете 0,047791 0,047791
четыре 0,040822 0,040822
жми 0,013423 0,013423
помощью 0,047791 0,047791
заявление 2,445686 12,228430
добра 0,013423 0,026846
принял 2,931194 2,931194
ленту 0,013423 0,013423
вашингтона 2,813411 2,813411
затопленного 0,076161 0,076161
отнесся 5,010635 5,010635
фото 0,061875 0,123751
политика 1,576648 1,576648
водой 0,061875 0,061875
россии 0,425668 2,554007
применения 0,000000 0,000000
технологиймини 0,000000 0,000000
результатам 3,624341 3,624341
оценивайте 0,047791 0,047791
обитания 0,000000 0,000000
ценности 0,000000 0,000000
материалам 0,047791 0,047791
требования 2,302585 4,605170
делам 3,401197 3,401197
конфиденциальности 0,047791 0,047791
вернуться 0,013423 0,013423
мир 0,000000 0,000000
ваши 0,047791 0,047791
российским 0,076161 0,076161
услышал 5,010635 5,010635
нажмите 0,000000 0,000000
получайте 0,047791 0,047791
дневное 3,401197 6,802395
погружайтесь 0,047791 0,047791
абсолютно 3,064725 3,064725
прекращения 2,371578 2,371578
бывший 0,000000 0,000000
проблемы 0,076161 0,076161
накапливайте 0,047791 0,047791
интернет 0,000000 0,000000
россия 0,000000 0,000000
странно 4,317488 8,634976
ооо 0,000000 0,000000
обратился 0,076161 0,076161
деактивирована 0,013423 0,013423
путешествия 0,000000 0,000000
отдела 0,579818 0,579818
саудовской 2,813411 5,626821
свои 0,027029 0,027029
ранее 1,003302 1,003302
говорили 2,813411 2,813411
варвара 3,218876 3,218876
требований 2,708050 8,124151
структуры 0,000000 0,000000
параллельмоя 2,177422 2,177422
индии 0,076161 0,076161
гид 0,076161 0,076161
хочешь 0,013423 0,013423
нашли 0,000000 0,000000
пляжных 0,097980 0,097980
уволит 0,076161 0,076161
дома 0,061875 0,061875
американский 0,061875 0,061875
обычную 0,013423 0,013423
пола 0,097980 0,097980
украине 1,139434 4,557737
прекращении 2,238047 4,476093
прекращение 2,813411 2,813411
внешность 0,097980 0,097980
украинском 0,076161 0,076161
света 0,054808 0,054808
украины 1,021651 1,021651
дневного 3,218876 3,218876
введении 5,010635 5,010635
длительных 5,010635 5,010635
галереи 0,000000 0,000000
белоусов 0,076161 0,076161
эмоции 0,047791 0,047791
зеленским 0,076161 0,076161
условиями 0,040822 0,081644
двум 0,076161 0,076161
вызвала 0,097980 0,097980
сети 0,090654 0,090654
неприемлемы 5,010635 10,021271
военнослужащим 0,076161 0,076161
дональд 2,238047 2,238047
читайте 0,040822 0,040822
байконур 0,097980 0,097980
редакциярекламаконтактыпресс 0,000000 0,000000
материалы 0,000000 0,000000
прошли 3,401197 3,401197
объяснил 2,120264 2,120264
видео 0,000000 0,000000
депутат 0,076161 0,304645
прогресс 0,097980 0,097980
статьи 0,000000 0,000000
ходе 1,791759 1,791759
обороны 2,525729 5,051457
коллегами 3,401197 3,401197
форме 0,061875 0,061875
последние 0,090654 0,090654
предрекли 0,076161 0,076161
культура 0,000000 0,000000
обсудить 0,456758 0,456758
силовые 0,000000 0,000000
архив 0,000000 0,000000
режима 2,525729 2,525729
дня 0,061875 0,061875
сша 0,040822 0,204110
неприемлемости 3,218876 9,656627
комитета 2,813411 2,813411
среда 0,000000 0,000000
временном 3,624341 7,248682
раскрытии 0,076161 0,076161
редактор 0,567984 0,567984
скидки 0,047791 0,047791
сотрудников 0,076161 0,076161
предложенное 5,010635 5,010635
эксклюзивы 0,000000 0,000000
российском 0,076161 0,076161
выражайте 0,047791 0,047791
начались 0,068993 0,068993
чепа 5,010635 15,031906
предложение 2,302585 2,302585
рекомендательных 0,000000 0,000000
конфликте 0,076161 0,076161
продолжая 0,047791 0,047791
работает 0,040822 0,040822
фрг 3,912023 7,824046
увлекательные 0,047791 0,047791
риа 1,272966 1,272966
украинскими 4,317488 4,317488
лентой 2,371578 2,371578
переговоры 0,054808 0,109616
разные 3,401197 3,401197
конфиденциальностиправила 0,000000 0,000000
бонусы 0,047791 0,095581
москвы 1,832581 3,665163
политикой 0,047791 0,047791
раскритиковал 4,317488 4,317488
маккартни 0,097980 0,097980
предложила 3,401197 3,401197
жильцы 0,076161 0,076161
министр 2,612740 2,612740
международным 3,064725 3,064725
жизни 0,000000 0,000000
забота 0,000000 0,000000
сбер 0,040822 0,040822
пожаловать 0,013423 0,013423
использованияполитика 0,000000 0,000000
трамп 1,484275 1,484275
делегация 5,010635 5,010635
крупный 0,068993 0,068993
регионам 0,076161 0,076161
крупным 0,076161 0,076161
туристку 0,076161 0,076161
которых 1,678431 1,678431
это 0,020203 0,080811
победа 0,000000 0,000000
разговоре 2,708050 2,708050
остались 0,061875 0,061875
две 0,033902 0,033902
страна 1,714798 1,714798
президент 1,347074 2,694147
вещи 2,931194 2,931194
мотор 0,000000 0,000000
обменивайте 0,047791 0,047791
опечатку 0,000000 0,000000
сми 0,000000 0,000000
госдумы 2,813411 2,813411
оперативной 2,177422 2,177422
президентов 2,708050 2,708050
бориса 3,401197 6,802395
рады 0,068993 0,068993
заключил 3,218876 3,218876
новости 0,000000 0,000000
войти 0,000000 0,000000
место 0,054808 0,054808
акции 0,047791 0,047791
соглашения 3,218876 6,437752
хорошие 0,013423 0,013423
мс 0,097980 0,097980
медитации 0,076161 0,076161
крайне 3,401197 3,401197
экономика 0,000000 0,000000
писториуса 5,010635 10,021271
ответил 3,064725 3,064725
уход 0,076161 0,076161
временного 4,317488 4,317488
удивился 5,010635 5,010635
мирного 3,218876 6,437752
киев 2,708050 2,708050
прибыл 0,083382 0,083382
писториус 5,010635 5,010635
спецпроекты 0,000000 0,000000
аравии 2,813411 5,626821
путин 1,203973 1,203973
владимир 1,373049 2,746098
переговоров 1,714798 3,429597
кошечкина 3,624341 3,624341
реальный 0,013423 0,013423
первый 1,832581 1,832581
игры 0,000000 0,000000
техника 0,000000 0,000000
ссср 0,000000 0,000000
трефилов 5,010635 5,010635
правды 0,068993 0,068993
трампа 0,054808 0,054808
тысячи 0,068993 0,068993
германии 2,177422 6,532266
отвел 0,076161 0,076161
предрек 0,076161 0,076161
министра 3,401197 3,401197
алексей 1,919593 1,919593
условие 3,218876 6,437752
марта 0,040822 0,081644
городе 0,061875 0,061875
огня 1,678431 6,713723
главное 0,000000 0,000000
информации 1,919593 1,919593
реакций 0,047791 0,047791
летнего 0,097980 0,097980
заявили 0,076161 0,076161
встрече 2,813411 2,813411
реакции 0,047791 0,047791
мини 0,000000 0,000000
напомнил 2,813411 2,813411
поверхностно 5,010635 5,010635
видеть 0,013423 0,013423
изнасиловал 0,076161 0,076161
очень 1,347074 2,694147
наука 0,000000 0,000000
