предупредили 3,064725 9,194175
перемирии 0,076161 0,076161
ру 0,000000 0,000000
факты 3,624341 3,624341
банк 0,076161 0,076161
масленица 5,010635 5,010635
новый 1,966113 1,966113
простая 4,317488 4,317488
день 1,544899 1,544899
позывы 5,010635 5,010635
новые 0,000000 0,000000
фрукты 4,317488 4,317488
веками 3,064725 3,064725
возродила 5,010635 5,010635
стал 1,203973 1,203973
рот 3,218876 3,218876
аллергии 4,317488 4,317488
помогающая 5,010635 5,010635
потерявшей 5,010635 5,010635
согласие 0,047791 0,047791
добро 0,013423 0,013423
некоторых 2,708050 5,416100
выражаете 0,047791 0,047791
удар 2,612740 2,612740
одну 2,612740 5,225480
декабря 2,120264 4,240527
поставила 5,010635 5,010635
помощью 0,047791 0,095581
девственницам 5,010635 5,010635
молодо 5,010635 5,010635
эпидемия 3,218876 6,437752
людей 1,455287 2,910574
расстройство 4,317488 4,317488
простатите 5,010635 5,010635
засыпания 5,010635 5,010635
одни 3,624341 3,624341
первом 3,064725 6,129450
алкоголика 5,010635 5,010635
добра 0,013423 0,026846
вызывающее 3,064725 3,064725
те 1,919593 1,919593
обычное 3,624341 3,624341
фото 0,061875 0,061875
отказаться 3,624341 3,624341
визита 5,010635 5,010635
полгода 2,612740 2,612740
лет 0,967584 5,805504
водой 0,061875 0,061875
оказалось 2,177422 2,177422
технологиймини 0,000000 0,000000
женатым 5,010635 5,010635
деми 5,010635 5,010635
оценивайте 0,047791 0,047791
открывают 5,010635 5,010635
дольше 3,912023 3,912023
главные 2,371578 2,371578
назван 2,931194 11,724775
укачиванием 5,010635 5,010635
назвал 1,347074 4,041221
русские 3,218876 3,218876
проблемой 3,218876 3,218876
пор 2,238047 2,238047
конфиденциальности 0,047791 0,047791
гениталий 5,010635 5,010635
удается 3,401197 3,401197
мир 0,000000 0,000000
предостерегли 5,010635 5,010635
эксперимент 4,317488 4,317488
полного 3,624341 3,624341
миф 3,912023 11,736069
нажмите 0,000000 0,000000
жизнью 3,064725 3,064725
распознать 3,624341 10,873023
получайте 0,047791 0,047791
влечение 5,010635 5,010635
мужского 4,317488 4,317488
обнаружили 3,218876 3,218876
поделился 2,931194 2,931194
инвалидных 5,010635 5,010635
деле 2,238047 2,238047
погружайтесь 0,047791 0,047791
бывший 0,000000 0,000000
время 0,762140 1,524280
проблемы 0,076161 0,228484
накапливайте 0,047791 0,047791
каждом 3,912023 3,912023
поведению 5,010635 5,010635
ооо 0,000000 0,000000
деактивирована 0,013423 0,013423
путешествия 0,000000 0,000000
обожали 2,931194 2,931194
опробовал 5,010635 5,010635
продления 3,912023 3,912023
серьезно 3,624341 3,624341
восстановлению 4,317488 4,317488
ушла 3,912023 7,824046
стоила 4,317488 4,317488
резко 2,371578 2,371578
главных 2,445686 2,445686
почками 3,401197 3,401197
структуры 0,000000 0,000000
рта 3,401197 3,401197
выходят 4,317488 4,317488
индии 0,076161 0,076161
возненавидели 2,931194 2,931194
подать 4,317488 4,317488
испытала 5,010635 5,010635
хочешь 0,013423 0,013423
одной 1,514128 3,028255
пляжных 0,097980 0,097980
нашли 0,000000 0,000000
точками 3,912023 3,912023
кока 5,010635 5,010635
друзей 3,401197 3,401197
колясках 5,010635 5,010635
свингеров 4,317488 4,317488
лучшее 4,317488 8,634976
приправа 5,010635 5,010635
голливуда 3,218876 6,437752
обычную 0,013423 0,013423
популярном 2,931194 2,931194
внешность 0,097980 0,097980
клеща 5,010635 5,010635
вызывающий 4,317488 4,317488
украинском 0,076161 0,076161
света 0,054808 0,054808
королева 3,912023 3,912023
отучить 5,010635 5,010635
подтяжка 5,010635 5,010635
отсутствия 3,912023 3,912023
взялся 3,912023 3,912023
галереи 0,000000 0,000000
продуктов 2,445686 4,891372
сексу 3,624341 3,624341
уменьшить 5,010635 5,010635
белоусов 0,076161 0,076161
нищета 4,317488 4,317488
подростков 5,010635 5,010635
делают 4,317488 8,634976
условиями 0,040822 0,081644
легкого 5,010635 5,010635
готовы 2,708050 2,708050
последствиями 3,912023 3,912023
продукты 2,931194 2,931194
запаху 3,624341 3,624341
сексуальное 4,317488 4,317488
ответы 5,010635 5,010635
могут 1,455287 2,910574
читайте 0,040822 0,040822
насторожиться 5,010635 5,010635
сустава 5,010635 5,010635
раскрыли 2,302585 2,302585
здоровья 2,813411 5,626821
осудили 4,317488 4,317488
байконур 0,097980 0,097980
известной 3,401197 3,401197
редакциярекламаконтактыпресс 0,000000 0,000000
женой 3,064725 3,064725
любителей 3,624341 3,624341
люди 1,966113 1,966113
сексом 3,912023 3,912023
похмелья 5,010635 5,010635
бюджетных 5,010635 5,010635
проколовшие 5,010635 5,010635
совет 3,064725 9,194175
всем 1,966113 1,966113
видео 0,000000 0,000000
экспериментах 5,010635 5,010635
похмелье 5,010635 5,010635
жесткий 5,010635 5,010635
хирург 3,912023 3,912023
раскрыла 2,708050 2,708050
пожалела 5,010635 10,021271
секса 3,401197 6,802395
оскар 3,624341 3,624341
страшилок 5,010635 5,010635
блинами 5,010635 5,010635
отказавшихся 5,010635 5,010635
едва 2,177422 2,177422
одного 2,177422 2,177422
невозможность 5,010635 5,010635
ночам 4,317488 4,317488
последние 0,090654 0,090654
креме 3,064725 3,064725
предрекли 0,076161 0,076161
архив 0,000000 0,000000
июля 2,813411 2,813411
свидании 5,010635 10,021271
сша 0,040822 0,040822
любимых 4,317488 4,317488
минусы 4,317488 4,317488
избежать 3,218876 3,218876
минимизировать 5,010635 5,010635
мифы 3,064725 3,064725
коже 5,010635 5,010635
названы 2,445686 12,228430
заклеенный 5,010635 5,010635
среда 0,000000 0,000000
делать 1,966113 3,932226
взрослых 3,218876 3,218876
раскрытии 0,076161 0,076161
ошибочно 5,010635 5,010635
скрывается 2,708050 2,708050
скидки 0,047791 0,095581
людям 3,401197 3,401197
филлеры 5,010635 5,010635
живет 3,218876 3,218876
изо 3,401197 3,401197
планеты 3,218876 3,218876
эксклюзивы 0,000000 0,000000
российском 0,076161 0,076161
названо 2,813411 5,626821
выражайте 0,047791 0,047791
вычислить 3,912023 3,912023
случиться 4,317488 4,317488
сонуход 3,401197 3,401197
девушки 2,445686 2,445686
привычки 4,317488 4,317488
быстрому 5,010635 5,010635
врач 2,445686 29,348231
конфликте 0,076161 0,076161
закуски 3,624341 3,624341
названа 2,931194 5,862388
продолжая 0,047791 0,047791
полон 5,010635 5,010635
выглядеть 3,624341 3,624341
рынок 2,177422 2,177422
вредности 5,010635 5,010635
опасности 2,813411 2,813411
цикла 2,813411 2,813411
дал 2,238047 2,238047
опасность 3,401197 3,401197
хорошенькой 5,010635 5,010635
ноября 2,525729 5,051457
конфиденциальностиправила 0,000000 0,000000
лучших 2,931194 2,931194
зону 3,624341 3,624341
бонусы 0,047791 0,095581
политикой 0,047791 0,047791
жильцы 0,076161 0,076161
нормально 4,317488 4,317488
перейти 3,064725 3,064725
жизни 0,000000 0,000000
стать 1,875141 1,875141
одним 1,966113 1,966113
неправильной 5,010635 5,010635
тяжелую 4,317488 4,317488
раскрыл 2,177422 4,354844
губы 3,912023 3,912023
гаджетов 5,010635 5,010635
аптечном 3,064725 3,064725
туристку 0,076161 0,076161
это 0,020203 0,181824
молодость 5,010635 5,010635
раскрыт 3,912023 3,912023
фай 5,010635 5,010635
сезона 3,624341 3,624341
старения 5,010635 5,010635
анатомии 5,010635 5,010635
депрессию 5,010635 5,010635
назвала 2,931194 11,724775
две 0,033902 0,033902
мужу 4,317488 4,317488
мотор 0,000000 0,000000
обменивайте 0,047791 0,047791
назвали 2,238047 6,714140
справиться 3,218876 3,218876
доступные 5,010635 5,010635
симптомом 5,010635 5,010635
опасной 3,401197 6,802395
жизнь 1,544899 3,089799
неприятные 5,010635 5,010635
разнице 5,010635 5,010635
мужа 3,064725 3,064725
замены 5,010635 5,010635
миллионы 2,445686 2,445686
вреда 4,317488 8,634976
новости 0,000000 0,000000
транспорте 5,010635 5,010635
лобка 5,010635 5,010635
войти 0,000000 0,000000
оргазма 5,010635 10,021271
пробудила 5,010635 5,010635
каприо 4,317488 4,317488
тренда 5,010635 5,010635
водка 4,317488 4,317488
хорошие 0,013423 0,013423
россиянам 2,525729 15,154372
медитации 0,076161 0,152323
мур 4,317488 4,317488
спираль 5,010635 5,010635
изменила 3,064725 3,064725
мочекаменной 5,010635 5,010635
мира 1,576648 3,153296
точно 3,064725 3,064725
столу 5,010635 5,010635
рациона 4,317488 4,317488
уролог 4,317488 4,317488
уход 0,076161 0,076161
мигренью 4,317488 4,317488
риски 3,401197 3,401197
обрушилась 5,010635 5,010635
почему 0,899761 4,498807
новой 2,612740 2,612740
идут 2,525729 5,051457
леонардо 4,317488 4,317488
потолстеть 5,010635 5,010635
прибыл 0,083382 0,083382
отхода 5,010635 5,010635
затем 1,875141 1,875141
спецпроекты 0,000000 0,000000
профилактике 4,317488 8,634976
болезни 3,064725 9,194175
защиты 3,218876 3,218876
приправах 5,010635 5,010635
эякуляции 5,010635 5,010635
помогает 3,218876 3,218876
болезнь 4,317488 4,317488
ночь 2,708050 2,708050
путиным 1,966113 1,966113
первый 1,832581 1,832581
игры 0,000000 0,000000
вещество 3,064725 3,064725
предки 5,010635 5,010635
карьеру 3,912023 3,912023
ошибке 3,912023 3,912023
бактериологическое 5,010635 5,010635
февраля 1,272966 8,910760
техника 0,000000 0,000000
ссср 0,000000 0,000000
продлить 3,624341 3,624341
отсрочить 3,624341 3,624341
яйцами 5,010635 5,010635
пять 1,576648 3,153296
соли 4,317488 4,317488
трампа 0,054808 0,054808
собойокружающее 3,401197 3,401197
бойфренда 5,010635 5,010635
рекомендации 5,010635 5,010635
удивилась 4,317488 4,317488
вылечилась 5,010635 5,010635
самых 1,609438 8,047190
косметической 5,010635 5,010635
специях 5,010635 5,010635
оказались 2,525729 5,051457
укуса 4,317488 4,317488
научила 5,010635 5,010635
отвел 0,076161 0,076161
пожаловался 3,401197 3,401197
технику 3,624341 3,624341
здоровьеотношения 3,401197 3,401197
переживающей 5,010635 5,010635
марта 0,040822 2,653430
другие 1,714798 1,714798
неудачи 5,010635 5,010635
главное 0,000000 0,000000
ожирением 5,010635 5,010635
постоянной 4,317488 4,317488
нового 2,371578 2,371578
ребенка 3,624341 3,624341
чувствовавшего 5,010635 5,010635
реакций 0,047791 0,047791
летнего 0,097980 0,097980
токсичному 5,010635 5,010635
фильмы 3,624341 3,624341
реакции 0,047791 0,047791
мини 0,000000 0,000000
установки 5,010635 5,010635
блюда 3,064725 3,064725
джастин 5,010635 5,010635
раскрыты 3,624341 14,497364
раскрыта 3,401197 6,802395
психики 4,317488 4,317488
изнасиловал 0,076161 0,076161
счастливым 5,010635 5,010635
серьезной 5,010635 10,021271
стоит 1,791759 3,583519
символ 2,931194 5,862388
галлюцинации 3,912023 3,912023
самые 1,832581 5,497744
запоров 5,010635 5,010635
пространствоментальное 3,401197 3,401197
зеленского 0,068993 0,068993
дерматолог 5,010635 10,021271
частоте 5,010635 5,010635
вредные 3,624341 3,624341
клава 5,010635 5,010635
частота 4,317488 4,317488
лента 0,000000 0,000000
приемов 5,010635 5,010635
завтрак 4,317488 4,317488
слабоумие 5,010635 5,010635
призывают 5,010635 5,010635
забеременела 5,010635 5,010635
частоту 5,010635 5,010635
спорт 0,000000 0,000000
изменениях 5,010635 5,010635
клеток 5,010635 5,010635
беззаботного 5,010635 5,010635
стыдно 5,010635 5,010635
сай 5,010635 5,010635
споры 0,097980 0,097980
бибер 5,010635 5,010635
военной 0,061875 0,061875
четыре 0,040822 0,040822
палочку 5,010635 5,010635
жми 0,013423 0,013423
поста 3,401197 3,401197
правила 2,813411 2,813411
психическим 5,010635 5,010635
здоровьем 3,624341 3,624341
пива 5,010635 5,010635
опасными 5,010635 5,010635
сохранить 2,525729 2,525729
правило 3,401197 3,401197
ленту 0,013423 0,013423
борьбы 3,912023 3,912023
сигурни 5,010635 5,010635
затопленного 0,076161 0,076161
болеутоляющего 5,010635 5,010635
объяснению 5,010635 5,010635
бесполезны 3,064725 3,064725
заново 3,401197 3,401197
опасны 5,010635 5,010635
синдрома 5,010635 5,010635
женщин 2,302585 11,512925
увлечение 4,317488 4,317488
оружие 2,813411 2,813411
россии 0,425668 1,702671
применения 0,000000 0,000000
током 3,912023 3,912023
очереди 3,912023 3,912023
всепитание 3,401197 3,401197
душе 5,010635 5,010635
инвалиды 5,010635 5,010635
обитания 0,000000 0,000000
ценности 0,000000 0,000000
женщине 2,612740 7,838220
носки 5,010635 5,010635
женщина 2,813411 5,626821
опасно 2,813411 2,813411
пенсии 5,010635 5,010635
материалам 0,047791 0,047791
столкнулась 3,218876 3,218876
известно 1,297063 1,297063
мужчин 2,371578 2,371578
мужской 2,708050 2,708050
популярного 3,912023 3,912023
ягодиц 4,317488 4,317488
вернуться 0,013423 0,013423
внутриматочная 5,010635 5,010635
ваши 0,047791 0,047791
женщины 2,066196 12,397178
российским 0,076161 0,076161
опровергли 3,401197 3,401197
опасна 4,317488 4,317488
рак 2,931194 2,931194
гастроэнтеролог 3,912023 3,912023
номинация 5,010635 5,010635
кишечную 5,010635 5,010635
симптомы 4,317488 4,317488
откуда 3,064725 3,064725
человека 2,177422 2,177422
половые 5,010635 5,010635
вопроса 3,401197 3,401197
спустя 1,832581 1,832581
мужчиной 4,317488 4,317488
интернет 0,000000 0,000000
россия 0,000000 0,000000
личной 3,064725 3,064725
спать 4,317488 4,317488
диас 5,010635 10,021271
счастливой 5,010635 5,010635
обратился 0,076161 0,076161
волос 3,912023 3,912023
приемы 5,010635 5,010635
диетолог 4,317488 4,317488
бикини 4,317488 4,317488
рассказали 1,919593 7,678371
порно 3,218876 6,437752
супы 3,064725 3,064725
вазэктомии 5,010635 5,010635
свои 0,027029 0,027029
вейперов 5,010635 5,010635
популярных 3,218876 6,437752
европы 2,445686 2,445686
рассказала 1,919593 1,919593
января 1,791759 10,750557
тревожные 4,317488 4,317488
популярный 3,064725 3,064725
рыбы 3,401197 3,401197
смотрят 3,624341 3,624341
сырое 5,010635 5,010635
уколы 5,010635 5,010635
предупредил 3,401197 3,401197
пара 3,912023 3,912023
гид 0,076161 0,076161
произошло 2,445686 2,445686
перечислили 3,912023 7,824046
спермой 5,010635 5,010635
ди 4,317488 4,317488
уволит 0,076161 0,076161
накрыла 3,912023 3,912023
дома 0,061875 0,061875
полезные 5,010635 15,031906
глаза 2,931194 2,931194
правильно 2,813411 2,813411
подсказали 5,010635 5,010635
американский 0,061875 0,061875
пола 0,097980 0,097980
считала 4,317488 4,317488
супа 3,912023 3,912023
ежедневные 5,010635 5,010635
ударить 4,317488 4,317488
знаменитых 3,624341 3,624341
причины 2,612740 10,450960
полезных 3,912023 3,912023
нормой 4,317488 4,317488
депрессии 3,912023 3,912023
чипсов 5,010635 5,010635
облысения 5,010635 5,010635
магний 4,317488 4,317488
процедуры 4,317488 4,317488
российских 1,576648 1,576648
вредными 4,317488 4,317488
корзин 5,010635 5,010635
кино 3,064725 6,129450
постели 5,010635 5,010635
эмоции 0,047791 0,047791
подобное 4,317488 4,317488
зеленским 0,076161 0,076161
оптимальная 5,010635 5,010635
питание 2,931194 2,931194
пожилом 5,010635 5,010635
двум 0,076161 0,076161
вызвала 0,097980 0,097980
либидо 5,010635 5,010635
сети 0,090654 0,090654
лысеют 5,010635 5,010635
военнослужащим 0,076161 0,076161
психолог 3,401197 3,401197
контроля 2,371578 2,371578
червями 5,010635 5,010635
бороться 2,708050 2,708050
масла 3,624341 3,624341
скрываю 5,010635 10,021271
хищников 4,317488 4,317488
парадоксальный 5,010635 5,010635
животрепещущих 5,010635 5,010635
москвичи 3,912023 3,912023
объяснил 2,120264 2,120264
материалы 0,000000 0,000000
весеннего 3,624341 3,624341
начавшейся 5,010635 5,010635
офтальмолог 5,010635 5,010635
депутат 0,076161 0,076161
фетиш 5,010635 5,010635
прогресс 0,097980 0,097980
рака 3,624341 7,248682
статьи 0,000000 0,000000
разбираем 3,064725 3,064725
проблемами 3,218876 3,218876
свойства 4,317488 4,317488
исключения 5,010635 5,010635
врачу 4,317488 4,317488
форме 0,061875 0,061875
культура 0,000000 0,000000
забытая 5,010635 5,010635
силовые 0,000000 0,000000
врачи 3,064725 3,064725
несмотря 2,120264 2,120264
справляться 3,912023 3,912023
дня 0,061875 0,061875
взрослую 5,010635 5,010635
зафиксировали 5,010635 5,010635
способы 3,624341 21,746046
отношений 2,708050 2,708050
женской 3,064725 3,064725
вещие 4,317488 4,317488
смелый 5,010635 5,010635
отношение 3,064725 3,064725
поза 5,010635 5,010635
наркомана 5,010635 5,010635
диеты 4,317488 4,317488
сотрудников 0,076161 0,076161
потенциальная 5,010635 5,010635
мясо 3,624341 3,624341
алкоголе 5,010635 5,010635
потраченных 5,010635 5,010635
разочаровался 4,317488 4,317488
эскортницам 5,010635 5,010635
начались 0,068993 0,068993
предложение 2,302585 2,302585
глухоту 5,010635 5,010635
летней 2,708050 2,708050
антибиотик 5,010635 5,010635
дали 2,525729 7,577186
рекомендательных 0,000000 0,000000
разу 3,912023 7,824046
чихе 5,010635 5,010635
сексуальности 2,931194 2,931194
новогоднему 5,010635 5,010635
работает 0,040822 0,040822
скандалы 4,317488 4,317488
увлекательные 0,047791 0,047791
прыщей 3,064725 6,129450
здоровье 2,708050 2,708050
диета 5,010635 5,010635
заниматься 3,624341 3,624341
алкоголю 3,624341 3,624341
деменцию 5,010635 5,010635
предостерег 4,317488 8,634976
симптомах 4,317488 4,317488
излишнее 5,010635 5,010635
алкоголь 3,401197 3,401197
глуповата 5,010635 10,021271
инициативы 3,912023 3,912023
москвичей 5,010635 5,010635
развеял 5,010635 5,010635
переговоры 0,054808 0,054808
россиян 1,714798 12,003589
год 1,714798 1,714798
лосося 5,010635 5,010635
глазах 2,931194 2,931194
сырыми 5,010635 5,010635
срочного 5,010635 5,010635
фетиша 5,010635 5,010635
защитить 3,912023 3,912023
маккартни 0,097980 0,097980
рейтинге 4,317488 4,317488
забота 0,000000 0,000000
сбер 0,040822 0,040822
ко 3,064725 3,064725
пожаловать 0,013423 0,013423
использованияполитика 0,000000 0,000000
кофе 3,912023 7,824046
вредны 3,064725 6,129450
безопасность 3,624341 3,624341
поколений 3,218876 3,218876
трусы 3,912023 3,912023
крупный 0,068993 0,068993
призвали 2,708050 2,708050
регионам 0,076161 0,076161
пищи 4,317488 4,317488
крупным 0,076161 0,076161
продуктовых 5,010635 5,010635
семь 2,813411 2,813411
организму 3,912023 3,912023
победа 0,000000 0,000000
спортзалах 5,010635 5,010635
самом 2,014903 2,014903
россияне 1,919593 5,758779
остались 0,061875 0,061875
телефона 3,624341 3,624341
мертвых 5,010635 5,010635
улучшить 3,912023 3,912023
случай 2,931194 2,931194
опечатку 0,000000 0,000000
сми 0,000000 0,000000
госдумы 2,813411 2,813411
одиночество 5,010635 5,010635
неожиданных 5,010635 5,010635
такое 2,014903 2,014903
отклонила 5,010635 5,010635
бриджит 4,317488 4,317488
жить 2,177422 2,177422
рады 0,068993 0,068993
объяснены 3,912023 3,912023
актеров 3,912023 3,912023
страну 2,612740 2,612740
несколько 1,347074 1,347074
лечения 3,401197 3,401197
зависимости 2,813411 5,626821
неожиданный 3,912023 7,824046
собой 2,014903 2,014903
психологическими 5,010635 5,010635
место 0,054808 0,054808
золотое 5,010635 5,010635
акции 0,047791 0,047791
сна 4,317488 8,634976
мс 0,097980 0,097980
рассказал 1,272966 2,545931
уставшей 5,010635 5,010635
начале 2,177422 2,177422
чудовищных 5,010635 5,010635
ради 2,371578 4,743156
пересадка 4,317488 4,317488
экономика 0,000000 0,000000
смартфонов 3,912023 3,912023
джонс 4,317488 4,317488
сужении 5,010635 5,010635
встают 5,010635 5,010635
самостоятельно 3,218876 3,218876
запои 5,010635 5,010635
прогулок 5,010635 5,010635
черными 5,010635 5,010635
неочевидный 4,317488 8,634976
обнаружен 5,010635 5,010635
ученые 2,813411 2,813411
канцерогены 5,010635 5,010635
секс 2,371578 18,972624
нормальную 5,010635 5,010635
идеальных 5,010635 5,010635
угрожающего 5,010635 5,010635
влиянии 4,317488 4,317488
перечислены 5,010635 5,010635
количество 1,966113 1,966113
туалет 5,010635 10,021271
развеяла 5,010635 5,010635
сну 4,317488 4,317488
требующих 5,010635 5,010635
неочевидные 5,010635 10,021271
реальный 0,013423 0,013423
стрессом 4,317488 4,317488
мужчины 2,525729 7,577186
возмутились 3,064725 3,064725
сны 4,317488 4,317488
рискованных 5,010635 5,010635
мужчина 2,371578 4,743156
последняя 3,912023 3,912023
году 1,373049 1,373049
любимая 3,912023 3,912023
правды 0,068993 0,068993
любовнице 5,010635 5,010635
втроем 4,317488 4,317488
пожаловались 3,912023 3,912023
тысячи 0,068993 0,068993
распространенной 5,010635 5,010635
возрасте 3,064725 3,064725
сон 3,912023 3,912023
считающихся 5,010635 5,010635
смешна 5,010635 10,021271
обострения 3,912023 3,912023
вернуть 2,708050 2,708050
годах 2,931194 2,931194
предрек 0,076161 0,076161
детского 5,010635 5,010635
городе 0,061875 0,061875
усталости 4,317488 4,317488
походов 5,010635 5,010635
опасные 4,317488 4,317488
встреча 3,218876 3,218876
правда 2,014903 2,014903
уивер 5,010635 5,010635
грядки 4,317488 4,317488
опытах 5,010635 5,010635
сметан 5,010635 5,010635
заявили 0,076161 0,076161
оценили 2,525729 2,525729
звездочек 5,010635 5,010635
кэмерон 5,010635 10,021271
видеть 0,013423 0,013423
соски 4,317488 4,317488
способ 2,371578 18,972624
ожирения 3,912023 3,912023
объедаться 5,010635 5,010635
наука 0,000000 0,000000
вирусолог 5,010635 5,010635
продукт 4,317488 4,317488
превращаются 5,010635 5,010635
