зеленского 0,068993 0,068993
болезней 3,912023 7,824046
перемирии 0,076161 0,076161
ру 0,000000 0,000000
банк 0,076161 0,076161
лента 0,000000 0,000000
новые 0,000000 0,000000
патологией 5,010635 5,010635
патологии 4,317488 4,317488
спорт 0,000000 0,000000
связан 4,317488 4,317488
заявил 1,098612 1,098612
споры 0,097980 0,097980
согласие 0,047791 0,047791
добро 0,013423 0,013423
военной 0,061875 0,061875
дыхательные 5,010635 5,010635
выражаете 0,047791 0,047791
четыре 0,040822 0,040822
тяжелой 5,010635 5,010635
декабря 2,120264 2,120264
жми 0,013423 0,013423
помощью 0,047791 0,047791
показана 4,317488 4,317488
аппетита 5,010635 5,010635
моче 4,317488 4,317488
мочи 5,010635 5,010635
добра 0,013423 0,026846
человек 1,249435 1,249435
словам 1,272966 1,272966
ленту 0,013423 0,013423
затопленного 0,076161 0,076161
фото 0,061875 0,123751
кому 2,708050 2,708050
водой 0,061875 0,061875
напоминающий 5,010635 5,010635
применения 0,000000 0,000000
технологиймини 0,000000 0,000000
всепитание 3,401197 3,401197
оценивайте 0,047791 0,047791
лекарство 5,010635 5,010635
обитания 0,000000 0,000000
ценности 0,000000 0,000000
запах 3,912023 23,472138
запаха 5,010635 5,010635
пассивная 5,010635 5,010635
симптома 5,010635 5,010635
назвал 1,347074 4,041221
иммунный 5,010635 5,010635
выведением 5,010635 5,010635
материалам 0,047791 0,047791
шило 4,317488 12,952464
конфиденциальности 0,047791 0,047791
снижение 3,218876 3,218876
вернуться 0,013423 0,013423
мир 0,000000 0,000000
ваши 0,047791 0,047791
российским 0,076161 0,076161
нажмите 0,000000 0,000000
распознать 3,624341 10,873023
получайте 0,047791 0,047791
погружайтесь 0,047791 0,047791
бывший 0,000000 0,000000
проблемы 0,076161 0,304645
накапливайте 0,047791 0,047791
интернет 0,000000 0,000000
россия 0,000000 0,000000
ооо 0,000000 0,000000
обратился 0,076161 0,076161
деактивирована 0,013423 0,013423
крови 2,931194 5,862388
путешествия 0,000000 0,000000
оболочки 5,010635 5,010635
отдела 0,579818 0,579818
человеку 3,218876 3,218876
обычно 3,218876 3,218876
свои 0,027029 0,027029
ранее 1,003302 1,003302
органа 5,010635 5,010635
предупредил 3,401197 3,401197
структуры 0,000000 0,000000
почками 3,401197 10,203592
рта 3,401197 20,407184
индии 0,076161 0,076161
гид 0,076161 0,076161
азотистых 5,010635 5,010635
хочешь 0,013423 0,013423
нашли 0,000000 0,000000
пляжных 0,097980 0,097980
уволит 0,076161 0,076161
дома 0,061875 0,061875
запущенной 5,010635 5,010635
американский 0,061875 0,061875
обычную 0,013423 0,013423
пола 0,097980 0,097980
появляется 5,010635 5,010635
внешность 0,097980 0,097980
перестает 4,317488 4,317488
украинском 0,076161 0,076161
света 0,054808 0,054808
изменение 3,624341 3,624341
обрядина 5,010635 5,010635
галереи 0,000000 0,000000
ног 3,401197 3,401197
отнес 5,010635 5,010635
продуктов 2,445686 2,445686
кандидат 3,912023 3,912023
белоусов 0,076161 0,076161
эмоции 0,047791 0,047791
зеленским 0,076161 0,076161
однако 1,249435 1,249435
числе 1,714798 1,714798
тмина 5,010635 5,010635
условиями 0,040822 0,081644
двум 0,076161 0,076161
вызвала 0,097980 0,097980
сети 0,090654 0,090654
запаху 3,624341 7,248682
военнослужащим 0,076161 0,076161
требуется 3,401197 3,401197
подобной 5,010635 5,010635
читайте 0,040822 0,040822
кроме 1,427116 1,427116
богатырев 5,010635 5,010635
масла 3,624341 3,624341
жаловаться 5,010635 5,010635
обмена 2,813411 2,813411
слизистые 5,010635 5,010635
байконур 0,097980 0,097980
пользе 4,317488 4,317488
редакциярекламаконтактыпресс 0,000000 0,000000
люди 1,966113 1,966113
материалы 0,000000 0,000000
объяснил 2,120264 2,120264
видео 0,000000 0,000000
депутат 0,076161 0,076161
наук 3,401197 3,401197
прогресс 0,097980 0,097980
статьи 0,000000 0,000000
почечной 5,010635 5,010635
указывать 5,010635 5,010635
накоплением 5,010635 5,010635
пути 2,445686 2,445686
форме 0,061875 0,061875
последние 0,090654 0,090654
предрекли 0,076161 0,076161
культура 0,000000 0,000000
обсудить 0,456758 0,456758
силовые 0,000000 0,000000
врачи 3,064725 3,064725
валерий 3,912023 3,912023
архив 0,000000 0,000000
справляться 3,912023 3,912023
дня 0,061875 0,061875
сша 0,040822 0,040822
организм 3,624341 3,624341
среда 0,000000 0,000000
серьезные 3,401197 3,401197
недостаточность 4,317488 8,634976
нефролог 4,317488 12,952464
раскрытии 0,076161 0,076161
редактор 0,567984 0,567984
скидки 0,047791 0,047791
сотрудников 0,076161 0,076161
артур 5,010635 5,010635
изо 3,401197 20,407184
эксклюзивы 0,000000 0,000000
российском 0,076161 0,076161
выражайте 0,047791 0,047791
теме 1,514128 1,514128
сонуход 3,401197 3,401197
начались 0,068993 0,068993
специфический 5,010635 5,010635
врач 2,445686 9,782744
рекомендательных 0,000000 0,000000
конфликте 0,076161 0,076161
продолжая 0,047791 0,047791
работает 0,040822 0,040822
увлекательные 0,047791 0,047791
выводятся 5,010635 5,010635
симптомах 4,317488 4,317488
недостаточности 5,010635 5,010635
переговоры 0,054808 0,054808
токсичных 5,010635 5,010635
конфиденциальностиправила 0,000000 0,000000
бонусы 0,047791 0,095581
почек 4,317488 8,634976
политикой 0,047791 0,047791
лица 2,612740 2,612740
маккартни 0,097980 0,097980
отметил 1,791759 1,791759
жильцы 0,076161 0,076161
жизни 0,000000 0,000000
забота 0,000000 0,000000
сбер 0,040822 0,040822
пожаловать 0,013423 0,013423
использованияполитика 0,000000 0,000000
диализ 4,317488 4,317488
которые 1,181994 1,181994
смерти 2,445686 2,445686
наталья 3,401197 3,401197
крупный 0,068993 0,068993
регионам 0,076161 0,076161
медицинских 3,912023 3,912023
веществ 5,010635 5,010635
крупным 0,076161 0,076161
туристку 0,076161 0,076161
это 0,020203 0,040405
победа 0,000000 0,000000
остались 0,061875 0,061875
две 0,033902 0,033902
мотор 0,000000 0,000000
обменивайте 0,047791 0,047791
опечатку 0,000000 0,000000
сми 0,000000 0,000000
указывает 3,912023 3,912023
такое 2,014903 2,014903
неприятный 4,317488 4,317488
вреде 4,317488 4,317488
рады 0,068993 0,068993
сентября 2,708050 2,708050
новости 0,000000 0,000000
войти 0,000000 0,000000
собой 2,014903 2,014903
место 0,054808 0,054808
акции 0,047791 0,047791
черного 3,401197 3,401197
хорошие 0,013423 0,013423
мс 0,097980 0,097980
рассказал 1,272966 1,272966
описывают 5,010635 5,010635
медитации 0,076161 0,076161
почечную 5,010635 10,021271
пересадка 4,317488 4,317488
экономика 0,000000 0,000000
уролог 4,317488 4,317488
уход 0,076161 0,152323
прибыл 0,083382 0,083382
аммиачный 5,010635 10,021271
говорят 2,371578 2,371578
появление 3,624341 3,624341
неочевидных 5,010635 5,010635
ранней 4,317488 4,317488
спецпроекты 0,000000 0,000000
болезни 3,064725 3,064725
мочевины 4,317488 4,317488
реальный 0,013423 0,013423
игры 0,000000 0,000000
андролог 5,010635 5,010635
техника 0,000000 0,000000
ссср 0,000000 0,000000
правды 0,068993 0,068993
трампа 0,054808 0,054808
собойокружающее 3,401197 3,401197
тысячи 0,068993 0,068993
вопрос 1,832581 1,832581
соединений 5,010635 5,010635
отвел 0,076161 0,076161
предрек 0,076161 0,076161
здоровьеотношения 3,401197 3,401197
марта 0,040822 0,040822
городе 0,061875 0,061875
главное 0,000000 0,000000
стадии 3,912023 7,824046
реакций 0,047791 0,047791
летнего 0,097980 0,097980
заявили 0,076161 0,076161
реакции 0,047791 0,047791
мини 0,000000 0,000000
других 1,576648 1,576648
видеть 0,013423 0,013423
изнасиловал 0,076161 0,076161
иммунизация 5,010635 5,010635
отеков 5,010635 5,010635
способ 2,371578 7,114734
наука 0,000000 0,000000
наличие 3,912023 3,912023
пространствоментальное 3,401197 3,401197
