зеленского 0,068993 0,068993
перемирии 0,076161 0,076161
ру 0,000000 0,000000
банк 0,076161 0,076161
лента 0,000000 0,000000
газете 3,624341 3,624341
новые 0,000000 0,000000
поддержал 2,525729 2,525729
спорт 0,000000 0,000000
заявил 1,098612 1,098612
споры 0,097980 0,097980
согласие 0,047791 0,047791
добро 0,013423 0,013423
военной 0,061875 0,061875
выражаете 0,047791 0,047791
четыре 0,040822 0,040822
жми 0,013423 0,013423
помощью 0,047791 0,047791
мид 3,064725 3,064725
глава 1,643339 1,643339
добра 0,013423 0,026846
край 3,401197 3,401197
ленту 0,013423 0,013423
затопленного 0,076161 0,076161
фото 0,061875 0,123751
силы 2,177422 2,177422
водой 0,061875 0,061875
россии 0,425668 0,851336
взаимном 3,218876 3,218876
применения 0,000000 0,000000
технологиймини 0,000000 0,000000
экс 2,066196 2,066196
оценивайте 0,047791 0,047791
обитания 0,000000 0,000000
ценности 0,000000 0,000000
каким 2,525729 2,525729
материалам 0,047791 0,047791
конфиденциальности 0,047791 0,047791
вернуться 0,013423 0,013423
мир 0,000000 0,000000
ваши 0,047791 0,047791
российским 0,076161 0,152323
попытаться 3,912023 7,824046
нажмите 0,000000 0,000000
получайте 0,047791 0,047791
российский 1,484275 1,484275
погружайтесь 0,047791 0,047791
краснодарский 4,317488 4,317488
президенту 3,401197 3,401197
бывший 0,000000 0,000000
прекращению 3,064725 12,258901
проблемы 0,076161 0,076161
накапливайте 0,047791 0,047791
интернет 0,000000 0,000000
россия 0,000000 0,000000
ооо 0,000000 0,000000
обратился 0,076161 0,076161
деактивирована 0,013423 0,013423
путешествия 0,000000 0,000000
отдела 0,579818 0,579818
лидера 2,302585 2,302585
свои 0,027029 0,027029
уточнив 5,010635 5,010635
республики 3,401197 3,401197
структуры 0,000000 0,000000
американского 2,177422 2,177422
индии 0,076161 0,076161
гид 0,076161 0,076161
загорелась 4,317488 4,317488
хочешь 0,013423 0,013423
украина 1,832581 1,832581
нашли 0,000000 0,000000
пляжных 0,097980 0,097980
уволит 0,076161 0,076161
дмитрий 2,371578 2,371578
дома 0,061875 0,061875
американский 0,061875 0,061875
обычную 0,013423 0,013423
пола 0,097980 0,097980
работу 1,791759 1,791759
прекращение 2,813411 2,813411
внешность 0,097980 0,097980
зеленский 1,714798 1,714798
украинском 0,076161 0,076161
света 0,054808 0,054808
украины 1,021651 3,064954
галереи 0,000000 0,000000
белоусов 0,076161 0,076161
эмоции 0,047791 0,047791
зеленским 0,076161 0,076161
азия 2,525729 2,525729
однако 1,249435 1,249435
условиями 0,040822 0,081644
двум 0,076161 0,076161
вызвала 0,097980 0,097980
сети 0,090654 0,090654
военнослужащим 0,076161 0,076161
атаковали 3,624341 3,624341
читайте 0,040822 0,040822
кропоткин 4,317488 4,317488
байконур 0,097980 0,097980
редакциярекламаконтактыпресс 0,000000 0,000000
материалы 0,000000 0,000000
видео 0,000000 0,000000
депутат 0,076161 0,076161
падения 3,401197 3,401197
прогресс 0,097980 0,097980
статьи 0,000000 0,000000
мог 2,302585 4,605170
форме 0,061875 0,061875
последние 0,090654 0,090654
предрекли 0,076161 0,076161
культура 0,000000 0,000000
обсудить 0,456758 0,456758
силовые 0,000000 0,000000
архив 0,000000 0,000000
дня 0,061875 0,061875
сша 0,040822 0,081644
лидер 1,919593 1,919593
отношении 1,791759 1,791759
среда 0,000000 0,000000
раскрытии 0,076161 0,076161
обломков 3,912023 3,912023
остановили 3,912023 3,912023
редактор 0,567984 0,567984
скидки 0,047791 0,047791
сотрудников 0,076161 0,152323
вооруженные 2,708050 2,708050
эксклюзивы 0,000000 0,000000
российском 0,076161 0,076161
выражайте 0,047791 0,047791
дней 1,791759 1,791759
начались 0,068993 0,068993
рекомендательных 0,000000 0,000000
конфликте 0,076161 0,076161
нефтебаза 4,317488 4,317488
продолжая 0,047791 0,047791
работает 0,040822 0,040822
увлекательные 0,047791 0,047791
риа 1,272966 1,272966
зеленскому 3,401197 13,604790
дал 2,238047 2,238047
переговоры 0,054808 0,054808
объектов 3,912023 3,912023
энергетики 2,445686 2,445686
конфиденциальностиправила 0,000000 0,000000
бонусы 0,047791 0,095581
политикой 0,047791 0,047791
маккартни 0,097980 0,097980
команду 2,708050 2,708050
жильцы 0,076161 0,076161
министр 2,612740 2,612740
жизни 0,000000 0,000000
забота 0,000000 0,000000
сбер 0,040822 0,040822
пожаловать 0,013423 0,013423
использованияполитика 0,000000 0,000000
слова 2,177422 2,177422
посоветовал 3,401197 6,802395
идею 2,931194 2,931194
крупный 0,068993 0,068993
дональда 2,177422 2,177422
результате 2,238047 2,238047
регионам 0,076161 0,076161
крупным 0,076161 0,076161
туристку 0,076161 0,076161
это 0,020203 0,040405
обойти 3,218876 16,094379
энергетической 2,445686 2,445686
победа 0,000000 0,000000
отвергнуть 5,010635 5,010635
остались 0,061875 0,061875
две 0,033902 0,033902
президент 1,347074 1,347074
мотор 0,000000 0,000000
обменивайте 0,047791 0,047791
опечатку 0,000000 0,000000
сразу 2,066196 2,066196
сми 0,000000 0,000000
президентов 2,708050 2,708050
отказе 3,064725 3,064725
рады 0,068993 0,068993
эвакуировали 3,218876 3,218876
ударов 2,302585 2,302585
инфраструктуре 2,445686 2,445686
новости 0,000000 0,000000
разговора 1,609438 1,609438
войти 0,000000 0,000000
военным 2,708050 2,708050
место 0,054808 0,054808
акции 0,047791 0,047791
соответствующую 3,912023 3,912023
хорошие 0,013423 0,013423
мс 0,097980 0,097980
медитации 0,076161 0,076161
всеприбалтикаукраинабелоруссиямолдавиязакавказьесредняя 2,525729 2,525729
экономика 0,000000 0,000000
уход 0,076161 0,076161
сложно 2,525729 2,525729
кулеба 5,010635 10,021271
прибыл 0,083382 0,083382
посоветовали 3,401197 6,802395
спецпроекты 0,000000 0,000000
путин 1,203973 2,407946
владимир 1,373049 2,746098
беспилотников 3,218876 3,218876
ночь 2,708050 2,708050
реальный 0,013423 0,013423
игры 0,000000 0,000000
техника 0,000000 0,000000
ссср 0,000000 0,000000
достичь 3,064725 3,064725
правды 0,068993 0,068993
трампа 0,054808 0,109616
договоренность 3,064725 9,194175
тысячи 0,068993 0,068993
отвел 0,076161 0,076161
предприятия 3,624341 3,624341
предрек 0,076161 0,076161
марта 0,040822 0,122466
городе 0,061875 0,123751
огня 1,678431 8,392154
главное 0,000000 0,000000
интервью 2,525729 2,525729
реакций 0,047791 0,047791
летнего 0,097980 0,097980
заявили 0,076161 0,076161
запольская 3,624341 3,624341
реакции 0,047791 0,047791
мини 0,000000 0,000000
договоренности 3,218876 3,218876
алевтина 3,624341 3,624341
видеть 0,013423 0,013423
изнасиловал 0,076161 0,076161
наука 0,000000 0,000000
образом 2,066196 2,066196
приводит 3,401197 3,401197
