зеленского 0,068993 0,068993
перемирии 0,076161 0,076161
ру 0,000000 0,000000
банк 0,076161 0,076161
лента 0,000000 0,000000
новые 0,000000 0,000000
рпл 3,624341 18,121705
подорожавшим 5,010635 5,010635
спорт 0,000000 0,000000
стал 1,203973 1,203973
адмирал 4,317488 4,317488
споры 0,097980 0,097980
согласие 0,047791 0,047791
добро 0,013423 0,013423
военной 0,061875 0,061875
выражаете 0,047791 0,047791
четыре 0,040822 0,081644
подорожавшие 3,624341 7,248682
сиэтл 4,317488 4,317488
жми 0,013423 0,013423
вратарь 5,010635 5,010635
помощью 0,047791 0,047791
добра 0,013423 0,026846
ленту 0,013423 0,013423
хавбек 5,010635 10,021271
затопленного 0,076161 0,076161
фото 0,061875 0,123751
й 2,612740 2,612740
водой 0,061875 0,061875
кхл 3,624341 7,248682
применения 0,000000 0,000000
агкацев 5,010635 5,010635
технологиймини 0,000000 0,000000
энрике 5,010635 15,031906
станислав 3,218876 3,218876
фитнес 3,624341 3,624341
оценивайте 0,047791 0,047791
обитания 0,000000 0,000000
ценности 0,000000 0,000000
металлург 4,317488 4,317488
назвал 1,347074 1,347074
кракен 3,912023 3,912023
материалам 0,047791 0,047791
футбол 4,317488 4,317488
конфиденциальности 0,047791 0,047791
сайте 3,401197 3,401197
вернуться 0,013423 0,013423
мир 0,000000 0,000000
ваши 0,047791 0,047791
российским 0,076161 0,076161
чемпионат 3,912023 15,648092
нажмите 0,000000 0,000000
получайте 0,047791 0,047791
ростова 4,317488 4,317488
миннесота 4,317488 4,317488
погружайтесь 0,047791 0,047791
зенита 4,317488 8,634976
бывший 0,000000 0,000000
проблемы 0,076161 0,076161
регулярный 3,912023 7,824046
накапливайте 0,047791 0,047791
интернет 0,000000 0,000000
россия 0,000000 0,000000
подорожал 5,010635 5,010635
кисляк 5,010635 5,010635
ооо 0,000000 0,000000
обратился 0,076161 0,076161
подорожавших 5,010635 5,010635
деактивирована 0,013423 0,013423
путешествия 0,000000 0,000000
отдела 0,579818 0,579818
свои 0,027029 0,027029
учетом 4,317488 4,317488
также 0,762140 0,762140
вячеслав 3,624341 3,624341
структуры 0,000000 0,000000
индии 0,076161 0,076161
гид 0,076161 0,076161
хочешь 0,013423 0,013423
нашли 0,000000 0,000000
пляжных 0,097980 0,097980
лидером 2,813411 2,813411
уволит 0,076161 0,076161
цене 3,912023 3,912023
дома 0,061875 0,061875
американский 0,061875 0,061875
обычную 0,013423 0,013423
пола 0,097980 0,097980
внешность 0,097980 0,097980
матвей 5,010635 5,010635
видылетние 4,317488 4,317488
украинском 0,076161 0,076161
света 0,054808 0,054808
миллиона 1,966113 5,898339
колорадо 4,317488 4,317488
располагаются 5,010635 5,010635
завтра 3,401197 6,802395
галереи 0,000000 0,000000
саравия 5,010635 5,010635
евро 2,931194 5,862388
счету 3,624341 3,624341
белоусов 0,076161 0,076161
эмоции 0,047791 0,047791
зеленским 0,076161 0,076161
филиппов 5,010635 5,010635
условиями 0,040822 0,081644
двум 0,076161 0,076161
период 2,120264 2,120264
вызвала 0,097980 0,097980
сети 0,090654 0,090654
военнослужащим 0,076161 0,076161
миллионов 1,791759 1,791759
читайте 0,040822 0,040822
получил 2,120264 2,120264
подешевевшие 3,624341 7,248682
байконур 0,097980 0,097980
вошли 3,401197 3,401197
редакциярекламаконтактыпресс 0,000000 0,000000
представлен 4,317488 4,317488
очков 5,010635 5,010635
материалы 0,000000 0,000000
подешевевшим 5,010635 5,010635
видео 0,000000 0,000000
обеих 3,624341 3,624341
подешевевших 5,010635 10,021271
депутат 0,076161 0,076161
краснодар 4,317488 4,317488
коршунова 5,010635 5,010635
прогресс 0,097980 0,097980
активе 5,010635 5,010635
статьи 0,000000 0,000000
локомотив 4,317488 4,317488
оценивается 5,010635 5,010635
форме 0,061875 0,061875
последние 0,090654 0,090654
торонто 4,317488 4,317488
предрекли 0,076161 0,076161
культура 0,000000 0,000000
обсудить 0,456758 0,456758
силовые 0,000000 0,000000
видыхоккейавтоолимпиадазож 4,317488 4,317488
архив 0,000000 0,000000
тысяч 1,427116 4,281349
дарья 3,624341 3,624341
дня 0,061875 0,061875
сша 0,040822 0,040822
названы 2,445686 4,891372
среда 0,000000 0,000000
раскрытии 0,076161 0,076161
редактор 0,567984 0,567984
скидки 0,047791 0,047791
сотрудников 0,076161 0,076161
эксклюзивы 0,000000 0,000000
российском 0,076161 0,076161
выражайте 0,047791 0,047791
мэйпл 4,317488 4,317488
российской 2,014903 2,014903
начались 0,068993 0,068993
спартак 4,317488 4,317488
рекомендательных 0,000000 0,000000
конфликте 0,076161 0,076161
продолжая 0,047791 0,047791
работает 0,040822 0,040822
увлекательные 0,047791 0,047791
риа 1,272966 1,272966
далее 2,708050 2,708050
цска 4,317488 8,634976
игрока 4,317488 4,317488
переговоры 0,054808 0,054808
конфиденциальностиправила 0,000000 0,000000
зенит 4,317488 4,317488
эвеланш 4,317488 4,317488
бонусы 0,047791 0,095581
политикой 0,047791 0,047791
маккартни 0,097980 0,097980
жильцы 0,076161 0,076161
очка 5,010635 5,010635
жизни 0,000000 0,000000
забота 0,000000 0,000000
сбер 0,040822 0,040822
является 1,966113 1,966113
пожаловать 0,013423 0,013423
использованияполитика 0,000000 0,000000
мск 3,912023 11,736069
портал 3,912023 3,912023
ммазимние 4,317488 4,317488
крупный 0,068993 0,068993
регионам 0,076161 0,076161
динамо 3,218876 3,218876
крупным 0,076161 0,076161
это 0,020203 0,020203
туристку 0,076161 0,076161
которого 1,875141 1,875141
победа 0,000000 0,000000
караваев 5,010635 5,010635
футболистов 4,317488 4,317488
остались 0,061875 0,061875
лифс 4,317488 4,317488
две 0,033902 0,033902
сегодня 1,643339 1,643339
наибольшую 5,010635 5,010635
футболистом 3,912023 3,912023
мотор 0,000000 0,000000
обменивайте 0,047791 0,047791
опечатку 0,000000 0,000000
сми 0,000000 0,000000
команд 3,624341 3,624341
плюс 3,624341 7,248682
мг 4,317488 4,317488
рады 0,068993 0,068993
лиги 4,317488 4,317488
новости 0,000000 0,000000
войти 0,000000 0,000000
томпсон 5,010635 5,010635
место 0,054808 0,054808
акции 0,047791 0,047791
хорошие 0,013423 0,013423
нхл 3,624341 7,248682
мс 0,097980 0,097980
медитации 0,076161 0,076161
фонбет 4,317488 8,634976
луис 5,010635 10,021271
топ 3,401197 3,401197
экономика 0,000000 0,000000
уход 0,076161 0,076161
хорди 5,010635 5,010635
обновления 5,010635 5,010635
прибыл 0,083382 0,083382
спецпроекты 0,000000 0,000000
защитник 4,317488 4,317488
реальный 0,013423 0,013423
родриго 5,010635 5,010635
список 2,708050 5,416100
игры 0,000000 0,000000
техника 0,000000 0,000000
ссср 0,000000 0,000000
правды 0,068993 0,068993
трампа 0,054808 0,054808
тысячи 0,068993 0,068993
полузащитник 5,010635 10,021271
самых 1,609438 1,609438
оказались 2,525729 2,525729
футболисты 3,624341 7,248682
всефутболбокс 4,317488 4,317488
отвел 0,076161 0,076161
предрек 0,076161 0,076161
алексей 1,919593 1,919593
марта 0,040822 0,081644
городе 0,061875 0,061875
премьер 2,525729 2,525729
главное 0,000000 0,000000
уайлд 4,317488 4,317488
попали 3,218876 3,218876
реакций 0,047791 0,047791
летнего 0,097980 0,097980
заявили 0,076161 0,076161
реакции 0,047791 0,047791
мини 0,000000 0,000000
краснодара 4,317488 4,317488
оренбурга 5,010635 5,010635
бителло 5,010635 10,021271
бразильский 5,010635 5,010635
видеть 0,013423 0,013423
тура 5,010635 5,010635
изнасиловал 0,076161 0,076161
миллион 3,064725 3,064725
прибавку 5,010635 5,010635
самым 1,966113 3,932226
наука 0,000000 0,000000
минус 3,624341 14,497364
самые 1,832581 3,665163
