зеленского 0,068993 0,068993
сериалы 3,218876 16,094379
перемирии 0,076161 0,076161
резяпова 5,010635 10,021271
ру 0,000000 0,000000
иванко 4,317488 4,317488
банк 0,076161 0,076161
добавил 2,445686 2,445686
рф 1,514128 3,028255
культуры 3,064725 3,064725
лента 0,000000 0,000000
новые 0,000000 0,000000
зарубежной 3,401197 3,401197
роль 1,966113 1,966113
спорт 0,000000 0,000000
отечественных 3,401197 3,401197
абзац 5,010635 5,010635
изображаются 5,010635 5,010635
заявил 1,098612 1,098612
споры 0,097980 0,097980
обозначить 5,010635 5,010635
согласие 0,047791 0,047791
добро 0,013423 0,013423
военной 0,061875 0,061875
выражаете 0,047791 0,047791
четыре 0,040822 0,040822
жми 0,013423 0,013423
помощью 0,047791 0,047791
окружили 3,912023 3,912023
таких 2,177422 2,177422
ссылкой 3,064725 3,064725
добра 0,013423 0,026846
солью 4,317488 4,317488
словам 1,272966 1,272966
министерство 3,218876 3,218876
ленту 0,013423 0,013423
затопленного 0,076161 0,076161
фото 0,061875 0,123751
нереалистичного 5,010635 10,021271
пропаганды 4,317488 4,317488
водой 0,061875 0,061875
россии 0,425668 2,128339
применения 0,000000 0,000000
технологиймини 0,000000 0,000000
коммерсантъ 2,708050 2,708050
оценивайте 0,047791 0,047791
обитания 0,000000 0,000000
ценности 0,000000 0,000000
неудачниками 5,010635 5,010635
хлебом 3,624341 3,624341
обратилось 5,010635 5,010635
материалам 0,047791 0,047791
показ 5,010635 5,010635
конфиденциальности 0,047791 0,047791
снижение 3,218876 3,218876
вернуться 0,013423 0,013423
мир 0,000000 0,000000
связи 2,120264 2,120264
спикер 3,624341 3,624341
имеют 2,931194 2,931194
ваши 0,047791 0,047791
женщины 2,066196 2,066196
российским 0,076161 0,076161
нажмите 0,000000 0,000000
получайте 0,047791 0,047791
иностранца 5,010635 5,010635
ямана 5,010635 10,021271
необходимо 2,120264 2,120264
рождаемости 5,010635 5,010635
погружайтесь 0,047791 0,047791
турецких 3,912023 3,912023
бывший 0,000000 0,000000
проблемы 0,076161 0,076161
деспотами 5,010635 5,010635
накапливайте 0,047791 0,047791
интернет 0,000000 0,000000
россия 0,000000 0,000000
россию 1,609438 1,609438
поведения 4,317488 4,317488
ооо 0,000000 0,000000
обратился 0,076161 0,076161
эль 5,010635 5,010635
деактивирована 0,013423 0,013423
путешествия 0,000000 0,000000
карлтон 5,010635 5,010635
свои 0,027029 0,054057
сформированного 5,010635 5,010635
турецкие 3,624341 14,497364
ранее 1,003302 1,003302
структуры 0,000000 0,000000
индии 0,076161 0,076161
гид 0,076161 0,076161
хочешь 0,013423 0,013423
нашли 0,000000 0,000000
пляжных 0,097980 0,097980
игорь 3,064725 3,064725
уволит 0,076161 0,076161
дома 0,061875 0,061875
американский 0,061875 0,061875
обычную 0,013423 0,013423
пола 0,097980 0,097980
сильные 2,708050 2,708050
внешность 0,097980 0,097980
общественников 5,010635 5,010635
украинском 0,076161 0,076161
света 0,054808 0,054808
влияют 3,218876 3,218876
презентацию 4,317488 4,317488
демографию 5,010635 5,010635
российских 1,576648 1,576648
галереи 0,000000 0,000000
белоусов 0,076161 0,076161
особенности 3,401197 3,401197
эмоции 0,047791 0,047791
института 5,010635 5,010635
зеленским 0,076161 0,076161
запретить 2,931194 11,724775
условиями 0,040822 0,081644
двум 0,076161 0,076161
вызвала 0,097980 0,097980
сети 0,090654 0,090654
военнослужащим 0,076161 0,076161
актера 3,624341 3,624341
читайте 0,040822 0,040822
образа 3,912023 3,912023
байконур 0,097980 0,097980
редакциярекламаконтактыпресс 0,000000 0,000000
материалы 0,000000 0,000000
видео 0,000000 0,000000
председателя 3,401197 3,401197
депутат 0,076161 0,076161
прогресс 0,097980 0,097980
статьи 0,000000 0,000000
ветераны 5,010635 10,021271
резяпов 5,010635 5,010635
разрушение 3,912023 3,912023
влечет 5,010635 5,010635
форме 0,061875 0,061875
негативно 5,010635 5,010635
последние 0,090654 0,090654
предрекли 0,076161 0,076161
отмечается 2,371578 2,371578
культура 0,000000 0,000000
обсудить 0,456758 0,456758
силовые 0,000000 0,000000
архив 0,000000 0,000000
дамы 3,912023 3,912023
мыльных 5,010635 5,010635
государственную 4,317488 4,317488
дня 0,061875 0,061875
сша 0,040822 0,040822
среда 0,000000 0,000000
роскомнадзор 4,317488 4,317488
раскрытии 0,076161 0,076161
ольга 3,912023 3,912023
скидки 0,047791 0,047791
сотрудников 0,076161 0,076161
эксклюзивы 0,000000 0,000000
российском 0,076161 0,076161
выражайте 0,047791 0,047791
деструктивной 5,010635 5,010635
алкоголиками 5,010635 5,010635
сериалах 5,010635 5,010635
потребовали 2,708050 8,124151
начались 0,068993 0,068993
москву 2,120264 2,120264
рекомендательных 0,000000 0,000000
конфликте 0,076161 0,076161
движения 4,317488 4,317488
коровина 5,010635 5,010635
продолжая 0,047791 0,047791
работает 0,040822 0,040822
увлекательные 0,047791 0,047791
образы 4,317488 4,317488
переговоры 0,054808 0,054808
джана 5,010635 5,010635
конфиденциальностиправила 0,000000 0,000000
бонусы 0,047791 0,095581
встретили 3,912023 3,912023
турецкого 3,912023 3,912023
движение 3,064725 3,064725
политикой 0,047791 0,047791
маккартни 0,097980 0,097980
котором 2,238047 2,238047
жильцы 0,076161 0,076161
жизни 0,000000 0,000000
забота 0,000000 0,000000
сбер 0,040822 0,040822
встретив 5,010635 5,010635
пожаловать 0,013423 0,013423
использованияполитика 0,000000 0,000000
кинопродукцией 5,010635 5,010635
интерес 3,624341 3,624341
зрительниц 5,010635 5,010635
крупный 0,068993 0,068993
ожидая 4,317488 4,317488
регионам 0,076161 0,076161
сообщает 2,120264 2,120264
крупным 0,076161 0,076161
туристку 0,076161 0,076161
это 0,020203 0,040405
победа 0,000000 0,000000
этим 2,302585 2,302585
забот 5,010635 5,010635
создания 5,010635 5,010635
остались 0,061875 0,061875
две 0,033902 0,033902
главную 3,218876 3,218876
нашим 3,624341 3,624341
мотор 0,000000 0,000000
обменивайте 0,047791 0,047791
опечатку 0,000000 0,000000
сми 0,000000 0,000000
сериалов 3,912023 3,912023
исполнил 4,317488 4,317488
ильдара 5,010635 5,010635
рады 0,068993 0,068993
новости 0,000000 0,000000
войти 0,000000 0,000000
собой 2,014903 2,014903
место 0,054808 0,054808
акции 0,047791 0,047791
хорошие 0,013423 0,013423
мс 0,097980 0,097980
насмотревшись 5,010635 5,010635
медитации 0,076161 0,076161
экономика 0,000000 0,000000
центре 2,525729 2,525729
общественное 4,317488 4,317488
уход 0,076161 0,076161
турко 5,010635 5,010635
прибыл 0,083382 0,166763
затем 1,875141 1,875141
спецпроекты 0,000000 0,000000
думу 5,010635 5,010635
уровне 2,371578 2,371578
столицы 4,317488 4,317488
реальный 0,013423 0,013423
мужчины 2,525729 5,051457
игры 0,000000 0,000000
техника 0,000000 0,000000
ссср 0,000000 0,000000
ритц 5,010635 5,010635
правды 0,068993 0,068993
трампа 0,054808 0,054808
мнению 2,302585 2,302585
всекиносериалымузыкакнигиискусствотеатрфотография 3,401197 3,401197
тысячи 0,068993 0,068993
артист 3,912023 3,912023
понятие 4,317488 4,317488
законодательном 5,010635 5,010635
кавалерам 5,010635 5,010635
опер 5,010635 5,010635
отвел 0,076161 0,076161
предрек 0,076161 0,076161
марта 0,040822 0,040822
городе 0,061875 0,061875
главное 0,000000 0,000000
отеля 3,912023 3,912023
нового 2,371578 2,371578
фанаты 3,912023 3,912023
реакций 0,047791 0,047791
летнего 0,097980 0,097980
заявили 0,076161 0,076161
освобождаются 5,010635 5,010635
реакции 0,047791 0,047791
мини 0,000000 0,000000
прилетевшего 5,010635 5,010635
сериала 3,401197 3,401197
ввести 3,912023 3,912023
видеть 0,013423 0,013423
включает 3,401197 3,401197
изнасиловал 0,076161 0,076161
наука 0,000000 0,000000
просьбой 4,317488 4,317488
галантного 5,010635 5,010635
теряют 3,912023 3,912023
поклонницы 5,010635 5,010635
семьи 3,624341 3,624341
