иванко 4,317488 4,317488
ру 0,000000 0,000000
банк 0,076161 0,076161
рф 1,514128 1,514128
день 1,544899 1,544899
этому 2,238047 2,238047
неплохо 5,010635 5,010635
программистов 5,010635 5,010635
отдыха 3,401197 3,401197
оносов 5,010635 5,010635
стал 1,203973 1,203973
расширить 3,912023 3,912023
целом 3,064725 6,129450
департамента 3,218876 6,437752
наращивание 5,010635 5,010635
сферанедвижимостьгородская 1,966113 1,966113
персонала 5,010635 20,042541
согласие 0,047791 0,047791
составляющую 5,010635 5,010635
некоторых 2,708050 2,708050
вероятно 2,813411 5,626821
частью 3,218876 3,218876
очевидны 5,010635 5,010635
сотрудники 2,066196 18,595767
одну 2,612740 2,612740
радостью 5,010635 10,021271
декабря 2,120264 2,120264
мало 3,064725 3,064725
отделов 5,010635 5,010635
чувствовал 3,912023 3,912023
таких 2,177422 6,532266
человек 1,249435 2,498870
воспринималось 5,010635 5,010635
компаниям 3,624341 3,624341
фото 0,061875 0,680629
менеджмент 5,010635 5,010635
полгода 2,612740 2,612740
лет 0,967584 4,837920
тезисы 5,010635 5,010635
выступают 3,624341 3,624341
связь 2,813411 5,626821
компаниях 3,912023 3,912023
такие 2,120264 4,240527
водой 0,061875 0,061875
сложности 3,624341 3,624341
оказалось 2,177422 2,177422
технологиймини 0,000000 0,000000
процессы 4,317488 4,317488
график 3,624341 7,248682
испытывающих 5,010635 5,010635
скрывает 4,317488 4,317488
начинает 4,317488 4,317488
лидерству 5,010635 5,010635
владелец 3,624341 3,624341
исключительностью 5,010635 5,010635
социальных 3,912023 3,912023
конфиденциальности 0,047791 0,047791
простыми 5,010635 5,010635
весь 1,966113 1,966113
сотрудника 3,912023 7,824046
столкнулись 3,624341 3,624341
нажмите 0,000000 0,000000
представителям 5,010635 5,010635
нехватки 5,010635 10,021271
получайте 0,047791 0,047791
длинной 5,010635 5,010635
вторых 3,401197 3,401197
куинн 5,010635 5,010635
индивидуальных 5,010635 5,010635
проект 3,624341 3,624341
слишком 2,371578 4,743156
проблемы 0,076161 0,152323
всегосэкономикабизнесрынкикапиталсоциальная 1,966113 1,966113
выстроенные 5,010635 5,010635
компромиссе 5,010635 5,010635
создавать 3,401197 3,401197
дмитрия 5,010635 5,010635
путешествия 0,000000 0,000000
ситуация 2,931194 2,931194
режим 2,931194 2,931194
тунеядцами 5,010635 5,010635
также 0,762140 3,048560
индии 0,076161 0,076161
проекта 3,064725 6,129450
последнее 2,931194 2,931194
нашли 0,000000 0,000000
одной 1,514128 1,514128
одном 2,525729 2,525729
прошлый 5,010635 5,010635
выдвигается 5,010635 5,010635
досчитается 5,010635 5,010635
обратил 3,624341 7,248682
легко 2,813411 2,813411
звучат 5,010635 5,010635
лилиана 5,010635 5,010635
самоорганизации 5,010635 5,010635
украинском 0,076161 0,076161
света 0,054808 0,054808
совместимости 5,010635 5,010635
обратную 3,624341 3,624341
изменений 3,624341 3,624341
здравоохранения 4,317488 8,634976
самостоятельного 5,010635 10,021271
белоусов 0,076161 0,076161
вдобавок 3,912023 3,912023
проявляют 4,317488 4,317488
здравоохранении 5,010635 5,010635
соискателей 5,010635 5,010635
однако 1,249435 2,498870
закрыть 3,912023 3,912023
условиями 0,040822 0,081644
специальности 5,010635 5,010635
сырья 5,010635 5,010635
бунт 5,010635 5,010635
появляются 3,912023 3,912023
готовы 2,708050 2,708050
сколько 2,525729 5,051457
материалов 4,317488 4,317488
аргументов 5,010635 5,010635
могут 1,455287 4,365862
читайте 0,040822 0,040822
оставались 4,317488 4,317488
стороны 1,643339 3,286679
байконур 0,097980 0,097980
угодно 3,624341 3,624341
общероссийского 5,010635 15,031906
ближайшие 3,064725 6,129450
снижает 4,317488 4,317488
признания 5,010635 5,010635
председатель 2,813411 5,626821
полностью 2,525729 2,525729
ечин 5,010635 15,031906
разочарованные 5,010635 5,010635
сокращениями 5,010635 5,010635
всему 2,612740 2,612740
денис 3,624341 3,624341
трудоустройства 5,010635 10,021271
меняют 3,218876 6,437752
значительные 3,912023 3,912023
сотрудникам 3,912023 3,912023
назло 3,064725 6,129450
независимого 5,010635 5,010635
часть 1,919593 3,839186
жестким 4,317488 4,317488
всеми 3,624341 3,624341
пропуски 5,010635 5,010635
коллегами 3,401197 3,401197
сотрудниках 4,317488 4,317488
предупреждает 4,317488 4,317488
учится 5,010635 5,010635
говорит 2,014903 2,014903
последние 0,090654 0,362617
предрекли 0,076161 0,076161
производственного 5,010635 5,010635
обошли 4,317488 4,317488
часто 2,525729 10,102915
воспользуются 5,010635 5,010635
архив 0,000000 0,000000
труд 4,317488 4,317488
внедрение 5,010635 5,010635
торговли 3,912023 15,648092
изменения 3,624341 3,624341
рассуждает 5,010635 5,010635
личные 3,218876 3,218876
сша 0,040822 0,040822
другая 3,401197 3,401197
процесс 2,931194 5,862388
труда 3,624341 39,867750
способность 4,317488 4,317488
качества 3,218876 3,218876
негативные 5,010635 5,010635
опасаться 5,010635 5,010635
нагрузкой 5,010635 5,010635
замену 5,010635 5,010635
раскрытии 0,076161 0,076161
следствие 2,813411 2,813411
недовольны 5,010635 5,010635
уйти 3,401197 3,401197
повышает 3,912023 3,912023
российском 0,076161 0,076161
качество 3,401197 3,401197
пояснил 2,931194 2,931194
недооцененности 5,010635 5,010635
столько 2,525729 2,525729
личную 3,218876 3,218876
такая 2,931194 2,931194
навыки 5,010635 5,010635
эффективностью 5,010635 5,010635
экологичном 5,010635 5,010635
продвижения 4,317488 8,634976
климат 1,919593 1,919593
команда 2,813411 2,813411
страшна 5,010635 5,010635
заказывать 5,010635 5,010635
задков 5,010635 5,010635
лентой 2,371578 2,371578
обмену 5,010635 5,010635
бросают 2,931194 5,862388
команды 3,218876 3,218876
параллельно 3,912023 3,912023
чувствует 4,317488 4,317488
лучших 2,931194 2,931194
зону 3,624341 3,624341
получать 3,064725 3,064725
бонусы 0,047791 0,095581
команду 2,708050 2,708050
увеличивать 4,317488 4,317488
жильцы 0,076161 0,076161
закончится 5,010635 5,010635
систему 2,708050 2,708050
жизни 0,000000 0,000000
удержать 2,708050 8,124151
процента 2,813411 2,813411
называли 2,931194 2,931194
менеджмента 5,010635 5,010635
любые 3,218876 3,218876
разберут 5,010635 5,010635
одним 1,966113 1,966113
сходятся 5,010635 5,010635
огорошить 5,010635 5,010635
наших 2,708050 5,416100
снизилась 5,010635 5,010635
стремящихся 5,010635 5,010635
огонь 3,401197 3,401197
туристку 0,076161 0,076161
предположил 3,912023 3,912023
ситдиков 5,010635 5,010635
удовлетворить 5,010635 5,010635
рост 2,302585 2,302585
замглавы 3,912023 3,912023
концентрироваться 5,010635 5,010635
придерживается 4,317488 4,317488
процент 3,218876 3,218876
ответственности 3,624341 3,624341
менеджменту 3,912023 3,912023
мотор 0,000000 0,000000
абрамов 4,317488 4,317488
обменивайте 0,047791 0,047791
разрезе 5,010635 5,010635
понятно 3,401197 3,401197
жизнь 1,544899 6,179598
зумеры 3,912023 11,736069
проблемные 3,624341 3,624341
менять 3,912023 3,912023
хорошие 0,013423 0,026846
отслеживать 3,624341 3,624341
удаленный 5,010635 10,021271
далеко 3,064725 3,064725
целый 3,064725 3,064725
мире 1,919593 1,919593
шла 2,813411 2,813411
владельца 4,317488 4,317488
годом 3,401197 3,401197
найдя 5,010635 5,010635
гибридного 5,010635 5,010635
нагрузок 4,317488 4,317488
уходе 5,010635 5,010635
чаще 2,708050 16,248301
хорошим 4,317488 4,317488
сознавая 5,010635 5,010635
почему 0,899761 4,498807
директор 2,612740 2,612740
чувство 3,912023 3,912023
высказать 5,010635 5,010635
разделяет 5,010635 5,010635
сегмент 4,317488 4,317488
могли 2,371578 2,371578
прибыл 0,083382 0,083382
готовиться 3,624341 3,624341
базовых 5,010635 5,010635
примеру 3,218876 3,218876
подпитывают 5,010635 5,010635
сокращению 5,010635 5,010635
сокращения 5,010635 15,031906
заявлением 4,317488 4,317488
рынком 5,010635 10,021271
сокращение 4,317488 8,634976
компонентов 4,317488 4,317488
общий 5,010635 5,010635
решившие 5,010635 5,010635
обслуживания 4,317488 4,317488
остановиться 5,010635 5,010635
требуют 4,317488 4,317488
желание 3,218876 6,437752
ссср 0,000000 0,000000
счастью 5,010635 5,010635
полагаю 4,317488 4,317488
виталий 3,912023 3,912023
пытается 2,177422 4,354844
карьерного 3,912023 3,912023
тестировщики 5,010635 5,010635
кадры 2,371578 2,371578
профессиональных 5,010635 5,010635
задачами 5,010635 10,021271
понятий 5,010635 5,010635
стратегия 5,010635 5,010635
новичков 3,912023 3,912023
против 1,791759 5,375278
главное 0,000000 0,000000
внешнего 4,317488 4,317488
представителями 4,317488 4,317488
другим 2,813411 2,813411
стороной 4,317488 4,317488
интервью 2,525729 2,525729
летнего 0,097980 0,097980
полагает 2,931194 2,931194
прислушиваются 5,010635 5,010635
общества 3,218876 3,218876
мини 0,000000 0,000000
утечку 5,010635 5,010635
эдель 5,010635 5,010635
других 1,576648 4,729944
напрямую 3,401197 3,401197
столкнуться 4,317488 4,317488
наблюдениями 5,010635 5,010635
повторяющимися 5,010635 5,010635
состоянию 3,218876 3,218876
темпы 4,317488 4,317488
охлаждению 4,317488 4,317488
изнасиловал 0,076161 0,076161
стоит 1,791759 3,583519
недооцененность 5,010635 5,010635
рилсах 5,010635 5,010635
теряют 3,912023 3,912023
ключевых 2,931194 2,931194
полякова 4,317488 4,317488
культуры 3,064725 3,064725
сильной 4,317488 4,317488
ценные 4,317488 4,317488
исключение 5,010635 5,010635
собеседник 3,912023 11,736069
спорт 0,000000 0,000000
разрушить 4,317488 4,317488
прошлом 3,624341 7,248682
споры 0,097980 0,195961
военной 0,061875 0,061875
четыре 0,040822 0,040822
протяжении 3,912023 3,912023
стало 1,181994 2,363988
друг 2,238047 2,238047
требованиями 4,317488 4,317488
плохо 3,401197 3,401197
текучка 5,010635 10,021271
авторитарного 5,010635 5,010635
тайм 3,912023 3,912023
глава 1,643339 1,643339
воспитанные 5,010635 5,010635
айтишники 5,010635 15,031906
менеджер 5,010635 15,031906
интеллекта 3,401197 3,401197
основном 3,912023 11,736069
атмосферу 3,624341 3,624341
остаются 3,064725 3,064725
страдают 3,912023 7,824046
стали 1,514128 3,028255
текучку 5,010635 5,010635
отвечают 3,401197 3,401197
трудоустроенных 5,010635 5,010635
альтернативные 3,912023 3,912023
рамиль 5,010635 5,010635
обитания 0,000000 0,000000
технологической 5,010635 5,010635
дистанционной 5,010635 5,010635
кризисом 5,010635 5,010635
направлению 5,010635 5,010635
поможет 3,401197 3,401197
трудоустроенный 5,010635 5,010635
цели 2,371578 2,371578
высокой 3,401197 3,401197
важно 2,302585 4,605170
требования 2,302585 2,302585
имеют 2,931194 2,931194
катастрофически 5,010635 5,010635
йорта 5,010635 10,021271
российским 0,076161 0,076161
агентств 5,010635 5,010635
образовании 5,010635 10,021271
кирилл 2,931194 2,931194
угрозой 2,931194 2,931194
волна 2,612740 5,225480
кадровой 5,010635 5,010635
необходимо 2,120264 2,120264
соблюдать 3,912023 3,912023
протест 4,317488 4,317488
зарплат 5,010635 5,010635
своему 3,624341 7,248682
ниже 3,624341 3,624341
регулярный 3,912023 3,912023
снижать 4,317488 4,317488
спустя 1,832581 1,832581
интернет 0,000000 0,000000
регулярные 3,912023 7,824046
обратился 0,076161 0,076161
прихода 3,912023 3,912023
рано 3,401197 3,401197
стремлением 5,010635 5,010635
человеку 3,218876 3,218876
пытаются 2,931194 2,931194
равную 5,010635 5,010635
отместку 5,010635 5,010635
требований 2,708050 2,708050
гид 0,076161 0,076161
сложные 5,010635 5,010635
энергия 4,317488 4,317488
игорь 3,064725 3,064725
работе 1,791759 1,791759
жданов 5,010635 5,010635
дома 0,061875 0,123751
айгюн 5,010635 5,010635
уходом 4,317488 4,317488
пола 0,097980 0,097980
подхода 5,010635 5,010635
работу 1,791759 7,167038
представители 3,624341 18,121705
штат 4,317488 8,634976
бет 5,010635 5,010635
наблюдать 3,912023 3,912023
зарплатам 5,010635 5,010635
сотрудник 2,813411 2,813411
руководство 3,401197 3,401197
роста 2,708050 2,708050
финансово 5,010635 5,010635
отношения 2,525729 2,525729
работа 2,708050 10,832201
руководства 3,912023 11,736069
выгорание 5,010635 5,010635
помогают 2,813411 2,813411
персоналом 5,010635 5,010635
услуг 3,064725 15,323626
мириться 5,010635 5,010635
выигрывают 5,010635 5,010635
итоге 2,708050 2,708050
работодателей 4,317488 17,269952
эмоции 0,047791 0,047791
собираются 4,317488 4,317488
предъявляют 5,010635 5,010635
иначе 3,401197 3,401197
пока 1,678431 1,678431
работники 2,813411 14,067054
уровнем 5,010635 5,010635
сети 0,090654 0,181309
работы 1,455287 11,642298
военнослужащим 0,076161 0,076161
рабочего 3,218876 6,437752
работника 3,912023 3,912023
вида 2,708050 2,708050
принудительного 4,317488 4,317488
бороться 2,708050 2,708050
консультанты 5,010635 5,010635
комментирует 4,317488 12,952464
ассоциации 3,624341 3,624341
высокого 4,317488 4,317488
каждая 3,624341 3,624341
материалы 0,000000 0,000000
вспоминает 3,912023 7,824046
начеку 5,010635 5,010635
наблюдаю 5,010635 5,010635
эксперт 2,371578 4,743156
депутат 0,076161 0,076161
спрос 3,912023 3,912023
мышление 4,317488 4,317488
бизнес 2,612740 5,225480
рискуют 4,317488 4,317488
статьи 0,000000 0,000000
война 2,371578 2,371578
происходят 3,401197 3,401197
попрощаться 4,317488 4,317488
зарелизить 5,010635 5,010635
материале 2,120264 2,120264
включая 3,064725 3,064725
культура 0,000000 0,000000
пандемии 4,317488 4,317488
врачи 3,064725 9,194175
сталкиваются 4,317488 4,317488
федор 3,912023 3,912023
гизатуллин 5,010635 20,042541
обо 3,912023 3,912023
отношении 1,791759 3,583519
отношение 3,064725 3,064725
профсоюза 5,010635 20,042541
необходимостью 5,010635 10,021271
наблюдают 3,912023 7,824046
творчества 4,317488 4,317488
потребностей 4,317488 4,317488
руководством 2,931194 2,931194
редактор 0,567984 0,567984
начальству 3,064725 6,129450
многие 1,714798 5,144395
низкой 4,317488 12,952464
государственные 5,010635 5,010635
зачастую 3,912023 3,912023
беспокоиться 5,010635 5,010635
способов 4,317488 4,317488
фактор 3,912023 3,912023
экономической 3,401197 3,401197
разных 2,445686 7,337058
работает 0,040822 0,040822
праве 5,010635 5,010635
увлекательные 0,047791 0,047791
обратная 3,064725 3,064725
риа 1,272966 5,091863
участники 3,218876 6,437752
совмещать 3,912023 3,912023
можем 4,317488 4,317488
переговоры 0,054808 0,054808
тестирования 5,010635 5,010635
разные 3,401197 3,401197
удаленки 5,010635 5,010635
времени 1,919593 3,839186
год 1,714798 5,144395
маккартни 0,097980 0,097980
айтишникам 5,010635 5,010635
андрей 3,064725 6,129450
сбер 0,040822 0,040822
громкими 4,317488 4,317488
использованияполитика 0,000000 0,000000
ведущий 3,401197 3,401197
поэтому 1,966113 1,966113
крупных 3,064725 3,064725
крупный 0,068993 0,068993
маркетинга 5,010635 5,010635
производств 3,912023 3,912023
антон 4,317488 4,317488
увеличения 5,010635 5,010635
регионам 0,076161 0,076161
крупным 0,076161 0,076161
маркетологи 5,010635 5,010635
прим 2,813411 5,626821
минтруда 5,010635 5,010635
крупные 3,218876 3,218876
остались 0,061875 0,061875
сегодня 1,643339 1,643339
агентства 3,401197 6,802395
ведут 3,912023 3,912023
отмечают 3,401197 3,401197
команд 3,624341 10,873023
создать 2,612740 2,612740
копирайтеры 5,010635 5,010635
штата 3,624341 3,624341
руководитель 3,218876 3,218876
плюс 3,624341 3,624341
отвлекающий 5,010635 5,010635
руководителю 4,317488 8,634976
интеллектом 5,010635 5,010635
рады 0,068993 0,068993
расходы 3,912023 3,912023
зависимости 2,813411 2,813411
заключил 3,218876 3,218876
таком 2,813411 2,813411
экономику 5,010635 5,010635
влияет 3,624341 3,624341
юлия 3,401197 3,401197
акции 0,047791 0,047791
универе 5,010635 5,010635
останутся 5,010635 5,010635
рассказал 1,272966 2,545931
критическое 4,317488 4,317488
проявились 5,010635 5,010635
формате 3,624341 3,624341
ради 2,371578 4,743156
недовольство 5,010635 10,021271
изменится 2,813411 2,813411
обсуждений 5,010635 5,010635
топ 3,401197 13,604790
экономика 0,000000 0,000000
ценой 4,317488 4,317488
рамках 2,371578 2,371578
проще 3,624341 7,248682
сложился 5,010635 5,010635
зависел 5,010635 5,010635
организации 2,708050 2,708050
небольшие 3,912023 3,912023
организаций 4,317488 4,317488
школы 3,218876 6,437752
пишет 2,371578 4,743156
завидуют 5,010635 5,010635
довольно 3,064725 3,064725
карьерных 5,010635 5,010635
владислав 3,912023 3,912023
реальный 0,013423 0,013423
редко 3,624341 3,624341
негосударственные 5,010635 5,010635
перегруз 5,010635 5,010635
условий 2,813411 2,813411
тысячи 0,068993 0,068993
добычи 5,010635 5,010635
ушел 2,708050 2,708050
дистанту 5,010635 5,010635
оценкой 4,317488 4,317488
культурной 3,912023 3,912023
рекламы 3,624341 3,624341
бывает 3,218876 3,218876
строительства 5,010635 5,010635
предрек 0,076161 0,076161
предпосылки 5,010635 5,010635
алексей 1,919593 1,919593
боссу 5,010635 5,010635
текущем 3,624341 3,624341
следует 2,302585 2,302585
подходит 3,624341 3,624341
заявили 0,076161 0,152323
встречи 2,525729 2,525729
дистанции 5,010635 5,010635
жалуются 4,317488 4,317488
проверено 5,010635 5,010635
постоянно 2,525729 2,525729
отраслей 4,317488 12,952464
присутствие 4,317488 4,317488
риск 3,401197 3,401197
зарплатного 5,010635 5,010635
своих 2,177422 4,354844
видеть 0,013423 0,013423
сфер 5,010635 5,010635
высокие 3,624341 7,248682
присутствия 5,010635 5,010635
высокий 2,931194 2,931194
продукт 4,317488 4,317488
достижений 4,317488 4,317488
обсуждения 3,401197 3,401197
активно 2,708050 5,416100
условия 2,371578 4,743156
коротком 5,010635 5,010635
многих 3,401197 3,401197
перемирии 0,076161 0,076161
увеличивая 5,010635 5,010635
играет 3,218876 3,218876
дальнейшем 5,010635 5,010635
совокупности 3,624341 3,624341
новый 1,966113 5,898339
новые 0,000000 0,000000
ожидает 2,931194 5,862388
свободнее 5,010635 5,010635
получили 2,813411 2,813411
добро 0,013423 0,013423
выражаете 0,047791 0,047791
менее 2,014903 4,029806
кадров 3,912023 23,472138
умение 3,064725 3,064725
пришлось 2,371578 2,371578
помощью 0,047791 0,047791
решили 3,064725 3,064725
предложить 4,317488 4,317488
александр 1,832581 1,832581
мысль 3,401197 3,401197
добра 0,013423 0,026846
населения 2,708050 2,708050
должны 2,066196 2,066196
словам 1,272966 6,364828
месяцев 2,708050 2,708050
учителям 5,010635 5,010635
кому 2,708050 2,708050
новодерёжкин 5,010635 5,010635
м 2,066196 2,066196
санкт 3,218876 6,437752
течении 5,010635 5,010635
коммерсантъ 2,708050 10,832201
оценивайте 0,047791 0,047791
какие 1,875141 1,875141
высказывается 5,010635 5,010635
внедрять 4,317488 4,317488
тяжелым 3,401197 3,401197
возможностей 3,218876 3,218876
творческие 4,317488 4,317488
заканчивается 3,218876 3,218876
ценится 5,010635 5,010635
каким 2,525729 2,525729
оно 2,445686 4,891372
тратить 3,912023 3,912023
обращаться 3,912023 3,912023
структуре 5,010635 5,010635
мир 0,000000 0,000000
возможен 5,010635 5,010635
искать 3,064725 3,064725
сценарии 4,317488 4,317488
миф 3,912023 3,912023
должна 2,931194 2,931194
большую 2,612740 2,612740
сценарий 3,912023 3,912023
знают 3,218876 3,218876
сбивает 5,010635 5,010635
поделился 2,931194 5,862388
погружайтесь 0,047791 0,047791
секторах 5,010635 5,010635
практика 3,912023 3,912023
маркетологов 5,010635 5,010635
бывший 0,000000 0,000000
время 0,762140 2,286420
накапливайте 0,047791 0,047791
скромнее 5,010635 5,010635
поведения 4,317488 4,317488
коллективе 3,912023 3,912023
ооо 0,000000 0,000000
деактивирована 0,013423 0,013423
тренд 3,912023 3,912023
отдела 0,579818 0,579818
ресурсы 3,624341 3,624341
хотят 2,708050 2,708050
тяготеют 5,010635 5,010635
ранее 1,003302 1,003302
петербурге 5,010635 10,021271
фрустрацией 5,010635 5,010635
новых 2,014903 4,029806
структуры 0,000000 0,000000
сергей 2,708050 5,416100
довгаль 5,010635 5,010635
хочешь 0,013423 0,013423
пляжных 0,097980 0,097980
банальное 5,010635 5,010635
платформы 4,317488 8,634976
наем 5,010635 5,010635
безработными 5,010635 5,010635
задачу 3,624341 3,624341
обычную 0,013423 0,013423
соцсетях 3,624341 7,248682
повышается 4,317488 4,317488
понимания 3,624341 3,624341
заблуждения 5,010635 5,010635
внешность 0,097980 0,097980
потребности 5,010635 5,010635
популярной 3,912023 3,912023
первую 2,238047 2,238047
своего 2,238047 2,238047
встряхнуть 5,010635 5,010635
коммуникаций 5,010635 5,010635
прокомментировал 3,064725 3,064725
галереи 0,000000 0,000000
отсутствие 3,401197 6,802395
отсутствии 3,912023 3,912023
продукту 5,010635 5,010635
сойдет 5,010635 5,010635
пересмотр 5,010635 5,010635
столкнутся 5,010635 5,010635
справлялся 4,317488 4,317488
потребность 5,010635 5,010635
редакциярекламаконтактыпресс 0,000000 0,000000
счетов 5,010635 5,010635
удаленке 5,010635 10,021271
всей 2,238047 2,238047
люди 1,966113 5,898339
консультантов 4,317488 4,317488
опроса 4,317488 4,317488
всем 1,966113 3,932226
видео 0,000000 0,000000
оценки 5,010635 5,010635
удаленка 5,010635 5,010635
сильно 2,445686 4,891372
недооценивают 5,010635 5,010635
меньше 2,120264 4,240527
врачей 3,218876 3,218876
нескольких 2,708050 2,708050
недооцененными 5,010635 5,010635
связываю 5,010635 5,010635
роботизации 5,010635 5,010635
теряет 4,317488 4,317488
ископаемых 5,010635 5,010635
графика 5,010635 5,010635
опрошенных 5,010635 5,010635
дедлайнов 5,010635 5,010635
помимо 2,813411 2,813411
интересных 5,010635 5,010635
потерять 4,317488 4,317488
причиной 2,813411 8,440232
выше 3,064725 3,064725
привилегию 5,010635 5,010635
важную 3,624341 3,624341
розничной 4,317488 4,317488
среда 0,000000 0,000000
заменена 5,010635 5,010635
среди 1,714798 3,429597
остаться 3,401197 3,401197
скидки 0,047791 0,047791
выгоревшими 5,010635 5,010635
постоянного 4,317488 4,317488
офисе 5,010635 25,053176
гибких 5,010635 5,010635
увольнениями 5,010635 5,010635
профессия 3,912023 3,912023
эксклюзивы 0,000000 0,000000
развивать 4,317488 4,317488
становится 3,218876 19,313255
выражайте 0,047791 0,047791
преимущество 3,912023 3,912023
офисы 5,010635 15,031906
отдельных 5,010635 5,010635
похожие 4,317488 4,317488
оттока 5,010635 5,010635
гибкие 4,317488 4,317488
сравнению 3,912023 3,912023
конфликте 0,076161 0,076161
анатолий 3,401197 3,401197
продолжая 0,047791 0,047791
находят 4,317488 4,317488
особенно 2,302585 4,605170
средаклимат 1,966113 1,966113
рынок 2,177422 13,064532
большой 2,371578 2,371578
результаты 2,371578 2,371578
большое 2,813411 2,813411
деньги 2,014903 4,029806
тасс 2,371578 2,371578
которое 2,371578 2,371578
конфиденциальностиправила 0,000000 0,000000
стресса 3,912023 3,912023
подливают 5,010635 5,010635
политикой 0,047791 0,047791
профессий 4,317488 4,317488
проводят 3,912023 3,912023
перегруженным 5,010635 5,010635
профессии 3,624341 7,248682
инноваций 4,317488 4,317488
наибольшая 3,912023 3,912023
гибридной 5,010635 5,010635
отметил 1,791759 5,375278
эффективность 3,401197 10,203592
фактором 4,317488 4,317488
связана 3,064725 3,064725
достаточно 2,813411 2,813411
стать 1,875141 3,750282
удержания 5,010635 5,010635
работать 2,120264 6,360791
сложностями 5,010635 5,010635
курбанова 5,010635 5,010635
крупного 4,317488 4,317488
связано 3,218876 3,218876
столкнувшись 5,010635 5,010635
кого 2,708050 2,708050
удержании 5,010635 5,010635
раньше 2,371578 2,371578
это 0,020203 0,202027
поддерживать 3,218876 3,218876
моменты 4,317488 4,317488
удаленная 5,010635 15,031906
этим 2,302585 2,302585
станет 2,708050 2,708050
ждали 3,218876 3,218876
моменте 4,317488 4,317488
разговоре 2,708050 2,708050
закрытия 3,912023 3,912023
холлидей 5,010635 5,010635
прогнозируют 4,317488 4,317488
этих 2,371578 4,743156
две 0,033902 0,033902
оттоку 5,010635 5,010635
оборачивается 5,010635 5,010635
обязанностями 5,010635 5,010635
вряд 2,612740 2,612740
достигнутом 5,010635 5,010635
выполнения 4,317488 4,317488
детей 2,177422 2,177422
набору 5,010635 5,010635
отказа 3,064725 3,064725
жалоб 4,317488 4,317488
используем 5,010635 10,021271
убежден 3,218876 6,437752
смене 4,317488 4,317488
новости 0,000000 0,000000
ночью 3,218876 3,218876
войти 0,000000 0,000000
отключены 1,576648 1,576648
медитации 0,076161 0,076161
первых 2,612740 2,612740
оказывается 4,317488 8,634976
уход 0,076161 0,228484
наблюдалась 4,317488 4,317488
индивидуально 5,010635 5,010635
пользовательница 4,317488 4,317488
обучения 4,317488 4,317488
эксперта 4,317488 4,317488
говорят 2,371578 2,371578
рынке 2,708050 5,416100
защиту 3,912023 3,912023
тиктоках 5,010635 5,010635
спецпроекты 0,000000 0,000000
качественной 5,010635 5,010635
рынка 2,612740 10,450960
защиты 3,218876 3,218876
раздутый 5,010635 5,010635
рынки 4,317488 4,317488
ушедшим 4,317488 4,317488
мнения 4,317488 4,317488
игры 0,000000 0,000000
эксперты 2,813411 8,440232
корпоративной 5,010635 5,010635
техника 0,000000 0,000000
правильной 3,912023 3,912023
пять 1,576648 3,153296
бизнеса 2,931194 2,931194
нейросети 3,912023 7,824046
трампа 0,054808 0,054808
практически 2,525729 2,525729
искусственным 5,010635 5,010635
предпочтения 3,912023 3,912023
самых 1,609438 3,218876
мнении 5,010635 5,010635
поскольку 2,238047 2,238047
предпочтений 5,010635 5,010635
компания 2,371578 4,743156
отвел 0,076161 0,076161
медстраховки 5,010635 5,010635
вспомнить 3,624341 3,624341
возвращения 2,445686 2,445686
выражают 5,010635 5,010635
испытывают 5,010635 5,010635
марта 0,040822 0,040822
ответ 2,177422 2,177422
хуже 3,218876 3,218876
конечном 3,912023 3,912023
возмущения 5,010635 5,010635
гибкости 5,010635 5,010635
характером 3,912023 3,912023
менеджеры 5,010635 5,010635
реакций 0,047791 0,047791
присутствующая 5,010635 5,010635
показала 2,612740 2,612740
восприятием 5,010635 5,010635
реакции 0,047791 0,047791
айтишников 5,010635 10,021271
технологий 3,064725 6,129450
компаний 2,525729 7,577186
пользователь 3,624341 3,624341
соискателя 5,010635 10,021271
компании 2,014903 40,298060
раздутого 5,010635 5,010635
откровенно 3,624341 3,624341
планирует 3,624341 3,624341
неделю 3,401197 3,401197
экологияделовой 1,966113 1,966113
увольнений 3,064725 12,258901
пора 3,912023 3,912023
мотивация 5,010635 5,010635
значимыми 5,010635 5,010635
юридического 5,010635 5,010635
гибкость 5,010635 5,010635
самые 1,832581 1,832581
зеленского 0,068993 0,068993
ленте 2,931194 2,931194
добавил 2,445686 7,337058
терять 4,317488 4,317488
лента 0,000000 0,000000
разработки 3,912023 3,912023
связанными 5,010635 5,010635
конкуренция 3,912023 3,912023
внимательно 3,401197 3,401197
сферы 3,912023 11,736069
роль 1,966113 1,966113
нехваткой 5,010635 5,010635
поддержал 2,525729 5,051457
сфере 2,813411 2,813411
задуматься 5,010635 5,010635
учителя 5,010635 15,031906
протесты 5,010635 5,010635
конкуренции 5,010635 5,010635
остановить 2,708050 2,708050
конфликтов 3,912023 3,912023
жми 0,013423 0,013423
уверена 4,317488 4,317488
аньков 5,010635 5,010635
секторы 5,010635 5,010635
пятая 4,317488 4,317488
возможности 2,238047 2,238047
правило 3,401197 3,401197
ленту 0,013423 0,013423
сами 3,064725 3,064725
должного 5,010635 5,010635
затопленного 0,076161 0,076161
прирост 5,010635 5,010635
юрий 2,813411 2,813411
заставит 4,317488 4,317488
ленты 1,678431 5,035292
сама 2,813411 2,813411
перешли 3,401197 3,401197
специализации 5,010635 5,010635
давление 2,813411 2,813411
сказал 2,525729 2,525729
чувствуют 3,912023 11,736069
россии 0,425668 0,851336
применения 0,000000 0,000000
советует 5,010635 5,010635
готовые 3,912023 3,912023
приоритеты 5,010635 5,010635
смысл 3,912023 3,912023
ценности 0,000000 0,000000
поняли 3,218876 3,218876
зарплата 3,912023 3,912023
адаптацию 5,010635 5,010635
признать 3,624341 3,624341
материалам 0,047791 0,047791
финансовую 4,317488 4,317488
копинг 5,010635 5,010635
скорости 3,624341 3,624341
учете 5,010635 5,010635
важность 3,912023 3,912023
вернуться 0,013423 0,013423
воротничков 5,010635 5,010635
ваши 0,047791 0,047791
процентов 1,875141 7,500564
очередь 2,177422 2,177422
проектов 4,317488 4,317488
сообщают 3,218876 3,218876
расставлять 5,010635 5,010635
зарплаты 3,218876 9,656627
прогнозирует 5,010635 5,010635
производительность 4,317488 4,317488
даст 4,317488 4,317488
специалист 4,317488 4,317488
увольнялись 5,010635 5,010635
речь 2,525729 5,051457
каллиников 5,010635 5,010635
просто 1,678431 3,356862
очного 5,010635 5,010635
вопроса 3,401197 3,401197
никакая 4,317488 4,317488
россия 0,000000 0,000000
личной 3,064725 3,064725
россию 1,609438 3,218876
искусственного 3,401197 3,401197
скорость 3,218876 3,218876
взаимоотношениям 5,010635 5,010635
активное 3,912023 3,912023
свой 2,177422 2,177422
свои 0,027029 0,054057
произошли 4,317488 4,317488
задействованных 5,010635 5,010635
транспортных 5,010635 5,010635
свое 2,525729 2,525729
января 1,791759 1,791759
смотрят 3,624341 7,248682
кадрах 3,064725 3,064725
маленькая 3,912023 3,912023
холдинге 4,317488 4,317488
здоровом 5,010635 5,010635
уволит 0,076161 0,076161
специалиста 5,010635 5,010635
правильно 2,813411 2,813411
американский 0,061875 0,061875
сервисы 3,064725 3,064725
помнить 5,010635 5,010635
нуждаться 5,010635 5,010635
сервиса 3,624341 7,248682
трех 1,919593 3,839186
рабочие 3,624341 3,624341
пересмотрели 5,010635 5,010635
причины 2,612740 2,612740
намерении 3,912023 3,912023
оплату 3,912023 3,912023
полезных 3,912023 3,912023
другом 2,931194 2,931194
смогут 3,064725 3,064725
влияют 3,218876 6,437752
двух 1,678431 3,356862
интересно 2,813411 2,813411
оплаты 5,010635 5,010635
ослабить 4,317488 4,317488
числа 3,064725 3,064725
регулярно 3,218876 3,218876
отрасли 3,064725 6,129450
зеленским 0,076161 0,076161
специалисты 3,064725 3,064725
работников 3,624341 21,746046
перевозок 5,010635 5,010635
гибридный 5,010635 10,021271
двум 0,076161 0,076161
вызвала 0,097980 0,097980
психолог 3,401197 6,802395
намерения 4,317488 4,317488
юнисофт 5,010635 5,010635
контроля 2,371578 4,743156
набиуллина 5,010635 5,010635
заменяют 5,010635 5,010635
масла 3,624341 3,624341
особенного 5,010635 5,010635
доход 2,931194 2,931194
негативом 5,010635 5,010635
ечинпредседатель 5,010635 5,010635
бобылев 5,010635 5,010635
прогресс 0,097980 0,097980
касаемо 5,010635 5,010635
ходе 1,791759 1,791759
убедительных 5,010635 5,010635
дом 2,014903 2,014903
работодателя 4,317488 8,634976
форме 0,061875 0,061875
временем 3,218876 3,218876
развито 4,317488 4,317488
импульс 5,010635 5,010635
силовые 0,000000 0,000000
несмотря 2,120264 2,120264
социальной 3,624341 3,624341
тысяч 1,427116 4,281349
мотиваторов 5,010635 5,010635
дня 0,061875 0,123751
напоминает 3,912023 11,736069
мнениями 3,218876 3,218876
работодатели 5,010635 10,021271
любой 2,813411 5,626821
вызвано 5,010635 5,010635
ии 3,624341 10,873023
ходить 2,931194 2,931194
специалистов 3,218876 19,313255
токсичить 5,010635 5,010635
компанией 5,010635 5,010635
днем 2,813411 2,813411
темп 5,010635 5,010635
ит 5,010635 5,010635
сотрудников 0,076161 0,685452
заскучать 5,010635 5,010635
успевают 5,010635 5,010635
молодежи 3,401197 3,401197
теме 1,514128 1,514128
комментарии 1,484275 1,484275
начались 0,068993 0,068993
объяснить 3,912023 3,912023
сотрудником 3,912023 3,912023
выбранной 5,010635 5,010635
участников 3,064725 3,064725
управлению 4,317488 4,317488
рекомендательных 0,000000 0,000000
около 1,678431 1,678431
исключением 4,317488 4,317488
надолго 3,401197 3,401197
наблюдается 3,912023 11,736069
сбрасывать 5,010635 5,010635
врачах 5,010635 5,010635
своими 3,218876 3,218876
увольняются 5,010635 10,021271
движение 3,064725 3,064725
белых 4,317488 4,317488
ресурсов 3,624341 7,248682
решением 3,912023 3,912023
считаю 3,218876 3,218876
выглядят 2,813411 2,813411
забота 0,000000 0,000000
пожаловать 0,013423 0,013423
федора 5,010635 5,010635
поводом 3,912023 3,912023
худ 5,010635 5,010635
эффективнее 5,010635 5,010635
которые 1,181994 1,181994
постоянные 4,317488 4,317488
оптимизировать 5,010635 5,010635
безопасность 3,624341 3,624341
который 1,272966 1,272966
постоянный 3,218876 3,218876
идея 2,931194 2,931194
панацея 5,010635 5,010635
администраторов 4,317488 4,317488
планы 2,813411 2,813411
вынуждены 5,010635 5,010635
высокими 4,317488 8,634976
ценного 5,010635 5,010635
идет 2,177422 6,532266
призвали 2,708050 2,708050
которых 1,678431 1,678431
вне 3,912023 3,912023
поколения 3,912023 3,912023
победа 0,000000 0,000000
коллег 3,064725 6,129450
составит 5,010635 10,021271
учиться 3,401197 3,401197
ценами 3,912023 3,912023
периода 5,010635 5,010635
идеи 2,813411 2,813411
коллективная 5,010635 5,010635
президент 1,347074 1,347074
масштаб 4,317488 4,317488
роман 3,218876 3,218876
опечатку 0,000000 0,000000
сми 0,000000 0,000000
демонстрируют 5,010635 5,010635
собеседника 3,912023 3,912023
потребительских 5,010635 5,010635
менеджеров 4,317488 12,952464
понять 2,525729 2,525729
четкого 3,912023 3,912023
оплачиваемых 5,010635 5,010635
дополнительная 5,010635 5,010635
оптимизацией 5,010635 5,010635
несколько 1,347074 1,347074
место 0,054808 0,054808
развития 2,612740 5,225480
мс 0,097980 0,097980
начали 1,427116 1,427116
условиях 2,813411 2,813411
тенденцию 3,912023 7,824046
тенденция 4,317488 4,317488
начала 1,832581 1,832581
поисках 3,401197 3,401197
действительно 2,612740 5,225480
миридонов 4,317488 4,317488
справляются 5,010635 5,010635
попытка 3,218876 3,218876
нечего 3,401197 3,401197
наименее 5,010635 5,010635
задкова 5,010635 5,010635
комфортной 5,010635 5,010635
негодование 5,010635 5,010635
преимуществами 5,010635 5,010635
проблем 2,445686 2,445686
нестабильности 5,010635 5,010635
финансовых 3,912023 3,912023
айтишник 5,010635 5,010635
упала 3,624341 3,624341
модели 3,912023 3,912023
получают 2,931194 5,862388
разговоров 5,010635 5,010635
проработав 3,912023 3,912023
основатель 3,912023 27,384161
скворцов 5,010635 15,031906
возможностью 5,010635 5,010635
идеальным 5,010635 5,010635
резюмировал 3,912023 7,824046
служащих 3,912023 3,912023
нем 2,371578 2,371578
механизм 2,813411 2,813411
снижается 5,010635 10,021271
заботы 5,010635 5,010635
постоянных 4,317488 4,317488
формат 4,317488 8,634976
снижая 5,010635 5,010635
годы 2,302585 2,302585
мести 3,064725 9,194175
проектной 5,010635 5,010635
лишены 5,010635 5,010635
месте 2,371578 2,371578
судя 3,401197 3,401197
году 1,373049 13,730491
правды 0,068993 0,068993
страдает 3,912023 3,912023
расширять 5,010635 5,010635
спринтов 5,010635 5,010635
годах 2,931194 2,931194
вернуть 2,708050 5,416100
внимание 2,302585 4,605170
городе 0,061875 0,061875
уровня 3,401197 3,401197
возможность 2,066196 2,066196
года 0,899761 1,799523
успехи 3,912023 3,912023
чье 5,010635 5,010635
промежутке 5,010635 5,010635
растет 3,624341 3,624341
раздора 5,010635 5,010635
платыгина 5,010635 5,010635
лишатся 4,317488 4,317488
очень 1,347074 1,347074
моих 4,317488 4,317488
наука 0,000000 0,000000
забывать 3,912023 3,912023
наличие 3,912023 3,912023
обратный 3,912023 3,912023
внедрили 4,317488 4,317488
видов 5,010635 5,010635
никак 2,931194 2,931194
примером 4,317488 4,317488
