зеленского 0,068993 0,068993
перемирии 0,076161 0,076161
ру 0,000000 0,000000
банк 0,076161 0,076161
рф 1,514128 1,514128
лента 0,000000 0,000000
новые 0,000000 0,000000
спорт 0,000000 0,000000
заявил 1,098612 1,098612
споры 0,097980 0,097980
согласие 0,047791 0,047791
добро 0,013423 0,013423
военной 0,061875 0,061875
выражаете 0,047791 0,047791
четыре 0,040822 0,040822
север 3,912023 3,912023
жми 0,013423 0,013423
помощью 0,047791 0,047791
олешня 5,010635 5,010635
бригадам 5,010635 10,021271
добра 0,013423 0,026846
ленту 0,013423 0,013423
появились 1,875141 3,750282
затопленного 0,076161 0,076161
фото 0,061875 0,123751
силы 2,177422 2,177422
политика 1,576648 1,576648
водой 0,061875 0,061875
россии 0,425668 0,425668
применения 0,000000 0,000000
лишился 2,931194 2,931194
технологиймини 0,000000 0,000000
станислав 3,218876 3,218876
оценивайте 0,047791 0,047791
обитания 0,000000 0,000000
ценности 0,000000 0,000000
область 2,238047 2,238047
вс 2,371578 2,371578
вторжения 3,912023 3,912023
материалам 0,047791 0,047791
российские 1,678431 5,035292
конфиденциальности 0,047791 0,047791
вернуться 0,013423 0,013423
мир 0,000000 0,000000
ваши 0,047791 0,047791
пунктов 2,813411 5,626821
российским 0,076161 0,076161
населенных 2,813411 2,813411
нажмите 0,000000 0,000000
получайте 0,047791 0,047791
погружайтесь 0,047791 0,047791
шести 2,445686 4,891372
бывший 0,000000 0,000000
проблемы 0,076161 0,076161
накапливайте 0,047791 0,047791
интернет 0,000000 0,000000
россия 0,000000 0,000000
курскую 3,624341 3,624341
сутки 2,931194 5,862388
ооо 0,000000 0,000000
обратился 0,076161 0,076161
деактивирована 0,013423 0,013423
шесть 2,525729 2,525729
путешествия 0,000000 0,000000
отдела 0,579818 0,579818
свои 0,027029 0,027029
прошедшие 5,010635 5,010635
также 0,762140 0,762140
структуры 0,000000 0,000000
параллельмоя 2,177422 2,177422
индии 0,076161 0,076161
гид 0,076161 0,076161
хочешь 0,013423 0,013423
нашли 0,000000 0,000000
пляжных 0,097980 0,097980
уволит 0,076161 0,076161
дома 0,061875 0,061875
американский 0,061875 0,061875
обычную 0,013423 0,013423
пола 0,097980 0,097980
разгромных 5,010635 5,010635
внешность 0,097980 0,097980
боевые 3,401197 3,401197
разгром 4,317488 4,317488
украинском 0,076161 0,076161
света 0,054808 0,054808
украины 1,021651 1,021651
украинской 3,064725 3,064725
районах 3,401197 3,401197
курской 1,832581 9,162907
артиллерийское 4,317488 4,317488
галереи 0,000000 0,000000
белоусов 0,076161 0,076161
эмоции 0,047791 0,047791
зеленским 0,076161 0,076161
условиями 0,040822 0,081644
двум 0,076161 0,076161
вызвала 0,097980 0,097980
подробности 2,238047 4,476093
сети 0,090654 0,090654
военнослужащим 0,076161 0,076161
минобороны 1,966113 3,932226
читайте 0,040822 0,040822
орудие 5,010635 5,010635
байконур 0,097980 0,097980
бронированные 5,010635 5,010635
редакциярекламаконтактыпресс 0,000000 0,000000
материалы 0,000000 0,000000
видео 0,000000 0,000000
войска 2,931194 8,793581
гоголевка 4,317488 4,317488
депутат 0,076161 0,076161
добавили 3,912023 3,912023
прогресс 0,097980 0,097980
машины 2,612740 2,612740
солдат 3,064725 3,064725
статьи 0,000000 0,000000
форме 0,061875 0,061875
последние 0,090654 0,090654
предрекли 0,076161 0,076161
культура 0,000000 0,000000
обсудить 0,456758 0,456758
сообщили 2,177422 2,177422
красильников 3,624341 3,624341
силовые 0,000000 0,000000
никита 3,064725 3,064725
архив 0,000000 0,000000
дня 0,061875 0,061875
сша 0,040822 0,040822
среда 0,000000 0,000000
раскрытии 0,076161 0,076161
редактор 0,567984 0,567984
скидки 0,047791 0,047791
сотрудников 0,076161 0,076161
вооруженные 2,708050 2,708050
эксклюзивы 0,000000 0,000000
российском 0,076161 0,076161
выражайте 0,047791 0,047791
сил 1,791759 1,791759
начались 0,068993 0,068993
вели 3,401197 3,401197
миномет 5,010635 5,010635
вооруженных 2,014903 2,014903
рекомендательных 0,000000 0,000000
конфликте 0,076161 0,076161
горналь 4,317488 4,317488
продолжая 0,047791 0,047791
работает 0,040822 0,040822
управления 2,931194 2,931194
увлекательные 0,047791 0,047791
риа 1,272966 1,272966
свыше 3,401197 3,401197
оборонном 4,317488 4,317488
противник 3,624341 3,624341
переговоры 0,054808 0,054808
провели 2,066196 2,066196
конфиденциальностиправила 0,000000 0,000000
бонусы 0,047791 0,095581
политикой 0,047791 0,047791
боях 2,813411 5,626821
маккартни 0,097980 0,097980
отметил 1,791759 1,791759
жильцы 0,076161 0,076161
операций 3,218876 3,218876
жизни 0,000000 0,000000
забота 0,000000 0,000000
сбер 0,040822 0,040822
пожаловать 0,013423 0,013423
использованияполитика 0,000000 0,000000
крупный 0,068993 0,068993
регионам 0,076161 0,076161
находится 2,371578 2,371578
крупным 0,076161 0,076161
это 0,020203 0,020203
туристку 0,076161 0,076161
войск 2,931194 2,931194
автомобилей 4,317488 4,317488
семь 2,813411 2,813411
победа 0,000000 0,000000
остались 0,061875 0,061875
две 0,033902 0,033902
момента 2,931194 2,931194
страна 1,714798 1,714798
президент 1,347074 1,347074
мотор 0,000000 0,000000
абрамов 4,317488 4,317488
обменивайте 0,047791 0,047791
опечатку 0,000000 0,000000
сми 0,000000 0,000000
подразделения 3,218876 3,218876
рады 0,068993 0,068993
завершают 5,010635 5,010635
несколько 1,347074 1,347074
новости 0,000000 0,000000
войти 0,000000 0,000000
место 0,054808 0,054808
акции 0,047791 0,047791
хорошие 0,013423 0,013423
мс 0,097980 0,097980
ведомстве 2,931194 2,931194
медитации 0,076161 0,076161
беспилотниками 5,010635 5,010635
регионе 2,302585 2,302585
бойцов 2,525729 2,525729
экономика 0,000000 0,000000
уход 0,076161 0,076161
ударили 2,931194 5,862388
которая 1,875141 1,875141
прибыл 0,083382 0,083382
области 1,399717 6,998587
спецпроекты 0,000000 0,000000
путин 1,203973 1,203973
владимир 1,373049 1,373049
бои 2,813411 2,813411
реальный 0,013423 0,013423
игры 0,000000 0,000000
техника 0,000000 0,000000
ссср 0,000000 0,000000
всу 1,373049 4,119147
правды 0,068993 0,068993
трампа 0,054808 0,054808
тысячи 0,068993 0,068993
отвел 0,076161 0,076161
предрек 0,076161 0,076161
марта 0,040822 0,081644
городе 0,061875 0,061875
главное 0,000000 0,000000
журналистам 3,401197 3,401197
реакций 0,047791 0,047791
летнего 0,097980 0,097980
заявили 0,076161 0,076161
реакции 0,047791 0,047791
потеряли 3,912023 3,912023
мини 0,000000 0,000000
видеть 0,013423 0,013423
изнасиловал 0,076161 0,076161
группировки 2,931194 5,862388
наука 0,000000 0,000000
гуево 4,317488 4,317488
