зеленского 0,068993 0,068993
перемирии 0,076161 0,076161
ру 0,000000 0,000000
банк 0,076161 0,076161
рф 1,514128 1,514128
лента 0,000000 0,000000
главы 2,302585 2,302585
новые 0,000000 0,000000
поддержал 2,525729 2,525729
советник 3,218876 6,437752
спорт 0,000000 0,000000
споры 0,097980 0,097980
согласие 0,047791 0,047791
добро 0,013423 0,013423
военной 0,061875 0,061875
выражаете 0,047791 0,047791
четыре 0,040822 0,040822
жми 0,013423 0,013423
помощью 0,047791 0,047791
сообщил 1,791759 3,583519
добра 0,013423 0,026846
край 3,401197 3,401197
добился 3,912023 3,912023
ленту 0,013423 0,013423
встретятся 3,912023 11,736069
затопленного 0,076161 0,076161
фото 0,061875 0,123751
силы 2,177422 2,177422
политика 1,576648 1,576648
наши 2,177422 2,177422
водой 0,061875 0,061875
взаимном 3,218876 3,218876
россии 0,425668 2,128339
применения 0,000000 0,000000
технологиймини 0,000000 0,000000
рияд 5,010635 5,010635
оценивайте 0,047791 0,047791
х 2,177422 2,177422
обитания 0,000000 0,000000
ценности 0,000000 0,000000
материалам 0,047791 0,047791
делам 3,401197 3,401197
конфиденциальности 0,047791 0,047791
вернуться 0,013423 0,013423
мир 0,000000 0,000000
ваши 0,047791 0,047791
сообщается 3,218876 3,218876
российским 0,076161 0,228484
нажмите 0,000000 0,000000
получайте 0,047791 0,047791
своем 1,919593 1,919593
погружайтесь 0,047791 0,047791
краснодарский 4,317488 4,317488
итогам 2,813411 5,626821
прекращения 2,371578 4,743156
бывший 0,000000 0,000000
прекращению 3,064725 6,129450
проблемы 0,076161 0,076161
майк 3,218876 3,218876
накапливайте 0,047791 0,047791
телефонного 2,066196 2,066196
интернет 0,000000 0,000000
россия 0,000000 0,000000
национальной 2,813411 2,813411
ооо 0,000000 0,000000
обратился 0,076161 0,076161
деактивирована 0,013423 0,013423
путешествия 0,000000 0,000000
отдела 0,579818 0,579818
коллегой 2,525729 2,525729
лидера 2,302585 2,302585
саудовской 2,813411 2,813411
свои 0,027029 0,027029
ранее 1,003302 1,003302
структуры 0,000000 0,000000
провел 2,708050 2,708050
индии 0,076161 0,076161
гид 0,076161 0,076161
загорелась 4,317488 4,317488
хочешь 0,013423 0,013423
нашли 0,000000 0,000000
пляжных 0,097980 0,097980
уволит 0,076161 0,076161
дома 0,061875 0,185626
американский 0,061875 0,061875
обычную 0,013423 0,013423
пола 0,097980 0,097980
украине 1,139434 2,278869
работу 1,791759 1,791759
внешность 0,097980 0,097980
представитель 2,120264 2,120264
украинском 0,076161 0,076161
света 0,054808 0,054808
украины 1,021651 2,043302
ушаковым 5,010635 10,021271
галереи 0,000000 0,000000
белоусов 0,076161 0,076161
эмоции 0,047791 0,047791
кремль 3,218876 3,218876
зеленским 0,076161 0,076161
однако 1,249435 1,249435
условиями 0,040822 0,081644
двум 0,076161 0,076161
вызвала 0,097980 0,097980
сети 0,090654 0,181309
военнослужащим 0,076161 0,076161
атаковали 3,624341 3,624341
читайте 0,040822 0,040822
кропоткин 4,317488 4,317488
байконур 0,097980 0,097980
редакциярекламаконтактыпресс 0,000000 0,000000
ближайшие 3,064725 6,129450
материалы 0,000000 0,000000
видео 0,000000 0,000000
российского 1,484275 1,484275
реализацию 5,010635 5,010635
депутат 0,076161 0,076161
падения 3,401197 3,401197
прогресс 0,097980 0,097980
статьи 0,000000 0,000000
дни 2,931194 5,862388
россией 2,120264 2,120264
дом 2,014903 4,029806
форме 0,061875 0,061875
последние 0,090654 0,090654
предрекли 0,076161 0,076161
отмечается 2,371578 2,371578
культура 0,000000 0,000000
реализации 3,624341 3,624341
обсудить 0,456758 0,913517
силовые 0,000000 0,000000
архив 0,000000 0,000000
социальной 3,624341 3,624341
среду 2,931194 2,931194
дарья 3,624341 3,624341
дня 0,061875 0,061875
сша 0,040822 0,244932
всеполитикаобществопроисшествияконфликтыпреступность 2,014903 2,014903
среда 0,000000 0,000000
раскрытии 0,076161 0,076161
обломков 3,912023 3,912023
остановили 3,912023 3,912023
редактор 0,567984 0,567984
скидки 0,047791 0,047791
сотрудников 0,076161 0,152323
вооруженные 2,708050 2,708050
эксклюзивы 0,000000 0,000000
российском 0,076161 0,076161
выражайте 0,047791 0,047791
дней 1,791759 1,791759
начались 0,068993 0,068993
рекомендательных 0,000000 0,000000
конфликте 0,076161 0,076161
нефтебаза 4,317488 4,317488
продолжая 0,047791 0,047791
работает 0,040822 0,040822
увлекательные 0,047791 0,047791
устьянцева 3,912023 3,912023
технические 3,912023 11,736069
дал 2,238047 2,238047
белый 2,525729 5,051457
переговоры 0,054808 0,164425
конфиденциальностиправила 0,000000 0,000000
бонусы 0,047791 0,095581
политикой 0,047791 0,047791
маккартни 0,097980 0,097980
команду 2,708050 2,708050
отметил 1,791759 1,791759
жильцы 0,076161 0,076161
международным 3,064725 3,064725
жизни 0,000000 0,000000
забота 0,000000 0,000000
сбер 0,040822 0,040822
пожаловать 0,013423 0,013423
использованияполитика 0,000000 0,000000
юрием 4,317488 8,634976
трамп 1,484275 1,484275
идею 2,931194 2,931194
крупный 0,068993 0,068993
дональда 2,177422 2,177422
результате 2,238047 2,238047
регионам 0,076161 0,076161
крупным 0,076161 0,076161
это 0,020203 0,020203
туристку 0,076161 0,076161
которого 1,875141 1,875141
энергетической 2,445686 2,445686
победа 0,000000 0,000000
остались 0,061875 0,061875
две 0,033902 0,033902
сегодня 1,643339 1,643339
президент 1,347074 1,347074
мотор 0,000000 0,000000
обменивайте 0,047791 0,047791
опечатку 0,000000 0,000000
сразу 2,066196 2,066196
сми 0,000000 0,000000
президентов 2,708050 2,708050
отказе 3,064725 3,064725
белого 2,302585 4,605170
группы 2,238047 6,714140
рады 0,068993 0,068993
эвакуировали 3,218876 3,218876
ударов 2,302585 2,302585
инфраструктуре 2,445686 2,445686
новости 0,000000 0,000000
разговора 1,609438 3,218876
войти 0,000000 0,000000
военным 2,708050 2,708050
место 0,054808 0,054808
акции 0,047791 0,047791
соответствующую 3,912023 3,912023
хорошие 0,013423 0,013423
мс 0,097980 0,097980
уолтц 3,624341 7,248682
медитации 0,076161 0,076161
расширении 4,317488 4,317488
беседу 3,912023 3,912023
эр 3,624341 10,873023
экономика 0,000000 0,000000
частичного 5,010635 10,021271
уход 0,076161 0,076161
столице 4,317488 4,317488
сосредоточиться 5,010635 5,010635
прибыл 0,083382 0,083382
спецпроекты 0,000000 0,000000
аккаунте 3,401197 3,401197
аравии 2,813411 2,813411
путин 1,203973 2,407946
беспилотников 3,218876 3,218876
переговоров 1,714798 1,714798
ночь 2,708050 2,708050
реальный 0,013423 0,013423
игры 0,000000 0,000000
безопасности 2,177422 2,177422
техника 0,000000 0,000000
ссср 0,000000 0,000000
всу 1,373049 1,373049
правды 0,068993 0,068993
трампа 0,054808 0,219233
рияде 3,624341 7,248682
тысячи 0,068993 0,068993
помощником 4,317488 4,317488
отвел 0,076161 0,076161
предприятия 3,624341 3,624341
предрек 0,076161 0,076161
марта 0,040822 0,081644
городе 0,061875 0,123751
огня 1,678431 6,713723
главное 0,000000 0,000000
реакций 0,047791 0,047791
летнего 0,097980 0,097980
заявили 0,076161 0,076161
реакции 0,047791 0,047791
мини 0,000000 0,000000
анонсировал 2,813411 5,626821
видеть 0,013423 0,013423
изнасиловал 0,076161 0,076161
договорились 2,612740 2,612740
наука 0,000000 0,000000
пострадавших 3,912023 3,912023
своим 2,445686 2,445686
