фюрер 5,010635 5,010635
леонид 3,401197 3,401197
иностранных 2,371578 2,371578
маму 5,010635 5,010635
девять 3,064725 3,064725
день 1,544899 12,359195
сломили 5,010635 5,010635
долгих 5,010635 5,010635
маме 5,010635 15,031906
ударного 5,010635 5,010635
мама 4,317488 34,539905
долгу 5,010635 5,010635
предупредила 3,624341 3,624341
защищавшая 5,010635 5,010635
играл 3,624341 10,873023
чернила 5,010635 10,021271
вероятно 2,813411 2,813411
долго 2,612740 2,612740
трофеев 5,010635 5,010635
людей 1,455287 7,276436
множество 3,401197 3,401197
мало 3,064725 12,258901
килограмм 5,010635 15,031906
производила 5,010635 5,010635
посещали 5,010635 5,010635
предлагали 3,912023 3,912023
мала 5,010635 5,010635
специальными 5,010635 5,010635
помещений 3,401197 3,401197
полгода 2,612740 2,612740
вспоминай 5,010635 5,010635
макароны 5,010635 5,010635
внезапно 3,624341 3,624341
появилась 2,445686 2,445686
вспоминал 3,401197 6,802395
поставили 3,912023 3,912023
метра 5,010635 5,010635
разговор 1,791759 1,791759
звезды 2,371578 2,371578
суд 1,966113 3,932226
технологиймини 0,000000 0,000000
сенокос 5,010635 5,010635
капусты 3,912023 3,912023
мушкетеров 5,010635 10,021271
увижу 5,010635 5,010635
учебу 5,010635 5,010635
накормить 5,010635 5,010635
училище 3,624341 7,248682
шумно 5,010635 5,010635
заводское 5,010635 5,010635
пройти 2,931194 5,862388
нажмите 0,000000 0,000000
дело 2,120264 2,120264
капусту 5,010635 5,010635
врага 3,401197 3,401197
голосом 5,010635 10,021271
слишком 2,371578 2,371578
весной 5,010635 5,010635
прифронтовые 5,010635 5,010635
быстро 2,813411 2,813411
шпаги 5,010635 5,010635
патрули 5,010635 5,010635
фабрично 4,317488 4,317488
путешествия 0,000000 0,000000
открылись 5,010635 5,010635
сильный 4,317488 4,317488
остроумовской 5,010635 5,010635
отплясывали 5,010635 10,021271
режим 2,931194 5,862388
боронили 5,010635 5,010635
авианалетов 5,010635 5,010635
территории 1,919593 1,919593
имени 2,708050 2,708050
желали 5,010635 5,010635
селезнева 5,010635 5,010635
частушки 5,010635 5,010635
свадьбы 4,317488 4,317488
коммерческих 5,010635 5,010635
продолжали 3,912023 7,824046
платья 3,624341 3,624341
обуви 5,010635 5,010635
мишу 5,010635 5,010635
драмы 5,010635 5,010635
галантерейного 5,010635 5,010635
голодно 5,010635 5,010635
окончании 5,010635 5,010635
самыми 3,624341 3,624341
пережиток 5,010635 5,010635
бараков 5,010635 5,010635
часа 2,371578 2,371578
мороз 3,624341 3,624341
прячется 5,010635 10,021271
нож 5,010635 10,021271
платье 4,317488 4,317488
часы 4,317488 4,317488
коммерческий 3,912023 3,912023
июня 2,612740 2,612740
закрыто 5,010635 5,010635
оборонные 5,010635 10,021271
танцами 4,317488 4,317488
закрываются 5,010635 5,010635
офицеры 4,317488 8,634976
определен 3,912023 3,912023
счетоводом 5,010635 5,010635
массового 3,912023 3,912023
туфли 3,912023 7,824046
помогала 3,912023 7,824046
хранятся 5,010635 5,010635
постепенно 3,624341 7,248682
возвращались 5,010635 5,010635
фокстрот 5,010635 5,010635
успехом 3,912023 3,912023
выступил 3,401197 3,401197
перебои 5,010635 5,010635
товары 3,912023 3,912023
женой 3,064725 3,064725
вседержителя 5,010635 5,010635
колхозе 5,010635 5,010635
председатель 2,813411 2,813411
дарили 5,010635 5,010635
примет 4,317488 4,317488
жанром 5,010635 5,010635
вперед 2,931194 2,931194
минуту 3,624341 3,624341
различия 5,010635 5,010635
волах 5,010635 5,010635
выглядели 3,912023 3,912023
рождество 5,010635 5,010635
выход 3,064725 3,064725
забыться 5,010635 5,010635
изменилось 3,218876 3,218876
обороны 2,525729 2,525729
единого 4,317488 4,317488
едва 2,177422 4,354844
самодельные 5,010635 5,010635
некоторые 2,445686 2,445686
архив 0,000000 0,000000
эвакуацию 5,010635 5,010635
отпускал 5,010635 5,010635
неслись 5,010635 5,010635
русского 3,912023 7,824046
химическую 5,010635 5,010635
солнечной 3,912023 3,912023
труда 3,624341 14,497364
недостаток 5,010635 5,010635
радовались 4,317488 4,317488
старинную 5,010635 5,010635
рыжая 5,010635 5,010635
сельскохозяйственную 5,010635 5,010635
гасить 5,010635 10,021271
загребать 5,010635 5,010635
шпалы 5,010635 5,010635
очерки 5,010635 5,010635
ноябре 2,813411 2,813411
перестал 4,317488 4,317488
ева 3,912023 3,912023
армии 2,612740 2,612740
опасности 2,813411 2,813411
нижнем 3,912023 3,912023
постарше 3,912023 3,912023
стащили 5,010635 5,010635
обогреть 5,010635 5,010635
иконку 5,010635 5,010635
золота 3,912023 3,912023
тому 2,612740 2,612740
систему 2,708050 2,708050
подготовка 3,912023 3,912023
выводили 5,010635 5,010635
армия 2,708050 2,708050
армию 3,218876 3,218876
палатах 5,010635 5,010635
трубу 4,317488 4,317488
оставалось 3,401197 3,401197
слова 2,177422 2,177422
крестьяне 5,010635 10,021271
покидавшая 5,010635 5,010635
груди 3,064725 3,064725
губы 3,912023 7,824046
пограничной 4,317488 4,317488
ткань 4,317488 4,317488
капитанах 5,010635 5,010635
микояновском 5,010635 5,010635
слово 3,624341 3,624341
долгожданную 5,010635 5,010635
сторонке 5,010635 5,010635
фанерой 5,010635 5,010635
цех 5,010635 5,010635
учителей 5,010635 5,010635
взять 3,401197 3,401197
средних 4,317488 8,634976
граммов 5,010635 15,031906
лень 5,010635 5,010635
выстраивались 5,010635 5,010635
детском 5,010635 5,010635
золе 5,010635 10,021271
шпала 5,010635 5,010635
хорошие 0,013423 0,013423
каждого 3,218876 3,218876
целый 3,064725 3,064725
переброшены 5,010635 5,010635
боеприпасов 3,624341 3,624341
лена 5,010635 5,010635
отменены 5,010635 5,010635
теплый 5,010635 5,010635
дорого 5,010635 10,021271
корякина 5,010635 5,010635
дорогу 4,317488 4,317488
незнакомка 5,010635 10,021271
окно 4,317488 4,317488
младшего 4,317488 4,317488
грудь 3,912023 3,912023
пером 5,010635 5,010635
могли 2,371578 9,486312
ребенком 5,010635 5,010635
дотемна 5,010635 5,010635
области 1,399717 4,199152
примеру 3,218876 3,218876
могла 2,708050 2,708050
окна 5,010635 20,042541
бриджи 5,010635 5,010635
учились 5,010635 15,031906
фарами 5,010635 5,010635
поезду 5,010635 5,010635
ребята 3,064725 6,129450
кадриль 5,010635 10,021271
школьников 5,010635 5,010635
требовалось 4,317488 4,317488
дневные 5,010635 5,010635
невский 4,317488 4,317488
парадной 5,010635 5,010635
оказались 2,525729 7,577186
уроков 5,010635 5,010635
будучи 5,010635 5,010635
другие 1,714798 3,429597
карандаши 4,317488 4,317488
фронтовым 4,317488 4,317488
интервью 2,525729 2,525729
фильмы 3,624341 10,873023
фронтовые 5,010635 5,010635
мини 0,000000 0,000000
других 1,576648 1,576648
классах 5,010635 5,010635
тетрадей 5,010635 5,010635
стоил 3,912023 3,912023
пластинки 5,010635 15,031906
соцсетей 3,912023 3,912023
образок 5,010635 5,010635
продуктами 4,317488 4,317488
фронтовых 4,317488 8,634976
заводы 5,010635 5,010635
кинотеатры 5,010635 15,031906
урожай 4,317488 8,634976
фронтового 5,010635 5,010635
надпись 5,010635 5,010635
завязалась 5,010635 5,010635
отделение 4,317488 4,317488
спорт 0,000000 0,000000
края 3,912023 3,912023
завода 3,912023 3,912023
заводе 3,401197 3,401197
средняя 5,010635 5,010635
трудности 3,912023 3,912023
голода 3,401197 13,604790
картошки 5,010635 5,010635
плохо 3,401197 6,802395
отлично 5,010635 5,010635
картошку 4,317488 4,317488
урожая 4,317488 8,634976
гимнастерку 5,010635 5,010635
техникумы 5,010635 5,010635
край 3,401197 3,401197
поднимается 5,010635 5,010635
основном 3,912023 7,824046
деревне 5,010635 10,021271
известный 3,064725 3,064725
посуду 5,010635 5,010635
вошел 4,317488 4,317488
взялась 5,010635 5,010635
ели 3,912023 11,736069
мушкетера 5,010635 5,010635
обитания 0,000000 0,000000
семеновне 5,010635 5,010635
позволить 5,010635 5,010635
хлебом 3,624341 3,624341
отправлять 4,317488 4,317488
семеновна 5,010635 5,010635
немецких 4,317488 4,317488
листы 5,010635 5,010635
переписка 5,010635 5,010635
женщины 2,066196 6,198589
патрулей 5,010635 5,010635
буржуйки 5,010635 10,021271
холодно 5,010635 10,021271
переписке 5,010635 15,031906
клубах 3,912023 3,912023
кусочки 5,010635 10,021271
тех 2,120264 8,481054
бомбардировками 5,010635 5,010635
ниже 3,624341 7,248682
медицинская 5,010635 5,010635
скверах 5,010635 5,010635
объемы 5,010635 5,010635
работало 5,010635 5,010635
девушкой 3,624341 3,624341
магазине 5,010635 5,010635
работали 3,064725 18,388351
доме 2,014903 6,044709
осуждались 5,010635 5,010635
приезжали 5,010635 5,010635
работала 5,010635 40,085082
считали 3,912023 3,912023
сеансы 5,010635 5,010635
дома 0,061875 0,123751
поле 3,624341 7,248682
глаза 2,931194 5,862388
считала 4,317488 4,317488
воспитательницей 5,010635 5,010635
руководство 3,401197 3,401197
принцесса 5,010635 5,010635
роста 2,708050 2,708050
хватают 5,010635 5,010635
микояновский 5,010635 5,010635
цены 3,624341 7,248682
шоколада 4,317488 4,317488
словесной 5,010635 5,010635
солдаты 3,624341 3,624341
первого 2,612740 2,612740
неизвестной 4,317488 4,317488
пока 1,678431 1,678431
период 2,120264 4,240527
машиностроительного 5,010635 5,010635
миллионов 1,791759 3,583519
комнат 4,317488 4,317488
нежными 5,010635 10,021271
вида 2,708050 2,708050
дымовые 5,010635 5,010635
кроме 1,427116 5,708465
отопление 5,010635 5,010635
вошли 3,401197 3,401197
видели 3,912023 3,912023
весело 4,317488 4,317488
придет 4,317488 4,317488
зажигательная 5,010635 5,010635
москвичи 3,912023 3,912023
оба 3,912023 3,912023
карелии 5,010635 5,010635
вспоминает 3,912023 7,824046
девчонки 5,010635 5,010635
дневнике 3,912023 3,912023
печи 5,010635 5,010635
немцы 3,912023 3,912023
статьи 0,000000 0,000000
военно 3,401197 3,401197
культура 0,000000 0,000000
врача 3,912023 3,912023
угодником 5,010635 5,010635
покупки 3,624341 3,624341
близких 3,912023 7,824046
демидовамосквичка 5,010635 5,010635
полтора 3,401197 6,802395
возьми 5,010635 5,010635
недоношенными 5,010635 5,010635
кожаных 4,317488 4,317488
многие 1,714798 5,144395
волга 4,317488 8,634976
качают 5,010635 5,010635
приехали 4,317488 4,317488
переспать 5,010635 5,010635
зимой 3,912023 7,824046
поженились 4,317488 4,317488
погоны 5,010635 5,010635
кожаные 5,010635 5,010635
носочками 5,010635 5,010635
взял 3,064725 3,064725
учился 3,401197 6,802395
наград 5,010635 5,010635
кроватки 5,010635 10,021271
дневников 5,010635 5,010635
тепло 4,317488 4,317488
стоял 4,317488 4,317488
милая 5,010635 10,021271
отоваривались 5,010635 5,010635
тепла 4,317488 8,634976
студентам 5,010635 5,010635
оставшихся 3,912023 7,824046
вскочу 5,010635 5,010635
оценок 5,010635 5,010635
храню 5,010635 5,010635
извозчиков 5,010635 5,010635
ученическая 5,010635 5,010635
передовой 3,912023 3,912023
белыми 4,317488 4,317488
тыла 5,010635 5,010635
опоздать 5,010635 5,010635
советского 2,371578 2,371578
немногие 5,010635 5,010635
пронзительным 5,010635 5,010635
стране 2,177422 2,177422
остались 0,061875 0,061875
вместо 2,708050 8,124151
страна 1,714798 1,714798
петр 3,624341 3,624341
безбожная 5,010635 5,010635
сразу 2,066196 4,132393
морковь 4,317488 4,317488
температура 3,912023 7,824046
составлял 4,317488 4,317488
тылу 3,064725 9,194175
ощущение 5,010635 5,010635
страны 1,455287 5,821149
вместе 1,514128 6,056511
рады 0,068993 0,068993
моркови 4,317488 4,317488
цехе 5,010635 5,010635
пермью 5,010635 5,010635
смотрел 3,912023 3,912023
премии 3,624341 3,624341
летние 3,912023 3,912023
цеху 3,218876 12,875503
яиц 5,010635 5,010635
дети 3,912023 23,472138
алексеевмосквич 5,010635 5,010635
экономика 0,000000 0,000000
подала 3,624341 3,624341
бухгалтер 5,010635 10,021271
корне 5,010635 5,010635
барыню 5,010635 5,010635
гражданин 5,010635 5,010635
крест 3,912023 3,912023
десять 3,064725 3,064725
принятому 5,010635 5,010635
короб 5,010635 5,010635
школу 3,624341 3,624341
раздобыла 5,010635 5,010635
снаряды 4,317488 4,317488
вспоминала 5,010635 20,042541
хозяйка 5,010635 5,010635
вскоре 2,302585 2,302585
школы 3,218876 3,218876
трудное 5,010635 5,010635
кровать 4,317488 4,317488
школе 3,624341 3,624341
реальные 5,010635 5,010635
мощностей 5,010635 5,010635
надевали 5,010635 5,010635
реальный 0,013423 0,013423
риты 5,010635 5,010635
тыловой 5,010635 5,010635
семья 3,912023 3,912023
достижения 2,931194 2,931194
тревога 4,317488 4,317488
осужден 5,010635 5,010635
дежурила 5,010635 5,010635
девушками 3,912023 3,912023
тревоги 5,010635 10,021271
применяемая 5,010635 5,010635
птиц 5,010635 5,010635
усталость 5,010635 5,010635
возрасте 3,064725 6,129450
познакомиться 4,317488 4,317488
подорожала 5,010635 5,010635
купили 5,010635 5,010635
герман 4,317488 4,317488
премьер 2,525729 2,525729
встреча 3,218876 9,656627
фильм 2,813411 5,626821
фронте 3,218876 3,218876
жителей 1,966113 1,966113
грядки 4,317488 4,317488
попали 3,218876 3,218876
повезло 3,218876 3,218876
расписании 5,010635 5,010635
стоимость 2,371578 2,371578
фронта 3,401197 23,808382
молотьбы 5,010635 5,010635
учащихся 4,317488 4,317488
мучительная 5,010635 5,010635
видеть 0,013423 0,013423
баянист 5,010635 5,010635
каникулы 4,317488 4,317488
перочинный 5,010635 5,010635
санаторий 3,912023 3,912023
семье 2,931194 2,931194
попало 3,401197 3,401197
напоминал 5,010635 5,010635
достижений 4,317488 4,317488
чапаев 5,010635 5,010635
встречать 4,317488 4,317488
второй 2,066196 2,066196
многих 3,401197 6,802395
условия 2,371578 4,743156
специальный 3,401197 3,401197
дедушке 4,317488 4,317488
ответила 3,064725 3,064725
бумагой 5,010635 5,010635
дружить 4,317488 4,317488
ждет 3,401197 3,401197
сварить 4,317488 4,317488
население 3,912023 3,912023
добро 0,013423 0,013423
развалились 5,010635 5,010635
райисполкома 5,010635 5,010635
земницкая 5,010635 5,010635
пришлось 2,371578 2,371578
четверо 4,317488 4,317488
лампы 5,010635 5,010635
тяжкий 5,010635 5,010635
первой 2,612740 2,612740
пасла 5,010635 5,010635
продвигаться 5,010635 5,010635
вокзал 5,010635 5,010635
мысль 3,401197 3,401197
помощь 2,177422 2,177422
сообщил 1,791759 1,791759
аллергия 4,317488 4,317488
добра 0,013423 0,026846
наряжались 4,317488 4,317488
населения 2,708050 2,708050
б 5,010635 5,010635
месяцев 2,708050 2,708050
обычное 3,624341 3,624341
е 3,401197 10,203592
з 5,010635 5,010635
й 2,612740 2,612740
выпускавшем 5,010635 5,010635
сталина 3,912023 3,912023
м 2,066196 6,198589
поезд 5,010635 10,021271
плакали 5,010635 5,010635
течение 2,120264 2,120264
репортажи 4,317488 4,317488
мелкобуржуазный 5,010635 5,010635
бутылку 3,912023 3,912023
футбол 4,317488 4,317488
изменилась 5,010635 5,010635
обеспечить 3,624341 3,624341
лекарства 3,912023 3,912023
тонким 4,317488 4,317488
красивыми 5,010635 5,010635
моей 3,401197 6,802395
решила 3,401197 3,401197
заставили 3,624341 3,624341
патефон 5,010635 15,031906
посмотришь 5,010635 5,010635
подружками 5,010635 5,010635
явиться 4,317488 4,317488
жила 5,010635 10,021271
ооо 0,000000 0,000000
денежные 4,317488 4,317488
выдались 5,010635 5,010635
тайная 5,010635 5,010635
землянок 5,010635 5,010635
захмелевшие 5,010635 10,021271
фронт 3,624341 14,497364
структуры 0,000000 0,000000
верблюжьих 5,010635 5,010635
моде 4,317488 4,317488
магазинчик 5,010635 5,010635
чай 4,317488 4,317488
окошка 5,010635 10,021271
налетов 5,010635 10,021271
оставлять 3,624341 3,624341
газетах 4,317488 12,952464
обычную 0,013423 0,013423
перламутровой 5,010635 5,010635
заводах 5,010635 5,010635
музыкальной 5,010635 10,021271
описывает 4,317488 4,317488
первую 2,238047 4,476093
зарубежные 3,912023 3,912023
фотокарточкой 5,010635 5,010635
петлице 5,010635 5,010635
победить 2,931194 2,931194
репрессий 5,010635 5,010635
мировая 4,317488 4,317488
вылетели 4,317488 4,317488
телеге 5,010635 5,010635
освещение 5,010635 5,010635
забуду 5,010635 5,010635
ирина 4,317488 4,317488
хлебозаводы 5,010635 5,010635
лозунг 5,010635 5,010635
долины 5,010635 5,010635
равно 2,931194 2,931194
отливали 5,010635 5,010635
комедии 4,317488 12,952464
булочки 5,010635 10,021271
пережить 4,317488 4,317488
грязи 5,010635 5,010635
редакциярекламаконтактыпресс 0,000000 0,000000
вернувшись 3,912023 3,912023
булочку 5,010635 5,010635
всей 2,238047 2,238047
видел 3,912023 3,912023
посреди 5,010635 5,010635
видео 0,000000 0,000000
михаилу 5,010635 10,021271
пиджаки 5,010635 5,010635
михаила 3,624341 3,624341
играли 5,010635 5,010635
восстанавливались 5,010635 5,010635
машины 2,612740 2,612740
меньше 2,120264 2,120264
чесаться 5,010635 5,010635
невольно 5,010635 5,010635
простые 3,912023 3,912023
спасал 4,317488 4,317488
берлине 4,317488 4,317488
блокадном 5,010635 15,031906
вернулись 3,401197 6,802395
несмелов 5,010635 5,010635
долларов 2,708050 2,708050
диафильмы 5,010635 5,010635
биться 5,010635 5,010635
уменьшилось 5,010635 5,010635
сельским 5,010635 5,010635
революции 4,317488 4,317488
любимым 5,010635 10,021271
родных 5,010635 5,010635
сельских 5,010635 5,010635
берлина 5,010635 5,010635
хотелось 3,624341 3,624341
наказывали 4,317488 4,317488
вторая 2,813411 2,813411
тыл 5,010635 5,010635
делать 1,966113 1,966113
глазами 3,064725 3,064725
парках 5,010635 5,010635
начальники 3,912023 7,824046
московская 4,317488 4,317488
уборки 5,010635 5,010635
пришли 2,931194 2,931194
девушка 3,064725 3,064725
эксклюзивы 0,000000 0,000000
девушке 4,317488 8,634976
москве 1,791759 10,750557
дочь 3,401197 3,401197
девушки 2,445686 4,891372
началась 2,813411 5,626821
башмачник 5,010635 5,010635
путевка 5,010635 5,010635
связана 3,064725 3,064725
неудивительно 5,010635 5,010635
керосина 5,010635 5,010635
жен 5,010635 5,010635
энтузиазмом 5,010635 5,010635
красная 3,401197 3,401197
досугом 5,010635 5,010635
разбивали 5,010635 5,010635
пальто 4,317488 4,317488
фильмом 5,010635 5,010635
фарфор 5,010635 5,010635
сирена 5,010635 5,010635
живы 3,912023 3,912023
выпускал 4,317488 4,317488
математики 5,010635 5,010635
рубля 4,317488 21,587441
рядом 2,813411 2,813411
партой 5,010635 5,010635
учись 5,010635 5,010635
кировской 5,010635 5,010635
михаил 2,708050 13,540251
новости 0,000000 0,000000
уснула 5,010635 5,010635
войти 0,000000 0,000000
требовала 5,010635 5,010635
серпом 5,010635 5,010635
объявлена 4,317488 4,317488
лучины 5,010635 5,010635
героических 5,010635 5,010635
сибирских 5,010635 5,010635
память 3,401197 6,802395
небольшого 4,317488 4,317488
открытого 4,317488 4,317488
сестры 3,624341 3,624341
обычных 3,624341 7,248682
рубль 5,010635 5,010635
особые 5,010635 5,010635
трудиться 5,010635 10,021271
вино 4,317488 4,317488
непреходящее 5,010635 5,010635
старших 4,317488 4,317488
ушедших 5,010635 5,010635
погибли 3,912023 3,912023
играть 4,317488 4,317488
воюют 3,912023 3,912023
обычный 5,010635 5,010635
программа 3,624341 3,624341
спецпроекты 0,000000 0,000000
каблуке 5,010635 5,010635
электричеством 5,010635 5,010635
сталин 4,317488 4,317488
выручали 5,010635 5,010635
девушек 3,218876 3,218876
топливную 5,010635 5,010635
первые 2,371578 9,486312
первый 1,832581 3,665163
трехгорная 5,010635 5,010635
техника 0,000000 0,000000
пять 1,576648 3,153296
минут 2,445686 2,445686
дзержинец 5,010635 5,010635
колхоз 5,010635 5,010635
техники 2,813411 5,626821
бараке 5,010635 5,010635
немало 3,912023 3,912023
десяток 5,010635 5,010635
пяти 3,401197 6,802395
пору 4,317488 4,317488
спектакли 4,317488 4,317488
боялась 5,010635 5,010635
поставлял 5,010635 5,010635
грели 5,010635 5,010635
публики 4,317488 4,317488
пора 3,912023 3,912023
самый 2,525729 2,525729
смех 5,010635 5,010635
самым 1,966113 5,898339
лишения 3,912023 3,912023
минус 3,624341 3,624341
директора 4,317488 4,317488
произносят 5,010635 5,010635
самые 1,832581 3,665163
незадолго 3,912023 3,912023
разделено 5,010635 5,010635
разрушено 5,010635 5,010635
пайки 5,010635 5,010635
нашумевший 5,010635 5,010635
ходила 3,401197 13,604790
ценились 5,010635 5,010635
реалий 5,010635 5,010635
ходили 5,010635 15,031906
завершилась 5,010635 5,010635
месяц 2,525729 12,628643
украшали 5,010635 5,010635
ежесекундной 5,010635 5,010635
борьба 2,445686 2,445686
жми 0,013423 0,013423
мусина 5,010635 5,010635
летчики 3,624341 3,624341
тяжелом 3,912023 7,824046
разнообразные 5,010635 5,010635
семилетняя 5,010635 5,010635
жительства 5,010635 5,010635
душу 4,317488 4,317488
появились 1,875141 7,500564
сами 3,064725 3,064725
гражданской 3,912023 7,824046
небо 4,317488 4,317488
танцплощадках 5,010635 5,010635
наше 4,317488 4,317488
пойдешь 5,010635 5,010635
быках 5,010635 10,021271
песком 5,010635 5,010635
писал 3,624341 3,624341
очереди 3,912023 3,912023
снег 3,912023 7,824046
поняли 3,218876 3,218876
деревушку 5,010635 5,010635
госпитали 5,010635 5,010635
зарплата 3,912023 3,912023
вес 3,912023 3,912023
рублей 1,514128 7,570639
парень 3,624341 3,624341
увиделись 5,010635 5,010635
требовались 4,317488 4,317488
нашего 4,317488 4,317488
очередь 2,177422 6,532266
процентов 1,875141 5,625423
огородникам 5,010635 5,010635
устроили 3,218876 3,218876
минимальным 3,624341 3,624341
обычная 5,010635 5,010635
юными 5,010635 5,010635
зарплаты 3,218876 3,218876
ягодки 5,010635 10,021271
досками 5,010635 5,010635
высыпали 5,010635 5,010635
отличную 3,624341 3,624341
настоящая 3,624341 3,624341
го 2,302585 2,302585
раздавалась 5,010635 5,010635
сдать 5,010635 10,021271
пятилетка 5,010635 5,010635
светящиеся 5,010635 5,010635
сестра 4,317488 4,317488
треугольник 5,010635 5,010635
нижнего 3,401197 6,802395
вопросы 2,120264 2,120264
жала 5,010635 5,010635
вызовы 5,010635 5,010635
теплоцентралей 5,010635 5,010635
квартирах 4,317488 4,317488
косоворотки 5,010635 5,010635
потерянные 5,010635 5,010635
американский 0,061875 0,061875
принадлежали 4,317488 4,317488
делится 5,010635 5,010635
утра 3,624341 10,873023
трех 1,919593 3,839186
рабочие 3,624341 10,873023
вещей 5,010635 5,010635
введена 5,010635 5,010635
опускалась 5,010635 5,010635
хлеба 4,317488 17,269952
другом 2,931194 5,862388
торжественным 5,010635 5,010635
ленинградцы 5,010635 5,010635
папиросы 5,010635 5,010635
ржаной 5,010635 5,010635
алсу 5,010635 5,010635
духи 4,317488 4,317488
рабочим 4,317488 4,317488
тяжело 2,931194 5,862388
рабочий 4,317488 8,634976
трофейные 5,010635 5,010635
кино 3,064725 9,194175
инженеры 5,010635 5,010635
числе 1,714798 1,714798
учебных 4,317488 4,317488
штурман 5,010635 5,010635
число 2,014903 2,014903
багдадский 5,010635 5,010635
сочиняли 5,010635 5,010635
картошкой 5,010635 5,010635
аншлаг 5,010635 5,010635
танцуют 4,317488 4,317488
мыло 4,317488 4,317488
сдержала 5,010635 5,010635
анекдоты 3,912023 3,912023
модными 5,010635 5,010635
мобилизация 5,010635 5,010635
чему 2,708050 2,708050
мыла 5,010635 5,010635
жителям 3,912023 3,912023
хлопчатобумажных 5,010635 5,010635
керосиновые 5,010635 5,010635
чинах 5,010635 5,010635
билетик 5,010635 5,010635
форме 0,061875 0,061875
вкп 5,010635 5,010635
силовые 0,000000 0,000000
сажи 5,010635 10,021271
вернулась 2,445686 2,445686
несмотря 2,120264 2,120264
горящие 5,010635 5,010635
режима 2,525729 2,525729
гражданские 4,317488 4,317488
советский 2,708050 5,416100
тысяч 1,427116 5,708465
советские 3,218876 9,656627
проспи 5,010635 5,010635
промышленность 4,317488 4,317488
бомба 4,317488 4,317488
добывания 5,010635 5,010635
шкала 5,010635 10,021271
разведчиков 5,010635 5,010635
большевичка 5,010635 5,010635
ходить 2,931194 2,931194
молодежь 3,912023 3,912023
советских 3,064725 9,194175
настоящие 5,010635 5,010635
составляла 3,912023 3,912023
малыши 5,010635 5,010635
занимали 5,010635 5,010635
форму 3,624341 3,624341
коридор 4,317488 4,317488
дискуссия 4,317488 4,317488
машенька 5,010635 5,010635
угостить 5,010635 5,010635
саду 4,317488 4,317488
музыкальные 4,317488 4,317488
эвелина 5,010635 5,010635
призвало 5,010635 5,010635
кировчанка 5,010635 5,010635
механический 5,010635 5,010635
перьями 5,010635 5,010635
двор 4,317488 4,317488
редкую 5,010635 5,010635
формовщицей 5,010635 5,010635
ручка 5,010635 5,010635
награду 4,317488 4,317488
тьме 5,010635 5,010635
забота 0,000000 0,000000
колхозов 5,010635 5,010635
ко 3,064725 3,064725
октябрь 4,317488 4,317488
пожаловать 0,013423 0,013423
октября 2,931194 2,931194
классов 4,317488 4,317488
тьму 5,010635 5,010635
сухие 5,010635 5,010635
писали 3,218876 16,094379
кя 5,010635 5,010635
спала 3,401197 13,604790
следующий 3,064725 6,129450
ромбы 5,010635 5,010635
мясокомбинате 5,010635 5,010635
молотова 5,010635 5,010635
погружены 5,010635 5,010635
республиках 5,010635 5,010635
друзья 3,401197 3,401197
горожане 4,317488 4,317488
вор 5,010635 5,010635
узнала 4,317488 4,317488
трудноразрешимыми 5,010635 5,010635
фонарь 5,010635 5,010635
роман 3,218876 6,437752
масштаб 4,317488 4,317488
опечатку 0,000000 0,000000
радость 3,912023 3,912023
кормили 4,317488 4,317488
забрали 4,317488 4,317488
ромба 5,010635 5,010635
вой 5,010635 5,010635
гитлера 4,317488 4,317488
собой 2,014903 2,014903
незнанию 5,010635 5,010635
место 0,054808 0,054808
радости 4,317488 4,317488
отпраздновала 4,317488 4,317488
месту 3,624341 7,248682
менялись 5,010635 5,010635
утесов 5,010635 5,010635
давали 2,813411 5,626821
государству 4,317488 12,952464
действительно 2,612740 2,612740
смогла 3,401197 3,401197
матерью 3,624341 3,624341
фабрики 3,912023 7,824046
давала 5,010635 10,021271
каждый 2,066196 2,066196
фабрика 4,317488 4,317488
каждым 3,624341 3,624341
узнали 3,912023 3,912023
доходы 5,010635 5,010635
посчастливилось 5,010635 5,010635
привычный 5,010635 5,010635
плану 5,010635 10,021271
великая 3,064725 6,129450
карандашом 5,010635 5,010635
прилично 5,010635 5,010635
советском 4,317488 4,317488
педагогических 5,010635 5,010635
географии 5,010635 5,010635
занятия 3,624341 3,624341
категории 3,624341 3,624341
фабриках 5,010635 5,010635
похабные 5,010635 5,010635
предприятия 3,624341 7,248682
города 1,714798 3,429597
ловили 5,010635 5,010635
городе 0,061875 0,123751
переписываться 5,010635 5,010635
велосипеды 5,010635 5,010635
целовались 5,010635 5,010635
потушенными 5,010635 5,010635
отпуск 4,317488 4,317488
запрятанного 5,010635 5,010635
вся 2,612740 5,225480
очень 1,347074 10,776589
володя 5,010635 5,010635
книги 3,912023 7,824046
вставай 5,010635 10,021271
внимания 3,401197 3,401197
диктор 5,010635 5,010635
рычкова 5,010635 5,010635
ру 0,000000 0,000000
нарушила 5,010635 5,010635
радиовыступления 5,010635 5,010635
танковую 5,010635 5,010635
письмо 4,317488 8,634976
стал 1,203973 1,203973
великую 5,010635 10,021271
бабушка 3,912023 7,824046
литейном 5,010635 5,010635
стекла 4,317488 4,317488
авиационную 4,317488 4,317488
одну 2,612740 5,225480
производства 3,064725 6,129450
воду 3,401197 6,802395
бомбежек 5,010635 15,031906
кружевные 5,010635 5,010635
вечерами 5,010635 5,010635
одно 2,813411 2,813411
комкоры 5,010635 5,010635
рычкову 5,010635 5,010635
стекло 5,010635 5,010635
таких 2,177422 6,532266
человек 1,249435 1,249435
корову 5,010635 5,010635
посмотри 5,010635 5,010635
лично 3,064725 3,064725
одна 1,875141 5,625423
немного 2,813411 8,440232
посредственно 5,010635 5,010635
лет 0,967584 19,351681
производстве 4,317488 4,317488
ноги 3,401197 3,401197
узнал 3,218876 3,218876
тропинки 5,010635 5,010635
водой 0,061875 0,061875
коммунистам 5,010635 5,010635
дворе 5,010635 5,010635
предвоенных 5,010635 5,010635
разгар 4,317488 4,317488
собрать 3,912023 3,912023
трудовая 5,010635 5,010635
времен 3,218876 3,218876
целуют 5,010635 5,010635
пор 2,238047 4,476093
весь 1,966113 3,932226
своем 1,919593 3,839186
рассказывали 3,401197 3,401197
социальные 4,317488 4,317488
володей 5,010635 5,010635
жители 2,302585 2,302585
письма 5,010635 15,031906
воспоминаниями 5,010635 5,010635
пастух 5,010635 5,010635
летом 3,401197 13,604790
часов 1,643339 4,930018
деревнях 5,010635 5,010635
подарок 4,317488 4,317488
предвоенные 5,010635 5,010635
освещались 5,010635 5,010635
кинохронику 5,010635 5,010635
рассказывала 5,010635 30,063812
ушли 3,912023 11,736069
нашли 0,000000 0,000000
одной 1,514128 9,084766
подарила 5,010635 5,010635
свободы 3,624341 3,624341
ушло 5,010635 5,010635
настил 5,010635 5,010635
испортило 5,010635 5,010635
рассказывает 2,612740 7,838220
сначала 2,445686 4,891372
перестает 4,317488 4,317488
миллиона 1,966113 1,966113
света 0,054808 0,054808
сидеть 4,317488 4,317488
однажды 3,624341 3,624341
подарили 3,912023 3,912023
современник 5,010635 5,010635
ближайшем 3,624341 3,624341
подруге 5,010635 5,010635
выходных 5,010635 5,010635
роддоме 5,010635 10,021271
победе 3,624341 3,624341
кассу 5,010635 5,010635
подруга 5,010635 10,021271
условиями 0,040822 0,040822
наркома 5,010635 5,010635
победу 3,401197 6,802395
бомбежке 5,010635 5,010635
завод 3,912023 3,912023
цк 3,912023 3,912023
арестован 5,010635 5,010635
успели 3,912023 3,912023
проездом 5,010635 5,010635
отказался 2,708050 2,708050
выходным 5,010635 5,010635
караулить 5,010635 5,010635
оставались 4,317488 4,317488
квартиры 2,813411 2,813411
продают 5,010635 5,010635
стороны 1,643339 1,643339
потерял 3,218876 3,218876
электричества 4,317488 4,317488
заведений 5,010635 5,010635
квартиру 3,064725 3,064725
бабушкиных 5,010635 5,010635
карточкам 5,010635 5,010635
командиру 5,010635 5,010635
падеспань 5,010635 5,010635
часть 1,919593 3,839186
открыли 3,912023 3,912023
позволяла 3,912023 3,912023
конфетки 5,010635 10,021271
класс 5,010635 5,010635
отапливались 5,010635 5,010635
часто 2,525729 10,102915
учебников 5,010635 5,010635
лакомством 5,010635 5,010635
труд 4,317488 4,317488
военная 3,218876 3,218876
некая 4,317488 4,317488
подарки 3,624341 7,248682
ручкой 5,010635 5,010635
ничто 4,317488 4,317488
труженики 5,010635 5,010635
наркомат 5,010635 5,010635
самая 2,238047 2,238047
авиационных 4,317488 4,317488
ввело 5,010635 5,010635
коровин 5,010635 5,010635
взрослые 5,010635 5,010635
вечер 3,912023 7,824046
вели 3,401197 3,401197
восторженный 5,010635 5,010635
такая 2,931194 5,862388
задумывается 5,010635 5,010635
лучшие 3,912023 3,912023
екатерина 2,708050 2,708050
старом 5,010635 5,010635
лучшим 3,064725 3,064725
екатерине 5,010635 5,010635
роты 3,401197 3,401197
боях 2,813411 5,626821
верховного 3,624341 3,624341
жизни 0,000000 0,000000
прямо 2,525729 2,525729
насмерть 5,010635 5,010635
вскопана 5,010635 5,010635
веке 2,445686 4,891372
нужно 1,791759 3,583519
квадратные 5,010635 5,010635
школах 3,912023 7,824046
развлечениям 5,010635 5,010635
доске 4,317488 4,317488
одним 1,966113 3,932226
воровство 5,010635 5,010635
встретил 3,912023 3,912023
порцию 5,010635 5,010635
группе 3,218876 3,218876
одних 4,317488 4,317488
тагила 5,010635 10,021271
колхозники 5,010635 5,010635
фрезеровщиков 5,010635 5,010635
сосали 5,010635 10,021271
граждане 5,010635 30,063812
крытые 5,010635 5,010635
русло 3,912023 3,912023
четырех 3,624341 7,248682
судьбой 5,010635 5,010635
мотор 0,000000 0,000000
нелегкими 5,010635 5,010635
харитонова 5,010635 5,010635
морозными 5,010635 5,010635
празднично 5,010635 5,010635
красивый 4,317488 4,317488
популярно 5,010635 5,010635
кончилась 4,317488 8,634976
занимались 3,912023 3,912023
жизнь 1,544899 16,993893
помню 3,912023 7,824046
петром 5,010635 5,010635
ивановской 5,010635 5,010635
старики 4,317488 4,317488
водка 4,317488 8,634976
занятым 5,010635 5,010635
соблюдали 5,010635 5,010635
трое 3,401197 3,401197
моряка 5,010635 10,021271
готовили 4,317488 4,317488
изменила 3,064725 6,129450
шла 2,813411 2,813411
заключено 5,010635 5,010635
допустить 3,912023 3,912023
сидели 3,912023 3,912023
мирную 3,401197 6,802395
причем 2,708050 5,416100
катастрофы 3,912023 3,912023
звучит 4,317488 4,317488
подумать 5,010635 5,010635
арестована 5,010635 5,010635
танцам 5,010635 10,021271
красный 3,912023 3,912023
вкусным 5,010635 5,010635
прибыл 0,083382 0,083382
вздора 5,010635 5,010635
вручили 5,010635 5,010635
нарушение 3,912023 3,912023
ездили 5,010635 5,010635
тапочках 5,010635 5,010635
будя 5,010635 5,010635
шли 3,401197 13,604790
уходя 3,912023 3,912023
назад 1,678431 1,678431
продавались 4,317488 17,269952
счастья 5,010635 5,010635
ссср 0,000000 0,000000
приблизить 5,010635 5,010635
великой 3,624341 25,370387
успеет 5,010635 5,010635
распевали 5,010635 5,010635
приобрести 4,317488 4,317488
строк 5,010635 5,010635
нашем 3,218876 9,656627
кадры 2,371578 2,371578
шашки 5,010635 5,010635
артиллерийский 5,010635 5,010635
цфасман 5,010635 5,010635
артиллерийские 5,010635 5,010635
московского 3,912023 3,912023
именно 1,875141 1,875141
железнодорожный 5,010635 5,010635
главное 0,000000 0,000000
гилевой 5,010635 5,010635
рубашки 5,010635 5,010635
физкультуре 5,010635 5,010635
темпы 4,317488 4,317488
противника 3,064725 3,064725
вновь 3,218876 6,437752
жильцов 4,317488 4,317488
получали 4,317488 8,634976
направили 3,912023 3,912023
приготовить 3,912023 3,912023
получала 5,010635 5,010635
следили 5,010635 5,010635
зале 3,624341 3,624341
согреть 5,010635 10,021271
вооружения 3,912023 7,824046
купона 5,010635 5,010635
зала 3,624341 3,624341
привлекали 5,010635 5,010635
стефанида 5,010635 5,010635
выполнять 4,317488 4,317488
мусинова 5,010635 5,010635
военной 0,061875 0,061875
четыре 0,040822 0,040822
фзу 5,010635 5,010635
стало 1,181994 1,181994
друг 2,238047 8,952186
общеобразовательная 5,010635 5,010635
бывало 5,010635 5,010635
сортировала 5,010635 5,010635
бережно 5,010635 5,010635
сделали 3,218876 3,218876
народ 4,317488 8,634976
шинельное 5,010635 5,010635
стала 1,576648 7,883240
засиделся 5,010635 5,010635
стали 1,514128 6,056511
левитан 5,010635 5,010635
работал 2,708050 2,708050
картофель 3,624341 3,624341
концом 5,010635 5,010635
засажена 5,010635 5,010635
наряжаться 5,010635 5,010635
впервые 1,919593 1,919593
молодые 4,317488 4,317488
буднях 5,010635 5,010635
женились 5,010635 5,010635
магазин 3,401197 3,401197
кусок 5,010635 5,010635
разбить 5,010635 5,010635
тазы 5,010635 15,031906
обесцвечивали 5,010635 5,010635
постоянная 4,317488 4,317488
шести 2,445686 2,445686
спустя 1,832581 5,497744
всякого 5,010635 5,010635
гузаирова 5,010635 5,010635
интернет 0,000000 0,000000
школьники 5,010635 5,010635
смотреть 2,813411 5,626821
шесть 2,525729 5,051457
стальные 5,010635 5,010635
брюки 5,010635 5,010635
оркестр 5,010635 10,021271
обычно 3,218876 3,218876
поколотят 5,010635 5,010635
пахать 5,010635 5,010635
случившегося 4,317488 4,317488
работе 1,791759 1,791759
назывался 5,010635 5,010635
работу 1,791759 5,375278
сложный 5,010635 5,010635
солдатами 5,010635 5,010635
украшения 4,317488 4,317488
смутило 4,317488 4,317488
щавель 5,010635 5,010635
соломой 5,010635 5,010635
коллективизация 5,010635 5,010635
театр 4,317488 8,634976
наливали 5,010635 5,010635
москвичка 5,010635 5,010635
произвел 5,010635 5,010635
военную 2,813411 2,813411
санитарное 5,010635 5,010635
свинина 5,010635 5,010635
обращаюсь 5,010635 5,010635
работы 1,455287 1,455287
рабочего 3,218876 3,218876
молодую 5,010635 5,010635
короткий 3,624341 3,624341
привез 5,010635 5,010635
возвращаться 3,218876 3,218876
брата 2,525729 2,525729
фонарей 5,010635 5,010635
жительница 3,624341 14,497364
студенческой 5,010635 5,010635
вора 4,317488 4,317488
медсестры 5,010635 5,010635
мирное 2,931194 2,931194
войны 1,791759 34,043430
территориях 3,624341 3,624341
петлички 5,010635 5,010635
материалы 0,000000 0,000000
тайком 5,010635 5,010635
войну 3,218876 28,969882
положении 3,218876 3,218876
оставалась 5,010635 5,010635
войне 3,064725 3,064725
выпуститься 5,010635 5,010635
война 2,371578 18,972624
беженцы 5,010635 5,010635
медсестра 4,317488 4,317488
проблемами 3,218876 3,218876
налаживалась 5,010635 5,010635
солнцем 4,317488 4,317488
брать 3,064725 3,064725
материале 2,120264 2,120264
больницы 4,317488 4,317488
вдохом 5,010635 5,010635
двумя 2,931194 2,931194
крутили 5,010635 5,010635
стает 5,010635 5,010635
лыжам 5,010635 5,010635
обижайтесь 5,010635 5,010635
отношение 3,064725 3,064725
купоны 5,010635 5,010635
бумаги 4,317488 8,634976
певец 3,624341 3,624341
пропало 4,317488 4,317488
свободной 5,010635 5,010635
руководством 2,931194 2,931194
внутри 2,445686 2,445686
шелк 5,010635 5,010635
получить 2,238047 2,238047
снят 3,912023 3,912023
поселке 5,010635 5,010635
грани 3,064725 3,064725
фойе 5,010635 5,010635
мечтать 3,912023 3,912023
орден 5,010635 5,010635
терешкиной 5,010635 5,010635
трибунал 5,010635 5,010635
фактически 3,401197 3,401197
вузов 5,010635 5,010635
военного 3,401197 3,401197
направлялись 5,010635 5,010635
сушили 5,010635 5,010635
красной 3,401197 6,802395
выращиванием 5,010635 5,010635
заклеены 5,010635 5,010635
времени 1,919593 1,919593
будущее 2,612740 2,612740
год 1,714798 3,429597
подписан 5,010635 5,010635
запомнила 5,010635 5,010635
совета 2,445686 2,445686
использованияполитика 0,000000 0,000000
написавшего 5,010635 5,010635
сено 5,010635 5,010635
мая 2,931194 8,793581
языка 3,912023 3,912023
старых 3,401197 3,401197
поэтому 1,966113 5,898339
бросала 5,010635 5,010635
сахар 3,912023 3,912023
началом 3,912023 3,912023
трамваи 5,010635 5,010635
съездить 5,010635 5,010635
рио 5,010635 5,010635
семь 2,813411 2,813411
прим 2,813411 2,813411
приближать 5,010635 5,010635
растопить 5,010635 5,010635
лагерей 5,010635 5,010635
отменили 3,624341 3,624341
вещи 2,931194 5,862388
семи 4,317488 4,317488
уехала 5,010635 5,010635
руку 3,218876 3,218876
тяготы 5,010635 5,010635
жалась 5,010635 5,010635
проехать 5,010635 5,010635
оклад 4,317488 4,317488
военным 2,708050 2,708050
горьком 5,010635 5,010635
пьян 5,010635 5,010635
алтайский 3,912023 3,912023
собираться 4,317488 4,317488
опоздаешь 5,010635 5,010635
широкие 5,010635 5,010635
накануне 2,238047 4,476093
военные 2,371578 7,114734
бойцов 2,525729 2,525729
истории 1,966113 1,966113
звали 3,624341 3,624341
капитуляции 5,010635 5,010635
заменивший 3,912023 3,912023
центра 2,708050 2,708050
союза 2,302585 2,302585
которая 1,875141 1,875141
абросимова 5,010635 5,010635
союзе 3,912023 3,912023
вечерам 3,912023 3,912023
история 2,238047 4,476093
совершил 3,912023 3,912023
дорогие 4,317488 4,317488
знаки 5,010635 5,010635
сосне 5,010635 5,010635
пишет 2,371578 2,371578
повара 5,010635 5,010635
дорогим 5,010635 5,010635
воротники 5,010635 5,010635
светомаскировки 5,010635 20,042541
серьезности 5,010635 5,010635
зажатой 5,010635 5,010635
военных 1,966113 7,864451
согласно 3,064725 3,064725
фабрик 4,317488 4,317488
командир 3,218876 3,218876
колбаса 5,010635 5,010635
фабричный 5,010635 5,010635
благодать 5,010635 5,010635
молодой 3,218876 3,218876
светомаскировка 5,010635 5,010635
длинные 5,010635 5,010635
зимы 5,010635 5,010635
ушел 2,708050 2,708050
первое 2,612740 2,612740
сталкиваться 5,010635 5,010635
продаже 4,317488 4,317488
ленинград 5,010635 10,021271
трогательных 5,010635 5,010635
печки 5,010635 5,010635
верили 4,317488 4,317488
существовали 5,010635 5,010635
печка 4,317488 4,317488
поднималась 5,010635 5,010635
глиной 5,010635 5,010635
высокие 3,624341 3,624341
стариков 5,010635 5,010635
встречались 5,010635 5,010635
подстелив 5,010635 5,010635
трясли 5,010635 5,010635
ликовали 5,010635 5,010635
книгах 5,010635 15,031906
обнимались 5,010635 5,010635
цыганочку 5,010635 5,010635
демидовой 5,010635 5,010635
новый 1,966113 3,932226
сукно 5,010635 5,010635
образ 2,525729 2,525729
новые 0,000000 0,000000
желанием 4,317488 4,317488
брошенные 5,010635 5,010635
друзьями 3,912023 3,912023
медсестрой 5,010635 10,021271
рождались 5,010635 10,021271
сократились 4,317488 4,317488
центральное 4,317488 4,317488
металлургическую 5,010635 5,010635
похоронки 5,010635 5,010635
утомленных 5,010635 5,010635
заметил 2,612740 2,612740
воспоминания 5,010635 10,021271
ленька 5,010635 5,010635
приходилось 3,401197 10,203592
гвардейский 4,317488 4,317488
знакомство 4,317488 4,317488
остался 2,931194 2,931194
александр 1,832581 3,665163
секретарь 3,218876 6,437752
должны 2,066196 4,132393
добился 3,912023 3,912023
студенты 5,010635 5,010635
кому 2,708050 2,708050
цехах 5,010635 5,010635
подвале 5,010635 5,010635
исписанные 5,010635 5,010635
возили 5,010635 5,010635
вплоть 3,624341 3,624341
комсомольцам 5,010635 5,010635
просили 3,912023 3,912023
магазинах 5,010635 10,021271
земля 3,218876 3,218876
землю 3,064725 3,064725
русские 3,218876 3,218876
ленинграда 4,317488 8,634976
мир 0,000000 0,000000
шестью 4,317488 4,317488
бойца 3,064725 3,064725
большую 2,612740 5,225480
чернил 5,010635 5,010635
ленинграде 5,010635 25,053176
похоронка 5,010635 5,010635
бывший 0,000000 0,000000
маленькой 5,010635 5,010635
нуля 4,317488 4,317488
время 0,762140 10,669961
прожили 4,317488 4,317488
желтой 4,317488 4,317488
веселые 5,010635 5,010635
обед 4,317488 8,634976
деактивирована 0,013423 0,013423
тарзан 5,010635 5,010635
красноярский 5,010635 5,010635
уроки 5,010635 10,021271
мотовилиха 5,010635 5,010635
отечественной 3,912023 27,384161
выдавались 5,010635 5,010635
жительниц 5,010635 5,010635
резко 2,371578 2,371578
хочешь 0,013423 0,013423
рук 5,010635 5,010635
письмами 5,010635 5,010635
пошла 2,813411 5,626821
восемь 3,064725 3,064725
ставили 5,010635 15,031906
серенада 5,010635 5,010635
дешево 5,010635 5,010635
своего 2,238047 2,238047
мамой 5,010635 10,021271
основные 3,401197 3,401197
галереи 0,000000 0,000000
осоку 5,010635 5,010635
оккупированной 5,010635 5,010635
танцплощадки 5,010635 5,010635
выращивали 5,010635 5,010635
светлое 5,010635 5,010635
порядок 3,624341 3,624341
орлова 5,010635 5,010635
пошли 3,064725 3,064725
продукты 2,931194 2,931194
галины 5,010635 5,010635
генерал 3,624341 3,624341
сына 3,218876 3,218876
купить 3,401197 10,203592
пропадали 5,010635 5,010635
люди 1,966113 17,695016
литров 4,317488 4,317488
спросил 3,912023 3,912023
семеро 4,317488 4,317488
воспоминаниях 5,010635 5,010635
солдатики 5,010635 5,010635
городах 3,218876 9,656627
волкова 5,010635 5,010635
такого 2,612740 2,612740
лишь 2,238047 2,238047
галина 5,010635 15,031906
одного 2,177422 4,354844
кстати 3,401197 6,802395
мои 3,624341 3,624341
танцевать 3,912023 3,912023
обсудить 0,456758 0,456758
летняя 2,177422 2,177422
тревожное 3,912023 3,912023
помимо 2,813411 2,813411
шляпы 5,010635 5,010635
галине 5,010635 5,010635
крыше 5,010635 5,010635
вузы 5,010635 5,010635
выше 3,064725 6,129450
накрест 5,010635 5,010635
вдвое 4,317488 4,317488
кожа 5,010635 5,010635
среда 0,000000 0,000000
домаша 5,010635 5,010635
красотку 5,010635 5,010635
среди 1,714798 1,714798
людям 3,401197 3,401197
актриса 4,317488 4,317488
показывали 4,317488 4,317488
изо 3,401197 3,401197
живет 3,218876 3,218876
мечты 4,317488 4,317488
нужд 5,010635 5,010635
сахара 5,010635 5,010635
енисейска 5,010635 5,010635
любо 5,010635 10,021271
квадратного 5,010635 5,010635
зерно 5,010635 10,021271
локтевой 5,010635 5,010635
пятибалльная 5,010635 5,010635
братья 5,010635 5,010635
сравнения 5,010635 5,010635
сравнению 3,912023 3,912023
анатолий 3,401197 3,401197
варили 5,010635 5,010635
испечь 5,010635 5,010635
особенно 2,302585 9,210340
ходит 3,624341 3,624341
далее 2,708050 2,708050
зато 2,931194 2,931194
должен 2,371578 2,371578
конфиденциальностиправила 0,000000 0,000000
браков 5,010635 5,010635
маленькую 3,912023 3,912023
гобелена 5,010635 5,010635
которой 2,120264 2,120264
котором 2,238047 2,238047
забить 5,010635 5,010635
забиты 5,010635 10,021271
смотрели 5,010635 10,021271
ираида 5,010635 10,021271
воздушной 5,010635 10,021271
смены 2,931194 2,931194
килограммов 3,912023 15,648092
работать 2,120264 2,120264
бритвы 5,010635 5,010635
тридцатые 5,010635 5,010635
мамиными 5,010635 5,010635
реалией 5,010635 5,010635
гобелены 5,010635 5,010635
кого 2,708050 2,708050
смотрела 5,010635 5,010635
это 0,020203 0,161622
большинство 2,708050 5,416100
поддерживать 3,218876 3,218876
этим 2,302585 2,302585
прикорнуть 5,010635 5,010635
тыловых 5,010635 5,010635
огороды 5,010635 5,010635
две 0,033902 0,033902
момента 2,931194 5,862388
зерна 5,010635 5,010635
тетрадь 5,010635 10,021271
мануфактура 5,010635 5,010635
детей 2,177422 6,532266
ладони 5,010635 5,010635
происходило 4,317488 4,317488
зарисовки 5,010635 5,010635
пошел 2,931194 2,931194
песты 5,010635 5,010635
смене 4,317488 4,317488
ночью 3,218876 3,218876
иждивенцы 5,010635 10,021271
въезжаем 5,010635 5,010635
карточек 5,010635 10,021271
невест 5,010635 5,010635
мясокомбинат 5,010635 5,010635
любовь 2,813411 11,253643
танго 5,010635 10,021271
увидела 3,401197 3,401197
радио 3,912023 7,824046
ответил 3,064725 3,064725
носили 3,912023 7,824046
благодарность 5,010635 5,010635
выключить 5,010635 5,010635
написала 5,010635 5,010635
забытые 5,010635 5,010635
веселой 5,010635 5,010635
соседки 5,010635 5,010635
елки 5,010635 10,021271
николаем 4,317488 4,317488
похлебку 5,010635 10,021271
соседка 5,010635 10,021271
литр 4,317488 4,317488
подошла 4,317488 4,317488
совинфомбюро 5,010635 5,010635
соль 5,010635 5,010635
кричала 5,010635 5,010635
крепдешиновые 5,010635 5,010635
сурово 5,010635 5,010635
ночь 2,708050 5,416100
игры 0,000000 0,000000
домах 4,317488 4,317488
дед 4,317488 4,317488
уминала 5,010635 5,010635
осознали 5,010635 5,010635
устинова 5,010635 5,010635
ценам 5,010635 5,010635
германиз 5,010635 10,021271
германии 2,177422 2,177422
находилось 3,912023 3,912023
дел 3,064725 3,064725
воспоминаний 4,317488 4,317488
тягот 5,010635 5,010635
поскольку 2,238047 2,238047
крючков 5,010635 5,010635
повседневной 4,317488 4,317488
марта 0,040822 0,040822
вячеслава 5,010635 5,010635
марте 2,708050 2,708050
большим 2,931194 2,931194
полковника 4,317488 4,317488
фотокарточки 5,010635 5,010635
отечественная 3,218876 6,437752
велика 5,010635 5,010635
патефоны 5,010635 5,010635
пользователь 3,624341 3,624341
продавец 3,624341 3,624341
сшила 5,010635 5,010635
отпускающая 5,010635 5,010635
калинин 5,010635 15,031906
падала 5,010635 10,021271
вентиляции 5,010635 5,010635
тонкостей 5,010635 5,010635
уверены 3,624341 3,624341
теплой 5,010635 5,010635
отечественные 4,317488 4,317488
ухудшились 4,317488 4,317488
лента 0,000000 0,000000
искусствовед 5,010635 5,010635
оказавшийся 5,010635 5,010635
вспомнишь 5,010635 5,010635
посетивший 5,010635 5,010635
кубики 5,010635 5,010635
ткачих 5,010635 5,010635
мгновение 5,010635 5,010635
карточки 5,010635 25,053176
одеяла 5,010635 5,010635
сердце 3,624341 3,624341
старинке 5,010635 5,010635
увеличиться 5,010635 5,010635
сердца 3,218876 3,218876
лучиной 5,010635 5,010635
школ 5,010635 5,010635
цирк 4,317488 8,634976
поступила 3,912023 3,912023
нехитрый 5,010635 5,010635
хлорной 5,010635 5,010635
ленту 0,013423 0,013423
карточную 5,010635 5,010635
ленты 1,678431 5,035292
женские 4,317488 4,317488
женщин 2,302585 2,302585
тетя 4,317488 4,317488
применения 0,000000 0,000000
отпусков 5,010635 5,010635
оккупированных 4,317488 4,317488
сделал 2,120264 2,120264
ценности 0,000000 0,000000
стремление 3,218876 3,218876
корпуса 4,317488 4,317488
мелодии 5,010635 5,010635
мешок 5,010635 5,010635
собирали 3,912023 3,912023
известно 1,297063 2,594126
мужчин 2,371578 4,743156
вернуться 0,013423 0,013423
привлечены 5,010635 5,010635
своя 5,010635 5,010635
нужды 5,010635 10,021271
пары 3,912023 3,912023
сдавали 5,010635 10,021271
конце 2,525729 5,051457
рядовые 5,010635 15,031906
которую 2,708050 2,708050
почтальоном 5,010635 5,010635
купонов 5,010635 15,031906
поддерживали 5,010635 5,010635
пару 3,912023 3,912023
пшеничную 5,010635 5,010635
россия 0,000000 0,000000
малышами 5,010635 5,010635
прерываясь 5,010635 5,010635
горячий 5,010635 5,010635
потрясен 5,010635 5,010635
станок 5,010635 5,010635
узенькие 5,010635 5,010635
свои 0,027029 0,027029
свое 2,525729 2,525729
супу 5,010635 5,010635
свинарка 5,010635 5,010635
военкомата 5,010635 5,010635
повседневная 5,010635 10,021271
новгороде 3,912023 3,912023
меньшова 5,010635 10,021271
сохранилась 5,010635 5,010635
бесплатной 5,010635 5,010635
творилось 3,624341 3,624341
дореволюционное 5,010635 5,010635
морковки 5,010635 5,010635
отдать 3,401197 6,802395
улицам 4,317488 4,317488
инженерам 5,010635 5,010635
мешками 5,010635 5,010635
отрасли 3,064725 3,064725
товарищи 4,317488 4,317488
отбили 5,010635 5,010635
праздник 3,624341 7,248682
люблю 3,912023 3,912023
хозяйственному 5,010635 5,010635
которому 2,813411 2,813411
составила 3,912023 3,912023
положено 4,317488 8,634976
стояли 5,010635 5,010635
останавливалась 5,010635 5,010635
волшебный 5,010635 5,010635
райкома 5,010635 5,010635
секунду 3,218876 3,218876
градусов 4,317488 8,634976
горячей 5,010635 10,021271
погонит 5,010635 5,010635
портретные 5,010635 5,010635
влюблялись 5,010635 15,031906
другу 3,401197 3,401197
дни 2,931194 2,931194
врагом 4,317488 4,317488
дом 2,014903 4,029806
женское 3,624341 3,624341
мюзиклы 5,010635 5,010635
смелых 5,010635 5,010635
отшивала 5,010635 5,010635
коллеги 3,064725 3,064725
друга 2,525729 7,577186
бесплатно 3,912023 3,912023
поддержать 3,912023 3,912023
орудия 5,010635 5,010635
табак 5,010635 5,010635
свеклы 4,317488 4,317488
справлялись 5,010635 5,010635
электростанций 5,010635 5,010635
домом 3,624341 3,624341
подвигов 5,010635 5,010635
красоте 5,010635 5,010635
закат 4,317488 4,317488
подвигом 4,317488 4,317488
дней 1,791759 1,791759
домой 2,612740 10,450960
удовольствием 4,317488 4,317488
лошадей 5,010635 5,010635
бытовые 5,010635 5,010635
сих 2,302585 4,605170
севериху 5,010635 5,010635
крестьянам 5,010635 5,010635
предложение 2,302585 2,302585
дали 2,525729 5,051457
рекомендательных 0,000000 0,000000
около 1,678431 1,678431
танцы 3,401197 10,203592
отечественную 5,010635 10,021271
съесть 3,912023 3,912023
овощей 3,624341 3,624341
кепки 5,010635 5,010635
гробница 4,317488 4,317488
своими 3,218876 6,437752
мизерный 5,010635 5,010635
приморского 4,317488 4,317488
президиума 3,912023 3,912023
иосиф 3,624341 3,624341
моего 3,912023 3,912023
свеклу 5,010635 5,010635
господа 4,317488 4,317488
индийская 3,912023 3,912023
исправительных 5,010635 5,010635
индустриализация 5,010635 5,010635
городов 3,401197 3,401197
служившему 5,010635 5,010635
попавшейся 5,010635 5,010635
уделяли 5,010635 5,010635
лепешки 5,010635 5,010635
навоз 5,010635 5,010635
которые 1,181994 3,545982
николай 3,624341 3,624341
постоянный 3,218876 3,218876
который 1,272966 1,272966
высокими 4,317488 4,317488
класса 3,624341 3,624341
которым 2,708050 2,708050
например 1,791759 7,167038
которых 1,678431 3,356862
политических 4,317488 4,317488
услышит 5,010635 5,010635
победа 0,000000 0,000000
учиться 3,401197 3,401197
елене 5,010635 5,010635
страх 3,624341 3,624341
хватало 3,624341 14,497364
загадка 5,010635 5,010635
елена 4,317488 25,904929
акт 5,010635 5,010635
продуктовые 5,010635 10,021271
случай 2,931194 2,931194
кумирами 5,010635 5,010635
сми 0,000000 0,000000
страстными 5,010635 5,010635
блокады 5,010635 5,010635
случаю 4,317488 4,317488
хватала 5,010635 5,010635
елены 5,010635 5,010635
союз 3,401197 3,401197
комнаты 3,624341 3,624341
несколько 1,347074 1,347074
поколотили 5,010635 5,010635
обувной 5,010635 5,010635
свет 3,401197 6,802395
обиход 5,010635 10,021271
начала 1,832581 1,832581
опоздание 5,010635 5,010635
анна 3,912023 3,912023
самостоятельно 3,218876 3,218876
служащие 5,010635 10,021271
билеты 5,010635 5,010635
маленькие 4,317488 8,634976
дойдут 5,010635 5,010635
клещами 5,010635 5,010635
шпиономании 5,010635 5,010635
известью 5,010635 5,010635
нем 2,371578 2,371578
отоплением 5,010635 5,010635
разрухи 4,317488 4,317488
годы 2,302585 29,933606
демидова 5,010635 10,021271
мужчины 2,525729 10,102915
пойдет 3,624341 3,624341
телят 5,010635 5,010635
году 1,373049 12,357442
одежду 3,912023 7,824046
паек 5,010635 5,010635
подходящих 5,010635 5,010635
невозможно 2,708050 2,708050
трудились 5,010635 5,010635
становились 4,317488 4,317488
суду 5,010635 5,010635
молока 5,010635 10,021271
отключать 5,010635 5,010635
года 0,899761 8,997614
прессе 4,317488 4,317488
правда 2,014903 4,029806
крупы 5,010635 5,010635
миледи 5,010635 5,010635
крупу 4,317488 4,317488
бежала 4,317488 4,317488
безысходный 5,010635 5,010635
миллион 3,064725 3,064725
танцевали 5,010635 5,010635
парашютный 5,010635 5,010635
наука 0,000000 0,000000
такому 3,624341 3,624341
продавца 5,010635 5,010635
неотоваренные 5,010635 5,010635
одежде 3,624341 3,624341
танцевала 5,010635 5,010635
