хотели 3,064725 3,064725
перемирии 0,076161 0,076161
ру 0,000000 0,000000
рокоссовский 5,010635 5,010635
должок 3,624341 3,624341
банк 0,076161 0,076161
день 1,544899 1,544899
гитлеровской 5,010635 5,010635
оборона 3,912023 3,912023
легендарная 5,010635 5,010635
новые 0,000000 0,000000
стал 1,203973 3,611918
холокосте 5,010635 5,010635
си 3,912023 3,912023
согласие 0,047791 0,047791
добро 0,013423 0,013423
выражаете 0,047791 0,047791
рейх 5,010635 5,010635
удар 2,612740 5,225480
одну 2,612740 2,612740
декабря 2,120264 4,240527
кони 5,010635 5,010635
брестской 5,010635 5,010635
помощью 0,047791 0,047791
дрались 5,010635 5,010635
преступлениях 4,317488 4,317488
летающих 5,010635 5,010635
победят 5,010635 5,010635
добра 0,013423 0,026846
реклама 3,064725 3,064725
фото 0,061875 0,061875
лет 0,967584 0,967584
силы 2,177422 2,177422
танков 3,218876 3,218876
водой 0,061875 0,061875
технологиймини 0,000000 0,000000
оценивайте 0,047791 0,047791
наступление 4,317488 4,317488
земля 3,218876 3,218876
увидите 5,010635 5,010635
русские 3,218876 6,437752
воссоединение 5,010635 5,010635
силой 3,401197 3,401197
конфиденциальности 0,047791 0,047791
мир 0,000000 0,000000
весь 1,966113 1,966113
нажмите 0,000000 0,000000
получайте 0,047791 0,047791
освободила 4,317488 4,317488
врага 3,401197 6,802395
погружайтесь 0,047791 0,047791
изменил 4,317488 8,634976
бывший 0,000000 0,000000
проблемы 0,076161 0,076161
накапливайте 0,047791 0,047791
ооо 0,000000 0,000000
дела 2,813411 2,813411
деактивирована 0,013423 0,013423
путешествия 0,000000 0,000000
крепости 4,317488 4,317488
защитника 4,317488 4,317488
отечественной 3,912023 27,384161
одержать 5,010635 5,010635
структуры 0,000000 0,000000
индии 0,076161 0,076161
бойцы 2,525729 2,525729
красную 5,010635 5,010635
последнее 2,931194 2,931194
хочешь 0,013423 0,013423
нашли 0,000000 0,000000
пляжных 0,097980 0,097980
одной 1,514128 1,514128
деревень 5,010635 5,010635
обычную 0,013423 0,013423
отец 2,177422 2,177422
украине 1,139434 2,278869
врагу 4,317488 4,317488
внешность 0,097980 0,097980
украину 2,302585 2,302585
железный 5,010635 5,010635
совбеза 4,317488 4,317488
украинском 0,076161 0,076161
света 0,054808 0,054808
часа 2,371578 2,371578
победить 2,931194 2,931194
русских 3,218876 6,437752
галереи 0,000000 0,000000
редкие 4,317488 4,317488
настойчиво 3,912023 3,912023
пригласили 3,912023 3,912023
белоусов 0,076161 0,152323
победе 3,624341 3,624341
летия 3,912023 7,824046
эмигрантов 5,010635 5,010635
условиями 0,040822 0,081644
победу 3,401197 10,203592
июня 2,612740 7,838220
равно 2,931194 2,931194
победы 3,401197 40,814369
танки 4,317488 4,317488
читайте 0,040822 0,040822
мужеству 5,010635 5,010635
байконур 0,097980 0,097980
редакциярекламаконтактыпресс 0,000000 0,000000
люди 1,966113 1,966113
видео 0,000000 0,000000
хронология 3,912023 3,912023
напрягала 5,010635 5,010635
возложил 5,010635 5,010635
сменили 5,010635 5,010635
постоянными 5,010635 5,010635
берлине 4,317488 4,317488
едва 2,177422 2,177422
последние 0,090654 0,090654
предрекли 0,076161 0,076161
берлину 5,010635 5,010635
архив 0,000000 0,000000
смог 2,612740 2,612740
июля 2,813411 2,813411
самолеты 3,912023 3,912023
целовать 5,010635 5,010635
сша 0,040822 0,040822
машин 3,064725 3,064725
среда 0,000000 0,000000
воины 5,010635 5,010635
раскрытии 0,076161 0,076161
примут 5,010635 10,021271
скидки 0,047791 0,047791
эксклюзивы 0,000000 0,000000
российском 0,076161 0,076161
москве 1,791759 1,791759
выражайте 0,047791 0,047791
приедет 5,010635 10,021271
девятый 5,010635 5,010635
парад 3,624341 3,624341
началась 2,813411 2,813411
москву 2,120264 2,120264
нацистов 5,010635 35,074447
конфликте 0,076161 0,076161
цветы 4,317488 4,317488
героизму 5,010635 5,010635
продолжая 0,047791 0,047791
лучший 2,525729 2,525729
эта 2,120264 2,120264
лучшим 3,064725 3,064725
зоны 3,401197 3,401197
ноября 2,525729 5,051457
конфиденциальностиправила 0,000000 0,000000
приводили 5,010635 5,010635
бонусы 0,047791 0,095581
летчик 3,401197 6,802395
спасали 4,317488 4,317488
политикой 0,047791 0,047791
свершилось 5,010635 5,010635
провела 3,912023 3,912023
оглушительный 5,010635 5,010635
жильцы 0,076161 0,076161
операций 3,218876 3,218876
армия 2,708050 16,248301
жизни 0,000000 0,000000
армию 3,218876 3,218876
доске 4,317488 4,317488
предсмертные 4,317488 4,317488
подготовку 4,317488 4,317488
раскрыл 2,177422 2,177422
наших 2,708050 2,708050
красная 3,401197 20,407184
объявил 2,813411 2,813411
туристку 0,076161 0,076161
это 0,020203 0,101014
наступали 5,010635 5,010635
палестины 5,010635 5,010635
отечества 4,317488 4,317488
две 0,033902 0,033902
мотор 0,000000 0,000000
обменивайте 0,047791 0,047791
кот 4,317488 4,317488
михаил 2,708050 2,708050
полководцем 5,010635 5,010635
происходило 4,317488 4,317488
возмездие 5,010635 5,010635
подтвердил 3,218876 3,218876
новости 0,000000 0,000000
войти 0,000000 0,000000
хорошие 0,013423 0,013423
первых 2,612740 5,225480
медитации 0,076161 0,076161
сражались 4,317488 4,317488
уничтожили 3,218876 3,218876
память 3,401197 3,401197
уход 0,076161 0,076161
почему 0,899761 0,899761
отчаянные 5,010635 5,010635
освобожденном 5,010635 5,010635
прибыл 0,083382 0,083382
подошла 4,317488 4,317488
спецпроекты 0,000000 0,000000
членами 3,624341 3,624341
высказалась 4,317488 4,317488
путин 1,203973 2,407946
назад 1,678431 1,678431
создавал 5,010635 5,010635
первый 1,832581 1,832581
игры 0,000000 0,000000
спецоперации 3,912023 3,912023
февраля 1,272966 15,275588
техника 0,000000 0,000000
ссср 0,000000 0,000000
фашисты 4,317488 8,634976
великой 3,624341 28,994727
трампа 0,054808 0,054808
захватить 3,912023 3,912023
сбивал 3,624341 3,624341
самых 1,609438 1,609438
бросились 5,010635 5,010635
кадры 2,371578 2,371578
отвел 0,076161 0,076161
марта 0,040822 0,040822
хуже 3,218876 3,218876
главное 0,000000 0,000000
прошлого 2,813411 2,813411
реакций 0,047791 0,047791
летнего 0,097980 0,097980
реакции 0,047791 0,047791
событий 2,708050 2,708050
мини 0,000000 0,000000
отечественная 3,218876 3,218876
фрицев 3,624341 3,624341
противника 3,064725 3,064725
изнасиловал 0,076161 0,076161
самым 1,966113 1,966113
покрышкин 5,010635 5,010635
зеленского 0,068993 0,068993
лента 0,000000 0,000000
спорт 0,000000 0,000000
споры 0,097980 0,097980
сталинградской 4,317488 4,317488
военной 0,061875 0,061875
остановить 2,708050 2,708050
молдавию 5,010635 5,010635
четыре 0,040822 0,081644
жми 0,013423 0,013423
параде 5,010635 20,042541
свободила 5,010635 5,010635
романов 4,317488 4,317488
ленту 0,013423 0,013423
затопленного 0,076161 0,076161
заново 3,401197 3,401197
нацистами 5,010635 5,010635
стали 1,514128 1,514128
наши 2,177422 2,177422
умница 5,010635 5,010635
памятника 5,010635 5,010635
передо 3,401197 3,401197
небе 2,931194 2,931194
россии 0,425668 0,851336
применения 0,000000 0,000000
привел 3,218876 3,218876
обитания 0,000000 0,000000
ценности 0,000000 0,000000
третий 2,931194 2,931194
северокорейские 5,010635 5,010635
восстанавливали 5,010635 5,010635
материалам 0,047791 0,047791
гораздо 3,064725 3,064725
вернуться 0,013423 0,013423
ваши 0,047791 0,047791
женщины 2,066196 2,066196
привела 2,525729 2,525729
российским 0,076161 0,076161
лавров 4,317488 4,317488
битвами 5,010635 5,010635
президента 1,455287 1,455287
германией 5,010635 5,010635
израиле 3,912023 3,912023
волгограде 5,010635 5,010635
просто 1,678431 1,678431
интернет 0,000000 0,000000
россия 0,000000 0,000000
обратился 0,076161 0,076161
свои 0,027029 0,027029
командовал 4,317488 4,317488
января 1,791759 25,084633
плен 2,931194 2,931194
гид 0,076161 0,076161
израиля 5,010635 5,010635
ильюшин 5,010635 5,010635
проведении 3,624341 3,624341
уволит 0,076161 0,076161
дома 0,061875 0,061875
американский 0,061875 0,061875
пола 0,097980 0,097980
родиной 5,010635 5,010635
двух 1,678431 1,678431
указ 4,317488 4,317488
закарпатскую 5,010635 5,010635
обсудил 5,010635 5,010635
эмоции 0,047791 0,047791
зеленским 0,076161 0,076161
ход 3,624341 14,497364
ес 2,708050 2,708050
посол 4,317488 4,317488
двум 0,076161 0,076161
период 2,120264 2,120264
вызвала 0,097980 0,097980
число 2,014903 2,014903
сопротивлении 5,010635 5,010635
упорно 4,317488 4,317488
сети 0,090654 0,090654
празднованию 5,010635 5,010635
лидеров 2,708050 2,708050
военнослужащим 0,076161 0,076161
миллионов 1,791759 1,791759
сел 3,624341 3,624341
орудий 5,010635 5,010635
войны 1,791759 10,750557
поражение 4,317488 4,317488
приблизила 5,010635 5,010635
материалы 0,000000 0,000000
рев 4,317488 4,317488
вошла 5,010635 5,010635
российского 1,484275 1,484275
войска 2,931194 2,931194
приблизили 5,010635 5,010635
депутат 0,076161 0,076161
жуков 5,010635 5,010635
волонтеры 5,010635 5,010635
прогресс 0,097980 0,097980
безногий 3,624341 3,624341
войне 3,064725 6,129450
немцы 3,912023 7,824046
статьи 0,000000 0,000000
война 2,371578 2,371578
форме 0,061875 0,061875
культура 0,000000 0,000000
крым 3,912023 3,912023
силовые 0,000000 0,000000
советский 2,708050 2,708050
пройдет 2,931194 2,931194
тысяч 1,427116 2,854233
дня 0,061875 0,123751
советские 3,218876 12,875503
мной 2,931194 2,931194
ил 5,010635 5,010635
мировой 2,445686 2,445686
повлияли 5,010635 5,010635
августа 3,064725 6,129450
вопли 5,010635 5,010635
сотрудников 0,076161 0,076161
сорвал 4,317488 4,317488
дорожных 5,010635 5,010635
дней 1,791759 3,583519
сталинский 5,010635 5,010635
домой 2,612740 2,612740
начались 0,068993 0,068993
матвиенко 5,010635 5,010635
рекомендательных 0,000000 0,000000
работает 0,040822 0,040822
увлекательные 0,047791 0,047791
военного 3,401197 3,401197
попытался 2,931194 2,931194
ринулись 5,010635 5,010635
переговоры 0,054808 0,054808
героем 3,064725 3,064725
собаки 5,010635 5,010635
повлияло 3,912023 3,912023
маккартни 0,097980 0,097980
маршал 4,317488 4,317488
забота 0,000000 0,000000
сбер 0,040822 0,040822
городов 3,401197 3,401197
пожаловать 0,013423 0,013423
использованияполитика 0,000000 0,000000
октября 2,931194 5,862388
оставшихся 3,912023 3,912023
почтили 5,010635 5,010635
крупный 0,068993 0,068993
празднование 5,010635 10,021271
гитлер 5,010635 5,010635
регионам 0,076161 0,076161
крупным 0,076161 0,076161
которых 1,678431 1,678431
колбасы 5,010635 5,010635
призвала 3,401197 3,401197
снимки 3,624341 3,624341
победа 0,000000 0,000000
советского 2,371578 2,371578
гитлеру 5,010635 5,010635
остались 0,061875 0,061875
страна 1,714798 1,714798
знаках 5,010635 5,010635
опечатку 0,000000 0,000000
сми 0,000000 0,000000
истребителем 5,010635 5,010635
коты 5,010635 5,010635
битва 3,912023 3,912023
страны 1,455287 2,910574
ровно 3,401197 3,401197
ленинградцев 5,010635 5,010635
разгромила 5,010635 10,021271
невиданной 5,010635 5,010635
цзиньпин 5,010635 5,010635
рады 0,068993 0,068993
масштабное 5,010635 5,010635
страну 2,612740 2,612740
место 0,054808 0,054808
акции 0,047791 0,047791
мс 0,097980 0,097980
снг 4,317488 4,317488
успешным 5,010635 5,010635
военные 2,371578 2,371578
истории 1,966113 1,966113
участие 2,612740 7,838220
фоне 2,813411 2,813411
экономика 0,000000 0,000000
нечего 3,401197 3,401197
безусловно 2,708050 2,708050
союза 2,302585 2,302585
битвы 5,010635 5,010635
ужас 3,624341 7,248682
историю 2,525729 2,525729
напал 3,912023 3,912023
освобождала 5,010635 5,010635
великая 3,064725 3,064725
ветеранов 3,912023 3,912023
животные 5,010635 5,010635
возмутила 5,010635 5,010635
боготворил 5,010635 5,010635
мстить 5,010635 5,010635
фашистов 3,624341 3,624341
реальный 0,013423 0,013423
название 3,218876 3,218876
столицу 5,010635 5,010635
подписал 3,401197 3,401197
году 1,373049 1,373049
правды 0,068993 0,068993
тысячи 0,068993 0,137986
героев 2,931194 5,862388
невозможно 2,708050 2,708050
правду 4,317488 4,317488
нанесли 3,401197 3,401197
предрек 0,076161 0,076161
города 1,714798 3,429597
городе 0,061875 0,061875
премьер 2,525729 2,525729
года 0,899761 0,899761
помогли 2,931194 2,931194
уникальные 3,912023 3,912023
присутствии 4,317488 4,317488
жителей 1,966113 1,966113
думать 4,317488 4,317488
главными 3,912023 3,912023
заявили 0,076161 0,076161
удержим 5,010635 5,010635
боялись 4,317488 12,952464
успешных 3,912023 3,912023
видеть 0,013423 0,013423
мемориальной 5,010635 5,010635
маршалом 4,317488 4,317488
наука 0,000000 0,000000
забывать 3,912023 3,912023
попало 3,401197 3,401197
заполярье 5,010635 10,021271
второй 2,066196 2,066196
