ру 0,000000 0,000000
банк 0,076161 0,076161
святость 3,912023 7,824046
день 1,544899 4,634698
последовали 4,317488 4,317488
приносили 4,317488 4,317488
стал 1,203973 2,407946
факто 4,317488 4,317488
согласие 0,047791 0,047791
антимафиозного 4,317488 4,317488
частью 3,218876 3,218876
сотрудники 2,066196 2,066196
множестве 4,317488 4,317488
ремеслом 4,317488 4,317488
таким 2,014903 2,014903
людей 1,455287 5,821149
итальянских 3,912023 3,912023
куча 4,317488 4,317488
та 2,813411 2,813411
передавал 3,912023 3,912023
человек 1,249435 2,498870
частности 2,525729 5,051457
лично 3,064725 3,064725
те 1,919593 1,919593
альтернативной 4,317488 4,317488
кровавого 4,317488 4,317488
фото 0,061875 0,309377
лет 0,967584 2,902752
охватывают 4,317488 4,317488
появилась 2,445686 2,445686
такие 2,120264 2,120264
водой 0,061875 0,061875
технологиймини 0,000000 0,000000
фашистского 4,317488 4,317488
карт 4,317488 4,317488
неугодных 3,912023 3,912023
времен 3,218876 3,218876
конфиденциальности 0,047791 0,047791
войсками 3,624341 3,624341
сицилии 4,317488 25,904929
бравурные 4,317488 4,317488
шампанское 4,317488 4,317488
нажмите 0,000000 0,000000
своей 2,066196 2,066196
шаг 3,064725 3,064725
получайте 0,047791 0,047791
дело 2,120264 2,120264
прав 3,624341 3,624341
процесса 3,624341 7,248682
весьма 3,064725 3,064725
окончательно 3,912023 3,912023
рассказывали 3,401197 3,401197
префекта 4,317488 4,317488
проблемы 0,076161 0,076161
доходов 4,317488 4,317488
дела 2,813411 2,813411
историком 4,317488 4,317488
путешествия 0,000000 0,000000
имена 3,624341 3,624341
данные 2,612740 2,612740
иной 3,218876 3,218876
отрезать 3,624341 3,624341
также 0,762140 1,524280
индии 0,076161 0,076161
приговоры 3,912023 3,912023
книг 3,912023 3,912023
нашли 0,000000 0,000000
одной 1,514128 1,514128
тото 4,317488 17,269952
продолжали 3,912023 3,912023
формальной 4,317488 4,317488
легко 2,813411 2,813411
палермо 4,317488 47,492369
волной 4,317488 4,317488
рассказывает 2,612740 2,612740
сепаратизме 4,317488 8,634976
боевые 3,401197 3,401197
украинском 0,076161 0,076161
света 0,054808 0,054808
лиц 3,218876 3,218876
чиакулли 4,317488 4,317488
облавы 4,317488 17,269952
объявлял 4,317488 4,317488
прежнему 3,064725 3,064725
белоусов 0,076161 0,076161
облаву 4,317488 4,317488
победе 3,624341 3,624341
ближайшее 3,401197 3,401197
захвата 3,912023 3,912023
однако 1,249435 7,496611
условиями 0,040822 0,081644
июня 2,612740 2,612740
облава 3,912023 7,824046
читайте 0,040822 0,040822
италии 3,218876 22,532131
получил 2,120264 4,240527
сицилийская 3,064725 9,194175
байконур 0,097980 0,097980
наказанием 4,317488 4,317488
известной 3,401197 3,401197
перехватили 4,317488 4,317488
судьи 4,317488 4,317488
пример 3,624341 3,624341
юре 4,317488 4,317488
телефонов 4,317488 4,317488
часть 1,919593 5,758779
заметных 4,317488 4,317488
говорит 2,014903 6,044709
труп 4,317488 4,317488
последние 0,090654 0,090654
предрекли 0,076161 0,076161
лючия 4,317488 4,317488
свободе 4,317488 4,317488
архив 0,000000 0,000000
мясных 3,912023 3,912023
хаски 4,317488 4,317488
позволяли 3,912023 3,912023
сша 0,040822 0,204110
говорил 2,708050 2,708050
раскрытии 0,076161 0,076161
качестве 2,302585 2,302585
российском 0,076161 0,076161
членов 4,317488 4,317488
противостояния 4,317488 4,317488
главарями 4,317488 4,317488
разглашались 4,317488 4,317488
вечер 3,912023 3,912023
ноябре 2,813411 2,813411
осторожным 4,317488 4,317488
сюжетвзрывы 3,912023 3,912023
официально 2,931194 5,862388
аресты 4,317488 8,634976
лентой 2,371578 2,371578
лучшим 3,064725 3,064725
будут 1,919593 1,919593
новостей 3,624341 3,624341
затишья 4,317488 4,317488
бонусы 0,047791 0,095581
тому 2,612740 2,612740
жильцы 0,076161 0,076161
верховного 3,624341 3,624341
армия 2,708050 2,708050
жизни 0,000000 0,000000
мафией 4,317488 8,634976
прямо 2,525729 2,525729
веке 2,445686 2,445686
оставалось 3,401197 3,401197
григорий 3,912023 35,208207
занялась 3,064725 3,064725
находится 2,371578 2,371578
туристку 0,076161 0,076161
окончанию 4,317488 4,317488
группой 3,624341 3,624341
глубоком 3,912023 3,912023
главную 3,218876 3,218876
оправилась 4,317488 4,317488
мотор 0,000000 0,000000
обменивайте 0,047791 0,047791
жизнь 1,544899 3,089799
зумеры 3,912023 3,912023
уничтожить 3,064725 3,064725
поднятию 4,317488 4,317488
хорошие 0,013423 0,013423
некоторыми 3,912023 3,912023
преувеличены 4,317488 4,317488
улице 3,218876 3,218876
вещами 3,624341 3,624341
далеко 3,064725 3,064725
рынков 3,401197 6,802395
предатели 4,317488 4,317488
выписаны 4,317488 4,317488
мира 1,576648 6,306592
причем 2,708050 8,124151
власти 1,919593 1,919593
мафиозная 4,317488 4,317488
идут 2,525729 2,525729
транслировали 4,317488 4,317488
азартными 4,317488 4,317488
григория 4,317488 4,317488
прибыл 0,083382 0,083382
привыкли 3,912023 3,912023
размерах 3,912023 3,912023
власть 2,813411 2,813411
ждавшая 4,317488 4,317488
годов 2,612740 2,612740
кадр 2,302585 2,302585
информатора 4,317488 4,317488
ссср 0,000000 0,000000
легализовать 4,317488 4,317488
крестный 4,317488 8,634976
арестовали 3,401197 3,401197
ссужаются 4,317488 4,317488
пытается 2,177422 2,177422
нашел 2,612740 2,612740
утверждены 4,317488 4,317488
святого 4,317488 4,317488
маурицио 4,317488 4,317488
оказались 2,525729 2,525729
никто 2,302585 6,907755
болоньи 4,317488 4,317488
активных 3,401197 3,401197
общее 2,931194 2,931194
расследование 3,064725 3,064725
традиция 4,317488 4,317488
главное 0,000000 0,000000
поблагодарила 4,317488 4,317488
коррадо 4,317488 4,317488
похожа 3,912023 3,912023
группировкой 3,624341 3,624341
нового 2,371578 2,371578
наверное 2,931194 2,931194
летнего 0,097980 0,097980
полагает 2,931194 2,931194
общества 3,218876 3,218876
маскировка 4,317488 4,317488
обвиняемых 4,317488 4,317488
мини 0,000000 0,000000
других 1,576648 1,576648
традиции 3,401197 3,401197
бухгалтером 4,317488 4,317488
традиций 3,912023 3,912023
беседе 2,445686 2,445686
изнасиловал 0,076161 0,076161
выписала 4,317488 4,317488
образом 2,066196 4,132393
автомобиль 3,218876 3,218876
позволяют 3,624341 3,624341
возродилась 3,912023 3,912023
перестрелке 4,317488 4,317488
омерта 4,317488 8,634976
выстрелы 4,317488 4,317488
культуры 3,064725 3,064725
экстравагантный 4,317488 4,317488
другими 2,931194 2,931194
деяния 4,317488 4,317488
исчезновения 3,912023 3,912023
спорт 0,000000 0,000000
таки 4,317488 4,317488
преступной 3,912023 3,912023
споры 0,097980 0,097980
властью 4,317488 4,317488
военной 0,061875 0,061875
оккупантами 4,317488 4,317488
четыре 0,040822 0,040822
спора 4,317488 4,317488
главе 3,218876 3,218876
борселлино 4,317488 12,952464
поста 3,401197 3,401197
стало 1,181994 1,181994
друг 2,238047 2,238047
кровопролитие 4,317488 4,317488
глава 1,643339 1,643339
масштабы 3,912023 3,912023
сохранить 2,525729 2,525729
стала 1,576648 3,153296
бадаламенти 4,317488 4,317488
мелони 4,317488 4,317488
магистраты 4,317488 8,634976
привел 3,218876 3,218876
главарь 4,317488 4,317488
обитания 0,000000 0,000000
недолго 4,317488 8,634976
впервые 1,919593 1,919593
случались 4,317488 4,317488
российским 0,076161 0,076161
переписки 4,317488 4,317488
подельники 4,317488 4,317488
давно 2,445686 2,445686
экзекуцию 4,317488 4,317488
условны 4,317488 4,317488
магистрата 4,317488 4,317488
спустя 1,832581 1,832581
интернет 0,000000 0,000000
подельника 4,317488 4,317488
обратился 0,076161 0,076161
пожизненных 4,317488 8,634976
каппонетто 4,317488 4,317488
аккуратно 3,401197 3,401197
функционерами 4,317488 4,317488
человеку 3,218876 3,218876
сражение 3,912023 3,912023
гид 0,076161 0,076161
крупнейших 4,317488 4,317488
работе 1,791759 1,791759
дома 0,061875 0,061875
грандиозная 4,317488 4,317488
пола 0,097980 0,097980
работу 1,791759 1,791759
наблюдать 3,912023 3,912023
кругах 3,624341 3,624341
долг 4,317488 4,317488
пожизненные 3,912023 3,912023
вселюдизвериедапроисшествияперсонысчастливчикианомалии 2,813411 2,813411
евро 2,931194 2,931194
карабинеров 4,317488 4,317488
эмоции 0,047791 0,047791
период 2,120264 2,120264
становятся 3,401197 3,401197
самого 2,525729 2,525729
центральные 3,912023 3,912023
слиться 4,317488 4,317488
муссолини 4,317488 4,317488
сети 0,090654 0,090654
военнослужащим 0,076161 0,076161
изъяли 3,401197 3,401197
кроме 1,427116 1,427116
бороться 2,708050 2,708050
видоизменяется 4,317488 4,317488
ареста 4,317488 4,317488
войны 1,791759 7,167038
предметом 3,912023 3,912023
материалы 0,000000 0,000000
кодекс 4,317488 4,317488
эксперт 2,371578 7,114734
депутат 0,076161 0,076161
заняли 3,624341 3,624341
положение 3,218876 3,218876
вышел 2,708050 5,416100
статьи 0,000000 0,000000
война 2,371578 7,114734
очередном 4,317488 4,317488
избиения 3,912023 3,912023
пространстве 3,624341 3,624341
контакты 2,302585 2,302585
современные 3,624341 3,624341
культура 0,000000 0,000000
чести 4,317488 17,269952
происшествия 3,064725 3,064725
очередной 2,931194 2,931194
никита 3,064725 3,064725
находился 3,218876 3,218876
задержанных 4,317488 8,634976
основой 3,912023 3,912023
полицией 3,912023 3,912023
удалось 1,714798 1,714798
мировой 2,445686 2,445686
инзерилло 4,317488 4,317488
фальконе 4,317488 12,952464
многие 1,714798 3,429597
грандиозного 4,317488 4,317488
грани 3,064725 3,064725
летней 2,708050 2,708050
фактически 3,401197 3,401197
работает 0,040822 0,081644
увлекательные 0,047791 0,047791
джованни 4,317488 12,952464
переговоры 0,054808 0,054808
зверские 4,317488 4,317488
бандиты 3,912023 3,912023
времени 1,919593 1,919593
провинившегося 3,218876 3,218876
год 1,714798 1,714798
маккартни 0,097980 0,097980
укорененном 4,317488 4,317488
добытое 4,317488 4,317488
оставило 4,317488 4,317488
министр 2,612740 2,612740
сбер 0,040822 0,040822
использованияполитика 0,000000 0,000000
боссов 3,912023 23,472138
вопросов 3,064725 3,064725
потеря 3,912023 3,912023
мая 2,931194 2,931194
потерю 2,612740 2,612740
боссом 4,317488 4,317488
старых 3,401197 3,401197
преодолены 4,317488 4,317488
думаю 2,708050 2,708050
воли 2,302585 2,302585
ростовщичеством 4,317488 4,317488
крупный 0,068993 0,068993
регионам 0,076161 0,076161
крупным 0,076161 0,076161
объявлять 4,317488 4,317488
сетовал 4,317488 4,317488
крупные 3,218876 3,218876
репрессии 4,317488 8,634976
жену 3,401197 3,401197
гремела 4,317488 4,317488
самой 2,525729 2,525729
григорием 4,317488 4,317488
самом 2,014903 2,014903
остались 0,061875 0,061875
сегодня 1,643339 3,286679
расправились 3,912023 3,912023
глубоко 3,624341 3,624341
той 2,931194 5,862388
муссировалась 4,317488 4,317488
сразу 2,066196 4,132393
союзников 4,317488 4,317488
штата 3,624341 3,624341
тосты 4,317488 4,317488
руку 3,218876 6,437752
вместе 1,514128 1,514128
международных 3,218876 3,218876
подручными 4,317488 4,317488
бонтате 4,317488 4,317488
рады 0,068993 0,068993
долгое 3,624341 3,624341
паоло 4,317488 12,952464
взорвали 3,218876 3,218876
рииной 4,317488 4,317488
акции 0,047791 0,047791
рука 4,317488 4,317488
звучали 4,317488 4,317488
рассказал 1,272966 1,272966
генеральный 3,401197 3,401197
историк 2,931194 11,724775
насчитывает 4,317488 4,317488
преступным 2,708050 5,416100
изменится 2,813411 2,813411
истории 1,966113 3,932226
считается 2,612740 2,612740
экономика 0,000000 0,000000
карабинерами 4,317488 4,317488
организация 3,218876 6,437752
убийств 4,317488 4,317488
совершенные 4,317488 4,317488
организации 2,708050 2,708050
праздновал 4,317488 4,317488
историю 2,525729 2,525729
история 2,238047 2,238047
разборок 4,317488 4,317488
вскоре 2,302585 2,302585
довольно 3,064725 3,064725
ностра 2,931194 38,105519
реальный 0,013423 0,013423
сальваторе 4,317488 12,952464
семью 3,624341 3,624341
разгрома 3,912023 7,824046
руководить 4,317488 4,317488
томмазо 4,317488 4,317488
мафия 2,931194 35,174325
мафию 3,912023 7,824046
тысячи 0,068993 0,137986
расшириться 4,317488 4,317488
арестами 4,317488 4,317488
культурной 3,912023 3,912023
боссы 2,708050 5,416100
сторонники 4,317488 4,317488
бывает 3,218876 3,218876
порядка 3,064725 3,064725
предрек 0,076161 0,076161
казалось 2,708050 2,708050
возглавляемыми 4,317488 4,317488
премьер 2,525729 2,525729
соблюдают 4,317488 4,317488
фильм 2,813411 5,626821
жителей 1,966113 1,966113
следует 2,302585 2,302585
прокурор 3,912023 3,912023
заявили 0,076161 0,076161
показания 3,064725 3,064725
существовало 4,317488 4,317488
стефано 4,317488 4,317488
заявила 2,612740 2,612740
видеть 0,013423 0,026846
мафии 2,708050 32,496602
своим 2,445686 2,445686
называемых 3,912023 7,824046
активно 2,708050 2,708050
второй 2,066196 4,132393
ордера 4,317488 8,634976
перемирий 4,317488 4,317488
перемирии 0,076161 0,076161
семьями 4,317488 4,317488
угона 4,317488 4,317488
бушетты 4,317488 4,317488
приведшего 4,317488 4,317488
новые 0,000000 0,000000
получили 2,813411 2,813411
наказывать 4,317488 4,317488
добро 0,013423 0,013423
пить 4,317488 4,317488
выражаете 0,047791 0,047791
менее 2,014903 2,014903
эпизодов 4,317488 4,317488
открытые 3,912023 3,912023
прикидкам 4,317488 4,317488
помощью 0,047791 0,047791
планов 3,912023 3,912023
первой 2,612740 2,612740
пропал 3,218876 3,218876
продлилась 3,624341 3,624341
добра 0,013423 0,026846
преступного 3,912023 15,648092
словам 1,272966 2,545931
чатов 3,912023 3,912023
ударе 3,624341 3,624341
е 3,401197 6,802395
м 2,066196 2,066196
оценивайте 0,047791 0,047791
х 2,177422 4,354844
первоначальным 4,317488 4,317488
запросто 4,317488 4,317488
сообществом 2,708050 2,708050
заключенных 3,624341 3,624341
неуклонно 4,317488 4,317488
бутылку 3,912023 3,912023
подписывал 4,317488 4,317488
слухи 3,624341 3,624341
ответа 3,401197 3,401197
мир 0,000000 0,000000
овощных 4,317488 4,317488
обмануть 3,624341 3,624341
бойца 3,064725 3,064725
большую 2,612740 2,612740
отозвался 4,317488 4,317488
погружайтесь 0,047791 0,047791
железного 4,317488 4,317488
бывший 0,000000 0,000000
время 0,762140 3,048560
накапливайте 0,047791 0,047791
сознании 3,912023 3,912023
ооо 0,000000 0,000000
деактивирована 0,013423 0,013423
отменить 3,064725 3,064725
отдела 0,579818 0,579818
хотят 2,708050 2,708050
тюрьму 3,401197 3,401197
ранее 1,003302 1,003302
кризисе 3,912023 3,912023
тюрьме 3,912023 3,912023
новых 2,014903 2,014903
структуры 0,000000 0,000000
высших 4,317488 4,317488
макси 4,317488 8,634976
убили 3,401197 3,401197
хочешь 0,013423 0,013423
пляжных 0,097980 0,097980
обычную 0,013423 0,013423
коррумпированного 4,317488 4,317488
отец 2,177422 4,354844
последствия 2,371578 2,371578
внешность 0,097980 0,097980
полиции 2,445686 2,445686
галереи 0,000000 0,000000
судить 3,624341 3,624341
присоединением 4,317488 4,317488
истинных 4,317488 4,317488
равно 2,931194 2,931194
некогда 4,317488 4,317488
сумма 3,401197 3,401197
называемыми 3,912023 3,912023
относится 3,401197 3,401197
прядкоисторик 4,317488 17,269952
редакциярекламаконтактыпресс 0,000000 0,000000
преступностью 4,317488 4,317488
всей 2,238047 4,476093
видео 0,000000 0,000000
михаила 3,624341 3,624341
состоящий 4,317488 4,317488
помощи 2,302585 4,605170
такого 2,612740 5,225480
острова 3,624341 3,624341
мог 2,302585 2,302585
странах 3,401197 3,401197
коза 2,931194 38,105519
одного 2,177422 2,177422
решил 2,708050 2,708050
обсудить 0,456758 0,456758
крупной 4,317488 4,317488
союзники 3,624341 3,624341
зашифрованных 4,317488 4,317488
сможет 2,445686 2,445686
играми 4,317488 4,317488
субъективно 4,317488 4,317488
властей 2,931194 2,931194
преступности 4,317488 4,317488
римские 4,317488 4,317488
вторая 2,813411 5,626821
среда 0,000000 0,000000
скидки 0,047791 0,047791
застрелили 4,317488 4,317488
самораспуститься 4,317488 4,317488
утверждает 2,931194 2,931194
шоссе 4,317488 4,317488
исчезнет 3,912023 3,912023
эксклюзивы 0,000000 0,000000
выражайте 0,047791 0,047791
раскаявшиеся 4,317488 4,317488
казино 4,317488 4,317488
конфликте 0,076161 0,076161
позже 1,919593 1,919593
продолжая 0,047791 0,047791
ордеров 4,317488 4,317488
деньги 2,014903 2,014903
подобные 2,931194 2,931194
которое 2,371578 2,371578
последующим 4,317488 4,317488
конфиденциальностиправила 0,000000 0,000000
политикой 0,047791 0,047791
недалеко 4,317488 4,317488
отметил 1,791759 1,791759
фильмов 3,064725 3,064725
операции 1,714798 3,429597
поймали 3,912023 3,912023
приветствовались 4,317488 4,317488
романо 3,912023 11,736069
смерти 2,445686 4,891372
раньше 2,371578 4,743156
джорджа 4,317488 4,317488
легендарные 3,624341 3,624341
операция 2,708050 2,708050
которого 1,875141 1,875141
это 0,020203 0,262635
легендарным 2,612740 2,612740
положительного 4,317488 4,317488
этим 2,302585 2,302585
произнося 4,317488 4,317488
факторов 3,912023 3,912023
исследователь 3,624341 18,121705
прочные 4,317488 4,317488
выясняет 4,317488 4,317488
две 0,033902 0,033902
жестокого 3,912023 3,912023
двухлетнее 4,317488 4,317488
прежнее 3,064725 3,064725
вряд 2,612740 5,225480
назвали 2,238047 2,238047
прежней 3,912023 3,912023
взрывы 2,931194 2,931194
давности 4,317488 4,317488
пошел 2,931194 2,931194
сентября 2,708050 2,708050
бенито 4,317488 4,317488
новости 0,000000 0,000000
войти 0,000000 0,000000
медитации 0,076161 0,076161
регионе 2,302585 2,302585
решеткой 3,912023 7,824046
судьба 3,218876 3,218876
прогулял 4,317488 4,317488
действия 2,302585 2,302585
остров 3,624341 3,624341
минимум 3,064725 3,064725
уход 0,076161 0,076161
растеряла 4,317488 4,317488
осуждено 4,317488 4,317488
новое 2,931194 2,931194
савин 3,624341 3,624341
спецпроекты 0,000000 0,000000
уверен 2,612740 2,612740
улова 4,317488 4,317488
феврале 2,525729 5,051457
обычным 3,624341 3,624341
тано 4,317488 4,317488
смело 4,317488 4,317488
медиа 3,912023 3,912023
игры 0,000000 0,000000
заочно 4,317488 4,317488
февраля 1,272966 2,545931
техника 0,000000 0,000000
продлить 3,624341 3,624341
мощном 4,317488 4,317488
трампа 0,054808 0,054808
события 2,612740 2,612740
германии 2,177422 2,177422
антонио 4,317488 4,317488
выявили 3,912023 3,912023
самых 1,609438 1,609438
отвел 0,076161 0,076161
марта 0,040822 0,040822
ресторане 4,317488 4,317488
прокуратура 3,912023 3,912023
реакций 0,047791 0,047791
реакции 0,047791 0,047791
прокуратуре 4,317488 4,317488
технологии 3,401197 3,401197
мафиози 3,912023 15,648092
показало 3,624341 3,624341
неотъемлемая 4,317488 4,317488
мафиозо 4,317488 8,634976
прежних 4,317488 4,317488
следователей 4,317488 8,634976
величиной 4,317488 4,317488
присоединения 4,317488 4,317488
освоили 3,912023 3,912023
зеленского 0,068993 0,068993
продолжение 3,218876 3,218876
февральской 4,317488 4,317488
лента 0,000000 0,000000
арест 3,624341 7,248682
роль 1,966113 1,966113
спасись 4,317488 4,317488
месяц 2,525729 2,525729
борьба 2,445686 2,445686
прозвищу 3,912023 3,912023
запись 3,912023 3,912023
жми 0,013423 0,013423
правила 2,813411 2,813411
саму 3,912023 3,912023
выданы 4,317488 4,317488
вообще 2,813411 2,813411
ленту 0,013423 0,013423
затопленного 0,076161 0,076161
проблемах 2,445686 2,445686
приказы 4,317488 4,317488
даты 3,624341 3,624341
применения 0,000000 0,000000
задержали 2,302585 2,302585
знаменитого 3,401197 3,401197
ценности 0,000000 0,000000
стремление 3,218876 3,218876
привели 3,218876 3,218876
материалам 0,047791 0,047791
вернуться 0,013423 0,013423
ваши 0,047791 0,047791
процентов 1,875141 1,875141
действует 3,624341 3,624341
январе 2,813411 5,626821
торжествовал 4,317488 4,317488
которую 2,708050 5,416100
отличную 3,624341 3,624341
насилия 3,912023 3,912023
россия 0,000000 0,000000
го 2,302585 9,210340
конца 2,708050 5,416100
государства 2,708050 2,708050
свои 0,027029 0,054057
подтверждает 4,317488 8,634976
рыбы 3,401197 3,401197
разгромить 4,317488 4,317488
де 3,624341 10,873023
решетки 4,317488 4,317488
послужили 4,317488 4,317488
срока 3,912023 7,824046
уволит 0,076161 0,076161
возглавлял 3,912023 3,912023
удерживает 4,317488 4,317488
американский 0,061875 0,061875
сроки 3,064725 3,064725
карневале 4,317488 4,317488
интересно 2,813411 2,813411
взяли 3,218876 3,218876
скорее 2,708050 5,416100
явно 3,912023 3,912023
семей 3,912023 3,912023
зеленским 0,076161 0,076161
числе 1,714798 1,714798
двум 0,076161 0,076161
вызвала 0,097980 0,097980
кланов 4,317488 4,317488
число 2,014903 2,014903
шампанского 4,317488 4,317488
опубликованных 3,912023 3,912023
контроль 2,445686 9,782744
влиятельного 4,317488 4,317488
развернулась 4,317488 4,317488
фашистскими 4,317488 4,317488
откупоривая 4,317488 4,317488
условной 4,317488 4,317488
иерархии 4,317488 8,634976
перехватов 4,317488 4,317488
прогресс 0,097980 0,097980
ходе 1,791759 1,791759
позиции 2,302585 2,302585
винил 4,317488 4,317488
форме 0,061875 0,185626
корлеонези 4,317488 4,317488
друга 2,525729 2,525729
силовые 0,000000 0,000000
вернулась 2,445686 2,445686
несмотря 2,120264 2,120264
отменил 3,624341 3,624341
сицилийского 4,317488 4,317488
босс 3,624341 10,873023
дня 0,061875 0,061875
темы 3,624341 3,624341
рода 3,218876 3,218876
мори 4,317488 4,317488
риине 4,317488 4,317488
источникам 4,317488 4,317488
полицейские 3,624341 3,624341
позволяет 2,612740 2,612740
сотрудников 0,076161 0,076161
мафиозной 4,317488 4,317488
риина 4,317488 21,587441
победителем 4,317488 4,317488
периоды 3,624341 3,624341
джанкарло 3,912023 3,912023
сим 3,624341 3,624341
начались 0,068993 0,068993
полицейских 3,624341 7,248682
зверь 3,624341 7,248682
рекомендательных 0,000000 0,000000
около 1,678431 3,356862
проиграла 4,317488 4,317488
третьих 4,317488 4,317488
заниматься 3,624341 3,624341
вроде 3,064725 3,064725
святой 3,912023 3,912023
выживет 3,912023 3,912023
называемая 4,317488 4,317488
троих 3,401197 3,401197
продолжающееся 4,317488 4,317488
машине 3,401197 3,401197
глазах 2,931194 2,931194
признали 2,177422 2,177422
трансформации 4,317488 4,317488
окрестностях 3,912023 3,912023
берет 3,912023 3,912023
забота 0,000000 0,000000
пожаловать 0,013423 0,013423
октября 2,931194 2,931194
которые 1,181994 2,363988
поколений 3,218876 3,218876
который 1,272966 2,545931
идея 2,931194 2,931194
находились 3,912023 3,912023
идет 2,177422 2,177422
победа 0,000000 0,000000
сицилийском 4,317488 8,634976
организованной 4,317488 4,317488
считают 3,064725 3,064725
опечатку 0,000000 0,000000
телефоне 4,317488 4,317488
сми 0,000000 0,000000
сицилийской 2,708050 10,832201
взорван 4,317488 4,317488
переживает 3,912023 3,912023
поколение 4,317488 4,317488
жить 2,177422 2,177422
поклонники 3,912023 3,912023
сдавать 3,624341 3,624341
место 0,054808 0,054808
примерно 2,813411 2,813411
мс 0,097980 0,097980
начали 1,427116 2,854233
сравнимы 4,317488 4,317488
пытаясь 2,931194 2,931194
попытки 2,302585 2,302585
количеству 3,624341 3,624341
начала 1,832581 1,832581
чезаре 4,317488 4,317488
действительно 2,612740 2,612740
смогла 3,401197 3,401197
старомодные 4,317488 4,317488
влияния 2,302585 4,605170
каждый 2,066196 2,066196
смогли 2,525729 2,525729
онлайн 3,401197 3,401197
сицилийские 4,317488 4,317488
управляющий 3,624341 3,624341
апреля 2,612740 2,612740
легендарной 3,624341 3,624341
запросы 3,912023 3,912023
преступления 3,624341 3,624341
слышит 4,317488 4,317488
сицилийских 4,317488 4,317488
влияние 2,371578 4,743156
орган 3,912023 3,912023
переговоров 1,714798 1,714798
годы 2,302585 4,605170
пентито 4,317488 8,634976
зондировал 4,317488 4,317488
судя 3,401197 3,401197
году 1,373049 4,119147
правды 0,068993 0,068993
предполагает 4,317488 4,317488
закончил 3,912023 3,912023
февральские 4,317488 4,317488
невозможно 2,708050 2,708050
сотни 2,066196 4,132393
оказалась 2,302585 4,605170
городе 0,061875 0,061875
семьей 3,912023 3,912023
скота 2,931194 2,931194
года 0,899761 3,599046
заключения 3,624341 3,624341
раструбили 4,317488 4,317488
помогли 2,931194 2,931194
информация 2,931194 2,931194
прядко 3,912023 31,296184
очень 1,347074 6,735368
выяснилось 2,371578 2,371578
сыграло 4,317488 4,317488
наука 0,000000 0,000000
моим 3,912023 3,912023
сыграли 3,912023 3,912023
жалкая 4,317488 4,317488
