готов 3,401197 6,802395
перемирии 0,076161 0,076161
ру 0,000000 0,000000
банк 0,076161 0,076161
терроризм 5,010635 10,021271
кгб 3,401197 3,401197
день 1,544899 1,544899
новые 0,000000 0,000000
разведка 3,401197 3,401197
газа 3,912023 3,912023
дружить 4,317488 4,317488
советник 3,218876 3,218876
карты 2,931194 2,931194
указал 2,525729 2,525729
вокруг 2,525729 2,525729
заявил 1,098612 3,295837
ситуации 2,014903 2,014903
согласие 0,047791 0,047791
добро 0,013423 0,013423
выборах 3,401197 3,401197
выражаете 0,047791 0,047791
включения 3,624341 3,624341
готовящемся 3,064725 3,064725
помощью 0,047791 0,047791
долго 2,612740 2,612740
эпидемия 3,218876 6,437752
продлилась 3,624341 3,624341
какими 3,218876 3,218876
доверии 5,010635 5,010635
перемирия 2,445686 4,891372
помощь 2,177422 2,177422
добра 0,013423 0,026846
возможном 3,912023 3,912023
нюансы 4,317488 8,634976
одна 1,875141 1,875141
перемирию 3,401197 3,401197
фото 0,061875 0,061875
попытается 3,624341 3,624341
санкций 2,302585 2,302585
санкции 2,612740 2,612740
готовности 4,317488 4,317488
канцлером 4,317488 4,317488
грозит 3,064725 6,129450
разговор 1,791759 3,583519
макрон 5,010635 15,031906
водой 0,061875 0,061875
суд 1,966113 5,898339
технологиймини 0,000000 0,000000
экс 2,066196 2,066196
оценивайте 0,047791 0,047791
договориться 4,317488 4,317488
согласование 5,010635 5,010635
наркотическая 5,010635 5,010635
назвал 1,347074 8,082442
вторжения 3,912023 3,912023
проблемой 3,218876 3,218876
конфиденциальности 0,047791 0,047791
нетерпеливым 5,010635 5,010635
мир 0,000000 0,000000
связи 2,120264 4,240527
унести 4,317488 4,317488
полного 3,624341 3,624341
столкнулись 3,624341 3,624341
нажмите 0,000000 0,000000
получайте 0,047791 0,047791
белоруссией 4,317488 4,317488
стрелке 3,912023 3,912023
погружайтесь 0,047791 0,047791
стамбула 2,931194 5,862388
бывшим 3,064725 6,129450
слишком 2,371578 2,371578
бывший 0,000000 0,000000
время 0,762140 0,762140
проблемы 0,076161 0,152323
китая 3,401197 3,401197
накапливайте 0,047791 0,047791
третьего 4,317488 4,317488
оон 3,218876 3,218876
ооо 0,000000 0,000000
стамбуле 5,010635 5,010635
деактивирована 0,013423 0,013423
путешествия 0,000000 0,000000
отменить 3,064725 3,064725
победителя 5,010635 5,010635
сильным 3,624341 3,624341
новым 2,708050 5,416100
существование 3,218876 3,218876
восстановления 3,912023 3,912023
ситуацию 2,931194 2,931194
развернуть 5,010635 5,010635
территории 1,919593 1,919593
набирают 3,912023 3,912023
прекратили 5,010635 5,010635
близости 4,317488 4,317488
новых 2,014903 4,029806
убийства 5,010635 5,010635
структуры 0,000000 0,000000
развязывании 5,010635 5,010635
провел 2,708050 2,708050
индии 0,076161 0,076161
призвал 2,931194 2,931194
хочешь 0,013423 0,013423
нашли 0,000000 0,000000
пляжных 0,097980 0,097980
одной 1,514128 1,514128
одном 2,525729 2,525729
рычагов 5,010635 5,010635
контрразведывательные 3,064725 3,064725
час 3,218876 3,218876
обычную 0,013423 0,013423
сильные 2,708050 2,708050
украине 1,139434 26,206989
скандалом 4,317488 4,317488
внешность 0,097980 0,097980
украину 2,302585 6,907755
света 0,054808 0,054808
украинском 0,076161 0,152323
ценное 4,317488 4,317488
украины 1,021651 3,064954
часа 2,371578 2,371578
курской 1,832581 1,832581
значат 3,912023 3,912023
прокомментировал 3,064725 3,064725
галереи 0,000000 0,000000
отсутствие 3,401197 3,401197
задумала 5,010635 5,010635
белоусов 0,076161 0,076161
условиями 0,040822 0,081644
антироссийских 3,218876 3,218876
путину 3,401197 3,401197
готовы 2,708050 2,708050
выселить 5,010635 5,010635
минобороны 1,966113 1,966113
размещение 3,912023 3,912023
расизм 5,010635 5,010635
дональд 2,238047 4,476093
сколько 2,525729 2,525729
победы 3,401197 3,401197
прокомментировали 3,401197 3,401197
меры 3,064725 3,064725
изменить 3,401197 3,401197
отказ 3,401197 3,401197
читайте 0,040822 0,040822
кремле 2,708050 21,664402
раскрыли 2,302585 9,210340
прошла 3,064725 3,064725
байконур 0,097980 0,097980
базе 3,401197 3,401197
получит 2,813411 2,813411
редакциярекламаконтактыпресс 0,000000 0,000000
японии 4,317488 4,317488
британский 3,912023 3,912023
прошли 3,401197 3,401197
сокрыть 5,010635 5,010635
полностью 2,525729 2,525729
видео 0,000000 0,000000
председателя 3,401197 3,401197
польша 4,317488 4,317488
всему 2,612740 2,612740
трампом 2,525729 12,628643
помощи 2,302585 4,605170
оценку 3,912023 7,824046
раскрыла 2,708050 2,708050
перепалки 5,010635 5,010635
путина 1,514128 13,627150
забрал 3,912023 3,912023
последние 0,090654 0,181309
предрекли 0,076161 0,076161
решил 2,708050 5,416100
перепалку 5,010635 5,010635
обвинил 3,624341 3,624341
архив 0,000000 0,000000
просят 3,912023 3,912023
британии 4,317488 4,317488
сможет 2,445686 2,445686
отставку 3,401197 6,802395
сша 0,040822 1,224660
властей 2,931194 5,862388
всеполитикаобществопроисшествияконфликтыпреступность 2,014903 2,014903
минами 5,010635 5,010635
среда 0,000000 0,000000
приведет 2,525729 2,525729
самая 2,238047 2,238047
раскрытии 0,076161 0,152323
остановили 3,912023 3,912023
руках 3,401197 3,401197
байдена 3,401197 3,401197
скидки 0,047791 0,047791
пришли 2,931194 2,931194
политологи 3,401197 3,401197
разговору 5,010635 10,021271
эксклюзивы 0,000000 0,000000
названо 2,813411 2,813411
российском 0,076161 0,076161
выражайте 0,047791 0,047791
вычислить 3,912023 3,912023
одиночки 5,010635 5,010635
секрет 2,612740 2,612740
сформировал 5,010635 5,010635
угрозы 3,912023 3,912023
спецпосланник 2,931194 8,793581
конфликте 0,076161 0,228484
продолжая 0,047791 0,047791
восторга 5,010635 5,010635
закончилась 3,624341 3,624341
конфликта 1,919593 7,678371
команда 2,813411 2,813411
большой 2,371578 2,371578
результаты 2,371578 2,371578
цикла 2,813411 5,626821
дал 2,238047 2,238047
стратегическую 4,317488 4,317488
возвращение 3,401197 3,401197
конфликту 3,401197 3,401197
анонсировали 3,912023 3,912023
конфиденциальностиправила 0,000000 0,000000
документ 3,624341 3,624341
бонусы 0,047791 0,095581
политикой 0,047791 0,047791
жильцы 0,076161 0,076161
жизни 0,000000 0,000000
операции 1,714798 3,429597
отошли 4,317488 4,317488
опасен 4,317488 4,317488
школах 3,912023 3,912023
системы 2,525729 2,525729
агент 3,912023 3,912023
слова 2,177422 2,177422
нелегалов 5,010635 5,010635
раскрыл 2,177422 2,177422
кого 2,708050 2,708050
провести 2,931194 2,931194
туристку 0,076161 0,076161
это 0,020203 0,141419
миллиарда 3,912023 3,912023
массовые 3,912023 3,912023
станет 2,708050 2,708050
возможную 5,010635 5,010635
западной 3,624341 3,624341
разговоре 2,708050 8,124151
покушении 3,064725 6,129450
прямой 5,010635 5,010635
назвала 2,931194 2,931194
четырех 3,624341 3,624341
две 0,033902 0,033902
определили 3,624341 7,248682
поделились 5,010635 5,010635
мотор 0,000000 0,000000
золотые 4,317488 4,317488
обменивайте 0,047791 0,047791
сделка 3,624341 3,624341
назвали 2,238047 8,952186
покушение 3,624341 3,624341
советско 3,624341 3,624341
катастрофа 3,624341 3,624341
диктатором 4,317488 4,317488
опасной 3,401197 3,401197
выдвинул 4,317488 4,317488
белого 2,302585 2,302585
способах 5,010635 5,010635
новости 0,000000 0,000000
ссора 3,912023 3,912023
разговора 1,609438 3,218876
войти 0,000000 0,000000
миру 2,371578 2,371578
хорошие 0,013423 0,013423
дальше 2,612740 2,612740
беседы 2,813411 2,813411
отмены 3,912023 3,912023
россиянам 2,525729 2,525729
медитации 0,076161 0,076161
мире 1,919593 7,678371
твердым 5,010635 5,010635
активам 5,010635 5,010635
действия 2,302585 2,302585
мира 1,576648 4,729944
превосходстве 5,010635 5,010635
нечто 3,912023 3,912023
уход 0,076161 0,076161
почему 0,899761 7,198091
расшифровка 5,010635 5,010635
обсуждали 3,064725 3,064725
белом 2,371578 4,743156
новое 2,931194 5,862388
германия 4,317488 4,317488
затрагивать 5,010635 5,010635
прибыл 0,083382 0,083382
области 1,399717 1,399717
ждать 2,813411 2,813411
беседах 5,010635 5,010635
звуковую 3,912023 3,912023
спецпроекты 0,000000 0,000000
захарова 3,218876 3,218876
ответит 3,912023 3,912023
ошибку 3,912023 3,912023
аравии 2,813411 2,813411
экспертная 5,010635 5,010635
тайвань 4,317488 4,317488
путин 1,203973 2,407946
продержаться 5,010635 5,010635
финляндии 3,064725 6,129450
путиным 1,966113 13,762790
игры 0,000000 0,000000
пост 3,064725 6,129450
февраля 1,272966 14,002622
техника 0,000000 0,000000
ссср 0,000000 0,000000
трампа 0,054808 1,096165
германии 2,177422 10,887110
христиане 3,912023 3,912023
состоялись 4,317488 4,317488
отвел 0,076161 0,076161
возвращения 2,445686 2,445686
повороте 5,010635 5,010635
пожаловался 3,401197 3,401197
министра 3,401197 3,401197
марта 0,040822 0,653152
против 1,791759 7,167038
выделит 5,010635 5,010635
ответ 2,177422 2,177422
главное 0,000000 0,000000
шииты 5,010635 5,010635
финской 3,624341 3,624341
нового 2,371578 2,371578
журналистам 3,401197 3,401197
реакций 0,047791 0,047791
летнего 0,097980 0,097980
реакции 0,047791 0,047791
требованиях 5,010635 5,010635
мини 0,000000 0,000000
показали 2,931194 2,931194
реакция 2,612740 2,612740
раскрыта 3,401197 6,802395
правую 4,317488 4,317488
вступление 5,010635 5,010635
изнасиловал 0,076161 0,076161
угрожает 3,624341 3,624341
трампу 2,612740 5,225480
мировые 3,401197 3,401197
мнением 4,317488 4,317488
попытках 2,612740 2,612740
трампе 4,317488 4,317488
необычно 5,010635 5,010635
обвиняют 2,813411 2,813411
зеленского 0,068993 0,275971
лента 0,000000 0,000000
партию 3,912023 3,912023
гиперзвук 5,010635 5,010635
диалог 3,064725 3,064725
здравый 5,010635 5,010635
спорт 0,000000 0,000000
советская 3,624341 3,624341
сектора 4,317488 4,317488
некачественная 5,010635 5,010635
линии 2,708050 2,708050
переговорах 2,612740 7,838220
думает 5,010635 5,010635
споры 0,097980 0,097980
противопехотными 5,010635 5,010635
военной 0,061875 0,123751
остановить 2,708050 2,708050
четыре 0,040822 0,040822
захотел 3,912023 3,912023
жми 0,013423 0,013423
стало 1,181994 1,181994
террористы 4,317488 4,317488
сирии 4,317488 4,317488
глава 1,643339 1,643339
франции 3,624341 3,624341
высказался 3,218876 6,437752
ленту 0,013423 0,013423
доставили 2,708050 2,708050
затопленного 0,076161 0,076161
давление 2,813411 2,813411
сказал 2,525729 2,525729
усеять 5,010635 5,010635
оружие 2,813411 2,813411
россии 0,425668 8,087688
применения 0,000000 0,000000
задержали 2,302585 2,302585
дату 5,010635 5,010635
смысл 3,912023 3,912023
обитания 0,000000 0,000000
ценности 0,000000 0,000000
дорогая 4,317488 4,317488
первая 2,371578 2,371578
насилие 3,401197 3,401197
песков 3,218876 6,437752
материалам 0,047791 0,047791
начинаются 4,317488 4,317488
кораблям 3,624341 3,624341
требования 2,302585 2,302585
известно 1,297063 2,594126
впервые 1,919593 1,919593
вернуться 0,013423 0,013423
неформальных 5,010635 5,010635
ваши 0,047791 0,095581
западе 2,612740 10,450960
процентов 1,875141 1,875141
опасения 3,624341 3,624341
российским 0,076161 0,152323
опровергли 3,401197 3,401197
оставить 3,401197 3,401197
запада 2,708050 2,708050
га 3,912023 3,912023
угрозой 2,931194 2,931194
цель 3,218876 3,218876
необходимо 2,120264 2,120264
прекращения 2,371578 7,114734
половиной 3,218876 3,218876
уничтожил 5,010635 5,010635
прекращению 3,064725 3,064725
фашистами 4,317488 4,317488
интернет 0,000000 0,000000
россия 0,000000 0,000000
россию 1,609438 3,218876
обратился 0,076161 0,076161
превращении 4,317488 4,317488
нацбезопасности 4,317488 4,317488
рассказали 1,919593 1,919593
саудовской 2,813411 2,813411
коллегой 2,525729 2,525729
свои 0,027029 0,027029
объяснили 3,064725 3,064725
говорили 2,813411 2,813411
крыма 5,010635 5,010635
европы 2,445686 2,445686
убедили 3,624341 3,624341
контрразведки 4,317488 8,634976
доме 2,014903 4,029806
вопросу 3,064725 6,129450
убийце 5,010635 5,010635
премьера 3,218876 3,218876
оружия 2,813411 2,813411
гид 0,076161 0,076161
работе 1,791759 1,791759
американских 2,371578 2,371578
уволит 0,076161 0,076161
дома 0,061875 0,123751
американский 0,061875 0,061875
пола 0,097980 0,097980
проиграет 3,218876 3,218876
сроки 3,064725 3,064725
прекращении 2,238047 2,238047
прекращение 2,813411 2,813411
называет 3,624341 3,624341
зеленский 1,714798 6,859194
отношению 5,010635 5,010635
смогут 3,064725 3,064725
отравлена 5,010635 5,010635
популярность 3,064725 3,064725
европа 2,525729 2,525729
поводу 3,401197 3,401197
отправке 4,317488 4,317488
евро 2,931194 2,931194
эмоции 0,047791 0,047791
медицина 5,010635 5,010635
указали 3,064725 3,064725
зеленским 0,076161 0,380807
необходимости 3,401197 3,401197
ес 2,708050 10,832201
отреагировал 2,612740 2,612740
военную 2,813411 2,813411
двум 0,076161 0,076161
вызвала 0,097980 0,097980
применить 5,010635 5,010635
кризис 3,624341 3,624341
сети 0,090654 0,090654
работы 1,455287 1,455287
военнослужащим 0,076161 0,076161
причина 2,445686 2,445686
бесстыдством 5,010635 5,010635
черты 4,317488 4,317488
севастополя 3,064725 6,129450
мэра 2,612740 5,225480
отреагировали 2,238047 6,714140
адг 5,010635 5,010635
бороться 2,708050 2,708050
мирном 5,010635 5,010635
украинскому 3,401197 3,401197
территориям 5,010635 5,010635
спецназ 3,218876 3,218876
войны 1,791759 3,583519
мирное 2,931194 2,931194
паспорта 4,317488 4,317488
материалы 0,000000 0,000000
депутат 0,076161 0,076161
чему 2,708050 2,708050
вербуют 3,912023 3,912023
прогресс 0,097980 0,097980
цру 3,912023 3,912023
статьи 0,000000 0,000000
ядерное 5,010635 5,010635
геноцида 4,317488 4,317488
проблемами 3,218876 3,218876
рейтинг 5,010635 5,010635
согласиться 3,064725 3,064725
россией 2,120264 8,481054
дом 2,014903 6,044709
разрушение 3,912023 3,912023
направлено 5,010635 5,010635
форме 0,061875 0,061875
приготовили 5,010635 5,010635
современные 3,624341 3,624341
культура 0,000000 0,000000
вероятной 3,624341 3,624341
восстали 5,010635 5,010635
выдвинуть 3,912023 3,912023
добросовестными 3,401197 3,401197
силовые 0,000000 0,000000
альтернативы 5,010635 5,010635
маразмом 5,010635 5,010635
современный 3,401197 3,401197
дня 0,061875 0,061875
отправили 2,708050 2,708050
повод 4,317488 4,317488
криками 5,010635 5,010635
отношений 2,708050 2,708050
пушку 3,912023 3,912023
канады 3,912023 3,912023
отношении 1,791759 1,791759
отношение 3,064725 3,064725
удалось 1,714798 1,714798
лондоне 2,612740 5,225480
тему 3,624341 3,624341
море 2,931194 2,931194
сотрудников 0,076161 0,076161
молодежи 3,401197 3,401197
поставки 3,401197 3,401197
теме 1,514128 1,514128
границу 3,218876 3,218876
начались 0,068993 0,137986
великобритании 2,813411 2,813411
предложение 2,302585 2,302585
дали 2,525729 2,525729
рекомендательных 0,000000 0,000000
курорт 3,912023 3,912023
сделать 2,371578 2,371578
работает 0,040822 0,040822
сорвать 2,931194 2,931194
фрг 3,912023 3,912023
увлекательные 0,047791 0,047791
белый 2,525729 7,577186
консерваторы 5,010635 5,010635
ускоренное 5,010635 5,010635
переговоры 0,054808 0,219233
предложения 3,218876 3,218876
будущее 2,612740 2,612740
провинившегося 3,218876 3,218876
фразой 3,064725 3,064725
парламента 3,401197 3,401197
защитить 3,912023 3,912023
маккартни 0,097980 0,097980
признали 2,177422 4,354844
нюанс 3,401197 3,401197
радикалы 5,010635 5,010635
выгоду 5,010635 5,010635
будущем 3,401197 6,802395
выглядят 2,813411 2,813411
забота 0,000000 0,000000
сбер 0,040822 0,040822
пожаловать 0,013423 0,013423
использованияполитика 0,000000 0,000000
мексику 4,317488 4,317488
ведущие 2,931194 2,931194
перспективы 2,931194 2,931194
решить 3,401197 3,401197
трамп 1,484275 23,748396
соруководитель 5,010635 5,010635
идею 2,931194 5,862388
перспективу 4,317488 4,317488
планы 2,813411 5,626821
сербии 3,624341 7,248682
крупный 0,068993 0,068993
правоту 5,010635 5,010635
регионам 0,076161 0,076161
знает 2,612740 2,612740
адекватно 5,010635 5,010635
крупным 0,076161 0,076161
вторжением 5,010635 5,010635
победа 0,000000 0,000000
телефону 2,931194 2,931194
попыталось 5,010635 5,010635
идеи 2,813411 2,813411
стране 2,177422 2,177422
депутаты 4,317488 4,317488
миротворцев 3,912023 3,912023
построю 5,010635 5,010635
остались 0,061875 0,061875
крайние 5,010635 5,010635
сегодня 1,643339 1,643339
договариваются 4,317488 4,317488
страна 1,714798 3,429597
президент 1,347074 4,041221
детали 2,813411 2,813411
опечатку 0,000000 0,000000
самое 2,612740 2,612740
сми 0,000000 0,000000
мусульмане 5,010635 5,010635
исламисты 5,010635 5,010635
рады 0,068993 0,068993
америки 4,317488 4,317488
страну 2,612740 2,612740
ударов 2,302585 4,605170
позитивно 4,317488 4,317488
инфраструктуре 2,445686 2,445686
задержания 4,317488 4,317488
собой 2,014903 2,014903
военным 2,708050 2,708050
выступила 3,401197 3,401197
место 0,054808 0,219233
акции 0,047791 0,047791
мс 0,097980 0,097980
рассказал 1,272966 7,637794
губернатором 3,064725 6,129450
каковы 4,317488 4,317488
приостановили 3,064725 3,064725
начала 1,832581 1,832581
экономика 0,000000 0,000000
израильского 5,010635 5,010635
обсуждение 3,912023 3,912023
участии 4,317488 4,317488
успеха 2,525729 2,525729
соглашении 5,010635 5,010635
сложно 2,525729 2,525729
черном 3,064725 3,064725
мешает 4,317488 4,317488
контактов 4,317488 4,317488
устроившем 3,624341 3,624341
захлестнула 5,010635 5,010635
намерен 3,624341 3,624341
победили 5,010635 5,010635
предупреждал 3,218876 3,218876
довела 5,010635 5,010635
реальный 0,013423 0,013423
превышает 3,624341 3,624341
отношениях 3,624341 7,248682
миграционный 5,010635 5,010635
северная 4,317488 4,317488
допустил 3,401197 3,401197
политолог 3,064725 3,064725
всу 1,373049 1,373049
правды 0,068993 0,137986
условии 4,317488 4,317488
договоренность 3,064725 3,064725
тысячи 0,068993 0,068993
неприемлемыми 5,010635 5,010635
ушел 2,708050 2,708050
давления 3,064725 6,129450
радикальные 5,010635 5,010635
остается 2,708050 2,708050
хочет 1,966113 3,932226
предрек 0,076161 0,076161
бербок 3,401197 6,802395
консервативном 5,010635 5,010635
терактам 4,317488 4,317488
условие 3,218876 16,094379
готовятся 3,624341 3,624341
городе 0,061875 0,061875
огня 1,678431 6,713723
премьер 2,525729 2,525729
кеннеди 3,218876 12,875503
начался 2,931194 5,862388
евросоюза 3,401197 3,401197
встреча 3,218876 6,437752
встрече 2,813411 2,813411
заявили 0,076161 0,304645
наркотика 3,912023 3,912023
усилить 4,317488 4,317488
завершения 3,912023 3,912023
договоренности 3,218876 3,218876
анонсировал 2,813411 2,813411
оценили 2,525729 5,051457
заявила 2,612740 2,612740
видеть 0,013423 0,013423
волки 5,010635 5,010635
миллион 3,064725 3,064725
договорились 2,612740 2,612740
наука 0,000000 0,000000
обсудили 2,931194 2,931194
выборы 4,317488 4,317488
какое 2,612740 2,612740
