зеленского 0,068993 0,068993
перемирии 0,076161 0,076161
ру 0,000000 0,000000
банк 0,076161 0,076161
лента 0,000000 0,000000
главы 2,302585 2,302585
новые 0,000000 0,000000
спорт 0,000000 0,000000
заявил 1,098612 1,098612
споры 0,097980 0,097980
согласие 0,047791 0,047791
добро 0,013423 0,013423
военной 0,061875 0,061875
выражаете 0,047791 0,047791
четыре 0,040822 0,040822
жми 0,013423 0,013423
овальном 5,010635 5,010635
помощью 0,047791 0,047791
подчеркнул 2,525729 2,525729
сообщил 1,791759 1,791759
габриелян 3,624341 3,624341
добра 0,013423 0,026846
ленту 0,013423 0,013423
затопленного 0,076161 0,076161
фото 0,061875 0,123751
политика 1,576648 1,576648
санкции 2,612740 2,612740
разговор 1,791759 5,375278
водой 0,061875 0,061875
россии 0,425668 0,425668
применения 0,000000 0,000000
технологиймини 0,000000 0,000000
оценивайте 0,047791 0,047791
обитания 0,000000 0,000000
ценности 0,000000 0,000000
материалам 0,047791 0,047791
экономических 5,010635 5,010635
конфиденциальности 0,047791 0,047791
вернуться 0,013423 0,013423
мир 0,000000 0,000000
ваши 0,047791 0,047791
российским 0,076161 0,076161
аппарата 5,010635 5,010635
нажмите 0,000000 0,000000
получайте 0,047791 0,047791
погружайтесь 0,047791 0,047791
бывший 0,000000 0,000000
проблемы 0,076161 0,076161
накапливайте 0,047791 0,047791
интернет 0,000000 0,000000
россия 0,000000 0,000000
ооо 0,000000 0,000000
обратился 0,076161 0,076161
деактивирована 0,013423 0,013423
путешествия 0,000000 0,000000
отдела 0,579818 0,579818
лидера 2,302585 2,302585
коллегой 2,525729 2,525729
свои 0,027029 0,027029
ранее 1,003302 1,003302
проблема 3,064725 3,064725
структуры 0,000000 0,000000
американского 2,177422 2,177422
индии 0,076161 0,076161
гид 0,076161 0,076161
востоку 3,064725 3,064725
хочешь 0,013423 0,013423
нашли 0,000000 0,000000
пляжных 0,097980 0,097980
уволит 0,076161 0,076161
дома 0,061875 0,185626
американский 0,061875 0,123751
телефонный 2,525729 7,577186
обычную 0,013423 0,013423
пола 0,097980 0,097980
украине 1,139434 1,139434
прекращении 2,238047 2,238047
внешность 0,097980 0,097980
представитель 2,120264 2,120264
украинском 0,076161 0,076161
света 0,054808 0,054808
украины 1,021651 1,021651
галереи 0,000000 0,000000
белоусов 0,076161 0,076161
эмоции 0,047791 0,047791
скавино 5,010635 5,010635
зеленским 0,076161 0,456968
однако 1,249435 1,249435
пока 1,678431 1,678431
условиями 0,040822 0,081644
двум 0,076161 0,076161
вызвала 0,097980 0,097980
сети 0,090654 0,090654
военнослужащим 0,076161 0,076161
дональд 2,238047 4,476093
читайте 0,040822 0,040822
владимиром 2,931194 5,862388
байконур 0,097980 0,097980
редакциярекламаконтактыпресс 0,000000 0,000000
материалы 0,000000 0,000000
уиткофф 3,218876 3,218876
видео 0,000000 0,000000
дэн 4,317488 4,317488
депутат 0,076161 0,076161
ближнему 3,064725 3,064725
прогресс 0,097980 0,097980
статьи 0,000000 0,000000
антироссийские 3,912023 3,912023
дом 2,014903 2,014903
ограничений 3,912023 3,912023
форме 0,061875 0,061875
последние 0,090654 0,090654
предрекли 0,076161 0,076161
культура 0,000000 0,000000
обсудить 0,456758 0,456758
силовые 0,000000 0,000000
архив 0,000000 0,000000
коллега 3,624341 3,624341
дня 0,061875 0,061875
сша 0,040822 0,122466
всеполитикаобществопроисшествияконфликтыпреступность 2,014903 2,014903
ослабят 4,317488 4,317488
среда 0,000000 0,000000
раскрытии 0,076161 0,076161
редактор 0,567984 0,567984
скидки 0,047791 0,047791
сотрудников 0,076161 0,076161
эксклюзивы 0,000000 0,000000
российском 0,076161 0,076161
выражайте 0,047791 0,047791
начались 0,068993 0,206979
рекомендательных 0,000000 0,000000
спецпосланник 2,931194 2,931194
конфликте 0,076161 0,076161
позже 1,919593 1,919593
стив 3,218876 3,218876
продолжая 0,047791 0,047791
работает 0,040822 0,040822
увлекательные 0,047791 0,047791
окончательной 4,317488 4,317488
заместитель 3,401197 3,401197
белый 2,525729 2,525729
переговоры 0,054808 0,164425
конфиденциальностиправила 0,000000 0,000000
бонусы 0,047791 0,095581
политикой 0,047791 0,047791
максим 2,931194 2,931194
маккартни 0,097980 0,097980
отметил 1,791759 1,791759
жильцы 0,076161 0,076161
жизни 0,000000 0,000000
забота 0,000000 0,000000
сбер 0,040822 0,040822
пожаловать 0,013423 0,013423
использованияполитика 0,000000 0,000000
стать 1,875141 1,875141
трамп 1,484275 5,937099
актуальна 5,010635 5,010635
крупный 0,068993 0,068993
украинским 2,813411 2,813411
регионам 0,076161 0,076161
агентство 3,064725 3,064725
находится 2,371578 2,371578
крупным 0,076161 0,076161
это 0,020203 0,020203
туристку 0,076161 0,076161
победа 0,000000 0,000000
президентом 2,813411 2,813411
остались 0,061875 0,061875
две 0,033902 0,033902
кабинете 5,010635 5,010635
президент 1,347074 4,041221
мотор 0,000000 0,000000
обменивайте 0,047791 0,047791
опечатку 0,000000 0,000000
сми 0,000000 0,000000
белого 2,302585 4,605170
рады 0,068993 0,068993
передает 3,218876 3,218876
новости 0,000000 0,000000
войти 0,000000 0,000000
место 0,054808 0,054808
акции 0,047791 0,047791
хорошие 0,013423 0,013423
мс 0,097980 0,097980
медитации 0,076161 0,076161
экономика 0,000000 0,000000
уход 0,076161 0,076161
обсуждали 3,064725 3,064725
ведет 3,401197 3,401197
прибыл 0,083382 0,083382
спецпроекты 0,000000 0,000000
путин 1,203973 1,203973
владимир 1,373049 1,373049
реальный 0,013423 0,013423
игры 0,000000 0,000000
техника 0,000000 0,000000
ссср 0,000000 0,000000
достижения 2,931194 2,931194
правды 0,068993 0,068993
трампа 0,054808 0,164425
тысячи 0,068993 0,068993
вопрос 1,832581 1,832581
отвел 0,076161 0,076161
происходит 2,014903 2,014903
предрек 0,076161 0,076161
марта 0,040822 0,040822
городе 0,061875 0,061875
огня 1,678431 1,678431
главное 0,000000 0,000000
реакций 0,047791 0,047791
летнего 0,097980 0,097980
заявили 0,076161 0,076161
реакции 0,047791 0,047791
мини 0,000000 0,000000
договоренности 3,218876 3,218876
видеть 0,013423 0,013423
проводит 4,317488 8,634976
изнасиловал 0,076161 0,076161
наука 0,000000 0,000000
своим 2,445686 2,445686
