зеленского 0,068993 0,068993
перемирии 0,076161 0,076161
ру 0,000000 0,000000
формуле 3,401197 3,401197
банк 0,076161 0,076161
лента 0,000000 0,000000
государствами 3,912023 3,912023
новые 0,000000 0,000000
спорт 0,000000 0,000000
споры 0,097980 0,097980
согласие 0,047791 0,047791
добро 0,013423 0,013423
военной 0,061875 0,061875
выражаете 0,047791 0,047791
четыре 0,040822 0,040822
анонсированную 5,010635 5,010635
жми 0,013423 0,013423
стало 1,181994 3,545982
помощью 0,047791 0,047791
миг 5,010635 5,010635
сообщил 1,791759 1,791759
добра 0,013423 0,026846
ленту 0,013423 0,013423
затопленного 0,076161 0,076161
фото 0,061875 0,123751
водой 0,061875 0,061875
жеста 2,525729 2,525729
россии 0,425668 0,851336
применения 0,000000 0,000000
лысяков 3,912023 3,912023
технологиймини 0,000000 0,000000
оценивайте 0,047791 0,047791
обитания 0,000000 0,000000
ценности 0,000000 0,000000
передав 5,010635 5,010635
материалам 0,047791 0,047791
известно 1,297063 3,891190
конфиденциальности 0,047791 0,047791
вернуться 0,013423 0,013423
мир 0,000000 0,000000
ваши 0,047791 0,047791
российским 0,076161 0,076161
бойца 3,064725 3,064725
нажмите 0,000000 0,000000
получайте 0,047791 0,047791
погружайтесь 0,047791 0,047791
бывший 0,000000 0,000000
проблемы 0,076161 0,076161
накапливайте 0,047791 0,047791
доброй 2,525729 2,525729
телефонного 2,066196 2,066196
интернет 0,000000 0,000000
россия 0,000000 0,000000
ооо 0,000000 0,000000
обратился 0,076161 0,076161
деактивирована 0,013423 0,013423
состоялся 2,931194 2,931194
путешествия 0,000000 0,000000
отдела 0,579818 0,579818
данным 2,014903 2,014903
свои 0,027029 0,027029
также 0,762140 1,524280
структуры 0,000000 0,000000
параллельмоя 2,177422 2,177422
индии 0,076161 0,076161
гид 0,076161 0,076161
военнослужащих 3,401197 3,401197
украина 1,832581 1,832581
хочешь 0,013423 0,013423
нашли 0,000000 0,000000
пляжных 0,097980 0,097980
проведении 3,624341 3,624341
уволит 0,076161 0,076161
дома 0,061875 0,061875
американский 0,061875 0,061875
обычную 0,013423 0,013423
пола 0,097980 0,097980
украине 1,139434 1,139434
внешность 0,097980 0,097980
украинском 0,076161 0,076161
света 0,054808 0,054808
украины 1,021651 2,043302
галереи 0,000000 0,000000
белоусов 0,076161 0,076161
эмоции 0,047791 0,047791
зеленским 0,076161 0,076161
условиями 0,040822 0,081644
двум 0,076161 0,076161
вызвала 0,097980 0,097980
подробности 2,238047 2,238047
сети 0,090654 0,090654
военнослужащим 0,076161 0,076161
читайте 0,040822 0,040822
кремле 2,708050 2,708050
вернула 5,010635 5,010635
киеву 2,931194 2,931194
обмена 2,813411 14,067054
владимиром 2,931194 2,931194
байконур 0,097980 0,097980
редакциярекламаконтактыпресс 0,000000 0,000000
материалы 0,000000 0,000000
видео 0,000000 0,000000
трампом 2,525729 2,525729
депутат 0,076161 0,076161
прогресс 0,097980 0,097980
статьи 0,000000 0,000000
ходе 1,791759 1,791759
завершена 5,010635 5,010635
россией 2,120264 2,120264
форме 0,061875 0,061875
последние 0,090654 0,090654
предрекли 0,076161 0,076161
процедуру 4,317488 4,317488
культура 0,000000 0,000000
двумя 2,931194 2,931194
обсудить 0,456758 0,456758
очередной 2,931194 2,931194
сообщили 2,177422 4,354844
силовые 0,000000 0,000000
обмен 3,401197 6,802395
архив 0,000000 0,000000
процедура 3,624341 3,624341
дня 0,061875 0,061875
константин 2,813411 2,813411
сша 0,040822 0,081644
среда 0,000000 0,000000
раскрытии 0,076161 0,076161
редактор 0,567984 0,567984
качестве 2,302585 2,302585
скидки 0,047791 0,047791
сотрудников 0,076161 0,076161
эксклюзивы 0,000000 0,000000
российском 0,076161 0,076161
выражайте 0,047791 0,047791
сил 1,791759 1,791759
масштабный 3,624341 3,624341
москва 2,302585 2,302585
начались 0,068993 0,068993
столько 2,525729 2,525729
ранениями 5,010635 5,010635
вооруженных 2,014903 2,014903
рекомендательных 0,000000 0,000000
конфликте 0,076161 0,076161
продолжая 0,047791 0,047791
работает 0,040822 0,040822
увлекательные 0,047791 0,047791
риа 1,272966 1,272966
каналу 4,317488 4,317488
павел 2,708050 2,708050
тяжелыми 3,912023 3,912023
анонсированного 3,624341 7,248682
переговоры 0,054808 0,054808
конфиденциальностиправила 0,000000 0,000000
бонусы 0,047791 0,095581
политикой 0,047791 0,047791
маккартни 0,097980 0,097980
жильцы 0,076161 0,076161
жизни 0,000000 0,000000
забота 0,000000 0,000000
сбер 0,040822 0,040822
пожаловать 0,013423 0,013423
использованияполитика 0,000000 0,000000
украинских 1,919593 1,919593
воли 2,302585 2,302585
крупный 0,068993 0,068993
регионам 0,076161 0,076161
крупным 0,076161 0,076161
это 0,020203 0,020203
туристку 0,076161 0,076161
победа 0,000000 0,000000
президентом 2,813411 5,626821
остались 0,061875 0,061875
две 0,033902 0,033902
страна 1,714798 1,714798
мотор 0,000000 0,000000
обменивайте 0,047791 0,047791
опечатку 0,000000 0,000000
сми 0,000000 0,000000
рады 0,068993 0,068993
новости 0,000000 0,000000
разговора 1,609438 1,609438
войти 0,000000 0,000000
место 0,054808 0,054808
акции 0,047791 0,047791
хорошие 0,013423 0,013423
мс 0,097980 0,097980
начали 1,427116 1,427116
начале 2,177422 6,532266
медитации 0,076161 0,076161
жзл 3,401197 3,401197
пленными 2,813411 16,880464
бойцов 2,525729 2,525729
экономика 0,000000 0,000000
канал 2,813411 2,813411
уход 0,076161 0,076161
прибыл 0,083382 0,083382
спецпроекты 0,000000 0,000000
путин 1,203973 1,203973
лисицын 4,317488 4,317488
предыдущий 4,317488 4,317488
путиным 1,966113 5,898339
реальный 0,013423 0,013423
игры 0,000000 0,000000
февраля 1,272966 1,272966
техника 0,000000 0,000000
ссср 0,000000 0,000000
правды 0,068993 0,068993
трампа 0,054808 0,054808
тысячи 0,068993 0,068993
украиной 2,708050 8,124151
отвел 0,076161 0,076161
предрек 0,076161 0,076161
военблогеры 5,010635 10,021271
марта 0,040822 0,081644
городе 0,061875 0,061875
другие 1,714798 1,714798
общество 2,612740 2,612740
главное 0,000000 0,000000
реакций 0,047791 0,047791
летнего 0,097980 0,097980
заявили 0,076161 0,076161
передаст 3,064725 3,064725
реакции 0,047791 0,047791
мини 0,000000 0,000000
анонсировал 2,813411 2,813411
дональдом 3,624341 3,624341
видеть 0,013423 0,013423
раскрывают 4,317488 4,317488
изнасиловал 0,076161 0,076161
наука 0,000000 0,000000
