аслана 3,624341 32,619068
напишите 3,912023 3,912023
смятения 5,010635 5,010635
воспринимают 5,010635 5,010635
ру 0,000000 0,000000
банк 0,076161 0,076161
разведки 3,401197 3,401197
урала 5,010635 5,010635
обнаружил 3,624341 3,624341
рф 1,514128 6,056511
артиллерии 3,218876 3,218876
газете 3,624341 3,624341
страшному 5,010635 5,010635
день 1,544899 1,544899
этому 2,238047 2,238047
похищенными 5,010635 5,010635
последовало 5,010635 5,010635
разведка 3,401197 3,401197
найти 2,525729 5,051457
сварщику 5,010635 5,010635
формирований 5,010635 15,031906
стал 1,203973 13,243701
приморский 5,010635 5,010635
заявил 1,098612 2,197225
вокруг 2,525729 5,051457
льется 5,010635 5,010635
совещании 3,912023 3,912023
согласие 0,047791 0,047791
центр 3,218876 3,218876
сотрудники 2,066196 2,066196
милиции 5,010635 5,010635
одну 2,612740 2,612740
готовящемся 3,064725 3,064725
су 3,912023 3,912023
декабря 2,120264 2,120264
командира 3,218876 6,437752
таким 2,014903 2,014903
людей 1,455287 4,365862
мало 3,064725 3,064725
какими 3,218876 3,218876
скорого 4,317488 4,317488
связаться 4,317488 4,317488
подвоза 5,010635 5,010635
причастности 5,010635 5,010635
сторонников 3,912023 3,912023
таких 2,177422 2,177422
масхадовская 5,010635 5,010635
та 2,813411 2,813411
вода 3,624341 3,624341
человек 1,249435 3,748306
сср 5,010635 5,010635
отделом 3,912023 3,912023
генералы 5,010635 5,010635
шабалкин 5,010635 15,031906
споров 4,317488 4,317488
фото 0,061875 0,804380
пункт 3,218876 3,218876
лет 0,967584 6,773088
связь 2,813411 5,626821
помещении 5,010635 5,010635
взрыв 3,912023 3,912023
вспоминал 3,401197 3,401197
ракетных 3,624341 3,624341
ситтель 5,010635 5,010635
водой 0,061875 0,061875
заявления 3,912023 3,912023
сигналы 4,317488 4,317488
структур 3,912023 3,912023
суд 1,966113 1,966113
технологиймини 0,000000 0,000000
родине 3,624341 3,624341
представлены 3,912023 3,912023
оказался 2,708050 2,708050
командования 4,317488 4,317488
бандподполья 5,010635 10,021271
населенный 3,912023 3,912023
лишнего 5,010635 5,010635
назвал 1,347074 1,347074
теракту 5,010635 5,010635
саддамом 5,010635 5,010635
проблемой 3,218876 3,218876
пор 2,238047 2,238047
силой 3,401197 3,401197
теракта 5,010635 10,021271
конфиденциальности 0,047791 0,047791
связи 2,120264 2,120264
училище 3,624341 3,624341
населенных 2,813411 2,813411
ловушки 5,010635 5,010635
нажмите 0,000000 0,000000
главой 3,912023 7,824046
подлегаев 5,010635 5,010635
получайте 0,047791 0,047791
теракте 5,010635 5,010635
омаром 5,010635 5,010635
окончательно 3,912023 3,912023
километрах 3,912023 3,912023
спецназначения 5,010635 10,021271
спецслужб 5,010635 10,021271
беспрецедентные 5,010635 5,010635
конкурентом 4,317488 4,317488
майор 4,317488 12,952464
быстро 2,813411 2,813411
отмечает 2,612740 5,225480
щупа 5,010635 5,010635
проблемы 0,076161 0,152323
жители 2,302585 2,302585
создавать 3,401197 3,401197
командование 3,912023 3,912023
вторглась 5,010635 5,010635
недавно 3,218876 3,218876
путешествия 0,000000 0,000000
голосов 3,912023 3,912023
данным 2,014903 2,014903
находившихся 4,317488 4,317488
подписание 5,010635 5,010635
совместную 5,010635 5,010635
ситуацию 2,931194 2,931194
главный 2,708050 2,708050
данные 2,612740 2,612740
республике 3,401197 13,604790
пропустили 5,010635 5,010635
территории 1,919593 7,678371
второго 4,317488 4,317488
иной 3,218876 3,218876
главных 2,445686 2,445686
также 0,762140 0,762140
создали 3,624341 3,624341
республики 3,401197 10,203592
опытные 3,624341 3,624341
индии 0,076161 0,076161
нищеты 5,010635 5,010635
нашли 0,000000 0,000000
грозный 5,010635 20,042541
одной 1,514128 1,514128
обвинила 5,010635 5,010635
руслан 3,912023 3,912023
охранников 5,010635 5,010635
шедших 5,010635 5,010635
степени 3,624341 3,624341
толстой 5,010635 30,063812
закаленные 5,010635 5,010635
территорию 2,612740 2,612740
сначала 2,445686 2,445686
территория 5,010635 5,010635
владимиру 5,010635 5,010635
боевые 3,401197 10,203592
незаконных 4,317488 4,317488
разгром 4,317488 4,317488
кадровым 5,010635 5,010635
украинском 0,076161 0,076161
света 0,054808 0,054808
сидеть 4,317488 4,317488
начать 2,445686 4,891372
нашла 3,624341 3,624341
однажды 3,624341 3,624341
подписания 4,317488 4,317488
руководил 5,010635 10,021271
прежнему 3,064725 3,064725
уничтожению 5,010635 5,010635
мирных 2,525729 2,525729
пытался 2,708050 10,832201
белоусов 0,076161 0,076161
боевых 3,064725 6,129450
скрываться 4,317488 8,634976
захвата 3,912023 3,912023
однако 1,249435 6,247176
быстроудалось 5,010635 5,010635
запеленговали 5,010635 5,010635
условиями 0,040822 0,081644
вильнюсе 5,010635 10,021271
готовы 2,708050 2,708050
подробности 2,238047 2,238047
южной 3,624341 3,624341
тишину 5,010635 5,010635
людьми 3,218876 3,218876
сколько 2,525729 2,525729
случайно 3,912023 3,912023
читайте 0,040822 0,040822
офицеры 4,317488 4,317488
посылать 5,010635 5,010635
процветали 5,010635 5,010635
совести 4,317488 4,317488
поддержке 3,912023 3,912023
юрт 5,010635 20,042541
стороны 1,643339 1,643339
боевики 3,912023 11,736069
выглядело 3,912023 3,912023
нападения 3,401197 3,401197
байконур 0,097980 0,097980
прошла 3,064725 3,064725
вначале 5,010635 5,010635
телецентр 5,010635 5,010635
фигур 5,010635 5,010635
поддержки 3,218876 3,218876
командиры 5,010635 10,021271
пострадавшая 5,010635 5,010635
собачка 5,010635 5,010635
контролировать 3,624341 3,624341
ставший 5,010635 5,010635
танковой 5,010635 5,010635
учуяла 5,010635 5,010635
часть 1,919593 1,919593
чу 5,010635 5,010635
заказчиков 5,010635 5,010635
должность 2,931194 2,931194
выход 3,064725 3,064725
обороны 2,525729 2,525729
торговля 5,010635 10,021271
говорит 2,014903 2,014903
последние 0,090654 0,090654
некоторым 4,317488 4,317488
техникой 4,317488 4,317488
предрекли 0,076161 0,076161
способен 3,624341 3,624341
захватчиков 5,010635 5,010635
боевиками 5,010635 15,031906
участвовало 5,010635 5,010635
некоторые 2,445686 2,445686
архив 0,000000 0,000000
контртеррористической 5,010635 5,010635
части 2,014903 2,014903
июля 2,813411 5,626821
стороне 3,912023 3,912023
сша 0,040822 0,040822
лидер 1,919593 1,919593
способствовал 5,010635 5,010635
групп 3,624341 3,624341
комитета 2,813411 2,813411
терроризмом 5,010635 10,021271
кадыровым 5,010635 5,010635
трошевв 5,010635 5,010635
раскрытии 0,076161 0,076161
хотел 2,931194 2,931194
заложники 5,010635 5,010635
помешала 5,010635 5,010635
следствие 2,813411 2,813411
скрывается 2,708050 2,708050
качестве 2,302585 2,302585
российское 3,401197 3,401197
кольцо 3,912023 15,648092
патрушев 5,010635 5,010635
оставил 4,317488 4,317488
штурмовавшие 5,010635 5,010635
номер 3,624341 3,624341
российском 0,076161 0,076161
менял 4,317488 4,317488
сдавайтесь 5,010635 10,021271
ездил 3,624341 7,248682
российской 2,014903 4,029806
очевидцы 4,317488 4,317488
вели 3,401197 3,401197
выдвигал 5,010635 5,010635
столько 2,525729 2,525729
администрацию 4,317488 4,317488
официально 2,931194 2,931194
грозненском 5,010635 5,010635
федеральной 4,317488 4,317488
общероссийский 5,010635 5,010635
начальником 3,401197 3,401197
кавказе 5,010635 15,031906
лентой 2,371578 2,371578
обстрелять 5,010635 5,010635
зоны 3,401197 3,401197
прибалтику 5,010635 5,010635
ликвидировать 5,010635 10,021271
баротравмой 5,010635 5,010635
грозном 5,010635 15,031906
сигнал 4,317488 4,317488
воздуха 3,912023 3,912023
бонусы 0,047791 0,095581
райцентры 5,010635 5,010635
авиации 3,064725 3,064725
тому 2,612740 2,612740
дальневосточном 5,010635 5,010635
нтв 5,010635 5,010635
открыто 3,912023 3,912023
гостайной 5,010635 5,010635
жильцы 0,076161 0,076161
трубы 3,218876 3,218876
охотились 3,401197 3,401197
армия 2,708050 2,708050
жизни 0,000000 0,000000
подтверждал 5,010635 5,010635
армию 3,218876 3,218876
экономическая 4,317488 4,317488
реабилитации 4,317488 4,317488
процента 2,813411 2,813411
называли 2,931194 5,862388
зоне 3,624341 3,624341
устроить 3,624341 7,248682
трубу 4,317488 4,317488
нужно 1,791759 1,791759
одним 1,966113 9,830564
литвой 5,010635 5,010635
ликвидировал 3,624341 10,873023
штабом 5,010635 5,010635
ликвидирован 5,010635 15,031906
озера 5,010635 5,010635
масхадов 5,010635 145,308424
группе 3,218876 3,218876
наших 2,708050 2,708050
гончаровглава 5,010635 5,010635
туристку 0,076161 0,076161
нужна 2,813411 2,813411
чеченских 3,624341 10,873023
зеленый 4,317488 4,317488
парламентеров 5,010635 5,010635
подготовке 3,624341 3,624341
шокай 5,010635 5,010635
глубоком 3,912023 3,912023
лояльных 5,010635 5,010635
выдал 4,317488 4,317488
циркуляции 5,010635 5,010635
рассеялись 5,010635 5,010635
взрывом 5,010635 5,010635
вашингтон 2,813411 2,813411
мотор 0,000000 0,000000
обменивайте 0,047791 0,047791
взять 3,401197 3,401197
действовали 3,064725 3,064725
поступят 4,317488 4,317488
жизнь 1,544899 4,634698
группы 2,238047 4,476093
панкисское 5,010635 5,010635
пистолета 4,317488 4,317488
комиссии 3,912023 3,912023
окончания 3,624341 3,624341
улица 3,912023 3,912023
жилых 4,317488 4,317488
хорошие 0,013423 0,013423
посмотрели 5,010635 5,010635
далеко 3,064725 3,064725
сопредседателем 5,010635 5,010635
трое 3,401197 3,401197
басаев 5,010635 15,031906
тщетно 5,010635 5,010635
комендатуру 5,010635 5,010635
боеприпасов 3,624341 3,624341
огромной 3,912023 3,912023
уничтожили 3,218876 3,218876
шла 2,813411 2,813411
допустить 3,912023 3,912023
жилые 5,010635 5,010635
мира 1,576648 3,153296
бетонном 5,010635 5,010635
замкомандира 4,317488 4,317488
местом 3,218876 3,218876
мерах 5,010635 5,010635
продолжается 4,317488 4,317488
выхода 2,525729 5,051457
тайный 4,317488 4,317488
информаторы 5,010635 5,010635
отрядом 5,010635 5,010635
воевать 4,317488 4,317488
могли 2,371578 4,743156
этапов 3,624341 3,624341
прибыл 0,083382 0,166763
насаждать 5,010635 5,010635
власть 2,813411 2,813411
могла 2,708050 2,708050
шли 3,401197 3,401197
вынудило 5,010635 5,010635
годов 2,612740 2,612740
назад 1,678431 8,392154
антитеррора 5,010635 5,010635
могло 5,010635 5,010635
спецоперации 3,912023 3,912023
кадр 2,302585 2,302585
радикальными 5,010635 5,010635
ссср 0,000000 0,000000
напасть 5,010635 5,010635
никто 2,302585 2,302585
оказались 2,525729 5,051457
кадры 2,371578 4,743156
заряд 5,010635 5,010635
специального 3,912023 3,912023
родственники 3,912023 3,912023
учения 5,010635 5,010635
общее 2,931194 2,931194
международной 3,218876 3,218876
предыдущей 5,010635 5,010635
французским 5,010635 5,010635
против 1,791759 7,167038
именно 1,875141 13,125988
другие 1,714798 1,714798
похоже 2,931194 2,931194
округе 4,317488 4,317488
целью 3,624341 3,624341
главное 0,000000 0,000000
женского 3,401197 3,401197
чистивший 5,010635 5,010635
группировкой 3,624341 3,624341
оказали 5,010635 5,010635
нового 2,371578 2,371578
попытались 4,317488 4,317488
интервью 2,525729 2,525729
лабазановым 5,010635 5,010635
чеченском 5,010635 5,010635
летнего 0,097980 0,097980
подтвердили 3,064725 3,064725
наградам 5,010635 5,010635
чеченской 5,010635 40,085082
ханка 5,010635 5,010635
точку 3,912023 3,912023
мини 0,000000 0,000000
ввода 5,010635 5,010635
спецслужбы 2,525729 5,051457
свидетелем 3,064725 3,064725
поддержкой 4,317488 4,317488
беседе 2,445686 4,891372
убедил 3,912023 3,912023
изнасиловал 0,076161 0,076161
истинная 5,010635 5,010635
силах 3,624341 3,624341
образом 2,066196 2,066196
операцией 3,912023 3,912023
согласился 2,612740 2,612740
фронтовых 4,317488 4,317488
буйнакске 5,010635 10,021271
самопровозглашенной 5,010635 5,010635
силам 4,317488 4,317488
ваххабитами 5,010635 10,021271
точка 4,317488 4,317488
ключевых 2,931194 5,862388
районный 5,010635 5,010635
минно 5,010635 5,010635
поставившей 5,010635 5,010635
урегулированию 2,708050 2,708050
главы 2,302585 16,118096
исходить 3,624341 3,624341
грузии 3,912023 3,912023
вести 2,708050 8,124151
приезда 5,010635 5,010635
претендентов 5,010635 5,010635
театрального 4,317488 4,317488
ключевые 5,010635 5,010635
спорт 0,000000 0,000000
наркотиков 3,912023 3,912023
схемы 3,218876 3,218876
калибра 5,010635 5,010635
бандитам 4,317488 4,317488
военное 3,624341 3,624341
споры 0,097980 0,097980
пытались 2,708050 2,708050
военном 3,218876 3,218876
военной 0,061875 0,123751
выстрела 5,010635 5,010635
четыре 0,040822 0,081644
противостоят 4,317488 4,317488
главе 3,218876 6,437752
ингушской 5,010635 5,010635
джихад 5,010635 5,010635
залечь 4,317488 4,317488
террористы 4,317488 4,317488
перевели 5,010635 5,010635
ведущая 3,624341 3,624341
зашел 3,624341 3,624341
спецслужбой 5,010635 5,010635
казахской 5,010635 5,010635
делом 3,624341 3,624341
операциях 5,010635 5,010635
глава 1,643339 9,860037
главу 3,912023 3,912023
организуя 5,010635 5,010635
основной 3,624341 3,624341
устраивали 4,317488 4,317488
приезду 5,010635 5,010635
край 3,401197 3,401197
стала 1,576648 4,729944
знавший 5,010635 5,010635
известным 4,317488 4,317488
ныне 4,317488 4,317488
илья 3,064725 9,194175
стали 1,514128 4,542383
ленинградскую 5,010635 5,010635
сделало 3,912023 3,912023
колонны 4,317488 8,634976
обитания 0,000000 0,000000
михалев 5,010635 5,010635
первая 2,371578 2,371578
российские 1,678431 6,713723
многое 3,624341 3,624341
прочесывал 5,010635 5,010635
ингушского 5,010635 5,010635
полном 3,912023 3,912023
российским 0,076161 0,076161
мовсаром 5,010635 5,010635
кадыровглава 5,010635 5,010635
собирались 5,010635 5,010635
судкриминалполиция 2,525729 2,525729
ран 3,218876 3,218876
российский 1,484275 2,968550
президента 1,455287 2,910574
тех 2,120264 2,120264
президенту 3,401197 3,401197
человека 2,177422 2,177422
прекращения 2,371578 2,371578
давно 2,445686 4,891372
версию 3,912023 3,912023
колонна 5,010635 5,010635
запасом 5,010635 5,010635
боялся 2,931194 2,931194
спустя 1,832581 5,497744
интернет 0,000000 0,000000
обратился 0,076161 0,076161
отклонено 5,010635 5,010635
шесть 2,525729 2,525729
назначения 3,624341 7,248682
командовал 4,317488 4,317488
телецентра 5,010635 10,021271
версии 3,218876 6,437752
полу 5,010635 5,010635
штаб 5,010635 5,010635
версий 4,317488 4,317488
доме 2,014903 2,014903
командованием 3,912023 3,912023
отделения 5,010635 5,010635
гид 0,076161 0,076161
доказательства 3,912023 3,912023
военнослужащих 3,401197 3,401197
считали 3,912023 7,824046
раздетым 5,010635 5,010635
игорь 3,064725 6,129450
поступил 3,624341 7,248682
унес 4,317488 8,634976
дома 0,061875 0,247502
пола 0,097980 0,097980
знак 5,010635 5,010635
знал 3,401197 3,401197
дослужился 5,010635 5,010635
адрес 3,218876 3,218876
отношения 2,525729 2,525729
морковкин 5,010635 5,010635
транслируют 5,010635 5,010635
районах 3,401197 3,401197
широкомасштабные 5,010635 5,010635
сеть 3,624341 3,624341
будете 5,010635 10,021271
российских 1,576648 7,883240
чеченским 5,010635 5,010635
страшных 5,010635 10,021271
итоге 2,708050 2,708050
эмоции 0,047791 0,047791
чеченский 5,010635 5,010635
пока 1,678431 1,678431
чеченские 5,010635 5,010635
чеченцев 5,010635 5,010635
военную 2,813411 5,626821
гелаева 5,010635 5,010635
период 2,120264 2,120264
неожиданно 4,317488 4,317488
вынужден 4,317488 4,317488
отправился 3,912023 7,824046
сети 0,090654 0,090654
военнослужащим 0,076161 0,076161
целая 5,010635 5,010635
явной 5,010635 5,010635
кроме 1,427116 1,427116
мария 2,525729 2,525729
ассоциации 3,624341 3,624341
позорным 5,010635 5,010635
смыкалось 5,010635 5,010635
вошли 3,401197 3,401197
спецназ 3,218876 28,969882
войны 1,791759 8,958797
реорганизовал 5,010635 5,010635
предметом 3,912023 3,912023
рев 4,317488 4,317488
объяснил 2,120264 2,120264
материалы 0,000000 0,000000
процветал 5,010635 5,010635
войска 2,931194 2,931194
командовать 5,010635 5,010635
депутат 0,076161 0,076161
заняли 3,624341 3,624341
положение 3,218876 3,218876
войне 3,064725 3,064725
будущий 4,317488 4,317488
статьи 0,000000 0,000000
численность 5,010635 5,010635
война 2,371578 2,371578
будущим 5,010635 5,010635
военно 3,401197 3,401197
связываюсь 5,010635 5,010635
культура 0,000000 0,000000
тактику 4,317488 4,317488
материала 2,931194 2,931194
находился 3,218876 3,218876
набрав 4,317488 4,317488
скрыты 5,010635 5,010635
цсн 5,010635 5,010635
скрыть 5,010635 5,010635
ранения 3,401197 3,401197
дагестан 4,317488 12,952464
отправили 2,708050 2,708050
водоразделом 5,010635 5,010635
ингушских 5,010635 5,010635
честь 3,064725 3,064725
важного 3,401197 3,401197
удалось 1,714798 8,573992
отсутствием 5,010635 10,021271
спецназа 3,912023 11,736069
руководством 2,931194 5,862388
редактор 0,567984 0,567984
многие 1,714798 3,429597
снят 3,912023 3,912023
овд 5,010635 5,010635
исключительно 3,624341 3,624341
зимой 3,912023 3,912023
усугубил 5,010635 5,010635
награжденным 5,010635 5,010635
согласились 3,218876 3,218876
следить 3,401197 3,401197
государственным 4,317488 4,317488
вооруженных 2,014903 12,089418
генералов 5,010635 5,010635
фактически 3,401197 3,401197
работает 0,040822 0,040822
заморожены 5,010635 5,010635
кадыров 5,010635 5,010635
увлекательные 0,047791 0,047791
обратная 3,064725 3,064725
риа 1,272966 6,364828
взял 3,064725 3,064725
участники 3,218876 3,218876
заместителя 3,912023 3,912023
березовским 5,010635 5,010635
расположенного 5,010635 5,010635
хусейном 5,010635 5,010635
переговоры 0,054808 0,274041
террористов 3,218876 16,094379
бандиты 3,912023 3,912023
люк 4,317488 4,317488
стоял 4,317488 4,317488
времени 1,919593 1,919593
год 1,714798 3,429597
соблюдением 3,064725 3,064725
радиоэлектронная 5,010635 5,010635
маккартни 0,097980 0,097980
собака 5,010635 5,010635
международным 3,064725 3,064725
международный 3,624341 3,624341
искали 3,624341 3,624341
совета 2,445686 2,445686
сбер 0,040822 0,040822
фсб 2,931194 26,380744
использованияполитика 0,000000 0,000000
террористическая 4,317488 8,634976
лебедь 5,010635 10,021271
ведущие 2,931194 2,931194
самопровозглашенный 5,010635 5,010635
оставшихся 3,912023 3,912023
мая 2,931194 5,862388
окружал 5,010635 5,010635
началом 3,912023 3,912023
совершенных 5,010635 5,010635
алханов 5,010635 5,010635
мае 4,317488 4,317488
крупный 0,068993 0,068993
тире 5,010635 5,010635
регионам 0,076161 0,076161
динамо 3,218876 6,437752
ингушетию 5,010635 5,010635
крупным 0,076161 0,076161
хитрости 5,010635 5,010635
умывальник 5,010635 5,010635
командное 5,010635 5,010635
попадет 5,010635 5,010635
телохранитель 5,010635 5,010635
собранные 5,010635 5,010635
отмечал 3,624341 3,624341
входила 5,010635 5,010635
россияне 1,919593 1,919593
стране 2,177422 2,177422
остались 0,061875 0,061875
делегации 4,317488 4,317488
телевидению 3,912023 3,912023
миротворца 4,317488 4,317488
дубровке 5,010635 10,021271
той 2,931194 5,862388
мвд 3,912023 3,912023
оттуда 3,401197 3,401197
тылу 3,064725 3,064725
многодетную 5,010635 5,010635
вместе 1,514128 3,028255
телохранители 5,010635 5,010635
характерных 5,010635 5,010635
рады 0,068993 0,068993
касках 5,010635 5,010635
операциями 5,010635 5,010635
взорвали 3,218876 3,218876
акции 0,047791 0,095581
праздника 4,317488 4,317488
изготовление 5,010635 5,010635
знали 3,624341 7,248682
агентурную 5,010635 5,010635
село 3,401197 10,203592
накануне 2,238047 2,238047
брезентом 5,010635 5,010635
военные 2,371578 11,857890
ради 2,371578 4,743156
дядю 5,010635 5,010635
экстремистов 3,912023 11,736069
бойцов 2,525729 2,525729
истории 1,966113 1,966113
орденами 4,317488 4,317488
летний 2,612740 2,612740
гранатами 5,010635 5,010635
селе 4,317488 17,269952
машатин 5,010635 5,010635
экономика 0,000000 0,000000
назначенный 5,010635 5,010635
центре 2,525729 10,102915
села 3,218876 16,094379
центра 2,708050 5,416100
соглашений 5,010635 5,010635
джапариджзе 5,010635 5,010635
организация 3,218876 6,437752
кровь 3,624341 3,624341
которая 1,875141 7,500564
десять 3,064725 3,064725
соединения 4,317488 4,317488
школу 3,624341 3,624341
историю 2,525729 2,525729
мирного 3,218876 3,218876
история 2,238047 4,476093
вскоре 2,302585 9,210340
совершенный 5,010635 5,010635
решению 3,912023 3,912023
школы 3,218876 9,656627
полевого 4,317488 4,317488
довольно 3,064725 3,064725
российская 2,525729 2,525729
объявления 4,317488 4,317488
военных 1,966113 3,932226
бои 2,813411 2,813411
реальный 0,013423 0,013423
загадочной 3,401197 3,401197
наемников 3,624341 3,624341
вскрытии 5,010635 5,010635
макаров 5,010635 5,010635
седов 4,317488 4,317488
перерыва 3,624341 3,624341
семью 3,624341 3,624341
подписал 3,401197 3,401197
властям 3,912023 3,912023
надтеречное 5,010635 5,010635
тысячи 0,068993 0,137986
террористом 5,010635 10,021271
превосходит 5,010635 5,010635
отличием 5,010635 5,010635
нанесли 3,401197 3,401197
предрек 0,076161 0,076161
продаже 4,317488 4,317488
алексей 1,919593 1,919593
заложников 5,010635 10,021271
мишенями 5,010635 5,010635
амир 4,317488 4,317488
жителей 1,966113 3,932226
кампании 4,317488 4,317488
выпускать 3,912023 3,912023
заявили 0,076161 0,076161
главными 3,912023 3,912023
встрече 2,813411 2,813411
встречи 2,525729 2,525729
постоянно 2,525729 2,525729
ставшего 5,010635 5,010635
спецназу 5,010635 5,010635
своих 2,177422 2,177422
занимал 3,912023 3,912023
видеть 0,013423 0,013423
слива 5,010635 5,010635
неспособности 5,010635 5,010635
признал 2,813411 2,813411
получавшая 5,010635 5,010635
своим 2,445686 4,891372
называемых 3,912023 3,912023
активно 2,708050 5,416100
второй 2,066196 4,132393
окончил 4,317488 4,317488
хотели 3,064725 3,064725
перемирии 0,076161 0,076161
местные 3,912023 7,824046
асср 5,010635 5,010635
проникновения 3,912023 3,912023
кгб 3,401197 3,401197
академию 5,010635 5,010635
словах 4,317488 4,317488
новые 0,000000 0,000000
юсупову 5,010635 5,010635
окрестностей 5,010635 5,010635
литве 5,010635 5,010635
частично 4,317488 4,317488
местных 2,708050 2,708050
свести 4,317488 4,317488
умышленно 5,010635 5,010635
получили 2,813411 2,813411
местный 3,624341 3,624341
население 3,912023 3,912023
добро 0,013423 0,013423
выборах 3,401197 3,401197
выражаете 0,047791 0,047791
юсупова 5,010635 5,010635
политики 2,525729 2,525729
удар 2,612740 2,612740
пришлось 2,371578 2,371578
помощью 0,047791 0,095581
решили 3,064725 3,064725
танкистами 5,010635 5,010635
первой 2,612740 7,838220
конфликт 3,218876 3,218876
политику 3,401197 3,401197
помощь 2,177422 4,354844
александр 1,832581 9,162907
сообщил 1,791759 1,791759
добра 0,013423 0,026846
терактов 4,317488 17,269952
населения 2,708050 5,416100
секретарь 3,218876 3,218876
словам 1,272966 3,818897
месяцев 2,708050 5,416100
силы 2,177422 13,064532
й 2,612740 2,612740
полным 4,317488 4,317488
м 2,066196 2,066196
танков 3,218876 3,218876
выпущенную 5,010635 5,010635
выторговать 5,010635 5,010635
беседует 5,010635 5,010635
коммерсантъ 2,708050 2,708050
оценивайте 0,047791 0,047791
определить 3,912023 3,912023
какие 1,875141 1,875141
птицей 5,010635 5,010635
нарушил 3,912023 3,912023
сформирована 5,010635 5,010635
рамзаном 5,010635 5,010635
заканчивается 3,218876 3,218876
оно 2,445686 2,445686
местонахождение 5,010635 5,010635
местоположение 4,317488 4,317488
ответа 3,401197 3,401197
мир 0,000000 0,000000
искать 3,064725 3,064725
основным 3,912023 3,912023
должна 2,931194 5,862388
каиды 5,010635 5,010635
обнаружили 3,218876 3,218876
бронетехники 4,317488 8,634976
заставили 3,624341 3,624341
погружайтесь 0,047791 0,047791
маленьком 5,010635 5,010635
жили 3,624341 3,624341
гантемировым 5,010635 5,010635
подрывную 5,010635 5,010635
единственным 3,912023 7,824046
бывший 0,000000 0,000000
время 0,762140 2,286420
тайнах 5,010635 5,010635
выстрелил 4,317488 8,634976
накапливайте 0,047791 0,047791
диверсионно 5,010635 5,010635
оппозиция 4,317488 4,317488
ооо 0,000000 0,000000
валид 5,010635 5,010635
деактивирована 0,013423 0,013423
предоставила 5,010635 5,010635
вымпел 5,010635 15,031906
отдела 0,579818 0,579818
ибн 4,317488 4,317488
новым 2,708050 2,708050
договора 5,010635 5,010635
начальник 2,931194 5,862388
вторжение 5,010635 5,010635
резко 2,371578 2,371578
новых 2,014903 2,014903
контролировал 5,010635 5,010635
структуры 0,000000 0,000000
сергей 2,708050 8,124151
бойцы 2,525729 12,628643
город 2,445686 2,445686
народов 3,912023 3,912023
хочешь 0,013423 0,013423
пляжных 0,097980 0,097980
скрывался 5,010635 5,010635
реестр 4,317488 12,952464
рассвете 5,010635 5,010635
обычную 0,013423 0,013423
организовал 3,401197 6,802395
последствия 2,371578 2,371578
неподконтрольных 5,010635 5,010635
внешность 0,097980 0,097980
выводы 4,317488 4,317488
гражданского 4,317488 4,317488
публикации 3,401197 3,401197
своего 2,238047 2,238047
уничтожены 4,317488 8,634976
развертыванию 5,010635 5,010635
поляков 5,010635 5,010635
принадлежавшие 5,010635 5,010635
галереи 0,000000 0,000000
принадлежавший 5,010635 5,010635
вылетели 4,317488 4,317488
олигархом 5,010635 5,010635
боевиков 3,064725 21,453076
ранены 5,010635 5,010635
ничуть 4,317488 4,317488
штурме 5,010635 5,010635
вход 5,010635 10,021271
путину 3,401197 3,401197
ждал 3,064725 3,064725
штурма 5,010635 5,010635
минобороны 1,966113 1,966113
меры 3,064725 3,064725
обернулись 5,010635 5,010635
известного 3,624341 3,624341
преступная 4,317488 4,317488
телеэкрана 5,010635 5,010635
диверсии 3,624341 3,624341
генерал 3,624341 7,248682
землей 3,912023 3,912023
унесенных 5,010635 5,010635
масхадову 5,010635 15,031906
воспоминаниям 5,010635 5,010635
падать 4,317488 4,317488
редакциярекламаконтактыпресс 0,000000 0,000000
люди 1,966113 1,966113
масхадовы 5,010635 5,010635
видео 0,000000 0,000000
масхадова 3,624341 123,227592
чечне 5,010635 10,021271
чечни 5,010635 55,116988
хронология 3,912023 3,912023
предложил 3,218876 6,437752
геннадий 3,912023 3,912023
небольшую 3,624341 3,624341
гвардейской 5,010635 5,010635
вспомнила 5,010635 5,010635
нескольких 2,708050 5,416100
распоряжении 5,010635 5,010635
сотен 4,317488 8,634976
лишь 2,238047 6,714140
органов 3,912023 3,912023
повесили 5,010635 5,010635
телекомпания 5,010635 5,010635
мог 2,302585 4,605170
незамеченным 5,010635 5,010635
кадырова 5,010635 10,021271
одного 2,177422 2,177422
стюардесс 5,010635 5,010635
вернулись 3,401197 3,401197
момент 1,714798 1,714798
джохар 5,010635 15,031906
чечню 4,317488 12,952464
долларов 2,708050 2,708050
помочь 2,708050 2,708050
смог 2,612740 2,612740
маршрутом 5,010635 5,010635
борис 3,401197 10,203592
назначил 5,010635 5,010635
племянник 5,010635 5,010635
властей 2,931194 2,931194
районе 2,708050 5,416100
неприкосновенности 5,010635 5,010635
рубежа 5,010635 5,010635
среда 0,000000 0,000000
делать 1,966113 1,966113
беслана 5,010635 5,010635
руках 3,401197 3,401197
остаться 3,401197 6,802395
среди 1,714798 3,429597
беслане 5,010635 15,031906
скидки 0,047791 0,047791
людям 3,401197 3,401197
представителей 3,401197 3,401197
берегу 3,912023 3,912023
эксклюзивы 0,000000 0,000000
москве 1,791759 7,167038
выражайте 0,047791 0,047791
вычислить 3,912023 3,912023
москва 2,302585 2,302585
внешнюю 5,010635 5,010635
планировали 4,317488 4,317488
ввел 3,624341 3,624341
упадке 5,010635 5,010635
началась 2,813411 2,813411
москву 2,120264 2,120264
северном 5,010635 15,031906
конфликте 0,076161 0,076161
позже 1,919593 5,758779
продолжая 0,047791 0,047791
атаку 2,931194 2,931194
войсковые 5,010635 5,010635
конфликта 1,919593 3,839186
эта 2,120264 4,240527
ичкерии 3,624341 3,624341
прятался 5,010635 10,021271
бункер 5,010635 20,042541
тасс 2,371578 11,857890
унесла 5,010635 10,021271
которое 2,371578 2,371578
конфиденциальностиправила 0,000000 0,000000
всеследствие 2,525729 2,525729
следователи 3,624341 3,624341
москвы 1,832581 3,665163
приезд 4,317488 4,317488
политикой 0,047791 0,047791
жизней 4,317488 4,317488
совместного 3,624341 3,624341
лица 2,612740 2,612740
северной 3,912023 7,824046
утреннюю 5,010635 5,010635
кровавые 5,010635 5,010635
штаба 5,010635 30,063812
лидерами 3,912023 3,912023
операции 1,714798 12,003589
независимость 3,912023 3,912023
террорист 5,010635 5,010635
выслали 5,010635 5,010635
розыск 5,010635 10,021271
грозному 5,010635 5,010635
результате 2,238047 2,238047
независимости 5,010635 5,010635
докладывает 5,010635 5,010635
взрыва 3,624341 3,624341
провести 2,931194 5,862388
замначальника 5,010635 5,010635
подразделение 4,317488 8,634976
операция 2,708050 8,124151
последовал 3,912023 3,912023
это 0,020203 0,080811
которого 1,875141 3,750282
операцию 3,401197 17,005987
войск 2,931194 11,724775
телохранителей 5,010635 5,010635
кое 5,010635 5,010635
моменте 4,317488 4,317488
ветеран 5,010635 5,010635
две 0,033902 0,033902
руслана 3,912023 3,912023
русланом 5,010635 5,010635
группировок 5,010635 5,010635
определили 3,624341 3,624341
вполне 2,813411 5,626821
новость 3,401197 6,802395
определенные 5,010635 5,010635
горное 5,010635 5,010635
взрывы 2,931194 2,931194
шабалкингенерал 5,010635 5,010635
детей 2,177422 4,354844
подразделения 3,218876 3,218876
террористами 4,317488 4,317488
радикализация 5,010635 5,010635
радикализацию 5,010635 5,010635
сдаться 3,624341 7,248682
внесен 5,010635 15,031906
взрыву 5,010635 5,010635
установило 5,010635 5,010635
пошел 2,931194 2,931194
установили 3,912023 3,912023
обезвредить 5,010635 5,010635
сентября 2,708050 10,832201
половине 4,317488 8,634976
новости 0,000000 0,000000
войти 0,000000 0,000000
шаврин 5,010635 5,010635
догадался 5,010635 5,010635
электронной 5,010635 5,010635
отключены 1,576648 1,576648
медитации 0,076161 0,076161
формировались 5,010635 5,010635
пресечению 5,010635 5,010635
регионе 2,302585 2,302585
шавринветеран 5,010635 5,010635
запоздалое 5,010635 5,010635
действия 2,302585 4,605170
силами 3,624341 3,624341
восток 4,317488 4,317488
уход 0,076161 0,076161
забросали 5,010635 5,010635
докладывал 5,010635 5,010635
государственного 3,624341 3,624341
полка 3,912023 3,912023
заручиться 4,317488 4,317488
неоценимую 5,010635 5,010635
погибли 3,912023 3,912023
внезапную 5,010635 5,010635
радикалов 5,010635 5,010635
затем 1,875141 7,500564
спецпроекты 0,000000 0,000000
повторно 5,010635 5,010635
видеосюжета 5,010635 5,010635
начал 2,445686 2,445686
обычным 3,624341 7,248682
гарантии 3,624341 3,624341
накладной 5,010635 5,010635
офицер 2,813411 5,626821
действий 2,813411 5,626821
погибло 5,010635 5,010635
игры 0,000000 0,000000
техника 0,000000 0,000000
прикрывали 5,010635 5,010635
носов 5,010635 5,010635
программы 3,218876 3,218876
главного 2,612740 2,612740
трампа 0,054808 0,054808
события 2,612740 2,612740
практически 2,525729 2,525729
захватить 3,912023 3,912023
находилось 3,912023 7,824046
птица 5,010635 5,010635
вспоминают 4,317488 4,317488
самых 1,609438 1,609438
деятельность 3,401197 3,401197
ичкерия 5,010635 5,010635
отвел 0,076161 0,076161
лавкой 5,010635 5,010635
деятельности 3,401197 3,401197
высшее 5,010635 5,010635
кавказ 4,317488 4,317488
уютный 5,010635 5,010635
взрывных 5,010635 5,010635
марта 0,040822 0,204110
марте 2,708050 2,708050
теневые 5,010635 5,010635
бомбардировщика 5,010635 5,010635
большим 2,931194 2,931194
похищение 3,912023 3,912023
реакций 0,047791 0,047791
боевая 5,010635 5,010635
реакции 0,047791 0,047791
событий 2,708050 5,416100
миллиметров 4,317488 4,317488
погребок 4,317488 4,317488
самым 1,966113 1,966113
результатов 3,912023 3,912023
зеленского 0,068993 0,068993
большей 2,813411 2,813411
мимо 4,317488 4,317488
приказу 5,010635 5,010635
пятам 5,010635 5,010635
терять 4,317488 8,634976
командующий 5,010635 10,021271
ухудшились 4,317488 4,317488
лента 0,000000 0,000000
незадолго 3,912023 7,824046
зарубежной 3,401197 3,401197
спрыгнули 5,010635 5,010635
роль 1,966113 3,932226
успешном 3,912023 3,912023
заканчивал 5,010635 5,010635
переговорах 2,612740 2,612740
публично 5,010635 5,010635
борьбе 3,401197 6,802395
хаджимуратов 5,010635 5,010635
бригады 3,218876 3,218876
борьба 2,445686 2,445686
жми 0,013423 0,013423
правила 2,813411 2,813411
грузовиков 5,010635 5,010635
федерацией 5,010635 5,010635
сюжетвзрыв 5,010635 5,010635
грозного 5,010635 20,042541
ирака 5,010635 5,010635
возможности 2,238047 2,238047
артиллерийского 5,010635 5,010635
женский 3,218876 3,218876
официальному 4,317488 4,317488
ленту 0,013423 0,013423
сами 3,064725 3,064725
защищенную 5,010635 5,010635
затопленного 0,076161 0,076161
летальным 5,010635 5,010635
оружие 2,813411 2,813411
россии 0,425668 4,256678
применения 0,000000 0,000000
знаменитого 3,401197 3,401197
сделал 2,120264 2,120264
выходной 5,010635 5,010635
ценности 0,000000 0,000000
поняли 3,218876 3,218876
прорваться 2,813411 2,813411
спецслужбыпреступная 2,525729 2,525729
висхан 5,010635 5,010635
материалам 0,047791 0,047791
живым 4,317488 4,317488
вернуться 0,013423 0,013423
тбилисское 5,010635 5,010635
ваши 0,047791 0,047791
интерфаксом 5,010635 5,010635
сообщают 3,218876 3,218876
запада 2,708050 2,708050
минимальным 3,624341 3,624341
служил 4,317488 4,317488
существует 2,813411 2,813411
моздок 5,010635 5,010635
лидеру 5,010635 5,010635
откуда 3,064725 3,064725
поддерживало 5,010635 5,010635
росфинмониторинга 5,010635 15,031906
нефтепродуктами 5,010635 5,010635
которую 2,708050 5,416100
никакая 4,317488 4,317488
россия 0,000000 0,000000
россию 1,609438 1,609438
повысил 3,912023 3,912023
осетино 5,010635 5,010635
командиром 4,317488 4,317488
централизованным 5,010635 5,010635
чри 5,010635 90,191435
рассказали 1,919593 1,919593
абу 5,010635 10,021271
командиров 5,010635 5,010635
лидера 2,302585 13,815511
свои 0,027029 0,081086
осудил 5,010635 5,010635
федоров 5,010635 5,010635
января 1,791759 5,375278
плен 2,931194 2,931194
оружием 3,064725 6,129450
шахвелаз 5,010635 5,010635
оружия 2,813411 2,813411
кадрах 3,064725 3,064725
лидером 2,813411 5,626821
уволит 0,076161 0,076161
дислокации 5,010635 5,010635
американский 0,061875 0,061875
уничтожен 3,912023 3,912023
оборудован 5,010635 5,010635
другое 3,624341 3,624341
дудаева 5,010635 5,010635
услугу 3,912023 3,912023
называет 3,624341 3,624341
причины 2,612740 2,612740
специальной 3,401197 3,401197
двух 1,678431 1,678431
популярность 3,064725 3,064725
артиллерийское 4,317488 4,317488
взяли 3,218876 6,437752
указ 4,317488 4,317488
поводу 3,401197 3,401197
обнародованных 5,010635 5,010635
улицам 4,317488 4,317488
числа 3,064725 3,064725
обороной 5,010635 5,010635
зеленским 0,076161 0,076161
специалисты 3,064725 3,064725
полевых 5,010635 5,010635
числе 1,714798 3,429597
лондон 5,010635 5,010635
двум 0,076161 0,076161
вызвала 0,097980 0,097980
факт 3,912023 7,824046
пунктах 3,624341 3,624341
наблюдательной 5,010635 5,010635
лидеров 2,708050 2,708050
преемник 5,010635 5,010635
борисом 4,317488 4,317488
полевые 5,010635 10,021271
объявила 4,317488 4,317488
дно 3,624341 3,624341
активную 5,010635 5,010635
тесном 5,010635 5,010635
броне 5,010635 5,010635
двигаться 3,401197 3,401197
госизменой 5,010635 5,010635
мобилизации 3,401197 3,401197
ельцин 5,010635 15,031906
российского 1,484275 1,484275
дивизии 5,010635 20,042541
аслан 5,010635 55,116988
прогресс 0,097980 0,097980
победил 3,912023 3,912023
ходе 1,791759 5,375278
самоходного 5,010635 5,010635
дом 2,014903 4,029806
форме 0,061875 0,061875
полковник 3,401197 3,401197
венгрии 3,912023 3,912023
силовые 0,000000 0,000000
режима 2,525729 2,525729
гражданские 4,317488 4,317488
западные 3,218876 3,218876
советский 2,708050 2,708050
тысяч 1,427116 2,854233
босс 3,624341 3,624341
дня 0,061875 0,061875
советские 3,218876 3,218876
августе 3,064725 6,129450
ваххабитов 5,010635 5,010635
женской 3,064725 6,129450
силовых 3,401197 3,401197
ликвидации 5,010635 10,021271
смыкали 5,010635 5,010635
засады 5,010635 5,010635
прекратить 3,064725 3,064725
обстановка 3,624341 3,624341
бараевым 5,010635 5,010635
сотрудников 0,076161 0,228484
распределению 4,317488 4,317488
службы 2,525729 2,525729
дудаев 5,010635 20,042541
айвазов 5,010635 5,010635
объединить 4,317488 4,317488
теме 1,514128 1,514128
комментарии 1,484275 1,484275
дней 1,791759 1,791759
сил 1,791759 16,125835
начались 0,068993 0,068993
ликвидация 5,010635 10,021271
объяснить 3,912023 3,912023
канализационного 5,010635 5,010635
самолетов 4,317488 4,317488
объединенной 5,010635 5,010635
устрашения 5,010635 5,010635
запеленгованный 5,010635 5,010635
остальная 5,010635 5,010635
коридор 4,317488 4,317488
домов 3,912023 7,824046
сих 2,302585 2,302585
участников 3,064725 3,064725
предложение 2,302585 2,302585
социальная 3,912023 3,912023
рамзан 5,010635 10,021271
рекомендательных 0,000000 0,000000
около 1,678431 1,678431
резервов 4,317488 4,317488
дала 5,010635 5,010635
гофрированную 5,010635 5,010635
стадионе 5,010635 10,021271
точный 5,010635 5,010635
октябре 3,912023 3,912023
событиях 4,317488 4,317488
теле 3,401197 6,802395
троих 3,401197 3,401197
горных 5,010635 5,010635
альфа 5,010635 25,053176
объявленный 5,010635 5,010635
недвижимости 3,912023 3,912023
службу 3,218876 6,437752
слева 3,912023 3,912023
окружить 5,010635 5,010635
наркотиками 3,912023 3,912023
принялись 4,317488 4,317488
накрытых 5,010635 5,010635
контролем 4,317488 4,317488
машина 4,317488 4,317488
спасти 3,912023 3,912023
предложила 3,401197 3,401197
серии 3,624341 3,624341
прославились 4,317488 4,317488
забота 0,000000 0,000000
пожаловать 0,013423 0,013423
верховный 3,912023 3,912023
октября 2,931194 2,931194
которые 1,181994 7,091963
масхадовым 5,010635 20,042541
решить 3,401197 3,401197
идея 2,931194 2,931194
который 1,272966 10,183725
николай 3,624341 3,624341
находились 3,912023 3,912023
бункере 4,317488 4,317488
задержать 4,317488 4,317488
тайник 5,010635 10,021271
госизмене 3,624341 3,624341
криминал 3,401197 6,802395
множеством 4,317488 4,317488
которых 1,678431 6,713723
лейтенанта 4,317488 4,317488
снимки 3,624341 3,624341
победа 0,000000 0,000000
бункера 5,010635 5,010635
запрещенная 4,317488 8,634976
ваххабиты 5,010635 5,010635
чеченского 5,010635 5,010635
юрте 5,010635 5,010635
юрта 5,010635 5,010635
чечено 5,010635 5,010635
сепаратистов 3,624341 3,624341
тайна 4,317488 4,317488
президент 1,347074 4,041221
артиллерийскую 5,010635 5,010635
фальшивых 5,010635 5,010635
опечатку 0,000000 0,000000
сми 0,000000 0,000000
хаттаб 5,010635 10,021271
дальний 4,317488 4,317488
понять 2,525729 2,525729
русскими 5,010635 5,010635
полковником 5,010635 5,010635
нужный 5,010635 5,010635
несколько 1,347074 8,082442
предоставить 3,912023 3,912023
дзасохов 5,010635 5,010635
собой 2,014903 2,014903
место 0,054808 0,054808
уставшее 5,010635 5,010635
отряды 5,010635 5,010635
федеральных 5,010635 20,042541
участвовал 3,624341 7,248682
мс 0,097980 0,097980
начали 1,427116 1,427116
родился 3,624341 3,624341
обосновались 5,010635 5,010635
логичным 3,912023 3,912023
макарова 5,010635 5,010635
условиях 2,813411 2,813411
участь 5,010635 5,010635
пытаясь 2,931194 2,931194
гехи 5,010635 5,010635
москвой 3,218876 3,218876
бесланом 5,010635 5,010635
генпрокуратура 5,010635 5,010635
действительно 2,612740 2,612740
попытка 3,218876 3,218876
нечего 3,401197 6,802395
ведомства 2,931194 2,931194
подконтрольными 5,010635 5,010635
гофрированной 5,010635 5,010635
каждый 2,066196 4,132393
узнали 3,912023 3,912023
служебная 5,010635 5,010635
причастным 5,010635 5,010635
отвернуться 5,010635 5,010635
лагере 5,010635 5,010635
апреля 2,612740 2,612740
ветеранов 3,912023 3,912023
пулю 5,010635 5,010635
накопившая 5,010635 5,010635
осетии 4,317488 8,634976
волгодонске 5,010635 10,021271
преступлению 5,010635 5,010635
шума 5,010635 5,010635
количество 1,966113 1,966113
аль 3,624341 10,873023
нами 3,218876 3,218876
места 3,218876 3,218876
ободрял 5,010635 5,010635
затянувшейся 5,010635 5,010635
совместительству 5,010635 5,010635
стараясь 4,317488 4,317488
федеральные 5,010635 10,021271
повсеместная 5,010635 5,010635
арабских 5,010635 5,010635
владимир 1,373049 2,746098
разрухи 4,317488 4,317488
федеральный 5,010635 5,010635
подняли 3,912023 3,912023
федеральным 5,010635 5,010635
безопасности 2,177422 6,532266
северная 4,317488 4,317488
дудаевских 5,010635 5,010635
году 1,373049 20,595737
правды 0,068993 0,068993
завершении 3,624341 3,624341
закончил 3,912023 3,912023
используя 3,401197 3,401197
сообщал 3,912023 3,912023
города 1,714798 1,714798
видно 2,708050 2,708050
оказалась 2,302585 2,302585
совладать 5,010635 5,010635
городе 0,061875 0,061875
правоохранительных 3,912023 3,912023
огня 1,678431 1,678431
двигателей 5,010635 5,010635
суде 4,317488 4,317488
осетия 5,010635 5,010635
завершиться 4,317488 4,317488
года 0,899761 17,995229
выступивших 5,010635 5,010635
информация 2,931194 2,931194
ущелье 5,010635 5,010635
помогла 3,912023 3,912023
шамиль 5,010635 10,021271
пострадали 4,317488 4,317488
хасавюртовских 5,010635 5,010635
задержаны 5,010635 5,010635
пострадавшим 5,010635 5,010635
успешных 3,912023 3,912023
лояльны 5,010635 5,010635
видом 3,912023 3,912023
ахмада 5,010635 5,010635
наука 0,000000 0,000000
наладилась 5,010635 5,010635
захват 4,317488 17,269952
якобы 2,813411 2,813411
