зеленского 0,068993 0,068993
перемирии 0,076161 0,076161
ру 0,000000 0,000000
банк 0,076161 0,076161
лента 0,000000 0,000000
борисова 4,317488 4,317488
новые 0,000000 0,000000
спорт 0,000000 0,000000
борнмута 5,010635 5,010635
заявил 1,098612 1,098612
споры 0,097980 0,097980
согласие 0,047791 0,047791
добро 0,013423 0,013423
военной 0,061875 0,061875
выражаете 0,047791 0,047791
четыре 0,040822 0,081644
жми 0,013423 0,013423
стало 1,181994 1,181994
помощью 0,047791 0,047791
сообщил 1,791759 1,791759
рейса 4,317488 4,317488
добра 0,013423 0,026846
ленту 0,013423 0,013423
затопленного 0,076161 0,076161
гражданской 3,912023 3,912023
фото 0,061875 0,123751
водой 0,061875 0,061875
оргию 5,010635 5,010635
применения 0,000000 0,000000
технологиймини 0,000000 0,000000
оценивайте 0,047791 0,047791
обитания 0,000000 0,000000
ценности 0,000000 0,000000
материалам 0,047791 0,047791
известно 1,297063 1,297063
конфиденциальности 0,047791 0,047791
вернуться 0,013423 0,013423
мир 0,000000 0,000000
ваши 0,047791 0,047791
российским 0,076161 0,076161
нажмите 0,000000 0,000000
получайте 0,047791 0,047791
устроил 3,624341 3,624341
погружайтесь 0,047791 0,047791
бывший 0,000000 0,000000
время 0,762140 2,286420
проблемы 0,076161 0,076161
майк 3,218876 3,218876
накапливайте 0,047791 0,047791
интернет 0,000000 0,000000
россия 0,000000 0,000000
выполнил 3,912023 3,912023
ооо 0,000000 0,000000
обратился 0,076161 0,076161
уволили 5,010635 5,010635
деактивирована 0,013423 0,013423
путешествия 0,000000 0,000000
данным 2,014903 2,014903
свои 0,027029 0,027029
ранее 1,003302 1,003302
пилота 4,317488 4,317488
структуры 0,000000 0,000000
индии 0,076161 0,076161
гид 0,076161 0,076161
женатого 5,010635 5,010635
хочешь 0,013423 0,013423
нашли 0,000000 0,000000
пляжных 0,097980 0,097980
работе 1,791759 5,375278
уволит 0,076161 0,076161
дома 0,061875 0,061875
американский 0,061875 0,061875
обычную 0,013423 0,013423
пола 0,097980 0,097980
внешность 0,097980 0,097980
находиться 4,317488 4,317488
украинском 0,076161 0,076161
света 0,054808 0,054808
обнаженных 5,010635 5,010635
всероссиямирсобытияпроисшествиямнения 3,401197 3,401197
галереи 0,000000 0,000000
белоусов 0,076161 0,076161
эмоции 0,047791 0,047791
зеленским 0,076161 0,076161
запретить 2,931194 2,931194
условиями 0,040822 0,081644
двум 0,076161 0,076161
вызвала 0,097980 0,097980
счел 5,010635 5,010635
сети 0,090654 0,090654
военнослужащим 0,076161 0,076161
оргии 3,401197 10,203592
читайте 0,040822 0,040822
приятелями 5,010635 5,010635
мария 2,525729 2,525729
пожизненно 4,317488 4,317488
байконур 0,097980 0,097980
редакциярекламаконтактыпресс 0,000000 0,000000
материалы 0,000000 0,000000
отвратительным 5,010635 5,010635
юар 3,912023 3,912023
видео 0,000000 0,000000
депутат 0,076161 0,076161
прогресс 0,097980 0,097980
статьи 0,000000 0,000000
ходе 1,791759 1,791759
форме 0,061875 0,061875
употреблял 4,317488 4,317488
последние 0,090654 0,090654
предрекли 0,076161 0,076161
культура 0,000000 0,000000
обсудить 0,456758 0,456758
туристок 4,317488 4,317488
силовые 0,000000 0,000000
архив 0,000000 0,000000
экипажа 3,912023 3,912023
битон 5,010635 5,010635
дня 0,061875 0,061875
сша 0,040822 0,040822
бюстов 5,010635 5,010635
женской 3,064725 9,194175
среда 0,000000 0,000000
раскрытии 0,076161 0,076161
скидки 0,047791 0,047791
сотрудников 0,076161 0,076161
наркотики 3,912023 3,912023
эксклюзивы 0,000000 0,000000
российском 0,076161 0,076161
выражайте 0,047791 0,047791
пилот 2,813411 11,253643
начались 0,068993 0,068993
великобритании 2,813411 2,813411
рекомендательных 0,000000 0,000000
конфликте 0,076161 0,076161
продолжая 0,047791 0,047791
работает 0,040822 0,040822
увлекательные 0,047791 0,047791
переговоры 0,054808 0,054808
авиакомпании 3,912023 7,824046
конфиденциальностиправила 0,000000 0,000000
бонусы 0,047791 0,095581
которой 2,120264 2,120264
политикой 0,047791 0,047791
полетом 4,317488 4,317488
авиации 3,064725 6,129450
маккартни 0,097980 0,097980
жильцы 0,076161 0,076161
жизни 0,000000 0,000000
забота 0,000000 0,000000
сбер 0,040822 0,040822
пожаловать 0,013423 0,013423
использованияполитика 0,000000 0,000000
изменился 5,010635 5,010635
портал 3,912023 3,912023
управление 3,218876 3,218876
груди 3,064725 9,194175
крупный 0,068993 0,068993
регионам 0,076161 0,076161
грузовой 4,317488 4,317488
крупным 0,076161 0,076161
туристку 0,076161 0,076161
это 0,020203 0,040405
победа 0,000000 0,000000
кабине 5,010635 5,010635
остались 0,061875 0,061875
две 0,033902 0,033902
мотор 0,000000 0,000000
обменивайте 0,047791 0,047791
опечатку 0,000000 0,000000
сми 0,000000 0,000000
вместе 1,514128 1,514128
рады 0,068993 0,068993
новости 0,000000 0,000000
войти 0,000000 0,000000
место 0,054808 0,054808
акции 0,047791 0,047791
хорошие 0,013423 0,013423
мс 0,097980 0,097980
решение 2,302585 2,302585
сентябре 3,912023 3,912023
рейсом 5,010635 5,010635
медитации 0,076161 0,076161
уволенный 5,010635 5,010635
экономика 0,000000 0,000000
уход 0,076161 0,076161
вернулся 2,371578 7,114734
прибыл 0,083382 0,083382
спецпроекты 0,000000 0,000000
источника 4,317488 4,317488
реальный 0,013423 0,013423
игры 0,000000 0,000000
издания 3,401197 3,401197
техника 0,000000 0,000000
ссср 0,000000 0,000000
употребивший 3,401197 10,203592
правды 0,068993 0,068993
трампа 0,054808 0,054808
тысячи 0,068993 0,068993
отвел 0,076161 0,076161
предрек 0,076161 0,076161
марта 0,040822 0,040822
городе 0,061875 0,061875
главное 0,000000 0,000000
года 0,899761 0,899761
кокаин 3,401197 10,203592
реакций 0,047791 0,047791
летнего 0,097980 0,097980
заявили 0,076161 0,076161
реакции 0,047791 0,047791
мини 0,000000 0,000000
следовало 3,912023 3,912023
видеть 0,013423 0,013423
убедил 3,912023 3,912023
изнасиловал 0,076161 0,076161
наука 0,000000 0,000000
источник 3,912023 3,912023
