зеленского 0,068993 0,137986
ру 0,000000 0,000000
лента 0,000000 0,000000
день 1,544899 1,544899
новые 0,000000 0,000000
ходила 3,401197 3,401197
спорт 0,000000 0,000000
предупредила 3,624341 3,624341
согласие 0,047791 0,047791
добро 0,013423 0,013423
уголовников 4,317488 4,317488
посольства 3,912023 3,912023
выражаете 0,047791 0,047791
политики 2,525729 2,525729
жми 0,013423 0,013423
стало 1,181994 2,363988
помощью 0,047791 0,047791
возможное 3,064725 3,064725
добра 0,013423 0,026846
ленту 0,013423 0,013423
лет 0,967584 0,967584
стали 1,514128 1,514128
россии 0,425668 2,979675
применения 0,000000 0,000000
лишился 2,931194 2,931194
белоруссии 3,218876 3,218876
технологиймини 0,000000 0,000000
западу 5,010635 5,010635
оценивайте 0,047791 0,047791
обитания 0,000000 0,000000
ценности 0,000000 0,000000
известны 3,912023 3,912023
наступлении 4,317488 4,317488
предательстве 5,010635 5,010635
лунного 3,912023 3,912023
передадут 4,317488 4,317488
третий 2,931194 2,931194
сообществом 2,708050 2,708050
цели 2,371578 2,371578
назвал 1,347074 1,347074
вс 2,371578 2,371578
полное 3,624341 3,624341
материалам 0,047791 0,047791
известно 1,297063 1,297063
требования 2,302585 2,302585
конфиденциальности 0,047791 0,047791
впервые 1,919593 1,919593
вернуться 0,013423 0,013423
мир 0,000000 0,000000
ваши 0,047791 0,047791
западе 2,612740 2,612740
весь 1,966113 1,966113
нажмите 0,000000 0,000000
орешника 3,624341 3,624341
получайте 0,047791 0,047791
га 3,912023 3,912023
сво 2,445686 4,891372
погружайтесь 0,047791 0,047791
боец 4,317488 4,317488
бывший 0,000000 0,000000
данных 2,931194 2,931194
накапливайте 0,047791 0,047791
интернет 0,000000 0,000000
россия 0,000000 0,000000
оон 3,218876 3,218876
ооо 0,000000 0,000000
деактивирована 0,013423 0,013423
рассказали 1,919593 1,919593
путешествия 0,000000 0,000000
свои 0,027029 0,027029
рассказала 1,919593 1,919593
структуры 0,000000 0,000000
оружия 2,813411 2,813411
латексных 4,317488 4,317488
уиллису 3,218876 3,218876
хочешь 0,013423 0,013423
одной 1,514128 1,514128
нашли 0,000000 0,000000
прозвучали 4,317488 4,317488
обычную 0,013423 0,013423
отец 2,177422 2,177422
украине 1,139434 2,278869
украину 2,302585 4,605170
зеленский 1,714798 3,429597
передаче 3,912023 3,912023
украины 1,021651 2,043302
уничтожение 4,317488 4,317488
курской 1,832581 1,832581
европа 2,525729 2,525729
галереи 0,000000 0,000000
эмоции 0,047791 0,047791
боевиков 3,064725 3,064725
итоги 2,612740 2,612740
пленный 3,912023 3,912023
словами 2,708050 2,708050
посол 4,317488 4,317488
условиями 0,040822 0,081644
киеве 2,813411 2,813411
праздник 3,624341 3,624341
миллионов 1,791759 1,791759
контроль 2,445686 2,445686
пожалел 5,010635 5,010635
ядовитый 4,317488 4,317488
читайте 0,040822 0,040822
дженнер 4,317488 4,317488
стороны 1,643339 1,643339
высмеяла 5,010635 5,010635
базе 3,401197 3,401197
редакциярекламаконтактыпресс 0,000000 0,000000
материалы 0,000000 0,000000
объяснил 2,120264 2,120264
планам 4,317488 4,317488
видео 0,000000 0,000000
российского 1,484275 1,484275
зуб 4,317488 4,317488
статьи 0,000000 0,000000
путина 1,514128 4,542383
война 2,371578 2,371578
актер 2,813411 2,813411
прогрессе 5,010635 5,010635
культура 0,000000 0,000000
загрузка 3,064725 6,129450
сообщили 2,177422 2,177422
силовые 0,000000 0,000000
архив 0,000000 0,000000
посмеялся 4,317488 4,317488
увеличил 5,010635 5,010635
смертельной 4,317488 4,317488
любимый 2,813411 2,813411
евросоюз 4,317488 4,317488
вернули 5,010635 5,010635
сша 0,040822 0,163288
машин 3,064725 3,064725
вещие 4,317488 4,317488
медведев 3,912023 3,912023
обманывающие 4,317488 4,317488
среда 0,000000 0,000000
любит 3,064725 3,064725
скидки 0,047791 0,047791
ляйен 5,010635 5,010635
эксклюзивы 0,000000 0,000000
поставки 3,401197 3,401197
москве 1,791759 1,791759
выражайте 0,047791 0,047791
фон 3,624341 3,624341
сломать 5,010635 5,010635
домой 2,612740 2,612740
внучку 4,317488 4,317488
меню 2,931194 5,862388
врач 2,445686 2,445686
рекомендательных 0,000000 0,000000
продолжая 0,047791 0,047791
работает 0,040822 0,040822
увлекательные 0,047791 0,047791
назначить 3,624341 3,624341
территориальные 5,010635 5,010635
россиян 1,714798 1,714798
конфиденциальностиправила 0,000000 0,000000
зону 3,624341 3,624341
бонусы 0,047791 0,095581
роты 3,401197 3,401197
политикой 0,047791 0,047791
признали 2,177422 2,177422
миропорядка 5,010635 5,010635
жизни 0,000000 0,000000
скором 3,624341 3,624341
забота 0,000000 0,000000
сбер 0,040822 0,040822
пожаловать 0,013423 0,013423
использованияполитика 0,000000 0,000000
веке 2,445686 2,445686
украинских 1,919593 1,919593
потерю 2,612740 2,612740
скорой 3,912023 3,912023
слова 2,177422 2,177422
раскрыл 2,177422 2,177422
спала 3,401197 3,401197
дроны 3,401197 3,401197
легендарным 2,612740 2,612740
это 0,020203 0,040405
которого 1,875141 1,875141
победа 0,000000 0,000000
красноармейском 3,401197 3,401197
подвели 3,624341 3,624341
футболистом 3,912023 3,912023
мотор 0,000000 0,000000
обменивайте 0,047791 0,047791
опечатку 0,000000 0,000000
сми 0,000000 0,000000
отмечают 3,401197 3,401197
брюсу 3,218876 3,218876
сицилийской 2,708050 2,708050
взрывы 2,931194 2,931194
нарастить 4,317488 4,317488
страны 1,455287 1,455287
жизнь 1,544899 1,544899
скафандра 3,912023 3,912023
новости 0,000000 0,000000
герой 2,612740 2,612740
войти 0,000000 0,000000
летним 3,624341 3,624341
место 0,054808 0,054808
акции 0,047791 0,047791
хорошие 0,013423 0,013423
рассказал 1,272966 1,272966
рубрики 5,010635 10,021271
дальше 2,612740 2,612740
мутанта 4,317488 4,317488
мире 1,919593 1,919593
преступным 2,708050 2,708050
изменила 3,064725 3,064725
цеху 3,218876 3,218876
военный 2,525729 2,525729
мирную 3,401197 3,401197
экономика 0,000000 0,000000
прошел 2,371578 2,371578
влияния 2,302585 2,302585
физкультуры 4,317488 4,317488
учительницу 4,317488 4,317488
секс 2,371578 4,743156
великая 3,064725 3,064725
области 1,399717 1,399717
спецпроекты 0,000000 0,000000
захарова 3,218876 9,656627
председателем 4,317488 4,317488
змеи 4,317488 4,317488
назад 1,678431 1,678431
переговоров 1,714798 1,714798
реальный 0,013423 0,013423
отношениях 3,624341 3,624341
игры 0,000000 0,000000
название 3,218876 3,218876
импорт 4,317488 4,317488
инсталляции 5,010635 5,010635
сны 4,317488 4,317488
ошибки 3,912023 3,912023
техника 0,000000 0,000000
ссср 0,000000 0,000000
нациста 5,010635 5,010635
допустил 3,401197 3,401197
арестовали 3,401197 3,401197
всу 1,373049 1,373049
спг 5,010635 5,010635
трампа 0,054808 0,054808
жалеет 3,218876 3,218876
удивилась 4,317488 4,317488
дер 5,010635 5,010635
боссы 2,708050 2,708050
рекламы 3,624341 3,624341
рэб 4,317488 4,317488
переход 3,401197 3,401197
заэс 3,624341 3,624341
марта 0,040822 0,122466
нарядах 4,317488 4,317488
ответ 2,177422 2,177422
главное 0,000000 0,000000
года 0,899761 0,899761
нового 2,371578 2,371578
реакций 0,047791 0,047791
кайли 4,317488 4,317488
реакции 0,047791 0,047791
мини 0,000000 0,000000
отечественная 3,218876 3,218876
захотела 3,401197 3,401197
невозможным 4,317488 4,317488
заявила 2,612740 2,612740
видеть 0,013423 0,013423
мафии 2,708050 2,708050
выплат 5,010635 5,010635
попытках 2,612740 2,612740
символ 2,931194 2,931194
наука 0,000000 0,000000
снялась 4,317488 4,317488
