перемирии 0,076161 0,076161
ру 0,000000 0,000000
банк 0,076161 0,076161
новые 0,000000 0,000000
консула 5,010635 5,010635
письмо 4,317488 17,269952
стал 1,203973 1,203973
рот 3,218876 3,218876
департамента 3,218876 3,218876
приписать 5,010635 5,010635
согласие 0,047791 0,047791
добро 0,013423 0,013423
выражаете 0,047791 0,047791
сотрудники 2,066196 2,066196
освальде 5,010635 5,010635
готовящемся 3,064725 12,258901
помощью 0,047791 0,047791
сведениям 5,010635 5,010635
сообщил 1,791759 1,791759
консулом 5,010635 5,010635
габриелян 3,624341 3,624341
добра 0,013423 0,026846
передавал 3,912023 3,912023
дополнительно 4,317488 4,317488
человек 1,249435 1,249435
частности 2,525729 5,051457
фото 0,061875 0,123751
политика 1,576648 1,576648
уточняется 3,218876 3,218876
харви 5,010635 10,021271
британское 3,912023 3,912023
освальда 5,010635 10,021271
вашингтоне 4,317488 4,317488
водой 0,061875 0,061875
заданию 5,010635 5,010635
технологиймини 0,000000 0,000000
экс 2,066196 2,066196
оценивайте 0,047791 0,047791
заканчивается 3,218876 3,218876
делу 3,624341 10,873023
конфиденциальности 0,047791 0,047791
мир 0,000000 0,000000
нажмите 0,000000 0,000000
получайте 0,047791 0,047791
болгария 5,010635 5,010635
адресу 3,912023 3,912023
погружайтесь 0,047791 0,047791
болгарии 3,912023 3,912023
бывший 0,000000 0,000000
проблемы 0,076161 0,076161
накапливайте 0,047791 0,047791
явиться 4,317488 4,317488
ооо 0,000000 0,000000
деактивирована 0,013423 0,013423
кем 4,317488 4,317488
путешествия 0,000000 0,000000
отдела 0,579818 0,579818
ранее 1,003302 1,003302
документах 5,010635 5,010635
также 0,762140 1,524280
структуры 0,000000 0,000000
сергей 2,708050 2,708050
индии 0,076161 0,076161
хочешь 0,013423 0,013423
нашли 0,000000 0,000000
пляжных 0,097980 0,097980
одном 2,525729 2,525729
обратил 3,624341 3,624341
обычную 0,013423 0,013423
добрынинуматериалы 5,010635 10,021271
вице 3,401197 3,401197
внешность 0,097980 0,097980
полиции 2,445686 2,445686
украинском 0,076161 0,076161
света 0,054808 0,054808
телеграмму 5,010635 5,010635
господину 5,010635 5,010635
галереи 0,000000 0,000000
белоусов 0,076161 0,076161
условиями 0,040822 0,081644
читайте 0,040822 0,040822
полиция 2,931194 2,931194
шрайвера 5,010635 5,010635
байконур 0,097980 0,097980
редакциярекламаконтактыпресс 0,000000 0,000000
видео 0,000000 0,000000
департамент 5,010635 5,010635
предложением 4,317488 4,317488
супругой 4,317488 4,317488
мог 2,302585 6,907755
последний 3,218876 3,218876
целую 3,912023 3,912023
последние 0,090654 0,090654
предрекли 0,076161 0,076161
конгресса 4,317488 4,317488
обсудить 0,456758 0,456758
архив 0,000000 0,000000
непростых 5,010635 5,010635
софии 5,010635 5,010635
сша 0,040822 0,489864
всеполитикаобществопроисшествияконфликтыпреступность 2,014903 2,014903
комитета 2,813411 2,813411
прайсуматериалы 5,010635 5,010635
соединенных 5,010635 5,010635
среда 0,000000 0,000000
переданные 4,317488 4,317488
калифорнии 3,912023 3,912023
написал 2,525729 2,525729
раскрытии 0,076161 0,076161
расследованием 5,010635 5,010635
скидки 0,047791 0,047791
афроамериканцев 5,010635 5,010635
анатолию 4,317488 8,634976
представителей 3,401197 3,401197
эксклюзивы 0,000000 0,000000
российском 0,076161 0,076161
выражайте 0,047791 0,047791
навыках 5,010635 5,010635
русской 3,624341 3,624341
конфликте 0,076161 0,076161
продолжая 0,047791 0,047791
морпеха 5,010635 5,010635
дал 2,238047 2,238047
конфиденциальностиправила 0,000000 0,000000
документ 3,624341 3,624341
бонусы 0,047791 0,095581
политикой 0,047791 0,047791
аэропорту 3,401197 3,401197
мартин 5,010635 5,010635
жильцы 0,076161 0,076161
жизни 0,000000 0,000000
устроить 3,624341 7,248682
туристку 0,076161 0,076161
которого 1,875141 1,875141
это 0,020203 0,040405
сотрудниками 5,010635 5,010635
фбр 4,317488 8,634976
покушении 3,064725 18,388351
две 0,033902 0,033902
живу 5,010635 5,010635
вашингтон 2,813411 2,813411
мотор 0,000000 0,000000
обменивайте 0,047791 0,047791
покушение 3,624341 21,746046
блэкширом 5,010635 5,010635
покушения 5,010635 5,010635
штатов 5,010635 5,010635
мужа 3,064725 3,064725
новости 0,000000 0,000000
разговора 1,609438 1,609438
войти 0,000000 0,000000
хорошие 0,013423 0,013423
мартина 5,010635 5,010635
медитации 0,076161 0,076161
оказывают 4,317488 4,317488
посольской 5,010635 5,010635
сестры 3,624341 3,624341
уход 0,076161 0,076161
директор 2,612740 5,225480
государственного 3,624341 3,624341
управляющему 5,010635 5,010635
готовиться 3,624341 3,624341
прибыл 0,083382 0,166763
затем 1,875141 1,875141
спецпроекты 0,000000 0,000000
стрелковых 5,010635 5,010635
игры 0,000000 0,000000
техника 0,000000 0,000000
ссср 0,000000 0,000000
яд 5,010635 5,010635
трампа 0,054808 0,054808
отвел 0,076161 0,076161
специального 3,912023 7,824046
марта 0,040822 0,040822
имя 2,708050 2,708050
главное 0,000000 0,000000
шантажу 5,010635 5,010635
реакций 0,047791 0,047791
летнего 0,097980 0,097980
реакции 0,047791 0,047791
мини 0,000000 0,000000
изнасиловал 0,076161 0,076161
карандаш 5,010635 5,010635
писем 5,010635 5,010635
зеленского 0,068993 0,068993
лента 0,000000 0,000000
национальным 5,010635 5,010635
занимавшегося 5,010635 5,010635
освальд 5,010635 5,010635
спорт 0,000000 0,000000
содержат 3,912023 3,912023
чернохону 5,010635 5,010635
споры 0,097980 0,097980
военной 0,061875 0,061875
посольства 3,912023 3,912023
четыре 0,040822 0,040822
указанному 5,010635 5,010635
конфликтов 3,912023 3,912023
жми 0,013423 0,013423
стало 1,181994 1,181994
франции 3,624341 3,624341
ленту 0,013423 0,013423
затопленного 0,076161 0,076161
ленты 1,678431 1,678431
советника 5,010635 5,010635
давление 2,813411 2,813411
сказал 2,525729 15,154372
оружие 2,813411 2,813411
применения 0,000000 0,000000
советскому 3,624341 3,624341
обитания 0,000000 0,000000
ценности 0,000000 0,000000
палаты 3,401197 3,401197
материалам 0,047791 0,047791
требованию 4,317488 4,317488
известно 1,297063 1,297063
вернуться 0,013423 0,013423
ваши 0,047791 0,047791
российским 0,076161 0,076161
сарджента 5,010635 5,010635
жалуется 5,010635 5,010635
угрозой 2,931194 2,931194
президента 1,455287 4,365862
киппинган 5,010635 5,010635
подвергался 5,010635 5,010635
интернет 0,000000 0,000000
россия 0,000000 0,000000
го 2,302585 2,302585
обратился 0,076161 0,076161
используют 3,912023 3,912023
вопросы 2,120264 2,120264
лидера 2,302585 2,302585
свои 0,027029 0,027029
взаимоотношениях 5,010635 5,010635
пытаются 2,931194 2,931194
чернохона 5,010635 15,031906
американского 2,177422 2,177422
гид 0,076161 0,076161
морского 4,317488 4,317488
уволит 0,076161 0,076161
органы 3,912023 3,912023
дома 0,061875 0,123751
американский 0,061875 0,061875
пола 0,097980 0,097980
плохих 4,317488 4,317488
адрес 3,218876 3,218876
чернохон 5,010635 20,042541
эмоции 0,047791 0,047791
зеленским 0,076161 0,076161
кинг 5,010635 5,010635
прокурору 5,010635 10,021271
двум 0,076161 0,076161
вызвала 0,097980 0,097980
опубликованных 3,912023 3,912023
сети 0,090654 0,090654
которому 2,813411 2,813411
военнослужащим 0,076161 0,076161
кроме 1,427116 1,427116
томом 5,010635 5,010635
связался 4,317488 4,317488
посла 4,317488 4,317488
планах 3,912023 3,912023
письмом 5,010635 5,010635
материалы 0,000000 0,000000
преследовать 4,317488 4,317488
депутат 0,076161 0,076161
документов 3,912023 3,912023
кинга 5,010635 5,010635
прогресс 0,097980 0,097980
сакраменто 5,010635 10,021271
статьи 0,000000 0,000000
ходе 1,791759 1,791759
отравить 5,010635 5,010635
упоминать 5,010635 5,010635
форме 0,061875 0,061875
культура 0,000000 0,000000
силовые 0,000000 0,000000
советский 2,708050 5,416100
указано 4,317488 4,317488
дня 0,061875 0,061875
документе 5,010635 5,010635
августе 3,064725 3,064725
послу 5,010635 15,031906
юнис 5,010635 5,010635
полицией 3,912023 3,912023
агенты 4,317488 4,317488
августа 3,064725 3,064725
редактор 0,567984 0,567984
направил 5,010635 5,010635
сотрудников 0,076161 0,076161
службы 2,525729 2,525729
пообещали 3,912023 3,912023
объектом 5,010635 5,010635
инвалидностью 4,317488 4,317488
наркотики 3,912023 3,912023
начались 0,068993 0,068993
государственный 5,010635 5,010635
опеку 5,010635 5,010635
блэкшир 5,010635 5,010635
рекомендательных 0,000000 0,000000
движения 4,317488 4,317488
работает 0,040822 0,040822
служба 3,624341 3,624341
увлекательные 0,047791 0,047791
пехотинца 5,010635 5,010635
попытался 2,931194 2,931194
содержит 5,010635 5,010635
предупредить 4,317488 12,952464
серию 4,317488 4,317488
окружному 5,010635 10,021271
переговоры 0,054808 0,054808
машине 3,401197 3,401197
права 3,912023 3,912023
архивом 5,010635 5,010635
максим 2,931194 2,931194
маккартни 0,097980 0,097980
забота 0,000000 0,000000
сбер 0,040822 0,040822
является 1,966113 3,932226
пожаловать 0,013423 0,013423
использованияполитика 0,000000 0,000000
управление 3,218876 3,218876
младший 3,912023 3,912023
которые 1,181994 2,363988
секретная 5,010635 5,010635
крупный 0,068993 0,068993
регионам 0,076161 0,076161
крупным 0,076161 0,076161
победа 0,000000 0,000000
слежки 5,010635 5,010635
советского 2,371578 2,371578
остались 0,061875 0,061875
случае 1,875141 1,875141
опечатку 0,000000 0,000000
прислала 5,010635 5,010635
сми 0,000000 0,000000
доктор 3,624341 3,624341
рады 0,068993 0,068993
союз 3,401197 6,802395
место 0,054808 0,054808
папки 3,912023 3,912023
акции 0,047791 0,047791
мс 0,097980 0,097980
пытать 4,317488 4,317488
блэкширу 5,010635 5,010635
отставного 5,010635 10,021271
корреспондент 2,525729 2,525729
некий 5,010635 5,010635
экономика 0,000000 0,000000
допросил 5,010635 5,010635
сергея 3,624341 10,873023
фамилии 3,912023 3,912023
преступлении 4,317488 4,317488
джону 5,010635 10,021271
центра 2,708050 2,708050
газом 4,317488 4,317488
страдающих 4,317488 4,317488
устроившем 3,624341 3,624341
правоохранительные 5,010635 5,010635
предупреждал 3,218876 6,437752
полицейское 5,010635 5,010635
лютер 5,010635 5,010635
согласно 3,064725 3,064725
джона 4,317488 25,904929
реальный 0,013423 0,013423
советское 4,317488 4,317488
совершит 5,010635 5,010635
правды 0,068993 0,068993
тысячи 0,068993 0,068993
хочет 1,966113 1,966113
годах 2,931194 2,931194
предрек 0,076161 0,076161
города 1,714798 3,429597
внимание 2,302585 2,302585
упомянул 5,010635 5,010635
городе 0,061875 0,061875
отвечать 5,010635 5,010635
года 0,899761 2,699284
кеннеди 3,218876 45,064262
информации 1,919593 1,919593
анестезирующим 5,010635 5,010635
сведения 4,317488 8,634976
следует 2,302585 4,605170
господин 5,010635 5,010635
заявили 0,076161 0,076161
передаст 3,064725 3,064725
информацию 2,612740 2,612740
ввести 3,912023 3,912023
лютера 5,010635 5,010635
видеть 0,013423 0,013423
прайсу 5,010635 5,010635
нацархив 5,010635 5,010635
наука 0,000000 0,000000
моим 3,912023 3,912023
якобы 2,813411 2,813411
